2.045877
3.0295532
4.2201123
4.2201123
2.2633417
1.2915328
1.2798687
5.142497
1.3631763
5.194186
0.7013592
1.3549142
1.2313166
1.2088895
1.2295849
1.2378383
1.2509444
1.2413203
1.2509723
1.251186
1.2433362
1.2413474
1.2450875
1.264952
1.264952
1.2628543
1.265012
1.3279403
1.3024538
1.2567042
1.3220105
1.2915024
1.2775209
1.2992017
1.2776105
1.291474
1.3205409
1.3103966
1.3214588
1.2760898
1.2775209
1.2991104
1.2690835
1.291474
1.2790319
1.2805429
1.3549643
1.3899981
1.3274431
1.3280338
1.3474139
1.3279403
1.3488241
1.348398
1.3487358
1.3279403
1.3279403
1.3724008
1.381276
1.3279403
1.3279403
1.348471
1.3631656
1.3572615
1.0970132
1.3822842
1.3225982
1.3220415
1.3277228
1.3510425
1.3605125
1.35726
1.3764315
1.3875289
1.3940334
1.3280338
1.3875289
1.3161935
1.3279716
1.3488585
1.3309672
1.3603243
1.3366774
1.3875289
1.3480982
1.3495655
1.3874934
1.3721179
1.3510773
1.3721179
1.3610486
1.2847496
1.3474482
1.3495655
1.3842391
1.3726788
1.3495655
1.3793148
1.3304646
1.3287185
1.3153203
1.3666788
1.3055104
1.3028843
1.3409085
1.363967
1.3728659
1.328283
1.3055104
1.3496348
1.361882
1.3376313
1.3496348
1.3476691
1.3383759
1.3669883
1.361882
1.325676
1.3480586
1.3317817
1.3317817
1.2862239
1.3317817
1.3468142
1.3825063
1.3317817
1.3524758
1.3647672
1.3524758
1.3317817
1.2821507
1.3631145
1.317478
1.3490975
1.378855
1.472181
1.3987666
1.4365767
1.3807168
1.4483232
1.4150263
1.438512
1.4502242
1.4242889
1.320159
1.4596987
1.3885405
1.383921
1.320159
1.3885405
1.3962576
1.4495322
1.3885405
1.3533949
1.3778396
1.4550785
1.4010843
1.4037708
1.4979879
1.4906061
1.651539
1.4881874
1.6158127
1.6217226
1.5280995
1.4943258
1.4943258
1.5094091
1.4943258
1.4949478
1.4384657
1.5212293
1.6213449
1.4336969
1.4832071
1.3427436
1.3808396
1.4361962
1.4435277
1.4289464
1.4522505
1.3990773
1.3990773
1.4844644
1.4436889
1.3981025
1.3990046
1.4361962
1.3990773
1.4645244
1.4719303
1.3990773
1.4516459
1.4076884
1.4578347
1.4266654
1.389874
1.4355795
1.4022106
1.4608521
1.3907393
1.4380214
1.4522505
1.4398518
1.3436674
1.3907393
1.3969636
1.3538501
1.4799674
1.402247
1.3330294
1.367084
1.4303355
1.4090602
1.4838939
1.402247
1.4565874
1.457391
1.4228992
1.5119733
1.3796878
1.4021014
1.3839269
1.4021741
1.4398518
1.3774625
1.4756274
1.5125766
1.4756639
1.402247
1.4844644
1.4361962
1.4010843
1.4181696
1.4020482
1.4396228
1.4020482
1.4251282
1.4419172
1.4020482
1.4720241
1.4020482
1.4008857
1.3965169
1.4289848
1.3855407
1.4633691
1.3982064
1.3801839
1.3982064
1.4362656
1.3856835
1.3982064
1.444579
1.4967232
1.3982064
1.4830503
1.3982064
1.4904951
1.4198383
1.4832841
1.3803124
1.4362656
1.39781
1.3296022
1.3982064
1.4113833
1.3896133
1.4717261
1.4377406
1.3982064
1.480224
1.3867995
1.4717261
1.3867995
1.3867995
1.3867995
1.3878807
1.4787037
1.32215
1.3867642
1.3280524
1.4077386
1.3901536
1.3112338
1.3623176
1.4212763
1.3867995
1.3391464
1.3728671
1.3860692
1.413664
1.4663022
1.3790877
1.3863555
1.3864518
1.4220444
1.4393312
1.3863555
1.4220444
1.4573348
1.4398824
1.4573348
1.4650048
1.3865484
1.3057096
1.3863555
1.4564162
1.4047928
1.4365002
1.3683606
1.3863555
1.3863555
1.407982
1.4031364
1.375647
1.3647672
1.4304994
1.3900164
1.3900508
1.4168909
1.4264857
1.426788
1.4235474
1.3773627
1.3406267
1.3775777
1.3775777
1.3400996
1.3406267
1.3781816
1.4289322
1.4118041
1.3319598
1.447004
1.4647783
1.3779927
1.4705774
1.3779927
1.3780284
1.3768541
1.447004
1.3428078
1.4075782
1.4289322
1.3778504
1.4118041
1.3779927
1.447228
1.4656845
1.3766736
1.3801762
1.3778504
1.376521
1.4118041
1.3101039
1.3406928
1.3845146
1.3428078
1.3583326
1.1980654
1.375434
1.3779927
1.3691417
1.3779927
1.3749832
1.4117383
1.3779927
1.3778042
1.4289322
1.3660772
1.4289694
1.3781816
1.4274696
1.4120232
1.4120232
1.3781816
1.4291415
1.3781816
1.3602651
1.4114954
1.3781816
1.3761946
1.3238106
1.3983685
1.4024241
1.3998314
1.3990409
1.4120232
1.3990409
1.4041142
1.4107051
1.414386
1.3986461
1.4430825
1.3761885
1.4369413
1.3738701
1.405345
1.4403719
1.3785025
1.4216197
1.3735769
1.39373
1.3587809
1.3974603
1.3536423
1.3587809
1.3937618
1.39373
1.3766736
1.4042654
1.3584106
1.3831444
1.3965241
1.4251999
1.39373
1.3586438
1.3587809
1.2896906
1.3830467
1.3831444
1.4220885
1.4358037
1.3831444
1.418472
1.3831444
1.389529
1.4058796
1.3921047
1.3913846
1.4372541
1.4090602
1.3323431
1.3725827
1.4174056
1.4199048
1.317448
1.3688393
1.4042747
1.3282162
1.3278487
1.3279636
1.377795
1.3536501
1.3763683
1.3070647
1.4221473
1.4497143
1.4347574
1.5102388
1.5032831
1.4347574
1.4588234
1.4953883
1.4287364
1.428777
1.4496406
1.4449134
1.365087
1.4612017
1.4765276
1.3990152
1.3182505
1.4294933
1.4478856
1.4778795
1.3298157
1.145239
1.2797823
1.380093
1.4044106
1.4175763
1.4129475
1.4168177
1.4492648
1.3451406
1.4746524
1.4792348
1.4968385
1.339434
1.3210618
1.4660262
1.3925958
1.3832749
1.4827355
1.3684967
1.4799677
1.3789057
1.3973783
1.4052092
1.3373206
1.3538649
1.3340812
1.3165895
1.4493695
1.5024663
1.4994587
1.4970354
1.3432366
1.3453428
1.3279772
1.4630644
1.3453428
1.3453428
1.4217224
1.5014478
1.463174
1.4513429
1.303973
1.4015887
1.3471483
1.3362889
1.4229933
1.3908657
1.4727397
1.4331901
1.3180134
1.4527054
1.3184075
1.3185062
1.3644896
1.3184075
1.4570911
1.5061694
1.5225604
1.464306
1.3211104
1.4948714
1.4859034
1.3184075
1.3226337
1.5227375
1.495468
1.5297592
1.2808481
1.5359251
1.53685
1.2887034
1.5148191
1.3705215
1.3322269
1.3001574
1.3204607
1.4257295
1.4652698
1.3266772
1.4640843
1.5208786
1.5259712
1.5249104
1.5104424
1.4773997
1.5429579
1.3796085
1.5429538
1.5442321
1.3311559
1.3226782
1.5419027
1.4365284
1.4947503
1.5212731
1.4406348
1.4706559
1.5656172
1.4401761
1.5424806
1.6798043
1.4401761
1.568043
1.6398407
1.6404223
1.568043
1.5014881
1.567471
1.568043
1.568043
1.6729009
1.4383446
1.4405676
1.4401761
1.6398407
1.5319887
1.568043
1.4401761
1.568043
1.6396954
1.6765026
1.4401761
1.4847687
1.5663292
1.568043
1.4399078
1.568043
1.568043
1.4401761
1.6726403
1.6398407
1.434843
1.7069646
1.6022642
1.7120459
1.6566491
1.4878869
1.4682182
1.4879106
1.4879106
1.4138106
1.4981364
1.3021744
1.2537007
1.2070009
1.4482386
1.4872806
1.4879136
1.571817
1.4888004
1.3103813
1.2911326
1.3102604
1.5010015
1.5706309
1.5361711
1.5455589
1.2276789
1.4828607
1.2609127
1.4810927
1.3165234
1.3126057
1.4439421
1.2635453
1.3965527
1.470417
1.3126057
1.2899626
1.1925106
1.3394392
1.3129145
1.3684651
1.312727
1.3129145
1.4824399
1.3129145
1.4758584
1.4814423
1.4926716
1.5038633
1.3129145
1.4938408
1.3757229
1.1561449
1.1926581
1.2638298
1.3107947
1.2543851
1.3712525
1.3987522
1.259469
1.3111151
1.2610359
1.2610359
1.1914922
1.3719639
1.4175031
1.4175031
1.3719639
1.4352007
1.3138784
1.3136095
1.2128724
1.3134452
1.3183596
1.3057499
1.3479413
1.4004993
1.3618153
1.2795223
1.21028
1.210289
1.2507508
1.3239485
1.3744142
1.4044067
1.2592069
1.2472514
1.3994262
1.3687603
1.1371689
1.2285521
1.2476802
1.2480692
1.2223043
1.2072923
1.2781622
1.2249771
1.2691159
1.2249144
1.2585055
1.2242123
1.2249144
1.2609347
1.2558138
1.2644514
1.2659178
1.2267932
1.2649423
1.2249144
1.2249144
1.252554
1.1296844
1.2244612
1.1296844
1.1296844
1.1296844
1.1296844
1.1218864
1.195018
1.26095
1.1928148
1.195018
1.2296509
1.1296844
1.1296253
1.1918979
1.1885992
1.1907811
1.2235974
1.1257752
1.1277273
1.1266626
1.1277273
1.1907119
1.1357926
1.192758
1.2621691
1.260963
1.2199976
1.2267308
1.2265035
1.2512631
1.2187659
1.213495
1.2438768
1.2895265
1.2443706
1.3308029
1.2442971
1.3192832
1.2704855
1.2993568
1.3207915
1.2442971
1.3163188
1.2625147
1.2199508
1.2442971
1.2199707
1.2199508
1.2199508
1.2187659
1.2883377
1.2531766
1.214412
1.2592399
1.1834968
1.2163332
1.2824066
1.1985676
1.2206765
1.2855985
1.2071204
1.2036064
1.1559862
1.1855915
1.1334437
1.1952299
1.1985676
1.197606
1.2961318
1.2341113
1.2004638
1.1985269
1.2158282
1.2131125
1.2012845
1.2464869
1.246589
1.2160715
1.2149901
1.2750891
1.1986558
1.1902026
1.2623202
1.2750891
1.2120905
1.2140223
1.2491974
1.1855834
1.2159592
1.2159592
1.2142739
1.1003302
1.1795516
1.2006053
1.240383
1.2082386
1.2013347
1.196118
1.1910303
1.2157115
1.2164552
1.1792598
1.20147
1.1331234
1.2096082
1.1855806
1.2156975
1.1903837
1.1563039
1.2731965
1.2015114
1.2157353
1.2159824
1.1860569
1.2654585
1.2163558
1.2164772
1.2161181
1.2658535
1.2367061
1.3078077
1.2882342
1.217007
1.2462004
1.246175
1.2461624
1.2163035
1.2060145
1.246175
1.1738927
1.174676
1.2163035
1.2163035
1.2168311
1.2163035
1.2171841
1.2161844
1.1550819
1.246175
1.246175
1.2087291
1.2163035
1.2680469
1.2143235
1.289216
1.2965372
1.2910827
1.2163035
1.2163035
1.2144022
1.2171841
1.2171841
1.1462784
1.216884
1.2467488
1.246607
1.2124373
1.2470276
1.2499373
1.2715513
1.216884
1.2167659
1.216884
1.216884
1.2236018
1.2166526
1.2716502
1.2130331
1.2015114
1.214018
1.2006053
1.2166677
1.1903676
1.237558
1.2015114
1.2015114
1.2010549
1.1872913
1.2816421
1.2234925
1.2499641
1.2166501
1.2166526
1.2167385
1.2448683
1.2498376
1.2095659
1.1834588
1.2014557
1.1992533
1.2013656
1.2908522
1.198388
1.1396519
1.1852595
1.2859583
1.1870651
1.2221688
1.2750477
1.2014557
1.2014557
1.208873
1.1870651
1.1870651
1.2014557
1.1901749
1.1992533
1.1992533
1.2515808
1.1992533
1.228979
1.1849394
1.1992447
1.1992447
1.2976522
1.2503794
1.2515543
1.3094492
1.1992447
1.2117153
1.2740873
1.250708
1.2548926
1.2289973
1.2288417
1.2972597
1.1923579
1.1992447
1.2290338
1.2289973
1.2268015
1.159253
1.1992447
1.1992447
1.228979
1.2289973
1.1985611
1.1994613
1.174924
1.1916441
1.1992447
1.1992447
1.2549595
1.1855528
1.1989692
1.2248096
1.2289973
1.1568766
1.0988846
1.1959069
1.246401
1.0929956
1.0881078
1.1017923
1.2319615
1.098839
1.1869595
1.1983757
1.2168161
1.0911243
1.0882878
1.0997617
1.0858338
1.1173903
1.1524186
1.1042839
1.146463
1.0964245
1.1524186
1.0951544
1.1931158
1.1931158
1.1517518
1.1520851
1.2234577
1.1042839
1.1042839
1.100702
1.0751343
1.0951544
1.1524186
1.2346604
1.1931158
1.100756
1.104313
1.1506835
1.1122417
1.0951544
1.1004869
1.1011006
1.10475
1.1491845
1.218707
1.0885024
1.0948328
1.1042839
1.0944784
1.2156618
1.1518446
1.1506845
1.0946921
1.2009034
1.0948328
1.0948328
1.0948328
1.1570617
1.1011628
1.1088432
1.0973766
1.1564723
1.2064941
1.0973592
1.1011355
1.0976369
1.0974002
1.1207411
1.0924283
1.2064941
1.2343808
1.1980444
1.0974002
1.0750964
1.1550677
1.1011355
1.0938915
1.2461786
1.0945907
1.1564723
1.1564723
1.1407526
1.0931283
1.0921354
1.093638
1.0918016
1.0974002
1.0959929
1.0854067
1.0916733
1.2164371
1.0911201
1.1278157
1.0503165
1.1057571
1.16372
1.1386473
1.1556501
1.2073835
1.2085564
1.1670996
1.2050699
1.1339306
1.256938
1.2030178
1.2360045
1.2056768
1.2524747
1.204801
1.2424002
1.2520276
1.2424002
1.155281
1.243209
1.2039032
1.2046878
1.204801
1.2048076
1.2422271
1.155281
1.1857814
1.2268456
1.1977059
1.2533387
1.196947
1.155281
1.204801
1.2799468
1.1978685
1.2372073
1.2380368
1.2397895
1.2120937
1.1847725
1.1003183
1.1956657
1.1795142
1.2066947
1.2120774
1.2206386
1.2382339
1.203906
1.2064385
1.2120955
1.2633698
1.1044565
1.2065452
1.2065452
1.2541082
1.2541082
1.1795142
1.1834099
1.1873851
1.2859933
1.1729397
1.2088308
1.196975
1.1535729
1.2065452
1.2111409
1.1900609
1.2536451
1.2050091
1.2194433
1.2610099
1.2051798
1.2142653
1.2142653
1.2294228
1.229493
1.2294228
1.1525549
1.2147515
1.1851934
1.1533631
1.1281654
1.1257274
1.2130923
1.1257073
1.1258489
1.1258489
1.1885657
1.1258489
1.1906707
1.095404
1.1258489
1.1948962
1.0661778
1.125606
1.0932107
1.227116
1.2225878
1.188303
1.1265216
1.2225878
1.1882695
1.1254927
1.1236655
1.1374959
1.2128322
1.1995857
1.1995857
1.2064054
1.2526699
1.1985111
1.1333942
1.1314102
1.1332375
1.2185315
1.2391224
1.13327
1.1612864
1.1905164
1.137394
1.2033567
1.0761013
1.0761013
1.2559203
1.2038968
1.2649642
1.2572268
1.1294314
1.2038968
1.1376272
1.1373776
1.2237246
1.2479923
1.2457528
1.1136637
1.2041669
1.1365963
1.1946316
1.2392035
1.1797534
1.221641
1.2337173
1.2124435
1.1828284
1.237869
1.237869
1.2127943
1.183567
1.2127161
1.2018529
1.1993113
1.1785121
1.237573
1.1992283
1.0831026
1.1956924
1.2134613
1.220985
1.1296685
1.220499
1.1316515
1.2587463
1.1317759
1.2651663
1.2426459
1.1964065
1.1964065
1.2592746
1.1325779
1.2307849
1.0991101
1.208937
1.1105816
1.2067939
1.2544852
1.2556213
1.2087994
1.263245
1.2886716
1.2032063
1.2200052
1.2136154
1.2100911
1.1012017
1.1542909
1.0922356
1.0940806
1.1645339
1.2111201
1.2139612
1.231851
1.2106215
1.1892439
1.1453743
1.1861523
1.1258712
1.1223863
1.1452537
1.1507051
1.1422856
1.1557908
1.1358682
1.1463946
1.17996
1.1525546
1.1738589
1.1484114
1.1499043
1.1403465
1.1431288
1.1493391
1.1204327
1.095594
1.0965514
1.1217571
1.1217571
1.1216787
1.1217571
1.0954714
1.1441451
1.1645043
1.1232545
1.1806338
1.1645852
1.0952739
1.1221261
1.1747172
1.1727421
1.1055281
1.1224895
1.1420269
1.1624309
1.1495858
1.0798147
1.1423134
1.1441517
1.1492571
1.1076233
1.1894629
1.1534086
1.1066432
1.1890534
1.1381267
1.0989294
1.1009647
1.1240257
1.1240257
1.1240257
1.1070595
1.1011951
1.0823575
1.0914493
1.0812168
1.0914732
1.0915139
1.0982139
1.0619801
1.0746608
1.0622859
1.0929501
0.9630602
1.0924274
1.0808859
1.0808899
1.1040646
1.0812553
1.0923355
1.0935988
1.030201
1.0262015
1.0365568
1.1466489
1.0820073
1.0926932
1.1061954
1.1311967
1.1320279
1.0820073
1.1287479
1.0820073
1.0990707
1.1320279
1.0820073
1.0820073
1.0741653
1.0801421
1.122164
1.1719109
1.1781968
1.0771871
1.0770031
1.077214
1.1023405
1.1284184
1.077214
1.077214
1.178184
1.077214
1.1781915
1.1853523
1.1475801
1.0772107
1.1287777
1.0768945
1.0987196
1.1795516
1.1282465
1.1708869
1.1287777
1.030893
1.0651423
1.1708913
1.077214
1.1282465
1.1708913
1.1781968
1.0820073
1.077214
1.077214
1.1809576
1.1337124
1.1127908
1.1115919
1.1643513
1.1007562
1.113038
1.1919742
1.1919742
1.113038
1.1127832
1.1109021
1.1062441
1.1126006
1.112304
1.113038
1.2060857
1.1639317
1.1031548
1.1127754
1.201671
1.1636319
1.203599
1.1574368
1.1564965
1.2132269
1.2188891
1.1127754
1.213376
1.1633337
1.1917844
1.2060969
1.1127908
1.163721
1.099128
1.2121053
1.1882575
1.2172192
1.1639252
1.1127754
1.1120567
1.1641425
1.0883529
1.1641425
1.1768451
1.1124103
1.2060969
1.1900184
1.2089738
1.2145818
1.2180258
1.2192596
1.3296182
1.2609631
1.2196232
1.5273391
1.3434949
1.4630109
1.5269045
1.3434949
1.3426945
1.3677858
1.4696467
1.3152755
1.2923704
1.3426945
1.324224
1.3762279
1.3426945
1.3695549
1.3395172
1.4293631
1.5003536
1.36427
1.3280537
1.2666563
1.5424176
1.5421178
1.4297702
1.370381
1.5010779
1.5010779
1.564108
1.5010779
1.3704362
1.3704362
1.3775772
1.3703258
1.3694451
1.3771329
1.3704362
1.3704362
1.4215524
1.270264
1.5989841
1.270264
1.270264
1.270264
1.270264
1.4281
1.5602394
1.4274426
1.5158101
1.2340819
1.5373969
1.2340819
1.4163455
1.4281
1.4297868
1.2520092
1.270264
1.4281
1.270264
1.4847193
1.4281
1.5010779
1.3550168
1.3629477
1.4183584
1.4223973
1.2758313
1.2231346
1.3648983
1.3695507
1.3427352
1.4385564
1.5134859
1.2645171
1.3695507
1.3988997
1.3704362
1.3695507
1.4932979
1.3626524
1.3549027
1.266775
1.4958799
1.3549027
1.5634706
1.2509181
1.499477
1.4759669
1.2503533
1.3022349
1.4808618
1.4723241
1.3813937
1.4759669
1.4769955
1.4759669
1.3619874
1.3619874
1.3619874
1.2122525
1.4833922
1.3619874
1.4052149
1.3619874
1.405845
1.4781493
1.4785062
1.477465
1.3619874
1.4391049
1.3305315
1.3619874
1.4808618
1.3602012
1.2121856
1.5005157
1.4894936
1.3617636
1.2625566
1.2123486
1.3360202
1.2510791
1.4512542
1.4415132
1.4750805
1.2460655
1.3546836
1.448068
1.3546566
1.498514
1.4714444
1.2579019
1.4795744
1.4996587
1.3785217
1.3584117
1.2486613
1.3276784
1.3056065
1.3292371
1.2214912
1.1609539
1.1611083
1.1613683
1.1172922
1.1612382
1.1782224
1.1764576
1.1341051
1.2094327
1.1604886
1.1615686
1.1840374
1.1455153
1.2462778
1.1604886
1.1806288
1.1604886
1.2338649
1.1985695
1.2094327
1.1585201
1.2872436
1.1973767
1.1952571
1.1973767
1.1813794
1.1913624
1.1850629
1.1915115
1.1639267
1.243716
1.245155
1.2194438
1.2343534
1.2164171
1.2261302
1.2252274
1.226122
1.2641133
1.3149126
1.2809042
1.227617
1.2486987
1.2627794
1.2588862
1.2634315
1.227028
1.228836
1.2606771
1.2224302
1.2269318
1.180609
1.1220326
1.1220326
1.1211041
1.1220326
1.1205479
1.1807483
1.2314913
1.240581
1.1218266
1.2112387
1.121084
1.1052969
1.229237
1.1052864
1.1211041
1.1286553
1.0703712
1.0688272
1.121084
1.1217113
1.1212457
1.2448664
1.2531118
1.1212696
1.1212696
1.1286553
1.0983195
1.0906508
1.1208985
1.1778195
1.129876
1.1759739
1.1212696
1.1212696
1.1212696
1.1457072
1.1212696
1.1288993
1.1212696
1.1184087
1.105384
1.1810833
1.0981674
1.1411917
1.1055017
1.1214312
1.1491123
1.2191923
1.1228487
1.232416
1.1891
1.1052625
1.0928522
1.2240013
1.092767
1.2592412
1.3872628
1.3614975
1.3415711
1.3152755
1.2375567
1.3155223
1.3586311
1.2312746
1.2441359
1.2278295
1.2311058
1.3617816
1.1840116
1.1904298
1.2311058
1.2254145
1.2310215
1.2317815
1.306312
1.3131999
1.2311558
1.0134698
1.2510988
1.2471148
1.2510988
1.2312175
1.2462114
1.2967429
1.0671366
1.1176984
1.3174366
1.1176984
1.2849947
1.1006591
1.3477352
1.3356113
1.254683
1.1143128
1.1185293
1.0956783
1.2855492
1.1196492
1.2867639
1.3161011
1.1196492
1.122073
1.3484303
1.1181567
1.335938
1.3191566
1.1077745
1.3188981
1.1195729
1.1195729
1.1195729
1.12133
1.2257564
1.1195729
1.11371
1.1195729
1.2785536
1.3191566
1.1330645
1.1195729
1.198316
1.2094394
1.1757245
1.2208492
1.2708324
1.2380315
1.1152909
1.0794169
1.0529779
1.084379
1.0522635
1.0467883
1.119884
1.154804
1.154447
1.1469171
1.1387746
1.0711613
1.1091248
1.0441829
1.0596669
1.0898573
1.0644184
1.0626117
1.0778522
1.0574449
1.066149
1.0784516
1.0747571
1.0644096
1.0685649
1.0685978
1.0516291
1.0499296
1.0562441
1.0447799
1.0683788
1.0683788
1.0439786
1.0477363
1.0744853
1.0810053
1.070384
1.0895648
1.0686822
1.0449551
1.0873852
1.0946983
1.0962178
1.0934641
1.08737
1.0449382
1.0447543
1.0893787
1.0818704
1.0947133
1.1064516
1.1254851
1.1093135
1.2623633
1.0821631
1.2275548
1.1827538
1.1031867
1.2505524
1.3579323
1.249693
1.3913378
1.2283219
1.3868997
1.3586776
1.2507559
1.2504375
1.4438405
1.4132421
1.4586796
1.3728437
1.2390845
1.3579323
1.3868997
1.2282807
1.2536633
1.2533193
1.3868997
1.2382491
1.457657
1.4010725
1.3726574
1.2625453
1.1681191
1.3137511
1.3593688
1.2630924
1.3606391
1.4102466
1.2625453
1.3166556
1.3802357
1.4127163
1.4894779
1.228171
1.2388607
1.329266
1.4102058
1.3732172
1.375421
1.2903218
1.2388948
1.2881855
1.2398711
1.1645068
1.2909545
1.2401565
1.3695868
1.2401341
1.2652001
1.2401341
1.2432059
1.2460951
1.3838496
1.4545972
1.4608774
1.2707579
1.2459075
1.3400403
1.4608827
1.2460951
1.3831494
1.1869382
1.3845848
1.0716122
1.2459075
1.2464476
1.3507855
1.3845396
1.1465623
1.3822851
1.4009286
1.3831722
1.1254791
1.2453694
1.1705458
1.1640378
1.2028239
1.1705458
1.1711272
1.1313301
1.1297805
1.1612607
1.1584296
1.1709993
1.1313176
1.1578443
1.1304708
1.1577283
1.1753498
1.1176207
1.130638
1.1307492
1.130638
1.1446404
1.1685503
1.2213866
1.1580206
1.1312014
1.1954104
1.1716695
1.145389
1.1979002
1.1841925
1.1950543
1.1977105
1.2433559
1.2170823
1.2432657
1.237286
1.1875638
1.1851676
1.1565617
1.186002
1.1169865
1.120783
1.2743239
1.172097
1.0688057
1.23321
1.188509
1.1650763
1.190421
1.201002
1.1523545
1.1650763
1.1936507
1.109473
1.2264951
1.1650763
1.1934223
1.2284878
1.2060119
1.2284651
1.1648581
1.1648581
1.1749855
1.1858355
1.185129
1.2015241
1.1750206
1.1635501
1.1648581
1.185129
1.1648581
1.201081
1.1789764
1.1850393
1.2284651
1.2015241
1.1648581
1.1648581
1.165731
1.1415614
1.2015241
1.1718483
1.0736979
1.1787207
1.1645745
1.1783437
1.160034
1.1787207
1.1789318
1.1772553
1.193866
1.1789443
1.2020121
1.1933855
1.1721342
1.2525653
1.2193768
1.1973794
1.1880469
1.1373149
1.2549065
1.2549065
1.2728175
1.1510898
1.2120173
1.2483948
1.1348672
1.1560792
1.2597929
1.2268095
1.2639815
1.2268095
1.1972818
1.2639524
1.2642665
1.2461933
1.2229979
1.2620676
1.2597175
1.2597175
1.2133843
1.2231704
1.2233262
1.2240967
1.177443
1.2597175
1.2602569
1.2044392
1.2447133
1.1913084
1.2188658
1.2745508
1.2184637
1.229349
1.2001971
1.2491277
1.2161644
1.2189188
1.254575
1.2552007
1.2189188
1.2189188
1.2148354
1.2198299
1.2559141
1.2559141
1.2198299
1.1437207
1.2198299
1.2198299
1.2579298
1.2233531
1.1673777
1.2142185
1.2251444
1.185343
1.1541195
1.2144836
1.2531661
1.2138025
1.2144836
1.1510811
1.2144836
1.2147316
1.2979604
1.2125766
1.212624
1.1537327
1.2184612
1.2144836
1.1907203
1.2568791
1.2422922
1.190948
1.1317015
1.1883787
1.188914
1.2559593
1.2182184
1.1892715
1.2115257
1.2636348
1.2559016
1.2182184
1.1609001
1.2236252
1.2903082
1.2195755
1.2180829
1.2102673
1.15387
1.2817104
1.3115611
1.2182035
1.2182035
1.2905259
1.1609001
1.2107694
1.1064574
1.2181925
1.2254541
1.1914821
1.2398148
1.2079813
1.1862161
1.2254704
1.247422
1.1547005
1.214789
1.1621952
1.17424
1.187243
1.1883748
1.3295338
1.2003514
1.3227311
1.4509456
1.2831545
1.5015429
1.4073688
1.4073393
1.2545924
1.4351741
1.3462385
1.2012941
1.217436
1.1775771
1.2089242
1.2300972
1.184778
1.245549
1.229186
1.2452374
1.1826001
1.0210869
1.1846317
1.1147751
1.0805339
1.2118939
1.1826001
1.2255185
1.2233295
1.2170348
1.18237
1.2122247
1.2425609
1.1893467
1.2484549
1.217546
1.237229
1.241997
1.221829
1.1893467
1.1893467
1.1893467
1.2202425
1.1893467
1.09959
1.2171923
1.2177756
1.1561757
1.1870347
1.1862435
1.2191671
1.2191671
1.1960891
1.1674442
1.1310544
1.1571667
1.1982555
1.1814092
1.212678
1.1721094
1.185552
1.186458
1.2187352
1.1985892
1.2369791
1.207887
1.1704926
1.1984001
1.2798231
1.2319347
1.2723142
1.1984001
1.187015
1.1872412
1.2010958
1.1973833
1.1836711
1.1973833
1.1971194
1.1973088
1.1556575
1.1969416
1.1765025
1.1351488
1.1851649
1.1913439
1.1973833
1.191339
1.2415336
1.190915
1.2415336
1.2406998
1.1900579
1.1900579
1.2322111
1.1527168
1.2215645
1.1900579
1.2414292
1.2415336
1.2471168
1.1969498
1.2415075
1.1541389
1.2427831
1.2213537
1.2181172
1.2214903
1.2214903
1.1866426
1.2119303
1.1974865
1.1946515
1.1763281
1.1916808
1.2051065
1.2116787
1.2115288
1.206669
1.2121528
1.1796277
1.2250981
1.2074761
1.2925926
1.2379512
1.2077622
1.216452
1.2169878
1.1941106
1.1920362
1.1945298
1.2081292
1.1920362
1.1950399
1.1916999
1.1529382
1.1946161
1.1920362
1.194659
1.2214547
1.2409041
1.20056
1.1936911
1.190651
1.2082323
1.190651
1.219944
1.1924986
1.191955
1.1225739
1.2402095
1.3427899
1.2408093
1.2409041
1.2409041
1.2416623
1.3280017
1.0879933
1.2847635
1.365444
1.1925595
1.3032016
1.4179493
1.2185655
1.4102883
1.1662588
1.177513
1.2924854
1.2922101
1.4266858
1.4259082
1.391382
1.1789733
1.2359858
1.23334
1.2324607
1.2363796
1.23334
1.2329715
1.23334
1.2922798
1.3905199
1.3564625
1.2620587
1.23334
1.4948816
1.4619836
1.2220676
1.4253253
1.4515498
1.4625667
1.2331554
1.297278
1.4462395
1.4765172
1.4512725
1.2298304
1.2296118
1.421115
1.2663125
1.3520378
1.2296118
1.2296118
1.2322729
1.2616111
1.2352422
1.2311052
1.1648829
1.2157109
1.2267121
1.1637001
1.1690496
1.1387811
1.208454
1.1860199
1.2204202
1.2219346
1.2121153
1.2432909
1.216023
1.2122883
1.1997577
1.22988
1.1368685
1.173844
1.2368702
1.2365384
1.2509269
1.1869649
1.2209231
1.1675689
1.1369593
1.1651458
1.1368561
1.0799322
1.1780201
1.1062933
1.1376584
1.0762309
1.1379095
1.1335843
1.1420087
1.1419384
1.1022742
1.1419384
1.1419384
1.1409293
1.1335226
1.1670234
1.1022952
1.1419384
1.1417986
1.1149405
1.1654162
1.11028
1.1349604
1.194038
1.1064148
1.1423497
1.1455022
1.0886552
1.0969462
1.0967784
1.0871179
1.0959358
1.0756199
1.0627201
1.0724254
1.0333382
1.0620021
1.0781326
1.0846137
1.0360713
1.0800893
1.0392478
1.0392478
1.0866385
1.0392478
1.0902963
1.0392478
1.0866385
1.0866385
1.0506465
1.090111
1.090111
1.0388106
1.0392478
1.0534054
1.090111
1.0392478
1.0928999
1.0392478
1.0392478
1.0938444
1.0359727
1.0499492
1.090111
1.0883424
1.038917
1.0678906
1.0900738
1.0392478
1.0898775
1.0835938
1.0808665
1.0863237
1.0342487
1.0301759
1.0866385
1.0359727
1.0344304
1.0301759
1.0359727
1.0485786
1.0317624
1.0359727
1.0344304
1.0344304
1.017422
1.031103
1.0277015
1.0318631
1.0288795
1.0283409
1.0272778
1.0299278
1.0337753
1.0340961
1.0283313
1.0342772
1.0345249
1.0911919
1.0819758
1.0733814
1.1360193
1.1073261
1.084061
1.0921493
1.0819758
1.2245258
1.2245258
1.224727
1.6035502
1.651049
1.6034924
1.6038225
1.122668
1.603745
1.1866624
1.1897588
1.334136
1.2261407
1.2261407
1.6378893
1.6483555
1.5984555
1.6378893
1.1784654
1.5930697
1.1784654
1.6553118
1.636032
1.6239134
1.6757214
1.1784654
1.1578032
1.6228901
1.6296792
1.6795344
1.818489
1.152568
1.7304206
1.6556369
1.2501798
1.2431855
1.1679385
1.1708379
1.8114796
1.6556369
1.2732552
1.3184886
1.6350564
1.250483
1.7903321
1.8009537
1.6766101
1.4996477
1.6770221
1.7304451
1.1900061
1.6237522
1.6556369
1.7489734
1.7322319
1.3347265
1.2365594
1.2365594
1.8286581
1.6514093
1.7673589
1.3898767
1.7846129
1.2287214
1.1923045
1.2364959
1.3898767
1.2287214
1.8251421
1.1893355
1.7988436
1.1402192
1.2538601
1.2540677
1.8204465
1.755617
1.2540677
1.2215096
1.2534665
1.7102622
1.2085776
1.6651019
1.7322146
1.2035447
1.2029382
1.7322319
1.2035447
1.4773512
1.433809
1.5413449
1.2086495
1.6224248
1.2490376
1.6266053
1.2497196
1.2977669
1.5847058
1.5412378
1.2086495
1.1179353
1.1976289
1.5375807
1.2285292
1.5402086
1.2301974
1.0489866
1.0641484
1.5371348
1.5386418
1.0244052
1.0260639
1.041564
1.0254303
1.0315127
1.0278825
1.0254303
1.0335566
1.0254303
1.0368942
1.0258137
1.0446703
1.0418813
1.0459396
1.0254303
1.046878
1.0398515
1.0400136
1.0282975
1.0255661
1.0255661
1.0255731
1.0241232
1.0479383
1.0263717
1.0255661
1.0255661
1.0373546
1.0314194
1.0373546
1.0377283
1.0450789
1.0466019
1.0437505
1.0494708
1.0473706
1.0495667
1.0265496
1.0257567
1.0375422
1.0263238
1.026113
1.0263075
1.044189
1.0500745
1.0479785
1.0375422
1.0479785
1.0756159
1.1696863
1.161126
1.1696863
1.137128
1.1486648
1.1642389
1.1693048
1.199279
1.1873001
1.1696863
1.1425582
1.1702774
1.1674694
1.1691084
1.203665
1.2361993
1.1682689
1.1984439
1.2023433
1.1763728
1.144383
1.1586967
1.1463866
1.1470076
1.1296036
1.1023314
1.0763525
1.1596574
1.1616923
1.1272149
1.129287
1.1652025
1.1755577
1.1755577
1.1611886
1.0832934
1.0555725
1.0909151
1.2035884
1.2112839
1.2080014
1.1967393
1.1393436
1.1296351
1.2423185
1.206894
1.2376074
1.1388323
1.1384013
1.1383212
1.1383212
1.1383212
1.1383212
1.0755432
1.1383212
1.1200702
1.1338584
1.2466629
1.246881
1.2496163
1.2571843
1.1819217
1.2079991
1.1398554
1.2079991
1.1398554
1.2440617
1.2079991
1.2421228
1.1398554
1.2079991
1.1401114
1.2420324
1.2060661
1.246881
1.1401777
1.2572693
1.1393436
1.1735382
1.1536089
1.1464816
1.1355236
1.2419505
1.2571843
1.2491014
1.10519
1.1053728
1.2092494
1.2092494
1.2322276
1.2424575
1.2490758
1.1812608
1.1545982
1.2069895
1.2261487
1.2493062
1.2071439
1.2992305
1.2092494
1.2491014
1.1137538
1.1988147
1.2426332
1.2483956
1.2524663
1.246961
1.2428626
1.2014682
1.2013121
1.1977894
1.199541
1.2012473
1.2012473
1.2395276
1.2012258
1.2004564
1.246961
1.2472435
1.1511468
1.253852
1.12238
1.2436278
1.2544796
1.1995523
1.2056854
1.2057394
1.1405871
1.2002139
1.179357
1.2056922
1.2067933
1.2659291
1.2081083
1.1979201
1.1961775
1.1914638
1.2186433
1.1963481
1.19789
1.1990954
1.1979201
1.2252288
1.2142642
1.1977167
1.1977167
1.2562231
1.1973313
1.1977167
1.1970328
1.1259353
1.179171
1.1222413
1.1581475
1.2007332
1.222886
1.1973741
1.2004077
1.0831201
1.2013406
1.1593248
1.184487
1.1853638
1.1531644
1.0999523
1.1531644
1.1123604
1.1833668
1.0998316
1.2097168
1.1030995
1.0720872
1.0999486
1.1531644
1.1531471
1.1127944
1.0999486
1.0998316
1.1530315
1.1672804
1.1965169
1.0936652
1.1021839
1.161326
1.1393689
1.1581008
1.1818905
1.152828
1.1701303
1.1536007
1.1728039
1.152925
1.2089626
1.1699508
1.1536005
1.1804665
1.2320106
1.1423148
1.1560781
1.1870575
1.1861653
1.1770493
1.1075141
1.1860518
1.0886239
1.0589174
1.0589174
1.1024177
1.1691325
1.1374959
1.1503586
1.1520611
1.0999855
1.0999855
1.0970244
1.0689012
1.0985024
1.1326731
1.1876633
1.0999855
1.0865804
1.0768706
1.1329315
1.0999855
1.0768957
1.1521276
1.1500108
1.0988864
1.1302423
1.1851534
1.1302423
1.1302423
1.2062713
1.1510315
1.2508382
1.2366304
1.206277
1.2366304
1.2510933
1.206277
1.2366304
1.2366304
1.206277
1.2837353
1.2150443
1.2334995
1.2206765
1.215227
1.2578638
1.2202375
1.2869719
1.1997147
1.1643448
1.2478905
1.2209022
1.2190554
1.2197528
1.2362585
1.2875885
1.2208915
1.3011339
1.2439634
1.2209022
1.2561761
1.2651118
1.2503328
1.256343
1.2478905
1.2208915
1.22044
1.2209022
1.1643448
1.2418965
1.2209077
1.322481
1.2209022
1.2478905
1.204993
1.282209
1.2209022
1.2205555
1.1944788
1.1984088
1.2157317
1.1518813
1.2227614
1.2265587
1.22622
1.2267053
1.2176157
1.1245221
1.1805348
1.2541671
1.1284264
1.1708584
1.2269318
1.1715702
1.1934211
1.1713643
1.1713643
1.2228777
1.1809562
1.2089742
1.1934211
1.2165651
1.270685
1.2191343
1.2296898
1.2232257
1.1715702
1.1379695
1.1934211
1.1713643
1.2953097
1.1669997
1.2296898
1.1934211
1.1944958
1.1936853
1.1702125
1.1554164
1.1574447
1.2047206
1.211448
1.1786019
1.1302356
1.1673137
1.0561184
1.1332697
1.1505541
1.1527116
1.1746968
1.1548599
1.1544297
1.1773303
1.2121079
1.2121079
1.216581
1.2121079
1.1909155
1.2212857
1.1837845
1.1418551
1.1425296
1.1421725
1.1904377
1.1812152
1.2170129
1.1290166
1.0963506
1.1908743
1.1204916
1.230145
1.1312915
1.219307
1.1437675
1.1423367
1.1452177
1.2151898
1.220623
1.2332526
1.2374126
1.1451705
1.2201484
1.2201484
1.2346152
1.193856
1.0978914
1.1810986
1.193856
1.2161155
1.1874877
1.2263309
1.2103862
1.193856
1.1452603
1.2189472
1.2396319
1.2168261
1.1862191
1.193856
1.1939106
1.2201352
1.2378079
1.1302713
1.1146791
1.2293537
1.131367
1.1155155
1.1612893
1.2168018
1.1030761
1.2088845
1.1609334
1.1609334
1.2090865
1.1609334
1.160412
1.1528376
1.1607865
1.1609334
1.1609334
1.2177975
1.2246126
1.224852
1.233463
1.1595131
1.1595131
1.1609334
1.1631032
1.1754333
1.1609334
1.2289156
1.1608446
1.1609334
1.1630232
1.248642
1.2351291
1.1609334
1.1609334
1.1786796
1.181046
1.2349874
1.1786245
1.1790333
1.1874901
1.1785479
1.2197865
1.2487425
1.1774861
1.2489629
1.2281601
1.2179577
1.1710011
1.2179334
1.180303
1.1804699
1.1866672
1.2283441
1.1804699
1.1804883
1.2179252
1.2195616
1.180303
1.178155
1.1804699
1.2179252
1.2106115
1.2283257
1.2651718
1.2651718
1.2606174
1.226064
1.265231
1.265152
1.265152
1.226064
1.2480947
1.2257702
1.2283441
1.2270938
1.1857753
1.2292916
1.1295747
1.1944771
1.1296902
1.1947418
1.1295747
1.1300634
1.2591544
1.1947418
1.1374903
1.1276227
1.1774352
1.1679653
1.2292916
1.2640904
1.2367243
1.265152
1.1021492
1.1943536
1.2390242
1.2482886
1.1679653
1.2530508
1.1944771
1.2396
1.1679653
1.1679653
1.1295747
1.1685934
1.1679416
1.2396
1.1682327
1.1685001
1.2396
1.2350026
1.2396
1.2292539
1.1685001
1.1685001
1.1685001
1.198384
1.2168753
1.1685001
1.2657226
1.2742954
1.2650921
1.2650921
1.2278465
1.2278465
1.2278465
1.2742954
1.2650921
1.2663652
1.2134943
1.2605406
1.2742954
1.2705971
1.2650921
1.2651314
1.3233149
1.2789705
1.2650921
1.2278465
1.2278465
1.2650921
1.2631272
1.270116
1.2742954
1.2277813
1.282445
1.2240212
1.2278384
1.1813996
1.1724039
1.2742417
1.1994699
1.2278465
1.2716961
1.2268244
1.220697
1.2482063
1.248274
1.2267932
1.2677226
1.2268167
1.1980863
1.1783919
1.2321758
1.269924
1.212384
1.2648393
1.3000883
1.2656077
1.2193073
1.2794716
1.3188323
1.2237788
1.269924
1.2683718
1.2656898
1.2683718
1.2683718
1.2677226
1.2084156
1.2683718
1.2320976
1.2683718
1.2178849
1.258596
1.2592345
1.2265449
1.1522635
1.2482063
1.3659472
1.3701023
1.4959642
1.4990276
1.2161129
1.4971311
1.3727617
1.3729835
1.3534863
1.3211923
1.2799927
1.5013992
1.3729278
1.4970144
1.4720502
1.3576885
1.3729835
1.3521318
1.2174584
1.4254612
1.352123
1.3323301
1.4448134
1.1207018
1.4903452
1.2131937
1.4987898
1.2181044
1.376341
1.5018954
1.3692771
1.376341
1.3745462
1.3772421
1.4726672
1.501449
1.3773551
1.3772421
1.229039
1.4918833
1.377436
1.3770165
1.4041127
1.501449
1.3772421
1.4610242
1.2819363
1.3398703
1.4043534
1.3696978
1.1472741
1.507916
1.3848941
1.2345724
1.2639936
1.3849105
1.2062861
1.3849105
1.3851672
1.3850389
1.491687
1.2642766
1.3851672
1.3851672
1.2642094
1.2711549
1.3850209
1.2816246
1.3850209
1.2662454
1.264058
1.3526931
1.2631955
1.2620658
1.2637895
1.3698623
1.3850209
1.4915735
1.4533665
1.264058
1.3424631
1.5015844
1.1640668
1.3850209
1.3851022
1.3857473
1.3187975
1.3242408
1.264058
1.4732732
1.2501215
1.3422312
1.3447365
1.367332
1.3422312
1.2509319
1.3423818
1.3528788
1.255015
1.3508586
1.3841155
1.3918552
1.2530684
1.2660717
1.2578143
1.3369042
1.1348025
1.3690665
1.3421654
1.2495153
1.2496667
1.2033414
1.2281258
1.3326415
1.3085657
1.3085657
1.2281258
1.3003541
1.3038666
1.2281258
1.1872847
1.2451671
1.2914034
1.2528052
1.2448908
1.2437687
1.2309408
1.243562
1.2477057
1.1880665
1.1927872
1.1092633
1.2074409
1.276211
1.2969615
1.2968757
1.2969615
1.2895226
1.0420976
1.0429707
1.0429707
1.2889323
1.0429707
1.2451671
1.2340255
1.1488532
1.2969832
1.2929136
1.2914034
1.041251
1.0500011
1.3006968
1.1274732
1.0429707
1.1018431
1.049381
1.2891349
1.2895226
1.2208189
1.0369897
1.1629152
1.0483675
1.2860057
1.2865933
1.0406108
1.0995624
1.1904228
1.0379194
1.2456988
1.293098
1.191016
1.1910654
1.1910654
1.2492312
1.2390982
1.2862995
1.1435758
1.1432896
1.2924944
1.1381885
1.1402416
1.2347163
1.2540773
1.2381105
1.1546724
1.1487827
1.2393277
1.1625602
1.2639586
1.238906
1.0738965
1.2253523
1.2440596
1.0944386
1.1148643
1.1675318
1.1941091
1.2292798
1.2973928
1.2526232
1.0474399
1.2525036
1.3804486
1.1958914
1.2848783
1.3138698
1.3887578
1.2533165
1.1904619
1.215143
1.0583669
1.1788312
1.0769172
1.1891489
1.255626
1.2758473
1.1648809
1.2297809
1.1890029
1.0440619
1.2739457
1.3078623
1.2915606
1.2323972
1.3414485
1.222793
1.0995145
1.2495155
1.2406183
1.3073479
1.237777
1.0975989
1.2609087
1.2925699
1.0810645
1.0810645
1.1026924
1.1088986
1.3221021
1.2342668
1.2331853
1.3228354
1.3261136
1.2404723
1.4292754
1.3410442
1.2486823
1.4390372
1.248304
1.3588605
1.248304
1.1720601
1.2539945
1.4083452
1.248304
1.248304
1.248304
1.1618993
1.3280195
1.2061238
1.2491113
1.3410442
1.2261451
1.136697
1.2485056
1.2375118
1.3393606
1.2749916
1.3223983
1.2057292
1.2072114
1.1217889
1.2750692
1.2155329
1.2730687
1.2749916
1.321454
1.3155833
1.2060746
1.21116
1.2458922
1.0695733
1.3217201
1.3348999
1.3484426
1.2067488
1.199373
1.2754129
1.2730973
1.2745796
1.2902431
1.2220969
1.2671199
1.2713788
1.255895
1.2955387
1.2529194
1.1815368
1.2796297
1.163424
1.2710592
1.2949796
1.2874297
1.2865894
1.2864845
1.2865894
1.3749844
1.3740315
1.3804051
1.3664703
1.4666846
1.3872167
1.3432063
1.3475811
1.3708448
1.382826
1.3851265
1.1429772
1.2874297
1.1928592
1.3183372
1.2515173
1.1291779
1.3020722
1.1291779
1.1291779
1.1291779
1.1291779
1.1293379
1.1293379
1.1409208
1.2676381
1.129319
1.1383622
1.2536907
1.2526159
1.2543793
1.1328305
1.1448436
1.3134596
1.3167882
1.2220293
1.3485771
1.3485771
1.254683
1.3876787
1.2255883
1.2254691
1.2182198
1.1720245
1.2179495
1.1680865
1.3526
1.3529546
1.3526
1.225697
1.3496677
1.413267
1.459616
1.4237994
1.4419403
1.34861
1.34861
1.2158552
1.2163309
1.2163309
1.2162119
1.2163277
1.1050231
1.1049869
1.209364
1.1589391
1.1690683
1.1195254
1.1050231
1.193853
1.1567894
1.2078184
1.2098141
1.2067734
1.0979398
1.1856223
1.1976913
1.1074153
1.1723675
1.119241
1.1387689
1.1785989
1.2143142
1.2143142
1.1785989
1.1811391
1.1813437
1.1813437
1.1813809
1.1720762
1.1813437
1.2482063
1.2359537
1.1800091
1.2269092
1.1813296
1.2183079
1.1814181
1.2113944
1.1720762
1.1813437
1.1571144
1.1387689
1.1813251
1.2020158
1.1813437
1.2138535
1.1926433
1.3095855
1.1589888
1.1723675
1.1721612
1.1723675
1.1675502
1.1723675
1.1723675
1.2742954
1.2643625
1.2813569
1.282445
1.2742954
1.2650921
1.2650921
1.2268244
1.2316324
1.2260345
1.2276196
1.3233149
1.2650921
1.2278465
1.1977398
1.2463381
1.2278465
1.2650921
1.2734379
1.1466489
1.282445
1.2093667
1.2278465
1.2846539
1.1715792
1.1945411
1.2278465
1.1297467
1.1814181
1.2742954
1.2240212
1.2531558
1.1947602
1.2651707
1.2278465
1.2278465
1.2650921
1.2206295
1.2278465
1.2648071
1.22931
1.282445
1.2035682
1.2209077
1.2206336
1.1717854
1.2490003
1.2373347
1.1632175
1.2477363
1.2470218
1.2206765
1.220671
1.2169405
1.220671
1.2356466
1.24314
1.2929002
1.218825
1.2181548
1.218825
1.218825
1.270799
1.2589937
1.2624434
1.2186531
1.2728212
1.253546
1.2481049
1.2961447
1.2172137
1.1897628
1.2453357
1.2045599
1.2253482
1.2459276
1.2615027
1.2459276
1.2113601
1.2459276
1.2395713
1.226855
1.2396742
1.2185946
1.2460564
1.2186
1.2185946
1.1915265
1.2288771
1.2339689
1.2190554
1.246462
1.2190554
1.2190554
1.2003701
1.2000592
1.2000792
1.1423386
1.1113944
1.11114
1.2018968
1.2208594
1.2453414
1.2209022
1.2434261
1.2648689
1.2375659
1.1719054
1.1719054
1.1719054
1.242419
1.2579079
1.2445328
1.1262689
1.2166512
1.2646867
1.2464911
1.2655133
1.2277137
1.2656585
1.1736526
1.2828126
1.2192473
1.1297975
1.1750042
1.2227311
1.1780515
1.2510695
1.1758496
1.2482514
1.1780515
1.2157698
1.2703167
1.2482514
1.178273
1.2512176
1.1780515
1.1958514
1.1780515
1.2192473
1.2517138
1.179023
1.2234194
1.2221823
1.2339846
1.1768781
1.1780515
1.1795658
1.2255172
1.1132603
1.1938008
1.2122891
1.2293274
1.2190776
1.1286184
1.0925586
1.1275563
1.2055407
1.1375818
1.1934108
1.1162696
1.2316823
1.186657
1.1912249
1.1647022
1.1254766
1.2579696
1.1999688
1.1342639
1.1259484
1.1353569
1.1328121
1.2350491
1.2240967
1.2245927
1.2395264
1.2605406
1.2239131
1.2042822
1.2654068
1.1461989
1.1461989
1.25764
1.2473133
1.1947263
1.1681274
1.1785195
1.1681274
1.2602849
1.2601289
1.163805
1.1963555
1.211628
1.125991
1.1908067
1.1974329
1.1975205
1.1866596
1.1872566
1.1872566
1.1900703
1.1999791
1.2234427
1.166441
1.1999791
1.2103403
1.2206055
1.1854811
1.2045442
1.182332
1.2102475
1.2462001
1.2396301
1.1591246
1.1591246
1.1658345
1.18225
1.1280646
1.0926936
1.1369348
1.2239348
1.1719897
1.1801105
1.1845326
1.1630763
1.0629711
1.0732987
1.0494059
1.1696919
1.0614215
1.1599447
1.0590407
1.0621104
1.1187819
1.1893753
1.2098272
1.2108362
1.209732
1.2288792
1.1534703
1.2126044
1.2070426
1.0867856
1.202575
1.257692
1.2123872
1.2798806
1.2123761
1.2123705
1.218943
1.2150357
1.2880657
1.2395293
1.2196181
1.2195005
1.2456237
1.2196181
1.2629677
1.2196181
1.2880657
1.249143
1.2182428
1.2196181
1.2603352
1.219639
1.2321324
1.0988369
1.1802838
1.2308451
1.0987703
1.0911226
1.1646233
1.0977437
1.1762102
1.1685829
1.159209
1.161811
1.1625875
1.0997319
1.1412251
1.1784621
1.0946035
1.0879053
1.0854656
1.1114931
1.1118505
1.2091328
1.2111522
1.1910744
1.1856223
1.0874469
1.1856931
1.2115694
1.2635242
1.2591748
1.4168601
1.3546299
1.3372757
1.2591748
1.3330816
1.2170595
1.1784313
1.3041646
1.2600254
1.2800156
1.3839809
1.333288
1.2714058
1.3957472
1.333288
1.4420289
1.4033442
1.3735536
1.2600254
1.3311936
1.3159331
1.2396684
1.1252358
1.2575543
1.258281
1.2531879
1.2459124
1.3947886
1.3678905
1.3952769
1.3834943
1.3259166
1.271046
1.3369356
1.4002063
1.2096239
1.2983115
1.2087927
1.188128
1.2840369
1.2204578
1.2204578
1.2204578
1.1780068
1.1443774
1.3331908
1.3210884
1.3340769
1.3335445
1.2758902
1.2799076
1.3092768
1.0942489
1.3422047
1.3588912
1.2865953
1.2667385
1.3954331
1.3283962
1.1921023
1.3039757
1.1950543
1.192659
1.3895215
1.1307166
1.2140847
1.2428802
1.2830882
1.2994932
1.1753615
1.2418538
1.2442508
1.2418538
1.3064343
1.3578782
1.3318936
1.3330247
1.3433536
1.1817075
1.2418799
1.2433016
1.308064
1.3411714
1.3550277
1.308064
1.298191
1.2428541
1.2739062
1.3555676
1.3084307
1.3060383
1.2418019
1.1522591
1.3060383
1.3060383
1.2386149
1.3531579
1.1950651
1.3619767
1.2419682
1.2176708
1.2398968
1.2346361
1.2701563
1.3088226
1.3718644
1.3007185
1.0968964
1.3078035
1.2616105
1.2450035
1.3936895
1.311351
1.3751103
1.3751103
1.3417265
1.2970262
1.311351
1.3485237
1.3282831
1.3290905
1.3292627
1.2485123
1.336607
1.1919452
1.2862632
1.2890854
1.1715176
1.0479276
1.3411703
1.1793244
1.3097973
1.2553521
1.2065609
1.2064589
1.2555966
1.3036084
1.255112
1.3534725
1.3435575
1.2197242
1.2229891
1.2483009
1.1171005
1.2543619
1.2847462
1.2837532
1.2798487
1.0564039
1.1204274
1.1206087
1.2873895
1.1293592
1.1207411
1.1207411
1.1209275
1.2563306
1.1981671
1.2804147
1.311736
1.1124367
1.1050833
1.0989859
1.2678287
1.3125862
1.0990707
1.30427
1.099452
1.2726269
1.2726269
1.2694412
1.110293
1.2726269
1.3322299
1.110293
1.3032461
1.2134943
1.2687637
1.3372239
1.3374865
1.2132727
1.2016951
1.4773003
1.3372239
1.2132727
1.3372239
1.2123196
1.2022948
1.2171499
1.336994
1.3371981
1.4073251
1.2097033
1.2016839
1.2132391
1.336994
1.4062123
1.2132308
1.3371981
1.3371404
1.2022738
1.2022738
1.1576542
1.3341503
1.2129719
1.331031
1.2273438
1.3282464
1.3362085
1.2253433
1.4056035
1.4056035
1.2109221
1.3009197
1.2104768
1.4426379
1.3356037
1.3311735
1.4428731
1.4171813
1.4798819
1.3483967
1.4842207
1.4194821
1.3483967
1.2123213
1.2219545
1.2219545
1.3478619
1.221947
1.203975
1.2041079
1.2076159
1.2219545
1.3225079
1.2219545
1.2184514
1.3476375
1.417801
1.2123213
1.3483967
1.2125578
1.0991912
1.140959
1.3895693
1.1390784
1.1426173
1.2851306
1.3977289
1.140959
1.3026187
1.365449
1.277692
1.3958923
1.1387446
1.0657777
1.1458588
1.1387336
1.3655314
1.2594333
1.2646102
1.2280684
1.1387336
1.2320466
1.1387336
1.138697
1.3649536
1.3363148
1.3972992
1.2646129
1.3655314
1.3983394
1.3652425
1.3622593
1.260468
1.3658701
1.2522452
1.1387336
1.2594333
1.1387336
1.140902
1.2554116
1.3615289
1.1442887
1.1451118
1.3666277
1.3989359
1.3702297
1.2594333
1.1442887
1.2636193
1.259529
1.2018626
1.1442887
1.1580278
1.1438746
1.0926336
1.2012604
1.2317113
1.2010318
1.3287454
1.2170427
1.2965487
1.2634696
1.4033296
1.3309329
1.2012329
1.4765517
1.2195158
1.4419371
1.4395043
1.2012604
1.2012604
1.4036525
1.422441
1.208501
1.3483481
1.2160718
1.243384
1.2141697
1.2160752
1.4128134
1.2160718
1.2163098
1.2160848
1.3483481
1.2160718
1.3483481
1.3481221
1.3483919
1.2160282
1.2109549
1.2163098
1.4583559
1.349319
1.3483919
1.1343739
1.1136918
1.1164715
1.117202
1.1657821
1.1682678
1.1284313
1.1455992
1.1571995
1.1696079
1.2853122
1.3879097
1.3879097
1.2866232
1.3541304
1.2866232
1.1083502
1.4130998
1.2256526
1.1895089
1.1623933
1.2835244
1.4022359
1.1682678
1.1684037
1.2244391
1.2765126
1.3750393
1.1708728
1.1708637
1.2699231
1.2402174
1.2103505
1.2999583
1.2234359
1.3012143
1.2716297
1.2850839
1.3124781
1.1820315
1.3068507
1.2690547
1.2678334
1.2690547
1.2691256
1.2611529
1.2631992
1.2704154
1.1475984
1.2707982
1.4028399
1.4025472
1.2964561
1.4046601
1.2966655
1.4044293
1.4817797
1.2932923
1.2966655
1.2964561
1.4026623
1.2720197
1.4389384
1.4047616
1.2933302
1.204012
1.4068942
1.2963585
1.2474079
1.1869477
1.2948445
1.2964036
1.3904938
1.3356128
1.1697174
1.368468
1.2836752
1.1561947
1.4861103
1.4068394
1.2964036
1.2964036
1.2382392
1.2671864
1.268209
1.0665089
1.1539408
1.2871102
1.2583003
1.2630589
1.1593633
1.1539408
1.1593633
1.2472775
1.2472775
1.3333231
1.3482826
1.3488932
1.3600273
1.2873474
1.1028739
1.3474834
1.3336524
1.154176
1.1403798
1.3402332
1.3394895
1.3508723
1.2679458
1.0653058
1.0998201
1.1752527
1.126493
1.3380984
1.1990656
1.0901796
1.1968496
1.1958289
1.1683125
1.2963037
1.1958289
1.1958289
1.4001048
1.3816082
1.1958162
1.3355364
1.3511362
1.3476857
1.3305922
1.4053224
1.2801206
1.1949724
1.3481917
1.2380058
1.3481917
1.3535202
1.3648727
1.2407951
1.5079833
1.3653994
1.2413468
1.3237438
1.2405988
1.3038491
1.2468567
1.2386554
1.1676087
1.2300949
1.3508985
1.218268
1.2147145
1.2150016
1.4812989
1.2321986
1.4906776
1.4979185
1.4998894
1.4771475
1.2482744
1.4333929
1.2171003
1.2154477
1.3601664
1.4327806
1.4334021
1.2300802
1.2321109
1.3570479
1.2321986
1.2321088
1.4927601
1.4989803
1.2321986
1.3784193
1.1566484
1.2484945
1.1722056
1.2321986
1.244134
1.4738346
1.4334115
1.2546418
1.2095522
1.2184567
1.2148279
1.2030231
1.3579613
1.217833
1.2189491
1.2218784
1.3523957
1.224612
1.2020663
1.2250881
1.2189586
1.0727276
1.225368
1.3523848
1.2253158
1.2189586
1.3130335
1.2264217
1.352047
1.3523848
1.3529223
1.0740339
1.2857327
1.2404038
1.2783281
1.2867254
1.1573217
1.1657642
1.2685807
1.4134264
1.3874289
1.2854313
1.4144287
1.1696457
1.1696371
1.2862289
1.1691073
1.3785449
1.1719003
1.2862289
1.3874387
1.1516705
1.1719003
1.1593441
1.2884746
1.3226365
1.3226365
1.3226365
1.4067264
1.4358467
1.3400638
1.4363083
1.2879658
1.4248003
1.4237146
1.3226365
1.3226365
1.2169515
1.1473187
1.1532322
1.1532322
1.1546752
1.2809604
1.1546752
1.2835208
1.394231
1.1546752
1.1546752
1.2835208
1.0464208
1.4134641
1.1546752
1.4184649
1.1542131
1.2768774
1.1546752
1.4182423
1.4134423
1.2809974
1.046706
1.3449357
1.1532983
1.1546752
1.1546752
1.1601248
1.4184018
1.2695916
1.1546752
1.2786441
1.269643
1.3277737
1.4509002
1.3997318
1.2782847
1.2612084
1.5143112
1.4000201
1.4685358
1.4889245
1.2698598
1.269643
1.3509722
1.3869851
1.4595025
1.269643
1.3748457
1.3911474
1.3911474
1.268988
1.2690965
1.5188155
1.4445938
1.269643
1.502555
1.1712263
1.2731225
1.2731225
1.2731225
1.4995544
1.242591
1.26884
1.2731225
1.3952824
1.2731566
1.3952824
1.4996487
1.4642266
1.2719773
1.2731225
1.2817553
1.3947644
1.4636676
1.5000854
1.2661839
1.2186205
1.2721744
1.2709454
1.2726865
1.2817553
1.5207888
1.281627
1.4041488
1.4729921
1.3553777
1.2817553
1.4035233
1.3711964
1.40389
1.2494961
1.4724339
1.4701866
1.5274764
1.4041488
1.4376462
1.5122695
1.2818447
1.2818447
1.2680794
1.4938903
1.2351724
1.2680794
1.2651942
1.239193
1.2415317
1.4550157
1.3873771
1.2818447
1.2613195
1.5182651
1.2680794
1.4549081
1.4904537
1.2505225
1.2643837
1.3682958
1.3833317
1.3827552
1.4503807
1.4957933
1.2354553
1.2960055
1.277079
1.2204902
1.321002
1.2822034
1.3210484
1.3066773
1.3210484
1.2074454
1.3839628
1.2968307
1.2812387
1.3544819
1.4752147
1.294174
1.4907749
1.3073397
1.4938589
1.3077091
1.3018687
1.3045582
1.1875917
1.2259085
1.2676289
1.2096916
1.1656848
1.3018687
1.1803068
1.1973118
1.198231
1.1983048
1.169451
1.1945148
1.2131125
1.2464174
1.2131125
1.2095112
1.2122883
1.2122047
1.2122047
1.2094679
1.2091222
1.2203693
1.2398622
1.1667166
1.2298644
1.1716299
1.2529503
1.2291616
1.2296714
1.2128171
1.1821842
1.2160248
1.2159413
1.1873851
1.2800716
1.2094328
1.2109116
1.217961
1.2131176
1.244734
1.2910608
1.2131176
1.2128171
1.265626
1.2128171
1.1836836
1.2464442
1.2125648
1.1963158
1.2131176
1.2131176
1.2131176
1.1008458
1.1975926
1.2208422
1.2131176
1.2928858
1.2131176
1.2464442
1.2206613
1.2131176
1.2131176
1.2398987
1.2056363
1.212086
1.2812847
1.1590042
1.1836836
1.2131176
1.212783
1.2123315
1.2204804
1.2131176
1.2131176
1.2685409
1.2602438
1.2207543
1.2095265
1.1634924
1.213115
1.3099229
1.2464442
1.2096514
1.2464442
1.2611791
1.1784872
1.233678
1.1538463
1.2151122
1.2640544
1.2131176
1.216889
1.2464442
1.2208422
1.2131176
1.2131176
1.2685409
1.1613684
1.166473
1.1676223
1.1947263
1.1555605
1.2208422
1.2131176
1.2252711
1.2650921
1.2714058
1.2242277
1.1947055
1.3077091
1.2632293
1.2450633
1.1423571
1.2779951
1.2828356
1.2476847
1.2172192
1.2886878
1.2450633
1.3330644
1.3460448
1.2647135
1.4945625
1.3740321
1.2915453
1.4050553
1.2923471
1.4004567
1.3455569
1.4481765
1.4172735
1.223195
1.201855
1.2083147
1.3190039
1.4279745
1.195672
1.4036821
1.2034135
1.2034135
1.1587123
1.3560488
1.2909628
1.2766792
1.1860454
1.3666506
1.270685
1.1826457
1.2461001
1.2684518
1.1820285
1.2461001
1.1540657
1.2349927
1.3229295
1.0973215
1.2394662
1.2377344
1.2549021
1.3340752
1.0973215
1.3427192
1.2975851
1.3265392
1.1080034
1.3347583
1.2268015
1.102659
1.1028539
1.2112942
1.2975265
1.2986686
1.0733255
1.2867897
1.0938239
1.0946536
1.1196873
1.2798525
1.3027565
1.1196873
1.1196873
1.105101
1.1031368
1.1043143
1.2798525
1.2666274
1.2848058
1.3114208
1.3114198
1.3287268
1.2165215
1.3988144
1.3605834
1.368078
1.3579822
1.2161686
1.3461713
1.103529
1.3287268
1.3463614
1.2165215
1.3285635
1.3458484
1.2222534
1.4164084
1.3485888
1.3463614
1.3713208
1.3461713
1.370144
1.3815694
1.2222534
1.2222534
1.352453
1.3456181
1.3461713
1.4013442
1.3382587
1.3461713
1.127667
1.2694341
1.3523204
1.3523204
1.2721263
1.4312811
1.2727578
1.3518326
1.272848
1.1206796
1.0994987
1.272848
1.2593294
1.272848
1.4447334
1.3523204
1.3523144
1.3208406
1.3775772
1.4023759
1.2742954
1.2236699
1.3753512
1.4354376
1.2236699
1.3724278
1.2233152
1.3234389
1.282445
1.3127456
1.2224181
1.337564
1.2172279
1.1055813
1.2200781
1.355808
1.2229611
1.2201385
1.3467249
1.2117941
1.3472787
1.3240926
1.2229383
1.3472787
1.3103043
1.4069759
1.2229611
1.2222373
1.2220469
1.3428572
1.3787271
1.376506
1.2734379
1.2236471
1.3483902
1.3472787
1.3483872
1.2208422
1.3670732
1.3470324
1.3483872
1.4134551
1.2229611
1.2229611
1.2171621
1.3470017
1.2116222
1.3448721
1.222784
1.1284978
1.2149329
1.222784
1.3815345
1.3470017
1.222784
1.2730287
1.3807873
1.4455571
1.330531
1.3723654
1.4230837
1.3472787
1.3472787
1.423342
1.2735711
1.4054799
1.2229611
1.219899
1.3723654
1.221459
1.4137038
1.3825227
1.3472787
1.4411105
1.3473071
1.4135795
1.3450652
1.2225989
1.423342
1.4137038
1.4344028
1.2229611
1.3472787
1.3124789
1.2215155
1.1666881
1.1666881
1.1666881
1.329715
1.4202489
1.1666881
1.1666881
1.12814
1.3825227
1.1676431
1.1662472
1.2166532
1.327682
1.1661546
1.1661546
1.3602259
1.3131543
1.3840612
1.1661546
1.155262
1.3798398
1.4029734
1.4052832
1.1661546
1.1661546
1.1666178
1.1662582
1.4026221
1.4181918
1.166525
1.3090063
1.2731421
1.28324
1.4199964
1.4199964
1.4198335
1.2727805
1.3687416
1.4026221
1.2670385
1.4204291
1.1979368
1.1596539
1.436557
1.4613179
1.3757944
1.4545503
1.2638539
1.2194359
1.2229394
1.401714
1.3480695
1.4202437
1.3480695
1.3474324
1.3658593
1.46026
1.2244207
1.2240062
1.2104772
1.2243979
1.2253307
1.4942558
1.4226365
1.457721
1.314871
1.3513217
1.2231178
1.2226644
1.4771615
1.2204334
1.2756737
1.3810266
1.225213
1.4225061
1.4185601
1.2337232
1.1897568
1.2005026
1.2066191
1.2066191
1.2102573
1.1962225
1.2072011
1.2682127
1.2404163
1.1700671
1.1602334
1.1349602
1.2498386
1.2727973
1.0437529
1.2750626
1.2750626
1.0713462
1.241566
1.0735649
1.2729357
1.0735699
1.0822129
1.2467285
1.3038481
1.1173805
1.1773562
1.0953639
1.2295448
1.2447505
1.2487825
1.0871807
1.206553
1.2712749
1.23731
1.2712749
1.0988058
1.2780751
1.2508407
1.3058889
1.2928313
1.1887001
1.3104289
1.2906543
1.0680153
1.067997
1.2186228
1.1785054
1.250242
1.0679635
1.272346
1.301171
1.2429907
1.1712681
1.0896256
1.0829371
1.31183
1.3117895
1.339136
1.0904889
1.3078791
1.3068423
1.0919303
1.2720025
1.315757
1.3197361
1.3079472
1.0692899
1.1189973
1.0692006
1.0728923
1.3041321
1.3189243
1.0857658
1.336684
1.3267825
1.0955727
1.0916207
1.092736
1.3091916
1.216083
1.2561063
1.2658197
0.7295126
1.359403
1.2274158
1.2672365
1.3592309
1.1606299
1.2831671
1.3142174
1.1570817
1.1202508
1.1605453
1.1606299
1.2259505
1.3442855
1.3141167
1.1606299
1.1617849
1.3598824
1.1355377
1.346381
1.1515493
1.3226556
1.3601643
1.1439644
1.3285929
1.3601941
1.1669933
1.3375376
1.3521372
1.29024
1.3175825
1.1618034
1.2532871
1.1205449
1.1618034
1.3355235
1.3454185
1.3454185
1.3681853
1.1727887
1.3301731
1.1617188
1.1611422
1.1529727
1.1606482
1.1727887
1.1616378
1.1852483
1.2468672
1.2560518
1.2279876
1.3277867
1.2535346
1.263738
1.3774269
1.3771757
1.393085
1.3277867
1.3138983
1.2505658
1.2535346
1.2533243
1.3882753
1.2503941
1.2949218
1.1435336
1.1966331
1.0594596
1.2336105
1.2155625
1.2876925
1.135993
1.1019664
1.2051708
1.2952789
1.057517
1.1387659
1.0603584
1.1033615
1.0784873
1.0725182
1.0394559
1.0668869
1.06457
1.0896244
1.0743756
1.1033615
1.084097
1.0815896
1.063132
1.0892626
1.0688204
1.0857276
1.0616261
1.1046265
1.129074
1.0975833
1.0631189
1.0631189
1.11827
1.1416626
1.0985996
1.1049539
1.1074736
1.068116
1.1155102
1.0249456
1.0580093
1.0560236
1.0229985
1.1345242
1.0230273
1.0229473
1.0235077
1.1233637
1.0666142
1.0254217
1.1210318
1.1210318
1.0230273
1.0817
1.0793134
1.0230273
1.0418446
1.0202798
1.0418446
1.0428151
1.0432359
1.0799451
1.1229804
1.0889064
1.0418446
1.0853007
1.0889064
1.0889064
1.133248
1.1238524
1.0881308
1.1531787
1.1897973
1.1672581
1.1666566
1.1240919
1.1258111
1.1325871
1.1457521
1.0865406
1.0968614
1.138793
1.0865406
1.0446246
1.0937223
1.0225481
1.0399592
1.0408719
1.0398697
1.0446478
1.091481
1.0446478
1.0865406
1.0958709
1.1502937
1.138793
1.0475931
1.0966434
1.0558646
1.1118717
1.1128826
1.1128826
1.1128826
1.0966434
1.0557777
1.0761938
1.0718323
1.0556701
1.0966434
1.0554601
1.0594107
1.0734506
1.0395677
1.0608407
1.049381
1.0899502
1.1073637
1.0480216
1.0819497
1.0320257
1.1008104
1.2231557
1.116568
1.1040084
1.0502905
1.1182508
1.1600071
1.1329411
1.1039848
1.0967127
1.1005932
1.1261588
1.1642926
1.1731373
1.2106377
1.1275275
1.1684141
1.0955813
1.1733394
1.1919079
1.2151339
1.151637
1.1094229
1.2065152
1.1932544
1.166975
1.1929647
1.1794499
1.264549
1.2927744
1.2624483
1.205267
1.2347549
1.2150667
1.2150667
1.2165916
1.2071723
1.2395304
1.2149794
1.2094289
1.2105362
1.202698
1.2616808
1.1328565
1.1534714
1.1620002
1.2143686
1.2127914
1.2411776
1.2089758
1.1807969
1.2150667
1.2071723
1.301346
1.2620128
1.1516442
1.2150667
1.2377981
1.2122453
1.1619732
1.1017991
1.1514302
1.1497856
1.2272292
1.2326605
1.090717
1.1514302
1.1514302
1.1719842
1.1728303
1.1514302
1.1729074
1.1623138
1.1294074
1.2301975
1.1808865
1.2388744
1.1519239
1.1757529
1.1807296
1.1587883
1.1807296
1.2528589
1.1895437
1.1519239
1.1722147
1.1895437
1.1863939
1.1895437
1.2414726
1.1519239
1.1482645
1.1658962
1.1324545
1.1510717
1.1518599
1.1519078
1.151458
1.1519239
1.1635028
1.1768125
1.207027
1.1656445
1.1367081
1.1673815
1.1656445
1.0812011
1.177067
1.0214912
1.1768125
1.1123769
1.1119659
1.2178111
1.1123769
1.1117431
1.1123668
1.1472148
1.1120497
1.1123668
1.1510717
1.105682
1.1123668
1.1246225
1.1092094
1.1123668
1.1519198
1.2066557
1.1123668
1.0214912
1.1587232
1.1123668
1.1656688
1.1765467
1.1764522
1.1857433
1.0931561
1.1787487
1.1719519
1.1318706
1.1648716
1.1648716
1.1990398
1.1853403
1.1656617
1.2085973
1.16572
1.1654353
1.1656617
1.1729145
1.1589091
1.118112
1.1726934
1.2085836
1.2010057
1.1140046
1.19057
1.0752114
1.2060516
1.1130996
1.1093936
1.1519198
1.1779667
1.1954632
1.2778217
1.2664939
1.1798663
1.1798663
1.1797615
1.290806
1.0759286
1.1195694
1.1657126
1.1957108
1.1920698
1.2202628
1.188193
1.1404148
1.190283
1.1923491
1.2202806
1.2290156
1.1923491
1.2450285
1.1923491
1.1923491
1.243416
1.1794522
1.220103
1.2460995
1.1923491
1.091358
1.2202628
1.2202628
1.2460995
1.1889362
1.1923491
1.2202628
1.1923491
1.2030027
1.1888299
1.2168121
1.1889362
1.215917
1.1887953
1.215917
1.1889362
1.243416
1.1889362
1.2260634
1.2246289
1.2516685
1.2164891
1.1920698
1.2206751
1.2892038
1.1845205
1.0901958
1.3147697
1.1922839
1.2181183
1.1920698
1.1615683
1.1539797
1.2111783
1.182766
1.0893027
1.1817962
1.2162248
1.1795443
1.2159392
1.205808
1.2209859
1.2531883
1.2233326
1.2201604
1.2543532
1.2488053
1.2750901
1.2750901
1.1750326
1.2386868
1.4818631
1.3119246
1.3220575
1.5340263
1.319572
1.3143853
1.3860381
1.4918566
1.2645221
1.2696886
1.2696886
1.2696886
1.2650968
1.2698548
1.2696886
1.2697302
1.3662636
1.3699932
1.5004586
1.3704362
1.2696886
1.2695448
1.3699932
1.4925061
1.4943472
1.4988967
1.4943472
1.3686764
1.490839
1.3704362
1.4997437
1.3479584
1.4799503
1.3566432
1.4799503
1.3462932
1.4421624
1.1294402
1.4250236
1.2757518
1.4870542
1.4799503
1.4799503
1.5224801
1.3566432
1.3566432
1.3309839
1.4179493
1.3566432
1.2600068
1.4985869
1.2814947
1.3421783
1.336285
1.3361758
1.3340522
1.2644742
1.4753647
1.3419887
1.184969
1.3297768
1.419594
1.5037825
1.4291308
1.2115633
1.2291181
1.2290053
1.2166722
1.2285575
1.1737975
1.1241297
1.0680877
1.1241083
1.1248686
1.1740024
1.1218351
1.174952
1.2008584
1.1467707
1.1635998
1.1740024
1.1917939
1.2213033
1.188395
1.1925998
1.1505238
1.1505389
1.2171583
1.2251009
1.2027433
1.2027433
1.1544707
1.1544707
1.1111848
1.2200699
1.2027433
1.227884
1.1532243
1.1544707
1.1544707
1.1544707
1.2004254
1.2159582
1.1475768
1.2029421
1.1525849
1.102876
1.153642
1.2029421
1.2556014
1.2159582
1.2917243
1.2566977
1.273704
1.2562444
1.1606908
1.3003373
1.217823
1.2180368
1.2675877
1.322882
1.2171232
1.2171232
1.2180564
1.2295231
1.231443
1.232997
1.2179319
1.2223684
1.2833266
1.3089814
1.2566977
1.1888611
1.2351735
1.2351735
1.2570269
1.2814744
1.2183994
1.1481814
1.2343951
1.2185236
1.2235795
1.2208968
1.1721114
1.2182999
1.2076148
1.2201239
1.1721114
1.1721114
1.2182999
1.1692859
1.1986042
1.1680486
1.2032768
1.2110796
1.0939202
1.1093792
1.117225
1.1548747
1.117319
1.1680486
1.1167506
1.1953796
1.1312175
1.2095366
1.117319
1.117319
1.1680486
1.1573951
1.2185159
1.1675347
1.1172385
1.1172922
1.1166388
1.1680329
1.0718021
1.2095224
1.1172653
1.1675347
1.2095224
1.1158001
1.1680329
1.1083726
1.1548585
1.1680329
1.216023
1.1173011
1.423389
1.2278303
1.3516856
1.35969
1.2230927
1.2240076
1.204064
1.2240076
1.4781642
1.4210689
1.2240076
1.4383577
1.2240076
1.1953648
1.4806072
1.3516489
1.2237787
1.4612067
1.3473783
1.2240076
1.4222282
1.2231627
1.2240076
1.2235636
1.1169254
1.4953625
1.22355
1.317281
1.3516856
1.4204862
1.3511461
1.2235795
1.1139224
1.3484565
1.1169254
1.362963
1.4221523
1.2751927
1.3094723
1.2278465
1.4864743
1.3616399
1.3371114
1.5784024
1.4867362
1.5003351
1.4208958
1.3616399
1.5342005
1.3616399
1.3599759
1.2212666
1.2818884
1.3563764
1.4988394
1.3546321
1.3616937
1.3616399
1.4978415
1.4576354
1.532312
1.5101087
1.3632971
1.3581258
1.486998
1.2987069
1.2553824
1.2716318
1.3935039
1.4351549
1.2716318
1.3933878
1.2544837
1.31116
1.4484996
1.3730791
1.2635885
1.2544837
1.2544837
1.2381212
1.497731
1.4926035
1.2544837
1.2544837
1.2544837
1.2477678
1.3453108
1.4402411
1.196238
1.3737193
1.3375244
1.4315591
1.2008624
1.1033084
1.076744
1.3221439
1.3229034
1.3550322
1.2477335
1.2066752
1.2289808
1.2096281
1.2330016
1.2338488
1.2329834
1.2273114
1.2425463
1.2337134
1.3533247
1.3531028
1.248343
1.3533247
1.4698048
1.4296094
1.1990497
1.3655934
1.2721493
1.3132968
1.4698678
1.3732208
1.4847907
1.3226783
1.4415524
1.379494
1.3227032
1.4415524
1.3226783
1.3912733
1.4714853
1.3226783
1.3226783
1.4692788
1.4868468
1.5309633
1.4363493
1.3938485
1.507788
1.4689445
1.3219082
1.4160788
1.2607313
1.3516765
1.2607313
1.2606285
1.3955082
1.2607313
1.2354347
1.351695
1.422635
1.2606285
1.2608345
1.351549
1.2734807
1.351695
1.2600113
1.2738663
1.331769
1.4144869
1.2606285
1.2608345
1.3717967
1.2608345
1.3955746
1.4349681
1.2123315
1.422635
1.4092804
1.351695
1.3914218
1.394619
1.3511308
1.2305188
1.2608345
1.2608345
1.2592924
1.2608345
1.3516536
1.3955746
1.3914675
1.2608345
1.4541892
1.351695
1.2604226
1.2608345
1.422635
1.351549
1.3497488
1.3494836
1.2600113
1.2608345
1.2608345
1.351695
1.351695
1.3634586
1.2608345
1.3544601
1.3506184
1.2608087
1.4215524
1.3514252
1.2123315
1.351695
1.3496646
1.2600121
1.1721466
1.2606546
1.3387915
1.2173867
1.3448721
1.3523204
1.2608345
1.2439271
1.1222044
1.3369614
1.2726269
1.2883039
1.2209077
1.3324968
1.113038
1.3151356
1.2209077
1.3290482
1.1120567
1.3320959
1.1207101
1.2640288
1.095936
1.0953145
1.095936
1.095936
1.2723931
1.3237801
1.3237066
1.3063331
1.3024578
1.3479171
1.4243757
1.3007191
1.3020226
1.3017945
1.4222467
1.4243757
1.2499106
1.2498838
1.1958985
1.2752551
1.2886926
1.3024578
1.4995614
1.2131176
1.2014494
1.4897166
1.493199
1.3024578
1.466886
1.5013947
1.5482571
1.3024578
1.4240416
1.3024578
1.423342
1.4281503
1.4278705
1.3024578
1.4243757
1.4243757
1.4138526
1.3607953
1.349989
1.4896338
1.3486397
1.3024578
1.3024578
1.4648505
1.2209077
1.4806627
1.284608
1.2407815
1.3933635
1.2895538
1.2895538
1.4109668
1.5002401
1.1992317
1.3105732
1.3107901
1.4705822
1.2296736
1.237497
1.3832985
1.2301817
1.2485831
1.4181231
1.3826311
1.4270953
1.3427099
1.3792205
1.4271644
1.2222124
1.2196134
1.2317497
1.2318547
1.1418135
1.1073414
1.1615683
1.2211623
1.1118461
1.264685
1.300559
1.1363491
1.2491103
1.3530474
1.3415123
1.3762285
1.324725
1.2696493
1.2230016
1.1688524
1.2002691
1.3938068
1.4082174
1.2824285
1.3061298
1.3050698
1.2646856
1.3931428
1.467357
1.2312267
1.3826416
1.2548535
1.1628622
1.3194085
1.3532963
1.1028395
1.22742
1.2418562
1.3293917
1.314507
1.3361186
1.3396645
1.423282
1.2487652
1.339188
1.4252996
1.2277379
1.339188
1.2277379
1.2281325
1.437076
1.1179166
1.339188
1.2277379
1.1550441
1.3350006
1.1347698
1.3211279
1.3392061
1.2186378
1.2772608
1.339188
1.4365382
1.2277012
1.2277379
1.2277379
1.3396645
1.2276393
1.3368852
1.2277379
1.2277379
1.2208592
1.2152812
1.339188
1.3353878
1.4333059
1.339188
1.4039052
1.4194939
1.4027773
1.2808416
1.491559
1.2808416
1.4027247
1.5165079
1.2222016
1.2180564
1.2485524
1.5011561
1.2785168
1.2740382
1.4004966
1.472713
1.2785168
1.277804
1.4645047
1.2355149
1.2528316
1.3696284
1.4353533
1.2528316
1.2800648
1.2520957
1.3738747
1.2800648
1.2800648
1.2701352
1.3851954
1.401587
1.2784632
1.401587
1.3568456
1.2645849
1.1808599
1.3450795
1.371283
1.3691314
1.1786429
1.1786429
1.1786429
1.1452177
1.1786429
1.3008839
1.3140807
1.3291903
1.1666782
1.1695032
1.1695032
1.129012
1.1695032
1.1717218
1.3291903
1.3614771
1.3253821
1.1695032
1.1695032
1.1694338
1.1015481
1.1474762
1.1695032
1.1683801
1.3291903
1.1683801
1.3434899
1.3590745
1.3613952
1.1683801
1.1694858
1.3843974
1.1683801
1.1255792
1.1679116
1.1784662
1.1786429
1.1772313
1.175513
1.1789966
1.136014
1.3379866
1.0941626
1.2623264
1.346572
1.3379866
1.3304052
1.3522902
1.3379866
1.1786429
1.3069024
1.1779364
1.1584228
1.2655289
1.2876384
1.0731158
1.2338026
1.2660518
1.2931576
1.2960291
1.3068172
1.1372035
1.1285483
1.1285483
1.1273422
1.2960291
1.1284728
1.1285483
1.272237
1.2900406
1.2671144
1.1261389
1.1285483
1.1579695
1.1658266
1.2540616
1.1110611
1.2654996
1.1235039
1.3353431
1.0923443
1.1233301
1.315341
1.3373716
1.1019043
1.2408948
1.1235039
1.3113573
1.3174869
1.1103531
1.1107069
1.240379
1.311402
1.1182392
1.1401329
1.2680943
1.2700118
1.1092556
1.3009037
1.1074667
1.1951844
1.1071036
1.108834
1.2748808
1.108834
1.108834
1.2818284
1.0517802
1.2518607
1.0517802
1.2675442
1.0431093
1.2356502
1.2676015
1.2682495
1.2682115
1.2382718
1.2396986
1.267203
1.0320252
1.2608485
1.2376323
1.2708032
1.1247749
1.0907825
1.0392188
1.2706242
1.2661849
1.040689
1.3382398
1.324916
1.3147757
1.090646
1.3331221
1.2059206
1.3357624
1.1029346
1.2697002
1.1029346
1.3336302
1.1029346
1.2697002
1.2699771
1.1032763
1.2392459
1.0582938
1.1010476
1.1034629
1.1122664
1.1094322
1.0977176
1.3034093
1.1980212
1.1062024
1.2433268
1.098529
1.3164082
1.2576551
1.0984776
1.2586133
1.1053209
1.0888423
1.0879405
1.0887927
1.0905658
1.1074097
1.0847249
1.2911885
1.2986561
1.0877064
1.0869883
1.2104194
1.1832951
1.1992351
1.1213658
1.1704525
1.1793897
1.2314675
1.3837758
1.1591879
1.3476421
1.1624187
1.3163133
1.1733526
1.2965866
1.1619092
1.1906756
1.1433519
1.1749005
1.1890751
1.1021649
1.1697495
1.0334095
1.0831101
1.0995307
1.0776094
1.0774297
1.1643032
1.169678
1.1692532
1.2197595
1.1494108
1.1536045
1.1916777
1.1916777
1.1825726
1.2342521
1.2603104
1.2688137
1.3901626
1.2729087
1.394253
1.4628508
1.2178855
1.3945267
1.3945267
1.3705192
1.2178855
1.348945
1.4359533
1.4908953
1.4248649
1.3526862
1.3870623
1.4754018
1.4924752
1.4752917
1.3849983
1.4746534
1.4523174
1.4248867
1.4306349
1.3255847
1.4106314
1.3923417
1.3487391
1.3138138
1.2542634
1.3484393
1.3909779
1.3445886
1.3224174
1.3442814
1.2081392
1.3095388
1.3042712
1.2257344
1.3036405
1.4055731
1.3287063
1.296667
1.313822
1.1206454
1.3268671
1.4160497
1.2322253
1.4241078
1.2400179
1.3108277
1.2302493
1.4752553
1.4602262
1.3376721
1.4695303
1.3157818
1.3083806
1.3327067
1.3122648
1.0827066
1.3254262
1.4041259
1.4051844
1.2254195
1.2254195
1.2340504
1.2285872
1.3390746
1.2252162
1.2231883
1.2254195
1.3236771
1.3401039
1.174538
1.0629332
1.34002
1.2248998
1.2394143
1.34002
1.3416884
1.442336
1.4780208
1.4733543
1.379353
1.4825665
1.3665023
1.3438288
1.3438288
1.4791553
1.3436657
1.3438288
1.3498762
1.175232
1.2725155
1.3442266
1.2638596
1.2012743
1.2254488
1.2292905
1.2298418
1.1883028
1.2292905
1.2296036
1.1950411
1.1299057
1.1833309
1.129848
1.1889356
1.174331
1.1803321
1.1800327
1.1286559
1.216571
1.2287785
1.1286559
1.2476183
1.2287785
1.1937022
1.1276813
1.2639524
1.2454165
1.1086903
1.2012388
1.1943148
1.203933
1.066942
1.1522678
1.0947977
1.1630684
1.1602837
1.1952741
1.1759351
1.1968321
1.0534567
1.1985102
1.1230083
1.1774423
1.2003137
1.098051
1.1417845
1.2007364
1.098051
1.1695008
1.098051
1.1488441
1.150496
1.14843
1.122585
1.1755855
1.098051
1.1731868
1.0970346
1.0981442
1.1759351
1.1830279
1.1007375
1.1407319
1.0598826
1.1766844
1.1914821
1.1938756
1.1729524
1.1897832
1.0601507
1.2012434
1.097638
1.2014639
1.2411865
1.182274
1.199179
1.2119105
1.1673796
1.2133603
1.2013975
1.1483704
1.0650473
1.1620253
1.1503054
1.145907
1.2120312
1.2017722
1.2017722
1.1999342
1.235936
1.2775414
1.181739
1.2878431
1.2017722
1.2006053
1.2033368
1.2090681
1.2024459
1.1469293
1.2068552
1.2129891
1.245436
1.1660892
1.1635092
1.1805856
1.1582577
1.1282383
1.1609657
1.1486243
1.1316167
1.1486046
1.1589025
1.0697234
1.1485891
1.1927471
1.1779541
1.1905025
1.0555725
1.0697234
1.1615095
1.1638851
1.1564642
1.1124854
1.1124854
1.1609907
1.1464118
1.1459202
1.1995757
1.1635194
1.2084898
1.2083796
1.2047426
1.1905025
1.0669675
1.2493631
1.2047426
1.2035391
1.2047426
1.2141587
1.2963307
1.2947383
1.4065522
1.4220338
1.4564557
1.420864
1.4565594
1.4111596
1.4741971
1.4018892
1.4079297
1.3155144
1.420864
1.2955338
1.4920833
1.505989
1.2088901
1.2955338
1.4060122
1.2955338
1.2955338
1.2129891
1.2955338
1.4544969
1.420864
1.2955338
1.2951359
1.4079297
1.4079297
1.2817008
1.2132643
1.4060122
1.2039481
1.4241363
1.2041095
1.1931887
1.4196955
1.2963307
1.3497488
1.286556
1.2511519
1.1643382
1.403471
1.2840935
1.1643513
1.2746779
1.4080769
1.2744461
1.4072213
1.3948722
1.1580513
1.1517844
1.2665995
1.1647813
1.0701734
1.0701734
1.1518085
1.151578
1.1510769
1.2437423
1.2400458
1.249972
1.2442414
1.0652803
1.2427808
1.0701734
1.0421317
1.117236
1.2647666
1.0527785
1.2529634
1.2343302
1.2725227
1.261656
1.264337
1.2743235
1.2725227
1.0701734
1.0714903
1.275173
1.2725227
1.2736744
1.0649135
1.2647666
1.0701413
1.0452596
1.0701734
1.1255858
1.2180967
1.2164962
1.067984
1.0474167
1.084542
1.0749357
1.0749357
1.0879921
1.0749357
1.0801988
1.0943334
1.0879946
1.0992937
1.0504009
1.0879946
1.0993744
1.0879946
1.0751511
1.0444759
1.0877717
1.0624104
1.0268762
1.0428652
1.0442907
1.0710714
1.0914874
1.1850172
1.1569644
1.1009686
1.1438625
1.1009686
1.1188939
1.094369
1.1013187
1.1013187
1.1196653
1.1285245
1.1215309
1.129557
1.0672688
1.1428448
1.1353272
1.1934487
1.1969693
1.2099584
1.066293
1.1618025
1.2033812
1.1629213
1.1596061
1.1596061
1.2141767
1.159275
1.1622252
1.2099097
1.1492656
1.1625893
1.2032146
1.1300563
1.1884855
1.1931034
1.1774276
1.090435
1.1547846
1.1217307
1.1625304
1.0957934
1.077038
1.0860234
1.1960037
1.1986552
1.0849638
1.1816016
1.178098
1.1470518
1.1589549
1.1816016
1.1276058
1.1816016
1.1815186
1.1960037
1.1937703
1.0849638
1.0700043
1.179073
1.1468691
1.1960037
1.1463987
1.1816016
1.1816016
1.1948695
1.150589
1.1455832
1.150589
1.2011335
1.150589
1.151228
1.215835
1.2579668
1.2215528
1.1513872
1.215835
1.1526774
1.2460908
1.1850013
1.2213216
1.2274783
1.2064782
1.181924
1.2052106
1.141245
1.2196186
1.2049097
1.2030472
1.2259935
1.2361078
1.1367937
1.1829585
1.1313937
1.1780238
1.2496246
1.1313937
1.1305277
1.210219
1.1620423
1.2247438
1.1620423
1.2253504
1.2145368
1.1512971
1.168215
1.1401017
1.2248628
1.1512971
1.1512971
1.1512971
1.2011136
1.1512083
1.1292185
1.1989595
1.2099142
1.1512971
1.2139081
1.1512971
1.1512971
1.1512971
1.1993552
1.1512971
1.2216681
1.1512971
1.1734565
1.194627
1.1509422
1.1992562
1.1512083
1.197526
1.1877599
1.2017366
1.1541318
1.1496856
1.2003332
1.2025329
1.1653742
1.2100635
1.1534326
1.1541471
1.2317647
1.1541471
1.1541471
1.2202544
1.1709716
1.151328
1.216831
1.2158962
1.2136916
1.1696258
1.1689198
1.2112033
1.2434908
1.2166828
1.2411735
1.2152672
1.1673179
1.1617703
1.2219092
1.1545882
1.1573353
1.1876487
1.157163
1.226903
1.196212
1.1572663
1.1573008
1.1746262
1.1663537
1.1664449
1.2240618
1.1576118
1.2080235
1.154865
1.1880792
1.1161212
1.2043453
1.1576118
1.1576118
1.1430063
1.2063168
1.2057878
1.1740957
1.115998
1.1736985
1.1155144
1.1792294
1.1790473
1.1451949
1.2010854
1.2043453
1.1576118
1.153113
1.1993117
1.180139
1.1007977
1.153357
1.2006817
1.2029096
1.0905062
1.153357
1.1037256
1.205882
1.180139
1.0944338
1.1091648
1.1581812
1.1581812
1.1075922
1.1075922
1.1062754
1.198058
1.106919
1.154818
1.1818234
1.1491796
1.2562444
1.2341976
1.201525
1.1704178
1.2169578
1.2040519
1.2068639
1.2015821
1.2095183
1.2859746
1.1360953
1.2118979
1.2136711
1.199729
1.2433846
1.1942003
1.2561992
1.2359537
1.2015821
1.2341976
1.1446097
1.1448134
1.1448212
1.1532404
1.1998924
1.143124
1.1922532
1.2015821
1.220697
1.0902573
1.2719284
1.2150007
1.299738
1.1708564
1.2041409
1.1209176
1.1424019
1.1568462
1.1424066
1.2640914
1.3691176
1.040989
1.3972379
1.3972174
1.1424066
1.2640914
1.4019723
1.2641081
1.1424066
1.3679627
1.4019058
1.1503841
1.2640914
1.1422793
1.1423703
1.4033437
1.1424054
1.3938702
1.1424066
1.142298
1.2634877
1.138726
1.1419723
1.1421894
1.1421894
1.2638333
1.3325195
1.3685479
1.1421894
1.1150552
1.135283
1.2794613
1.2353976
1.2317041
1.2638333
1.1421894
1.1419723
1.1467323
1.393561
1.2805134
1.3969413
1.2638751
1.1421894
1.2654124
1.2801117
1.2059656
1.3679807
1.3707268
1.2330399
1.1469047
1.2659912
1.1493635
1.1462519
1.1449325
1.2631373
1.267293
1.1801397
1.1412467
1.0188577
1.1800909
1.1325668
1.1414016
1.1414058
1.1414058
1.1405715
1.1414058
1.2886341
1.1414058
1.2962648
1.2632251
1.140963
1.266631
1.05173
1.3463361
1.2576854
1.3618081
1.2935833
1.3522621
1.193143
1.2171109
1.2972535
1.3618066
1.361828
1.3621385
1.2354109
1.3616102
1.3597974
1.2437243
1.2319524
1.1246986
1.35825
1.3664939
1.1378397
1.1378397
1.2573507
1.2487972
1.3651563
1.2706256
1.3851701
1.3851701
1.2707697
1.3843964
1.295626
1.3649272
1.420941
1.2038349
1.2646621
1.2497722
1.4187833
1.204209
1.3889539
1.378163
1.2958293
1.3625511
1.2529875
1.3216676
1.0664341
1.2924275
1.2924275
1.3917216
1.4215014
1.2928253
1.4194506
1.4215984
1.3886025
1.3855708
1.2929499
1.2820908
1.1708859
1.4201809
1.2863628
1.2229936
1.1708859
1.1414351
1.1391797
1.1414351
1.2583315
1.3786792
1.1398776
1.1410453
1.1453518
1.2527392
1.3655238
1.2527392
1.3837942
1.1434056
1.3760849
1.2241539
1.1420568
1.3625567
1.1375313
1.2536818
1.1421785
1.3665173
1.2471073
1.1281244
1.2523125
1.2527187
1.1399031
1.142216
1.3606755
1.3753613
1.1406558
1.2224096
1.3004243
1.3738998
1.140068
1.2415874
1.2503712
1.1278728
1.2879833
1.3640897
1.140068
1.1374835
1.3133872
1.1396782
1.2416749
1.1277547
1.225124
1.364301
1.379981
1.1397431
1.1600059
1.1572165
1.2546123
1.3794453
1.2536747
1.2666633
1.354406
1.2666633
1.3133849
1.2609062
1.2418742
1.2451756
1.2630486
1.1916249
1.2666862
1.2698377
1.1530043
1.3424876
1.316291
1.1981233
1.2193753
1.2678889
1.2942804
1.3881248
1.4354061
1.3881248
1.2942804
1.3193811
1.2940894
1.2977397
1.2942804
1.3884382
1.3881248
1.4452654
1.5170461
1.4669167
1.2942804
1.4025474
1.3881248
1.2558604
1.1199455
1.2943074
1.4328909
1.4267768
1.3881248
1.3501191
1.4353886
1.2942804
1.204595
1.3878042
1.2912351
1.2910453
1.3835428
1.3881248
1.2912351
1.2347399
1.4613115
1.34284
1.3424194
1.249556
1.3426796
1.3423643
1.2272794
1.193611
1.3384945
1.3294873
1.2349169
1.2828366
1.2909433
1.3423918
1.3452775
1.3423918
1.4572381
1.460459
1.4572294
1.4571602
1.3423918
1.4553646
1.344702
1.3450671
1.4482851
1.3450671
1.4557313
1.2472173
1.2536527
1.301126
1.2963821
1.2471719
1.2504032
1.2346294
1.2505062
1.2506275
1.3843787
1.1860851
1.3130074
1.4511
1.186789
1.450194
1.4625108
1.2163775
1.4800735
1.3478391
1.2163751
1.2126073
1.2154306
1.2163751
1.4214355
1.4214355
1.3423102
1.4750743
1.4936162
1.3439653
1.220016
1.2160095
1.416897
1.4850434
1.3434132
1.4742091
1.4750715
1.4850931
1.2271979
1.4216939
1.3478388
1.4901301
1.1831826
1.497754
1.3478388
1.2163775
1.2272627
1.3475937
1.4619731
1.3483934
1.1872412
1.3483934
1.3483934
1.4704036
1.3308036
1.2006099
1.3984549
1.3308036
1.3308036
1.2018819
1.330803
1.3622041
1.2016506
1.20186
1.4028362
1.2016506
1.2016506
1.4069769
1.2128423
1.201645
1.4028362
1.3305315
1.2016506
1.2016397
1.2166139
1.3305315
1.4409546
1.4364198
1.3305315
1.1942686
1.1722872
1.3041595
1.2856048
1.2963451
1.1691815
1.4303722
1.313262
1.1896176
1.4316025
1.2016287
1.1727072
1.3458973
1.2710975
1.2958214
1.2835457
1.2016506
1.3660291
1.2963451
1.187015
1.3617904
1.2963451
1.4313182
1.1729282
1.436118
1.1727072
1.1727629
1.1854197
1.3204765
1.3713937
1.2961239
1.3654522
1.363208
1.4092696
1.1722654
1.3962015
1.0873106
1.3016936
1.3026131
1.3084464
1.4200706
1.3654181
1.5452745
1.3088712
1.4778811
1.4778811
1.4281392
1.4778811
1.5540655
1.5313529
1.3088712
1.4741122
1.3804457
1.4778364
1.2611902
1.3341634
1.4823625
1.4823625
1.4285177
1.3341025
1.3615696
1.308775
1.4724745
1.5260056
1.4005271
1.479451
1.4803069
1.2380819
1.3633031
1.4766802
1.4762514
1.2021518
1.2191615
1.2134943
1.213486
1.2114292
1.1104738
1.2628064
1.107146
1.2125663
1.1095753
1.3035065
1.3314261
1.3314295
1.2652832
1.1214616
1.3275425
1.1083107
1.3204956
1.3280828
1.3330901
1.113826
1.1283836
1.315015
1.3198057
1.1129477
1.3198057
1.3941258
1.3391739
1.1204329
1.3370926
1.3198057
1.3198057
1.3198057
1.1129477
1.0544808
1.1129477
1.1129477
1.320799
1.3195918
1.1055888
1.1139029
1.330531
1.3601115
1.3966825
1.1139029
1.1700926
1.3210067
1.1156812
1.1139029
1.3603182
1.3599846
1.3212014
1.1064308
1.1140394
1.1140121
1.1148117
1.3291095
1.1101011
1.2628064
1.1151127
1.3473895
1.2539016
1.122253
1.1037781
1.1061826
1.102998
1.1088098
1.1498644
1.110758
1.1087708
1.1099962
1.0915642
1.1120013
1.1120013
1.1470766
1.1186665
1.122727
1.1053618
1.1053144
1.1067685
1.0535214
1.0477992
1.0359089
1.0131166
1.0580324
1.053517
1.0591773
1.0587783
1.0591168
1.0635875
1.065594
1.0114335
1.0632753
1.0114224
1.011243
1.035043
1.056799
1.0860819
1.056799
1.0832901
1.0796646
1.0110624
1.0108845
1.083549
1.0327334
1.0110637
1.0777258
1.0874622
1.0114344
1.0114344
1.0883516
1.0851028
1.0764172
1.0850301
1.0809051
1.0114344
1.0124445
1.0577171
1.0114344
1.0568537
1.0114226
1.0131285
1.0334761
1.0769209
1.0349858
1.0794586
1.0349858
1.0349858
1.0471559
1.0794586
1.0377017
1.1038686
1.0356934
1.1075556
1.0768056
1.0348216
1.1074632
1.0347967
1.0098279
1.1033521
1.0351044
1.0955822
1.1080225
1.1393007
1.1423079
1.138468
1.1411488
1.0810449
1.1471801
1.1589836
1.0513471
1.1729734
1.0644425
1.1468529
1.1100309
1.0663098
1.1513175
1.102304
1.1628792
1.1088461
1.1104552
1.1036557
1.1106801
1.104001
1.061347
1.1683311
1.1760231
1.1427698
1.2009832
1.20425
1.231525
1.1395065
1.2040132
1.21622
1.2446429
1.2073785
1.216602
1.2223258
1.1919471
1.0805154
1.1933655
1.1837717
1.1636556
1.1972764
1.1178188
1.2217126
1.1077724
1.1657019
1.2157811
1.2447784
1.2342508
1.2413678
1.2281866
1.1489942
1.204209
1.1515266
1.1311928
1.1304415
1.1354691
1.1041315
1.1680883
1.1323844
1.2015091
1.1514064
1.2278223
1.1023734
1.1533539
1.2015785
1.2497076
1.1630778
1.1615357
1.1533539
1.2028023
1.1939377
1.2228901
1.2276044
1.169995
1.1816553
1.1772974
1.2096571
1.2142874
1.1041417
1.1516725
1.2106503
1.1604067
1.1984707
1.2269688
1.2258337
1.1583279
1.1522394
1.2076185
1.1522394
1.226405
1.226405
1.1522394
1.2132249
1.1522394
1.1522394
1.2257727
1.2256424
1.2155218
1.2467897
1.1522394
1.2398982
1.2174747
1.2399129
1.2003725
1.1533967
1.217388
1.2280756
1.2419127
1.257799
1.170613
1.221648
1.1798385
1.2401537
1.2443775
1.1539118
1.220042
1.2443775
1.2411625
1.1703485
1.2175039
1.168901
1.2312497
1.2184495
1.220042
1.1817962
1.1797459
1.2092214
1.1705254
1.1711569
1.1684601
1.0767859
1.1028557
1.1580313
1.1542915
1.1555862
1.0760736
1.072854
1.0728394
1.0735834
1.132263
1.1157357
1.0750262
1.1434493
1.1157357
1.1426277
1.1046225
1.0893141
1.1170986
1.1191288
1.1425517
1.1042017
1.0863173
1.0963978
1.0863173
1.0970287
1.0863173
1.0915904
1.1426277
1.1724237
1.1338531
1.0899905
1.1361318
1.096559
1.0877163
1.0880136
1.0928942
1.0766666
1.0639627
1.0838962
1.09998
1.0647199
1.0876491
1.0915831
1.1012505
1.0883473
1.1104132
1.1215954
1.127704
1.2023956
1.2254667
1.2430917
1.2244265
1.1139632
1.1281861
1.1132168
1.1281861
1.1283153
1.1287371
1.219495
1.2200603
1.1594785
1.1483977
1.1616515
1.0967807
1.1596522
1.1473893
1.1550143
1.1582395
1.1727903
1.0734165
1.0331358
1.176828
1.1385614
1.2051376
1.1769501
1.1855845
1.1078217
1.1326847
1.1920083
1.2125238
1.1659758
1.1913245
1.212572
1.1874696
1.1122739
1.2326802
1.2521449
1.1800635
1.2037157
1.3050362
1.343987
1.3052127
1.3460598
1.3130045
1.1505197
1.2178091
1.3681345
1.124984
1.313571
1.320774
1.0819479
1.3533325
1.3096346
1.3653795
1.0968099
1.0930402
1.1237706
1.3753787
1.1006
1.3800269
1.3012403
1.3000509
1.3703256
1.3004625
1.0963084
1.3673234
1.352524
1.0930344
1.3606406
1.3662595
1.3012403
1.3012403
1.3012403
1.309024
1.3398244
1.0925705
1.3050671
1.1267678
1.3259104
1.2455618
1.2941192
1.3207209
1.3111804
1.2248963
1.3057392
1.3065312
1.3066478
1.2195469
1.2198789
1.3404868
1.2133708
1.3066478
1.3637402
1.2073188
1.1777054
1.2252334
1.124796
1.2195469
1.3461337
1.3361287
1.2352017
1.3305012
1.1950926
1.4002961
1.4152541
1.3983982
1.3404868
1.3402174
1.3749369
1.223124
1.3403412
1.2407322
1.220349
1.3057392
1.3461337
1.3223326
1.2398654
1.3404744
1.362094
1.2414854
1.3765085
1.2414854
1.2301809
1.341032
1.2414854
1.4003483
1.4600942
1.2418793
1.2418793
1.2418793
1.4161359
1.3877448
1.3404928
1.2422318
1.2422318
1.113038
1.2298738
1.2473413
1.2408239
1.1033732
1.0996288
1.2700849
1.3327962
1.3036491
1.3177941
1.2193501
1.1522933
1.2531967
1.1535218
1.3316051
1.3337651
1.1488051
1.1020074
1.2999494
1.3337289
1.0587752
1.0989819
1.0989819
1.3338089
1.3336253
1.3056262
1.31676
1.2673537
1.102316
1.3019413
1.1434323
1.2707092
1.2713207
1.270241
1.322054
1.0947442
1.2707195
1.0825665
1.0388839
1.0464023
1.0940534
1.1044971
1.0516517
1.0650462
1.0366071
1.0556954
1.0727725
1.0524293
1.0524293
1.0518688
1.0640756
1.0436269
1.0519121
1.0529557
1.0468947
1.0258093
1.0521294
1.0529557
1.0582438
1.0506322
1.0501921
1.0650828
1.0619701
1.0789587
1.0365094
1.066036
1.0506322
1.066036
1.0506322
1.066036
1.06417
1.0641907
1.0725524
1.0653206
1.0661283
1.0788039
1.0801102
1.1267363
1.0810828
1.0809658
1.081591
1.1258206
1.1258206
1.0962087
1.1315389
1.0810828
1.1106951
1.111788
1.1306444
1.1301352
1.0848731
1.1120968
1.1301352
1.1153996
1.1469926
1.1141409
1.1303996
1.0846057
1.1303996
1.1463425
1.1122949
1.1463053
1.1478066
1.1475042
1.1122949
1.161766
1.1122949
1.1477602
1.1473533
1.1303996
1.1122949
1.063449
1.1547828
1.1592097
1.030636
1.047721
1.1905975
1.1436741
1.1436741
1.2000312
1.1269678
1.109447
1.1124854
1.109447
1.109447
1.1090686
1.1300278
1.0989625
1.109447
1.102889
1.1564016
1.1966777
1.1435246
1.1095084
1.1595016
1.1423386
1.1095084
1.1095084
1.1435246
1.1591485
1.1591485
1.1435246
1.140221
1.1095084
1.1433446
1.1032763
1.1092885
1.1271416
1.2240143
1.2203379
1.3206214
1.3173318
1.2203379
1.2203275
1.220173
1.2461593
1.2741143
1.2637024
1.2202222
1.2202325
1.2202375
1.2202375
1.2202375
1.2574637
1.2355622
1.2485851
1.2209077
1.2115424
1.237558
1.2115424
1.15166
1.2114936
1.1518325
1.1628658
1.1551846
1.2096305
1.1619753
1.237582
1.1633953
1.1512548
1.1321601
1.1625102
1.2115424
1.226149
1.1633787
1.1633064
1.237558
1.237558
1.2241192
1.1030442
1.218292
1.2106508
1.2111459
1.1633787
1.222066
1.1814181
1.1633953
1.1633953
1.2373347
1.2115424
1.2568213
1.271222
1.2824267
1.2278465
1.3497907
1.4832182
1.3774643
1.2278465
1.5014279
1.5018306
1.5790809
1.3769071
1.3774661
1.3769071
1.2646987
1.3773514
1.3628016
1.2467434
1.3516377
1.3626938
1.4116472
1.4136355
1.4957594
1.501857
1.3773514
1.4978311
1.3773514
1.5003183
1.5015936
1.2726334
1.3746562
1.3773514
1.2740806
1.3773514
1.3773514
1.3773514
1.3773514
1.3773514
1.2732552
1.375126
1.5015936
1.3562753
1.4939433
1.2257416
1.352917
1.3595086
1.540603
1.4243345
1.5004661
1.3700502
1.5054497
1.3395236
1.4884636
1.3830633
1.3439579
1.4970108
1.2225507
1.2679213
1.2027783
1.5357685
1.5427477
1.5359784
1.3377742
1.4505013
1.5119072
1.5012089
1.4880799
1.318392
1.5381174
1.3111051
1.4238706
1.4373025
1.3223641
1.3187584
1.5800213
1.5798805
1.6019284
1.321592
1.4973792
1.3111051
1.2349613
1.310798
1.4813718
1.2988844
1.3109298
1.4156703
1.3122756
1.4361284
1.375021
1.3155885
1.3019602
1.3771329
1.4080262
1.4907302
1.4891316
1.5354177
1.5178409
1.4907302
1.4268451
1.3148034
1.2395103
1.3092172
1.3373159
1.2250375
1.2866251
1.4499619
1.3092172
1.391721
1.3373159
1.4501199
1.5434319
1.4506716
1.3373159
1.3373159
1.4501199
1.4308707
1.1858944
1.4420414
1.3339942
1.344021
1.4310514
1.3390769
1.4471502
1.4883705
1.3647385
1.3355645
1.3359809
1.3422368
1.3354604
1.3355645
1.3355645
1.3354604
1.1934906
1.2893654
1.2430079
1.449825
1.449825
1.3114682
1.3609205
1.3725418
1.3348013
1.248545
1.4953059
1.3209178
1.3355645
1.4652075
1.284916
1.2881277
1.3773931
1.451659
1.2883428
1.2883428
1.2913135
1.2883159
1.2915772
1.3670892
1.3020527
1.3020527
1.2473123
1.3627996
1.3769007
1.2867321
1.2872967
1.2515532
1.2482246
1.240657
1.2268215
1.307718
1.2788694
1.1804466
1.1422616
1.3399979
1.3570682
1.3973746
1.2287703
1.2866912
1.1570026
1.1267598
1.2442067
1.26717
1.2642372
1.1289285
1.0698043
1.1307324
1.1298518
1.311563
1.3796657
1.1254898
1.3999826
1.1329983
1.3803602
1.3202857
1.3401343
1.2646595
1.390813
1.4036018
1.2680992
1.3539062
1.3539062
1.403872
1.3402919
1.2513305
1.3203057
1.403872
1.2738526
1.2738526
1.2738526
1.2738794
1.2604231
1.1157281
1.40389
1.2738526
1.2738526
1.2738526
1.2680992
1.2738526
1.3544415
1.3403101
1.129158
1.2512245
1.2704374
1.3537096
1.2738526
1.4362794
1.3539062
1.3539062
1.2738526
1.2721406
1.2666736
1.1290152
1.3043182
1.3539062
1.3712758
1.3478339
1.3538505
1.4032965
1.2738794
1.4032965
1.2738794
1.4209502
1.4365394
1.238065
1.2738794
1.2738794
1.4209502
1.3539124
1.2738794
1.3539124
1.4004492
1.4307544
1.403872
1.3535163
1.3539124
1.2730222
1.3537538
1.2738794
1.2738794
1.2738794
1.2738794
1.2681259
1.2235198
1.267083
1.3539124
1.0692995
1.3403101
1.4384153
1.1804328
1.2656423
1.3511461
1.2742417
1.4360774
1.270464
1.3999339
1.3539124
1.2738794
1.40389
1.40389
1.3993824
1.3912235
1.3536447
1.3536571
1.2736983
1.2736983
1.3999583
1.1808134
1.4209751
1.3536571
1.2736983
1.2510802
1.3536447
1.335506
1.32271
1.4247564
1.382859
1.4225184
1.472713
1.4247564
1.4430358
1.2731566
1.5206622
1.3632377
1.528371
1.3632377
1.4609122
1.3597145
1.4826139
1.4826139
1.3632377
1.362807
1.5922947
1.556434
1.4870542
1.498632
1.5015675
1.5000293
1.5015675
1.578148
1.3632377
1.4867924
1.3514252
1.4867924
1.593221
1.2606546
1.4867362
1.4867643
1.3632377
1.4778647
1.4867924
1.4849988
1.2392828
1.395299
1.2731566
1.3629091
1.5000293
1.3369414
1.3631299
1.35981
1.4870542
1.3632377
1.4782668
1.4539376
1.4430358
1.4548866
1.5476645
1.4904354
1.4514858
1.3544712
1.2551167
1.3564302
1.4269395
1.4622827
1.4904354
1.3564302
1.253968
1.5688952
1.5291833
1.4787152
1.5477219
1.5291833
1.3431009
1.3705077
1.3546858
1.4787152
1.4934503
1.490125
1.4904354
1.2664737
1.4504569
1.4593598
1.5002992
1.4999142
1.3770697
1.4870261
1.4865767
1.2578319
1.2730844
1.363001
1.4865767
1.48553
1.4865767
1.4865767
1.363001
1.3599509
1.3633777
1.3600042
1.3600042
1.223169
1.3600042
1.1374959
1.486998
1.486998
1.4834232
1.486998
1.5001701
1.4995512
1.2808797
1.4849412
1.4789118
1.2808797
1.4849412
1.2719564
1.3624141
1.3339839
1.2212393
1.3624141
1.3624141
1.4793797
1.4868857
1.3479655
1.3632971
1.3516673
1.3632971
1.4868857
1.3954916
1.4540224
1.3632971
1.5386654
1.3630818
1.3565905
1.5386654
1.5383706
1.4423349
1.3632971
1.3564855
1.3564855
1.3633507
1.4353037
1.5386654
1.4868857
1.2239805
1.3628664
1.3632702
1.3632971
1.4868857
1.3624367
1.6027663
1.4997323
1.313267
1.5380653
1.5271455
1.3628554
1.4860438
1.4644572
1.4942895
1.3770765
1.5020367
1.4044075
1.3541924
1.5015082
1.5020367
1.359757
1.3633312
1.3645504
1.5846881
1.3593844
1.5020367
1.547378
1.5681288
1.4821377
1.3632469
1.3628131
1.4800239
1.4073468
1.4797385
1.3544353
1.2064327
1.361786
1.4800239
1.2628138
1.3740028
1.3753512
1.4997277
1.2628138
1.3758022
1.4710757
1.352123
1.3666873
1.3387737
1.4696401
1.4992697
1.2557272
1.5271758
1.4995251
1.4994653
1.2598819
1.4663054
1.4663054
1.3773551
1.2778493
1.3775772
1.5097048
1.4765075
1.224671
1.3987439
1.4688417
1.2778493
1.3999346
1.3836653
1.2778493
1.3703569
1.3829553
1.2756011
1.2189106
1.4676003
1.2774136
1.2501895
1.2741866
1.3994169
1.3862242
1.3836225
1.2650921
1.2292539
1.5872803
1.4247864
1.2650921
1.2650921
1.5523034
1.2757298
1.4281524
1.4215524
1.3774643
1.4934503
1.3634586
1.3566432
1.5003401
1.5097048
1.4472321
1.5472715
1.5317466
1.373986
1.4021577
1.4980649
1.5679686
1.4249916
1.5639312
1.5094258
1.4021045
1.4995135
1.4980649
1.373986
1.373986
1.373986
1.373986
1.3669274
1.3730948
1.3435926
1.4978021
1.4710413
1.4814081
1.3534248
1.3686844
1.2743369
1.353693
1.276643
1.4359441
1.4936085
1.4962
1.3179649
1.3398132
1.3218317
1.280119
1.2708788
1.3581811
1.4962
1.4971311
1.4962
1.5372679
1.5130423
1.4252989
1.4479792
1.4962
1.373986
1.5657048
1.5649294
1.3581811
1.3722059
1.4962
1.5440646
1.4962
1.5654953
1.4995118
1.3722059
1.3722059
1.2689439
1.2494732
1.4953545
1.2597971
1.5017779
1.4961421
1.3858573
1.528499
1.3722059
1.4999417
1.373986
1.4151762
1.3775772
1.4980649
1.5445684
1.2268244
1.373986
1.2676418
1.5679686
1.4980649
1.3722137
1.4971157
1.2800251
1.373986
1.3704464
1.5190954
1.5323614
1.4965956
1.373986
1.6048865
1.5679686
1.373986
1.5410811
1.4990618
1.3775772
1.5015254
1.501473
1.373986
1.373986
1.4533113
1.4980649
1.3462431
1.373986
1.3197837
1.5170437
1.4696203
1.3739581
1.3197837
1.3600042
1.3739581
1.3668996
1.3804703
1.5015292
1.2675186
1.3739581
1.5451504
1.373986
1.4980357
1.4979482
1.3775489
1.37085
1.495976
1.5013376
1.4252219
1.5280858
1.4965918
1.3739581
1.4985036
1.2676619
1.5756879
1.424812
1.4385523
1.2785746
1.5260408
1.2692962
1.4385523
1.5722812
1.3600305
1.526518
1.4385523
1.3600042
1.4598986
1.2447382
1.2403623
1.3446602
1.5319169
1.354788
1.548536
1.3564843
1.34895
1.4446139
1.3546228
1.5295277
1.3600042
1.256094
1.607501
1.4975677
1.5233579
1.5047047
1.5602921
1.5010899
1.4975014
1.3591223
1.3587694
1.4291915
1.4294361
1.3582199
1.3582282
1.2046852
1.2434728
1.2638265
1.276036
1.2170291
1.1788238
1.1528326
1.2300189
1.2159199
1.1759832
1.1761918
1.1761918
1.2293639
1.127521
1.1826557
1.2248845
1.157198
1.1759915
1.127521
1.1759915
1.1761918
1.1948708
1.1799916
1.1266834
1.1493111
1.1494186
1.1494207
1.1900198
1.2082391
1.1950545
1.1952189
1.2278452
1.1987625
1.2318944
1.2414196
1.2322284
1.1388894
1.2421191
1.1849089
1.2382896
1.220366
1.2574478
1.2574478
1.2115431
1.2338121
1.2185488
1.213284
1.1574302
1.2789208
1.2574478
1.2098984
1.2133706
1.1551107
1.0920347
1.2133706
1.2891638
1.315002
1.2133706
1.184745
1.2133706
1.184237
1.1125928
1.1125621
1.1122124
1.245673
1.2287202
1.2467434
1.2207317
1.2955005
1.2203891
1.2102152
1.2150766
1.2207317
1.2953264
1.2207317
1.2649164
1.2875885
1.2241266
1.1633787
1.2510773
1.20626
1.131751
1.1137124
1.2861086
1.2678652
1.1908644
1.1454102
1.2489042
1.1451367
1.2673426
1.2132858
1.2141124
1.1451553
1.128398
1.1451553
1.082543
1.1451553
1.1552106
1.2550921
1.1142957
1.2141944
1.1416775
1.2346588
1.2591419
1.2443458
1.1330162
1.1998883
1.2086159
1.2086159
1.2086159
1.2591419
1.2446301
1.141342
1.1900054
1.1252743
1.141342
1.241463
1.240091
1.2088687
1.141342
1.2138627
1.2516494
1.256935
1.207773
1.1228126
1.1606972
1.1247427
1.2066997
1.209987
1.1247929
1.0979656
1.1093774
1.1953075
1.0950398
1.128936
1.2267674
1.2011769
1.2402053
1.1309365
1.0999264
1.1965657
1.2274628
1.1394511
1.1960975
1.1309365
1.1963886
1.2544384
1.1960975
1.221734
1.1960975
1.1949437
1.104833
1.129491
1.1949795
1.1961337
1.213331
1.1984951
1.1961337
1.1304712
1.2488214
1.1319549
1.1916211
1.0700262
1.1961337
1.2341207
1.2326784
1.1288737
1.1621783
1.134174
1.1285043
1.1294878
1.1304725
1.2215947
1.2579341
1.1960249
1.1304725
1.1958308
1.1961583
1.2253563
1.1961151
1.1249481
1.1154455
1.2181493
1.1230059
1.2251298
1.1947135
1.2255048
1.2255048
1.1467515
1.1279342
1.1108856
1.0787246
1.1866463
1.1983098
1.1856164
1.1931535
1.2134784
1.2210768
1.108503
1.2556696
1.277526
1.1636064
1.2135237
1.1417503
1.1700392
1.0994167
1.1220126
1.1797816
1.1846601
0.81199634
1.0955285
1.2047942
1.1931705
1.1622747
1.0753278
1.0967221
1.2026485
1.3622969
1.3622969
1.2843874
1.2985848
1.3374633
1.1755807
1.1907138
1.3390675
1.1878713
1.2784722
1.3456833
1.1839992
1.3807576
1.3108398
1.427752
1.3108398
1.3108398
1.3110546
1.3108398
1.4994357
1.4997821
1.4886762
1.3051267
1.431312
1.4922025
1.2579843
1.3108398
1.3621632
1.3623815
1.3864994
1.3623815
1.5634699
1.2895875
1.4832175
1.2965674
1.3098679
1.3088862
1.28963
1.3915825
1.4097899
1.3933548
1.3343158
1.3024774
1.35748
1.3431624
1.3138593
1.3299156
1.2990534
1.2471994
1.3066187
1.3638809
1.4361085
1.244489
1.3638809
1.3130685
1.244489
1.2976594
1.2446984
1.3138849
1.3342955
1.244489
1.2443844
1.244489
1.1949275
1.0947759
1.3599602
1.3138849
1.0853317
1.3130877
1.2977155
1.2471994
1.2610586
1.3051665
1.153806
1.3075908
1.311068
1.2977155
1.2411549
1.2033155
1.0935993
1.2443844
1.244489
1.3616066
1.244489
1.244489
1.3113894
1.3144417
1.2194349
1.2460512
1.3742546
1.3757776
1.2321513
1.3138849
1.2378017
1.1930413
1.2007142
1.3418205
1.4551879
1.4544405
1.3413798
1.3413798
1.5428596
1.5003748
1.249719
1.3285048
1.2756181
1.4035194
1.4806308
1.3316519
1.4489005
1.3325304
1.4748403
1.4359794
1.3100528
1.3288062
1.3416275
1.3312289
1.2619292
1.2848103
1.3364767
1.3964317
1.3898892
1.3635858
1.4780257
1.3735546
1.4992546
1.3740028
1.3213732
1.4918618
1.375328
1.4995779
1.3758022
1.4186518
1.3775489
1.320834
1.4880415
1.4995779
1.4994237
1.3758022
1.3232212
1.4997277
1.4997277
1.4995737
1.4996686
1.5511252
1.3758022
1.4997277
1.3758022
1.3540738
1.4995779
1.5018306
1.4997277
1.4997277
1.2806319
1.4997277
1.4996982
1.5474133
1.3480976
1.4978563
1.3753592
1.4996094
1.4711663
1.3114411
1.4995966
1.3113971
1.2414446
1.3113326
1.5000896
1.490554
1.5004774
1.4341443
1.4327546
1.4494373
1.3769459
1.2791969
1.3632377
1.3045331
1.3043967
1.2520636
1.352546
1.1839104
1.3027042
1.3280268
1.3542566
1.3913661
1.3617377
1.3298038
1.3700577
1.3295875
1.4508262
1.3295391
1.4508262
1.4661269
1.5364017
1.4897267
1.5138434
1.4508262
1.3415002
1.30919
1.4895282
1.3017828
1.4506975
1.3151748
1.4927176
1.5175467
1.3295875
1.3295875
1.4508262
1.4508262
1.5170903
1.4607192
1.4593365
1.438597
1.2708694
1.2752684
1.4318824
1.3417681
1.4157866
1.3398931
1.3634586
1.4502673
1.3377192
1.2110877
1.3301696
1.2158477
1.4698008
1.3398931
1.3478534
1.4698008
1.4992028
1.5018306
1.5989841
1.5010779
1.535624
1.5018908
1.5896759
1.3061708
1.3757765
1.4867924
1.5020452
1.3635201
1.2278465
1.2206295
1.3249652
1.4958864
1.3775772
1.5020452
1.2742954
1.3497907
1.6048865
1.5020452
1.6043684
1.3632956
1.4763939
1.3632956
1.5151342
1.4691185
1.3632956
1.4745405
1.268523
1.3632956
1.4849163
1.3632956
1.4695165
1.2489266
1.5020114
1.5005417
1.3764504
1.4255897
1.3773514
1.4042453
1.4215524
1.2605796
1.5076469
1.496926
1.4219524
1.265328
1.4255638
1.2292539
1.4970628
1.5078534
1.1951349
1.1951349
1.1951349
1.3412372
1.4645765
1.4255844
1.1951349
1.1951349
1.4255072
1.1951349
1.4237672
1.3408793
1.1951349
1.3412372
1.4652116
1.3326097
1.3226548
1.1996452
1.1948701
1.1909071
1.5078679
1.2148824
1.1618861
1.1951349
1.4689555
1.497419
1.1951349
1.2655647
1.2655647
1.1951349
1.1948622
1.1951349
1.418287
1.3410581
1.3471256
1.1949302
1.3471256
1.2652729
1.4934876
1.1997178
1.2393888
1.4288354
1.4714985
1.4710563
1.5083112
1.4645765
1.4714985
1.1996452
1.4714985
1.345738
1.1975073
1.2625237
1.3471491
1.5078679
1.240418
1.3361131
1.4216391
1.4597874
1.3156991
1.4290936
1.4683462
1.2866359
1.42378
1.4290773
1.2906272
1.3159144
1.4297702
1.1580586
1.3141977
1.3146119
1.4243362
1.2438145
1.1949985
1.1589429
1.1995
1.215917
1.4255483
1.3457613
1.4702243
1.381053
1.4724807
1.2301008
1.3228747
1.473039
1.4041733
1.5013571
1.4919366
1.3771259
1.3771259
1.3426044
1.3495785
1.3771259
1.501978
1.3771259
1.4902215
1.5471476
1.6417047
1.896011
1.896011
1.9998461
1.631153
1.6426265
1.6465596
1.3493448
1.9998796
1.6470553
1.9911777
1.5888422
1.5425572
1.9942532
1.6421996
2.0003858
1.5538421
1.6421996
1.4685576
1.6148968
1.4971071
1.4971157
1.5426282
1.4907736
1.4210293
1.4971157
1.3740321
1.2605406
1.3740321
1.3740321
1.3848493
1.4971157
1.3200976
1.4870133
1.3739218
1.4971573
1.4976301
1.3775772
1.4971157
1.3695565
1.4971157
1.3464817
1.5856769
1.456753
1.2781867
1.4971157
1.2677824
1.3166765
1.350136
1.3369695
1.4000405
1.3500527
1.350136
1.4246185
1.4805416
1.2711914
1.2711914
1.2488143
1.1191596
1.4176942
1.4686589
1.2707634
1.3497438
1.2694827
1.3990215
1.2660908
1.4320571
1.2694827
1.3395205
1.3513713
1.2463381
1.4025633
1.2723694
1.44527
1.2880229
1.4013678
1.2723694
1.2723694
1.2706664
1.2723694
1.436851
1.274054
1.4350079
1.3534864
1.3540224
1.4233618
1.2722626
1.3501859
1.2723694
1.2440058
1.260946
1.3540224
1.2498504
1.2740806
1.2662368
1.3484216
1.3484216
1.2470027
1.2477176
1.4242084
1.2477176
1.4400958
1.349725
1.349725
1.3842949
1.3408793
1.2477176
1.349725
1.4214262
1.408681
1.349725
1.1633953
1.341057
1.2458947
1.4269459
1.349725
1.2740806
1.3408793
1.2476189
1.1120046
1.3708736
1.3496779
1.311378
1.341057
1.349725
1.1458375
1.1432484
1.4217522
1.408681
1.3806604
1.4163816
1.1464118
1.3402681
1.3263352
1.3407265
1.4010667
1.3806604
1.1297181
1.3408793
1.2652494
1.3408793
1.3408793
1.3806604
1.40742
1.3837283
1.4206481
1.3493114
1.2877588
1.4217522
1.40742
1.4113564
1.3662221
1.0838257
1.3660046
1.3677543
1.1464118
1.1476092
1.1464118
1.1144005
1.1464118
1.1464118
1.1464118
1.3653986
1.3660046
1.2479151
1.363474
1.4215524
1.4008479
1.4282756
1.3660046
1.1464118
1.4189464
1.2414442
1.3660046
1.4176923
1.3660046
1.1464118
1.1464118
1.4470651
1.1460501
1.1296034
1.1296034
1.1464118
1.2885318
1.2479151
1.2479151
1.2479151
1.4088902
1.3497488
1.4111593
1.3459324
1.3459262
1.2685366
1.268483
1.3774555
1.3471472
1.3451493
1.3451493
1.3459324
1.3880467
1.3459324
1.3459324
1.2608345
1.2755164
1.2685366
1.2685366
1.3962042
1.2678225
1.330963
1.2685366
1.3962042
1.2180352
1.2676818
1.4111593
1.2676818
1.1102357
1.2572649
1.2685366
1.3459324
1.3711535
1.3459071
1.4250969
1.4250969
1.2249949
1.267466
1.3956198
1.353415
1.2175952
1.3453768
1.2656225
1.3174957
1.3621715
1.2672184
1.2539415
1.1723474
1.3792964
1.420995
1.3396018
1.2055857
1.3641213
1.3600205
1.3825331
1.3023605
1.3059496
1.3265132
1.2201245
1.1619529
1.2715006
1.176527
1.2507509
1.176527
1.2963698
1.2488986
1.2119341
1.2710092
1.2085582
1.253596
1.2508029
1.2350976
1.1904467
1.1897928
1.203649
1.1821657
1.2120575
1.1423073
1.1422113
1.1422353
1.1524398
1.1821074
1.1422113
1.1423073
1.1347461
1.1866655
1.1857638
1.1890672
1.2842131
1.2785715
1.1894002
1.2150376
1.1900889
1.2135582
1.1859584
1.185767
1.2348516
1.1858816
1.1900833
1.2168027
1.123262
1.2168027
1.2462085
1.186813
1.1869534
1.1871797
1.1979557
1.2462085
1.1868321
1.1952947
1.1855992
1.1859056
1.1979557
1.1965383
1.2165272
1.2441542
1.2165916
1.2377069
1.2433182
1.3142521
1.2165272
1.1772406
1.2215997
1.2458153
1.2663461
1.2480917
1.1864282
1.2183791
1.3191199
1.2918802
1.2164006
1.23314
1.2163936
1.307303
1.2783026
1.2969476
1.2910191
1.2210376
1.3482388
1.375022
1.2068536
1.4290347
1.2530224
1.2546934
1.2564346
1.2823023
1.2111819
1.2542855
1.1765586
1.2545943
1.2614137
1.2062355
1.2589332
1.2012839
1.2686833
1.0653229
1.2283905
1.3070886
1.1349435
1.1302584
1.1349435
1.1299877
1.1374512
1.1775385
1.1379191
1.1349435
1.1349608
1.1257371
1.3321375
1.3249377
1.1343831
1.1348612
1.2843425
1.1349905
1.1232682
1.1373887
1.152132
1.1380132
1.1380132
1.228855
1.0502213
1.04947
1.226249
1.0813783
1.1279662
1.2676181
1.2803354
1.2765127
1.2773336
1.1532303
1.2717812
1.0472283
1.0472283
1.0740805
1.2635722
1.2801472
1.2781892
1.2464561
1.2464561
1.2631406
1.2376208
1.267363
1.2464514
1.1532303
1.1607022
1.0270755
1.0464779
1.0457016
1.0433279
1.0536176
1.0620137
1.0589037
1.1098161
1.0662124
1.114745
1.114745
1.0662124
1.0662124
1.1467301
1.0662124
1.0658597
1.0663046
1.1258773
1.114745
1.1356751
1.0591241
1.0662124
1.114745
1.1315286
1.1337126
1.0744201
1.0312271
1.0592706
1.06501
1.0587851
1.0608969
1.0652409
1.1003598
1.0411624
1.050625
1.0942452
1.1334052
1.134925
1.1550779
1.136535
1.1580591
1.1779423
1.1163596
1.1387502
1.1595372
1.0995909
1.1663871
1.1534638
1.1928989
1.1320678
1.1691039
1.2163622
1.2261448
1.1902621
1.1691039
1.189976
1.1431226
1.1609111
1.2244778
1.2232156
1.168511
1.168511
1.066018
1.167348
1.1928681
1.057747
1.057747
1.0745151
1.1105613
1.0740507
1.0461266
1.0409051
1.0604814
1.0645522
1.148219
1.0974337
1.1179461
1.11139
1.1113801
1.1113801
1.2499104
1.2027355
1.1027131
1.1197685
1.1113801
1.1649991
1.1700459
1.1197685
1.1113801
1.1116698
1.11139
1.1065145
1.2184451
1.1099328
1.1084025
1.11139
1.1106608
1.0596318
1.1126829
1.2141796
1.1179953
1.1697181
1.1197541
1.1197541
1.0604697
1.1181628
1.1036842
1.1172408
1.117586
1.0933224
1.1934398
1.1934398
1.151633
1.1698315
1.0696613
1.0858238
1.1101338
1.0579294
1.0813752
1.0318263
1.1076152
1.123686
1.0735933
1.1206179
1.1206031
1.0966424
1.1470821
1.084821
1.1657914
1.1721467
1.133587
1.1845253
1.1870018
1.1809459
1.085228
1.1840811
1.0859432
1.085228
1.1858196
1.1871831
1.1818653
1.2223166
1.1884496
1.1875716
1.1871332
1.187475
1.1951544
1.1875716
1.1875716
1.1875716
1.2223166
1.303567
1.2446073
1.3056277
1.1875716
1.1538721
1.2331079
1.0857642
1.2223166
1.1960063
1.2519115
1.2248663
1.1567827
1.1942952
1.159477
1.1929212
1.123795
1.1276528
1.1551336
1.1237669
1.123781
1.222426
1.2242277
1.1667231
1.222426
1.2772409
1.222426
1.11998
1.3447359
1.2582726
1.1832308
1.2260345
1.2490221
1.2195147
1.2490221
1.2681613
1.2192737
1.21928
1.2398422
1.1655877
1.2353772
1.217692
1.253265
1.2174569
1.1693211
1.1656935
1.217692
1.2139214
1.2719991
1.1942302
1.1942441
1.2573744
1.2690732
1.2229459
1.2731225
1.3069141
1.2138987
1.1312231
1.2573236
1.2229459
1.2573744
1.2211137
1.2065829
1.2409141
1.222527
1.2038183
1.2156628
1.2156775
1.1948245
1.2099187
1.2095388
1.2159039
1.2192686
1.2089128
1.1529298
1.151722
1.1745485
1.180015
1.1885442
1.1975665
1.1937346
1.1005894
1.2077414
1.1357844
1.1627057
1.1504796
1.1607367
1.1682746
1.1622556
1.1817923
1.1631889
1.1623008
1.1623008
1.2472131
1.1628084
1.1604122
1.2548331
1.2401643
1.1569237
1.2110782
1.3095297
1.2101396
1.2179695
1.1802785
1.1626002
1.2179695
1.2670561
1.2129613
1.212683
1.2312785
1.2149982
1.1907263
1.2965401
1.2191991
1.2191991
1.2666776
1.19181
1.2190232
1.2191092
1.1725463
1.242638
1.3139455
1.2614282
1.2471685
1.2615112
1.2638063
1.1263775
1.1263775
1.1674945
1.2197087
1.2722036
1.2177753
1.2561448
1.2197087
1.3044499
1.2528863
1.2813026
1.2124512
1.2208837
1.2547197
1.255406
1.2197087
1.2234734
1.2615112
1.2197087
1.2686032
1.2197087
1.1912061
1.2197087
1.1912061
1.2180507
1.1014045
1.0895973
1.2197087
1.1137496
1.2124602
1.1576751
1.1124446
1.1576259
1.1019509
1.1512995
1.1850411
1.1561528
1.1573828
1.1851875
1.1381081
1.1909045
1.1878482
1.2075596
1.1824005
1.1185839
1.1524136
1.117319
