1.7453824
1.7431664
1.8016498
1.275413
1.6893235
1.7171935
1.629814
1.0899711
1.0862744
1.0775092
1.0791819
1.0779016
1.0789725
1.0425508
1.0786573
1.0322183
1.0584121
1.032259
1.0585129
1.0530797
1.0793248
1.0863928
1.0767437
1.0775024
1.0778037
1.0892496
1.0868341
1.1057643
1.0868341
1.0943184
1.0972313
1.0590398
1.0863415
1.1172032
1.118232
1.0972313
1.0914505
1.116857
1.075989
1.1121157
1.08061
1.0840139
1.1057527
1.0867237
1.1034749
1.1063983
1.0954756
1.0896719
1.0843034
1.0989232
1.1082976
1.1179812
1.1131207
1.0892853
1.1183022
1.0989226
1.1253933
1.0679502
1.0862893
1.0954978
1.0868922
1.0862893
1.168116
1.1395521
1.0809038
1.1904579
1.1681496
1.1397723
1.3305184
1.1980579
1.1997312
1.4062338
1.4003959
1.3319175
1.4047734
1.1988616
1.3476719
1.1743144
1.2736838
1.3266008
1.2007701
1.4030372
1.450645
1.3274618
1.4406513
1.4037676
1.4060383
1.335362
1.183546
1.2026361
1.4060383
1.1835376
1.4430658
1.4619462
1.3359041
1.2133834
1.3335456
1.4035909
1.3355601
1.2111449
1.319204
1.4057542
1.348664
1.3374608
1.3359154
1.4060568
1.3310553
1.4716965
1.119432
1.3358872
1.2113984
1.2113984
1.3309166
1.2109398
1.2113984
1.4334224
1.3357836
1.2113984
1.207713
1.2096192
1.3210828
1.1537787
1.401502
1.3529546
1.2258161
0.67964256
1.1194209
1.0989012
1.3191038
1.1194873
1.1194873
1.3358197
1.3191038
1.0742505
1.1194873
1.3188746
1.3485717
1.3358197
1.2863585
1.1196492
1.1194873
1.1030742
1.114935
1.1171404
1.114935
1.114935
1.114935
1.1134247
1.0910248
1.2846705
1.3473076
1.3462778
1.1196396
1.1150684
1.2852138
1.3165696
1.0915248
1.1150684
1.1150684
1.2778865
1.2542069
1.1128055
1.2679874
1.2434449
1.1150684
1.282227
1.1150684
1.3331664
1.1150684
1.1375287
1.4155681
1.2525464
1.376577
1.3910927
1.4470491
1.327559
1.3495208
1.2542069
1.1417986
1.2510948
1.3529546
1.1717218
1.16299
1.3191394
1.1665161
1.3602252
1.1717218
1.1292006
1.3156658
1.1720762
1.1607249
1.360813
1.1709543
1.1671906
1.3235185
1.1720762
1.1248157
1.3344748
1.3588002
1.2690914
1.2976285
1.1676372
1.1676031
1.3633844
1.1293254
1.3588002
1.1676372
1.3245538
1.2999729
1.3645504
1.1675452
1.1660429
1.1707771
1.3627082
1.1674597
1.1674597
1.1642329
1.1673232
1.2540275
1.3167461
1.1122463
1.2836219
1.0987414
1.0991272
1.220352
1.2674968
1.1030726
1.1024576
1.2193649
1.2273619
1.3152924
1.3068993
1.2748705
1.1093541
1.3111395
1.3113886
1.336491
1.2050589
1.2713774
1.3237822
1.1019439
1.102211
1.0959287
1.2138708
1.3465022
1.4766831
1.2219372
1.349251
1.3517765
1.3154565
1.4778106
1.1931516
1.2217207
1.3343151
1.2217207
1.2235498
1.2217207
1.2235498
1.3224386
1.4232019
1.1867639
1.2164221
1.2164221
1.2448691
1.2164221
1.2014241
1.2835844
1.2166677
1.2164221
1.1691134
1.2492499
1.2159668
1.2088847
1.1929635
1.1925226
1.2146113
1.2145389
1.214117
1.3084347
1.2404882
1.229948
1.4700812
1.46825
1.4682609
1.4659323
1.4317898
1.4317787
1.3627797
1.3711193
1.3711193
1.3586407
1.2407067
1.1937025
1.219352
1.2134537
1.2068994
1.2202102
1.338613
1.2767968
1.2202235
1.4593518
1.2202235
1.3384871
1.332768
1.2068136
1.4001507
1.2137115
1.3637055
1.2137115
1.3167391
1.2038441
1.2136633
1.2415096
1.2202102
1.2936796
1.2443161
1.2193679
1.3165368
1.2469585
1.2767968
1.2939914
1.4612172
1.3383492
1.4447234
1.2939914
1.2939914
1.2939914
1.4778653
1.2935758
1.4109321
1.2939914
1.4684876
1.3684216
1.2445011
1.2880793
1.5089768
1.4755116
1.4588488
1.3877727
1.2192814
1.541872
1.2835044
1.28867
1.2807508
1.2884933
1.2847015
1.5411232
1.4049064
1.4540229
1.2480153
1.5246321
1.235668
1.2568122
1.3885013
1.3917397
1.234118
1.34249
1.3807313
1.3812059
1.2343984
1.548117
1.3364497
1.4955965
1.5512915
1.472479
1.4596784
1.4760532
1.4584029
1.4610211
1.1973083
1.3802115
1.4221681
1.3432187
1.195876
1.0901246
1.1603695
1.3075229
1.3075229
1.2244558
1.2714058
1.2948139
1.2965677
1.1896923
1.2887555
1.2469976
1.2211555
1.2648268
1.3080459
1.3120649
1.2175132
1.316144
1.3131384
1.4259083
1.4197876
1.2215215
1.3200976
1.4294364
1.2215215
1.4339262
1.41667
1.3020035
1.3322285
1.2215215
1.3324656
1.3323956
1.2197932
1.2214497
1.2214497
1.212544
1.4258742
1.2236502
1.1516384
1.3047391
1.4258742
1.278293
1.3030634
1.3129233
1.336857
1.2802975
1.4291183
1.3199973
1.4337645
1.3198776
1.1906371
1.5021124
1.3184966
1.4210293
1.3200976
1.4210293
1.3063283
1.4209611
1.3200976
1.3274366
1.4206939
1.1531708
1.1718152
1.4219257
1.2880716
1.1718152
1.2570415
1.1717119
1.2878565
1.2880577
1.2880577
1.227322
1.2880716
1.2880716
1.2880716
1.3890265
1.397972
1.1718152
1.4161085
1.3890265
1.1718152
1.1718152
1.2048522
1.2723927
1.060999
1.047489
1.0384855
1.2420179
1.2399236
1.2627598
1.0648128
1.0648128
1.2616463
1.0647902
1.2671118
1.2551455
1.0752078
1.2616463
1.2665976
1.2327945
1.0648128
1.0543646
1.042898
1.240163
1.240163
1.0599424
1.0660942
1.0633999
1.1104738
1.0597154
1.0648128
1.240163
1.2616463
1.0450056
1.2326801
1.2658515
1.059738
1.0648128
1.240163
1.2536417
1.2627598
1.0622652
1.2658515
1.1515075
1.2656362
1.1571486
1.2336566
1.240163
1.0648128
1.2401397
1.0648128
1.2364686
1.0420711
1.2336566
1.2363534
1.240163
1.240163
1.2364686
1.2397001
1.261395
1.0648128
1.2658515
1.2606213
1.2626402
1.2640032
1.0620086
1.0648128
1.2406734
1.061912
1.2616463
1.0648128
1.240163
1.2618436
1.2812774
1.2842102
1.2660546
1.1276528
1.2643775
1.3521869
1.4351436
1.3480566
1.2434881
1.2222534
1.3523204
1.3848689
1.3523204
1.2724192
1.2727578
1.2234434
1.2727944
1.2711368
1.2726334
1.2727944
1.2710834
1.2693809
1.2742417
1.2726138
1.2614
1.3836219
1.5008254
1.2720727
1.6869985
1.2054031
1.2437826
1.6676278
1.2433425
1.2590637
1.6671447
1.667542
1.6648703
1.7474678
1.1747369
1.4903892
1.6616111
1.7005707
1.219237
1.6986889
1.7000116
1.2665071
1.2663282
1.7682809
1.6619593
1.2665071
1.2679415
1.6165209
1.7036736
1.7036736
1.4917802
1.4954785
1.4917217
1.2694341
1.4938115
1.8004799
1.4589825
1.4914609
1.4935501
1.4914609
1.4667448
1.8006318
1.8008226
1.2694341
1.6619631
1.2535882
1.2665602
1.6619631
1.2665602
1.2665602
1.2665602
1.6622322
1.6927698
1.6951556
1.2397245
1.6619631
1.7196034
1.2648686
1.2665602
1.2665602
1.2665602
1.7009945
1.127551
1.2405046
1.2657135
1.6609101
1.7009945
1.2608737
1.7064261
1.269252
1.2637067
1.1776389
1.7064261
1.4959649
1.2433425
1.6563416
1.7009945
1.650798
1.2665602
1.2665602
1.5816677
1.646557
1.2669357
1.3684618
1.1357255
1.1947705
1.3421181
1.1574749
1.1968806
1.2601737
1.5029925
1.3439846
1.430379
1.195823
1.1995115
1.7271309
1.1995115
1.7271309
1.2771428
1.722011
1.7230102
1.1983829
1.6951326
1.7297796
1.7297796
1.8396882
1.195823
1.7231076
1.8396882
1.7054219
1.6879998
1.6846795
1.1136032
1.7169441
1.1475986
1.1519247
1.2646005
1.3487111
1.7296958
1.1984991
1.6689866
1.7188407
1.2110851
1.1692489
1.1692489
1.6452315
1.195823
1.1286298
1.7867126
1.7736872
1.1305277
1.6976835
1.6976835
1.7866414
1.6976835
1.770401
1.6961315
1.1285717
1.1285717
1.1285717
1.1250417
1.069065
1.0998918
1.0983958
1.105713
1.0561738
1.069065
1.0686848
1.0983958
1.0686848
1.0679365
1.0683087
1.0683087
1.0698366
1.0976584
1.1141418
1.1126683
1.0973206
1.050696
1.0660791
1.0679365
1.091267
1.126162
1.029923
1.1150428
1.0945376
1.0938268
1.2349374
1.0975541
1.154884
1.1765277
1.1218817
1.0938268
1.0973289
1.0938268
1.1242191
1.1524945
1.0938268
1.0938268
1.0938268
1.193277
1.0938268
1.0943253
1.0975541
1.0936517
1.1009265
1.1067982
1.0551417
1.1009265
1.1856762
1.1458015
1.097483
1.0444226
1.1909313
1.1939719
1.1887316
1.1981125
1.0876144
1.0780116
1.0707697
1.0641574
1.0714358
1.0355111
1.0641574
1.0462621
1.0472918
1.0707697
1.0640562
1.0472918
1.0471889
1.0227078
1.0607634
1.0640562
1.0181905
1.0654222
1.0640645
1.0648326
1.0532694
1.0654222
1.0190579
1.0295558
1.0192214
1.0582776
1.0654379
1.0717167
1.0730085
1.0748993
1.0748993
1.0750943
1.0654222
1.0761051
1.071685
1.0934987
1.1009669
1.0749272
1.081469
1.089243
1.0998296
1.0987288
1.0817035
1.0771204
1.1011896
1.0748339
1.1062369
1.0770704
1.0974721
1.1003375
1.0765868
1.0981936
1.0983689
1.0765868
1.10033
1.1031169
1.0981991
1.1061954
1.087314
1.1001601
1.0604118
1.054474
1.0751804
1.1012905
1.1035602
1.0937179
1.091921
1.0920099
1.0745451
1.0698924
1.0698924
1.0993087
1.0917938
1.0991676
1.0949621
1.079103
1.0794076
1.0860617
1.0735111
1.0681566
1.0849574
1.0905892
1.065219
1.0893542
1.0682402
1.0987414
1.1068156
1.1088144
1.0937399
1.1017406
1.1059538
1.1136492
1.105626
1.0960809
1.095589
1.1469623
1.099038
1.1643033
1.1857246
1.0757439
1.0968382
1.096917
1.1491276
1.1810722
1.1082221
1.0905033
1.1518565
1.1491276
1.1257255
1.1049653
1.0974385
1.1090176
1.1491276
1.0656521
1.0967215
1.0968306
1.0841117
1.096846
1.0968536
1.0483778
1.1492932
1.150928
1.158212
1.090451
1.0996805
1.1300895
1.1000783
1.1000639
1.1734364
1.08676
1.0992249
1.1278958
1.1281694
1.0807468
1.0957872
1.142095
1.1103462
1.0977218
1.0871062
1.151545
1.151545
1.1095076
1.1100515
1.1512868
1.1095333
1.0988938
1.1543306
1.2253313
1.1944667
1.2288442
1.1975096
1.0582011
1.1109096
1.1223669
1.16972
1.1018485
1.1023405
1.1566195
1.113038
1.1382861
1.1069925
1.1069925
1.0927645
1.1577456
1.1222044
1.1814181
1.1305277
1.1811391
1.1222044
1.1296034
1.1296034
1.1104738
1.1214616
1.1464118
1.1222044
1.1592323
1.1218328
1.1800059
1.0704769
1.1222044
1.1718515
1.1218817
1.1296034
1.1222044
1.1222044
1.1221114
1.1271659
1.1810645
1.1218127
1.1703782
1.1216308
1.1213652
1.1290076
1.2204449
1.1218328
1.1007462
1.1218328
1.1218127
1.1218328
1.0769172
1.1218328
1.1218328
1.1257073
1.249026
1.110005
1.1222044
1.177197
1.126162
1.1294606
1.2236699
1.119241
1.1185839
1.1446097
1.1785989
1.1257073
1.1785989
1.1072335
1.1785989
1.119241
1.1123557
1.1191596
1.1257639
1.167527
1.1075922
1.1103277
1.1177531
1.1075922
1.2096916
1.1103277
1.1075715
1.1098523
1.0847554
1.052086
1.2090536
1.0980778
1.2177595
1.1103816
1.1537783
1.0555725
1.083973
1.1018907
1.1010288
1.204307
1.0804378
1.1074257
1.1074128
1.1074568
1.1075922
1.1075922
1.1098523
1.1103277
1.167527
1.1671863
1.22029
1.1296034
1.167527
1.1075922
1.1075505
1.2048844
1.167527
1.1103277
1.2338605
1.1567827
1.1002349
1.1029835
1.1029835
1.1216195
1.1639796
1.1355913
1.1064733
1.1716101
1.1154965
1.1147528
1.1184844
1.2122957
1.1154965
1.1716101
1.1154965
1.2355582
1.1138247
1.1106272
1.1312057
1.1082708
1.1153104
1.1069812
1.0921545
1.1060954
1.1739137
1.21212
1.2394216
1.1047351
1.103492
1.103492
1.103492
1.1047351
1.1601888
1.1601708
1.103492
1.103492
1.2054608
1.1152359
1.162497
1.112796
1.0622567
1.1040554
1.1050184
1.0909414
1.1047351
1.2218277
1.0992916
1.1763958
1.1332757
1.1332757
1.1194242
1.0742214
1.2175816
1.1752598
1.133153
1.1011355
1.1014225
1.132289
1.0955188
1.1332757
1.1332757
1.1194242
1.1049042
1.1763595
1.1331836
1.1761065
1.0960069
1.0445695
1.1192719
1.1330284
1.1541126
1.1047808
1.1188984
1.1335223
1.1147127
1.1335223
1.1192719
1.1193479
1.1188984
1.1191785
1.1335223
1.0729096
1.1025605
1.1043949
1.1025605
1.1297038
1.0953516
1.072808
1.0729331
1.0797002
1.0729096
1.0729096
1.1103296
1.1276299
1.1011187
1.0711126
1.0675576
1.1133913
1.1271572
1.1318573
1.0832399
1.1235675
1.1251296
1.050097
1.0669572
1.0669572
1.0671468
1.0556577
1.1182214
1.1245164
1.0851187
1.0482146
1.058617
1.0849153
1.0476644
1.0593581
1.0414783
1.0476644
1.0482136
1.1382266
1.0476644
1.0785891
1.0636731
1.0427599
1.0420418
1.1382796
1.0425644
1.0424706
1.0498171
1.0803013
1.079623
1.0744636
1.0811051
1.0863683
1.0736113
1.0492446
1.0948179
1.1482652
1.1375436
1.1375003
1.0962851
1.1024743
1.0956273
1.0934253
1.1661539
1.1739724
1.1015952
1.1184292
1.1036096
1.0966319
1.1561381
1.1153103
1.1185664
1.11875
1.1034209
1.1266211
1.0942972
1.1030655
1.105961
1.0970756
1.1132411
1.1208076
1.1030595
1.105961
1.0817922
1.1044017
1.1322316
1.1333233
1.1333479
1.1333233
1.1245216
1.1788385
1.131856
1.1699375
1.1400144
1.1311303
1.0982556
1.1007462
1.1591051
1.1007462
1.1546036
1.1007462
1.1238235
1.0875897
1.1333989
1.0667475
1.1141387
1.1246749
1.0941269
1.0551356
1.1135446
1.113664
1.1483363
1.1609676
1.107981
1.1141088
1.1331004
1.1881692
1.113664
1.1117556
1.1127092
1.1332985
1.113664
1.0516517
1.1286235
1.1050904
1.0837444
1.1100683
1.1416862
1.113664
1.1127092
1.113664
1.1141418
1.1510012
1.1068729
1.1051431
1.0611138
1.1096272
1.0913637
1.0803177
1.1612399
1.1204114
1.1534328
1.1169716
1.1222503
1.1295782
1.148933
1.1290892
1.1290603
1.1423687
1.0937173
1.1290892
1.1273685
1.129322
1.129322
1.1461126
1.1568526
1.1461126
1.1102456
1.1023449
1.091405
1.0580449
1.0977923
1.1144184
1.0999627
1.0494189
1.0892954
1.0886902
1.1151307
1.0494189
1.0885286
1.0930114
1.0495139
1.0493807
1.0840297
1.0976251
1.0470816
1.0930114
1.046208
1.0340543
1.0465063
1.0501837
1.0463063
1.0458976
1.0968089
1.0461371
1.1160207
1.0465046
1.1065872
1.1163921
1.0735804
1.0652618
1.040879
1.0707829
1.0632633
1.0532739
1.0465046
1.0735804
1.073253
1.0735804
1.1423645
1.1549754
1.1504675
1.1544175
1.0735804
1.1377491
1.1462477
1.063422
1.1544254
1.1597651
1.1523575
1.1614038
1.1551751
1.1379789
1.1455057
1.0742583
1.1423838
1.0736027
1.1423838
1.0736027
1.0721921
1.1425784
1.1557933
1.140695
1.0639212
1.1373098
1.1395624
1.0746009
1.1462893
1.1459837
1.0716434
1.1571423
1.1370308
1.0755736
1.0693299
1.1220086
1.1376108
1.1464664
1.1571423
1.1573542
1.1572139
1.0770593
1.0770593
1.0770593
1.1466393
1.0772144
1.1466393
1.1593533
1.1590003
1.1590003
1.0772367
1.1581055
1.1568905
1.1442428
1.1626375
1.0744511
1.0744511
1.0744722
1.162749
1.1537962
1.0744511
1.1581055
1.0744511
1.150192
1.1443617
1.1572952
1.1631418
1.1555965
1.1620469
1.1159316
1.1399987
1.0716712
1.1572344
1.0612432
1.1400279
1.1159316
1.1159316
1.1218328
1.165435
1.1159316
1.1159316
1.1646211
1.2098638
1.1719915
1.1043278
1.1218328
1.1211792
1.1719915
1.2155551
1.2158096
1.165435
1.1868391
1.2129067
1.1222044
1.2177936
1.2143142
1.1719915
1.1126578
1.1988205
1.1567392
1.1817105
1.185368
1.1033981
1.2006366
1.1567295
1.1567392
1.2070516
1.1567295
1.1781626
1.156441
1.1564388
1.1033128
1.1564368
1.1029149
1.1029149
1.18517
1.2151816
1.1029149
1.1013267
1.156441
1.1013267
1.18517
1.1029149
1.1029114
1.2000262
1.1033981
1.1494634
1.1425484
1.156441
1.0565329
1.156441
1.2000262
1.2078172
1.0905147
1.1031138
1.1035225
1.1566603
1.0905464
1.116009
1.0952208
1.1971892
1.1649309
1.155377
1.171337
1.1385999
1.1567454
1.1590792
1.0827721
1.1252824
1.1322762
1.1665449
1.2214947
1.1034498
1.1347225
1.1034498
1.1134251
1.0867882
1.2246442
1.1590792
1.1034498
1.1188482
1.112191
1.1132154
1.067344
1.1154975
1.0521203
1.1403407
1.1939946
1.1013322
1.1023722
1.0752116
1.0743637
1.0703343
1.0704952
1.1278598
1.0704952
1.0558646
1.0698546
1.0651985
1.1905762
1.179634
1.0704952
1.118318
1.0743637
1.0701618
1.0701618
1.1667322
1.0701618
1.0701618
1.0701618
1.0701215
1.0648702
1.0701618
1.0757358
1.1278332
1.1681019
1.0701618
1.0864894
1.1093146
1.1269923
1.1094604
1.114428
1.1276081
1.1116776
1.1614727
1.1144347
1.1146107
1.0812958
1.1133144
1.0920671
1.0918947
1.0704896
1.096465
1.0704896
1.0477487
1.0518315
1.0945823
1.1001489
1.0703315
1.1075679
1.0676708
1.0701656
1.0980577
1.1123443
1.1132559
1.1216959
1.0688474
1.1217337
1.1213844
1.1216681
1.1217186
1.0483633
1.1241599
1.0483633
1.1181121
1.0485731
1.1343318
1.0533205
1.0487217
1.0484003
1.0562103
1.0269923
1.1316777
1.0483633
1.1944623
1.1513237
1.0912572
1.2045748
1.0896223
1.077781
1.0912572
1.0912572
1.2043298
1.172445
1.0912572
1.1462758
1.1568184
1.0978477
1.210357
1.1748103
1.2088934
1.1782044
1.2574637
1.1218317
1.2110242
1.2135514
1.2564156
1.2037474
1.2263305
1.1572145
1.1572145
1.2161703
1.1572145
1.099242
1.2258583
1.1587764
1.1771717
1.1778286
1.1238737
1.2125744
1.2105607
1.1543865
1.2293987
1.1561422
1.1561422
1.1561422
1.1561422
1.2115743
1.2036692
1.2130233
1.1559668
1.1736888
1.1561422
1.1561422
1.2036692
1.2058403
1.2352772
1.1561422
1.2190639
1.2212536
1.1205461
1.1527153
1.0985258
1.1526585
1.1222512
1.1398379
1.1229784
1.0536553
1.0884484
1.107593
1.13101
1.0886891
1.1269052
1.1016133
1.1198981
1.0777658
1.1019747
1.0935767
1.1332408
1.1330026
1.1583036
1.0301092
1.094777
1.188051
1.0985295
1.2117162
1.2170222
1.1882107
1.1003642
1.1366963
1.0306892
1.0375257
1.2146438
1.2006845
1.2200637
1.2629856
1.3016021
1.1296573
1.0828234
1.2838439
1.091858
1.2514069
1.2835187
1.1856086
1.0837644
1.2312976
1.0794022
1.2892781
1.0794461
1.0791962
1.0907842
1.2198015
1.0976534
1.0565034
1.0678123
1.055933
1.2902921
1.2990739
1.0846833
1.2519891
1.0783187
1.243528
1.1058953
1.2600907
1.2064078
1.2989584
1.1729542
1.2565403
1.1749302
1.1352757
1.1405989
1.2206241
1.1537102
1.1434702
1.1447062
1.1537102
1.1958034
1.3239738
1.1369432
1.1537102
1.338593
1.20351
1.3255016
1.1579397
1.2951443
1.1561875
1.2784921
1.1780275
1.2274641
1.227568
1.2686535
1.3080115
1.227568
1.337541
1.227568
1.2647113
1.3389192
1.2292353
1.2859704
1.265404
1.2077498
1.3377786
1.2288502
1.227568
1.2821536
1.3063112
1.3063238
1.3492376
1.3701249
0.78449327
1.1229181
1.1567591
1.3800726
1.3798863
1.2686535
1.2653276
1.4393467
1.2625189
1.3771111
1.2684714
1.2679257
1.1945438
1.178206
1.1900488
1.178028
1.1794552
1.1684208
1.1686049
1.1570065
1.2254521
1.1443553
1.1854084
1.1706827
1.1941147
1.193839
1.193839
1.2197673
1.1941147
1.2272915
1.2299628
1.2201035
1.304145
1.2524962
1.251605
1.2495213
1.2083112
1.2283843
1.2661643
1.2512654
1.3487079
1.2139591
1.220151
1.2400889
1.3291775
1.3401449
1.222632
1.2221787
1.2669816
1.2584068
1.2170784
1.2369617
1.3037113
1.272781
1.1962775
1.2069
1.2216672
1.2248403
1.2436769
1.2267542
1.2204202
1.216157
1.2639403
1.2257863
1.2248546
1.2731309
1.2248546
1.1961036
1.223601
1.2204202
1.1011649
1.2212682
1.2176454
1.1494901
1.158155
1.2156962
1.3669269
1.3660426
1.373986
1.3704362
1.373986
1.3669269
1.4238738
1.3434949
1.3669269
1.4906769
1.3160138
1.364525
1.3667057
1.5253062
1.4904147
1.2753831
1.5253062
1.3390552
1.2736417
1.2584211
1.4980214
1.4807928
1.4807928
1.2263297
1.2658182
1.2263297
1.3533282
1.4810466
1.3527913
1.4623396
1.1978568
1.2263297
1.2254201
1.2199271
1.1978568
1.4995118
1.2263297
1.2245117
1.3883547
1.2263297
1.498825
1.4206939
1.4962
1.2263297
1.2263297
1.2199271
1.3440739
1.4914358
1.2263297
1.3533282
1.2788275
1.3533282
1.4246918
1.2263297
1.1202093
1.2202375
1.2151119
1.2125101
1.1718152
1.1978568
1.2262077
1.1203027
1.1203027
1.1203027
1.1704186
1.2101524
1.1203027
1.1717973
1.1215314
1.2038
1.1215314
1.220559
1.1717973
1.1988963
1.1214384
1.1215314
1.0765084
1.2167338
1.1190624
1.1215314
1.2129374
1.2235465
1.2244965
1.1215314
1.223465
1.1346719
1.1675347
1.2197373
1.2191118
1.2420626
1.2420626
1.1745932
1.1802124
1.2185599
1.1375533
1.2156839
1.227322
1.2663977
1.265151
1.1715559
1.1776122
1.154951
1.1709895
1.1717345
1.1627424
1.2952818
1.1716987
1.1948282
1.2279493
1.1887103
1.1803272
1.1386001
1.1717525
1.1626945
1.0762566
1.1949644
1.0939413
1.1436635
1.1490949
1.1379284
1.0576913
1.0704769
1.1157306
1.1226649
1.1286404
1.1288131
1.0815147
1.0815147
1.1226649
1.1454105
1.1223856
1.0815154
1.0871239
1.0945492
1.0760057
1.0874879
1.08849
1.0815154
1.0783074
1.0815319
1.1045123
1.0783312
1.0353099
1.0827771
1.1167505
1.0998428
1.0998499
1.0997119
1.1224569
1.0974823
1.0944761
1.109401
1.107315
1.0863688
1.0773593
1.0641539
1.116717
1.1089238
1.1113523
1.1425043
1.1590878
1.1425043
1.1094393
1.1099346
1.1604275
1.1425043
1.1099346
1.1767135
1.1342524
1.1104003
1.0864024
1.0961752
1.1566147
1.071992
1.0934325
1.0720085
1.0970551
1.1567827
1.0879726
1.0961646
1.0962712
1.197455
1.0962712
1.1728729
1.2150679
1.1248494
1.2577597
1.1107323
1.1191596
1.1256992
1.1691978
1.1031188
1.1258206
1.1258206
1.1191393
1.1267363
1.1191596
1.227748
1.1258206
1.1258206
1.1189872
1.1191596
1.1191596
1.096944
1.1191596
1.1221235
1.1191596
1.2448659
1.2206613
1.2206613
1.1755294
1.1133757
1.214353
1.1557525
1.1980355
1.1252217
1.1235528
1.119241
1.1257073
1.1190784
1.2194362
1.2208422
1.1257073
1.1257073
1.0805515
1.119241
1.119241
1.119241
1.119241
1.110005
1.1257073
1.2383276
1.1257073
1.1257073
1.2221704
1.1257073
1.2705228
1.2432859
1.1296034
1.1221235
1.1222044
1.2200058
1.1210258
1.113038
1.1305277
1.1814181
1.0698167
1.2305188
1.1221944
1.1141418
1.2366304
1.1767356
1.1798593
1.1218317
1.1500435
1.1808865
1.1080424
1.1131085
1.083165
1.1083592
1.2039816
1.1083592
1.1677216
1.1677216
1.2448121
1.1083592
1.1131638
1.1024246
1.0772477
1.1034077
1.1083592
1.1131085
1.1150513
1.1150235
1.1048698
1.1151062
1.1038315
1.1044679
1.1044167
1.1708016
1.1041445
1.1795516
1.103679
1.1671085
1.1587383
1.098007
1.1795892
1.1717703
1.2101349
1.1935346
1.2259523
1.1713573
1.1454898
1.0692035
1.2281651
1.1953944
1.1959485
1.194299
1.2217674
1.194299
1.2276831
1.1867952
1.1975034
1.2587669
1.1955377
1.1795454
1.2160652
1.2040658
1.2174597
1.2178317
1.2177638
1.2145087
1.2154745
1.2229983
1.2163872
1.265235
1.1803044
1.2201637
1.2163872
1.1955377
1.1585264
1.1584053
1.160901
1.1015246
1.1577103
1.1923581
1.2064931
1.2321051
1.1742821
1.1681519
1.1345762
1.1748233
1.1431574
1.2704512
1.1743311
1.262245
1.1742821
1.1335225
1.2653497
1.1742821
1.2653497
1.1740116
1.2020961
1.1732287
1.2436624
1.2575134
1.1294748
1.117168
1.1786427
1.1613744
1.170258
1.1034256
1.1939328
1.1568656
1.254244
1.2605977
1.2260737
1.1738763
1.2648667
1.2648866
1.1817594
1.1944942
1.1292919
1.1497375
1.2007737
1.2134962
1.1383373
1.1315483
1.1551889
1.1638896
1.1940469
1.1973851
1.131687
1.0750237
1.1968619
1.1976701
1.2006029
1.129718
1.190256
1.2146983
1.21559
1.2158891
1.2047184
1.2079415
1.21545
1.2163944
1.1637161
1.1957146
1.1164323
1.2023638
1.1660194
1.192239
1.0954783
1.1630491
1.1177791
1.2125438
1.1710851
1.1011654
1.1502806
1.2119896
1.210672
1.2133268
1.1746455
1.2181845
1.2089674
1.2141631
1.1747718
1.2224697
1.1690363
1.2181057
1.1564922
1.1744691
1.1656705
1.1698859
1.1680896
1.2011206
1.1502119
1.1681752
1.2011847
1.2011847
1.1804883
1.1943824
1.2065412
1.1281568
1.1672865
1.1672006
1.1923062
1.1362659
1.1161516
1.1672006
1.2241936
1.1786714
1.1843585
1.1849502
1.1911112
1.1764194
1.2161028
1.163866
1.1891888
1.2413112
1.2029284
1.1477206
1.1586746
1.1583767
1.1583767
1.179294
1.1468914
1.2217191
1.233636
1.2368449
1.1946548
1.1586746
1.1774038
1.2368449
1.159253
1.2221551
1.2221551
1.159253
1.1868075
1.2221551
1.1868075
1.159253
1.1928195
1.1592886
1.1570432
1.184151
1.1592716
1.1282604
1.2449591
1.245063
1.2373735
1.2415749
1.1463548
1.1592716
1.1751287
1.1592716
1.2353535
1.1783446
1.1868045
1.1592716
1.1592716
1.1411203
1.1791998
1.1592716
1.1592716
1.1959299
1.1918492
1.1499493
1.2180467
1.1606076
1.1868045
1.2170619
1.1836842
1.0983123
1.2185068
1.1540915
1.1460108
1.1836842
1.1685703
1.1822482
1.1052568
1.2038219
1.1685703
1.1436691
1.138804
1.1814501
1.1234025
1.1460481
1.146244
1.1445533
1.1369516
1.1111056
1.214429
1.1373308
1.1941185
1.1878281
1.1261027
1.1990095
1.220623
1.242234
1.2748528
1.2005631
1.1989084
1.170287
1.2759697
1.2654908
1.2720599
1.1661428
1.0863905
1.1520966
1.0869308
1.1512735
1.0852499
1.079164
1.2072495
1.0889076
1.07902
1.0603145
1.2742453
1.2746439
1.2704601
1.2655088
1.0790489
1.10431
1.1619459
1.104529
1.1204498
1.1600857
1.2258348
1.3295727
1.3393972
1.3330032
1.1694102
1.3321445
1.1547947
1.1337425
1.1509492
1.3292445
1.3332882
1.3365694
1.3078322
1.3326436
1.3362597
1.3332165
1.1525064
1.288651
1.3513788
1.3473799
1.274222
1.323376
1.3441077
1.1376988
1.2541847
1.3222162
1.3357139
1.2030468
1.2273388
1.2672775
1.2481854
1.350982
1.1572872
1.3466377
1.0539614
1.1488653
1.1447271
1.2935174
1.0613334
1.0509578
1.0575379
1.1031969
1.1032674
1.1184206
1.1254786
1.1031635
1.1198086
1.1844035
1.18907
1.1310267
1.1007426
1.1007426
1.1595016
1.0999315
1.0858309
1.106446
1.1591485
1.1395286
1.1405329
1.1859496
1.2484219
1.1405876
1.2483974
1.1882861
1.185206
1.1405876
1.1859496
1.0532318
1.1859496
1.185206
1.2484219
1.185206
1.1408635
1.1882861
1.1405329
1.1859496
1.0979526
1.1405876
1.1405876
1.1875806
1.1320162
1.1355919
1.1399459
1.0707557
1.1405739
1.1474771
1.1404041
1.1374265
1.0445039
1.1421773
1.1859496
1.1867357
1.1438326
1.1699535
1.1391516
1.1911829
1.1968352
1.1262511
1.2126234
1.2168761
1.2434881
1.2656348
1.2026706
1.2464293
1.2436852
1.2322441
1.2129455
1.1859773
1.2059195
1.2020832
1.201364
1.2320974
1.1863177
1.2319999
1.1905617
1.2023083
1.2309166
1.2654896
1.4710742
1.4531168
1.4735619
1.391777
1.3358682
1.332974
1.3342377
1.5036925
1.5221556
1.3278124
1.2854604
1.3239737
1.5715986
1.4828328
1.4356018
1.4843132
1.4869603
1.3393128
1.2314745
1.2150481
1.4116125
1.366349
1.2866545
1.2126274
1.4244014
1.4596305
1.5038095
1.2680721
1.3330069
1.4859308
1.3364657
1.363333
1.370381
1.3363657
1.3391415
1.4562899
1.3348708
1.4579638
1.3945934
1.3360323
1.4546765
1.4530543
1.4579638
1.3364657
1.3347337
1.3364657
1.3392999
1.3443996
1.2539904
1.4307263
1.5573812
1.4662538
1.4579638
1.336249
1.2122184
1.3431445
1.2191478
1.218721
1.321881
1.226568
1.2568735
1.1970531
1.1824907
1.2095395
1.1653764
1.1981192
1.1869115
1.1981192
1.1981192
1.1979877
1.1854899
1.1280231
1.1871918
1.1868893
1.0719192
1.1451383
1.0973121
1.1963841
1.1842469
1.197251
1.1843485
1.0986444
1.0959929
1.1305275
1.1803675
1.0967474
1.1868237
1.1897238
1.0974002
1.1981192
1.0974002
1.1980023
1.1976849
1.1981192
1.1981192
1.3197107
1.1981192
1.187331
1.4434919
1.4424641
1.1959512
1.3197972
1.1981192
1.1981192
1.3951113
1.3205134
1.3205134
1.187007
1.1871194
1.1790779
1.1871194
1.2430643
1.3196114
1.1866893
1.377238
1.1857333
1.1272185
1.1857333
1.1539944
1.1857364
1.1723999
1.4316046
1.4610575
1.429132
1.1857333
1.3927351
1.3457656
1.388907
1.3091111
1.1857333
1.3858325
1.3893447
1.3942375
1.1989093
1.2542807
1.3093207
1.1147482
1.2280664
1.113393
1.2598823
1.2821363
1.1871676
1.1220086
1.1835933
1.1871675
1.1868045
1.4368755
1.1823174
1.1843516
1.1879472
1.1318628
1.1923254
1.267961
1.2605555
1.2608266
1.3089914
1.2949294
1.3116598
1.3110913
1.3319743
1.280598
1.1040231
1.2326136
1.2280159
1.3724381
1.4967165
1.5189295
1.3326654
1.227675
1.2278333
1.368056
1.4428768
1.2524946
1.481438
1.2386277
1.3744911
1.3724381
1.3425773
1.3475294
1.358738
1.3552328
1.1035126
1.3487337
1.0865258
1.311239
1.3425504
1.3205645
1.1507344
1.1507344
1.3418281
1.3450353
1.2550635
1.3132826
1.2992926
1.1083635
1.2698483
1.1529661
1.1529509
1.149201
1.1592185
1.2308279
1.3504918
1.1592337
1.3192624
1.1594111
1.3504918
1.3625407
1.3212351
1.3552948
1.3747741
1.2605174
1.3504918
1.2918224
1.3524405
1.1595252
1.2559104
1.1612403
1.3193684
1.2691088
1.1595252
1.3129712
1.35523
1.3655502
1.3505964
1.2609066
1.3132156
1.3506563
1.356206
1.2608445
1.3600967
1.5072947
1.3992023
1.2608445
1.2608445
1.2608445
1.519648
1.3444105
1.2608445
1.3831352
1.2608445
1.2606261
1.4948875
1.485249
1.2608445
1.3831352
1.2780004
1.5046079
1.4750625
1.4154897
1.288568
1.4366878
1.2886558
1.5304428
1.4876956
1.6139292
1.3688272
1.4088197
1.4947641
1.4714426
1.4154897
1.5288862
1.4555995
1.4519718
1.3671765
1.2621759
1.2876858
1.2429518
1.3847811
1.2443782
1.262498
1.3816006
1.3232552
1.387138
1.4409518
1.2701558
1.4993997
1.4980649
1.3462431
1.280119
1.3600305
1.3723812
1.2946895
1.5397844
1.3990396
1.4879355
1.373986
1.3669274
1.2824084
1.5015936
1.373986
1.3669269
1.4980649
1.2645221
1.5474133
1.5018009
1.4980649
1.3227115
1.3722059
1.3504559
1.3735424
1.5451678
1.5679686
1.373986
1.373986
1.4975394
1.373986
1.373986
1.3730992
1.4906769
1.373986
1.5012238
1.5451678
1.373986
1.3651526
1.5391531
1.5017713
1.3775207
1.363333
1.4971071
1.4834232
1.501728
1.5467788
1.3775207
1.3775207
1.3775207
1.2651314
1.3704513
1.3775207
1.3737506
1.2094942
1.3775207
1.3634046
1.3775207
1.2278303
1.2595401
1.3371603
1.1680329
1.2236699
1.129632
1.2648463
1.2134776
1.1994526
1.2278303
1.2242113
1.2242113
1.2278303
1.3499376
1.2278303
1.3179735
1.2182999
1.2516987
1.1214415
1.2643057
1.198587
1.2269236
1.2175616
1.2264707
1.2735174
1.2264707
1.1756207
1.2549186
1.2639524
1.2735174
1.2230927
1.2269236
1.2639915
1.2269236
1.2269236
1.2249128
1.2723801
1.2639915
1.0931911
1.2621026
1.2735174
1.2203461
1.2601153
1.2734101
1.186381
1.2157876
1.2229156
1.2659208
1.2159392
1.1059841
1.2708595
1.2287477
1.2005991
1.2876128
1.2649323
1.2479151
1.3016857
1.2479151
1.2204455
1.2479151
1.2209077
1.2207867
1.2479151
1.1464118
1.2649323
1.25031
1.2150549
1.2650921
1.2121636
1.1464118
0.57897156
1.1489888
1.1464118
1.1464118
1.1926119
1.135469
1.1121991
1.1441182
1.2118886
1.1923479
1.2118886
1.2107893
1.2291498
1.2537228
1.2118886
1.2099657
1.2605406
1.2457453
1.1423386
1.1423386
1.2581698
1.1423386
1.2462188
1.1423386
1.1423386
1.2605406
1.1423386
1.1252217
1.1779541
1.1464118
1.0837
1.1423386
1.1464118
1.1259342
1.1863325
1.2040889
1.1986741
1.1687831
1.1844107
1.1972845
1.2317239
1.2710897
1.2139419
1.2158197
1.2845199
1.2355187
1.7154255
1.2353154
1.6947925
1.2981303
1.7201065
1.562927
1.2154075
1.1866764
1.7260486
1.2991059
1.2978022
1.2355032
1.2991059
1.2853577
1.2198343
1.2900692
1.2991468
1.613461
1.6952765
1.5633821
1.8657644
1.8673034
1.862886
1.7078207
1.3231105
1.7968968
1.8432262
2.0014725
1.3172513
1.9106982
1.7262619
1.7475
1.8388714
1.6697909
1.786235
1.6815027
1.2255404
1.3630438
1.3627708
1.3105503
1.3628268
1.2594252
1.6045508
1.363275
1.6480384
1.6261109
1.1848581
1.3773268
1.6680205
1.8904092
1.7693056
1.9008282
1.8534994
1.7850481
1.3768194
1.3772703
1.1945126
1.5292244
1.3490475
1.5295137
1.3772703
1.4939376
1.2237276
1.3021986
1.2157129
1.1884496
1.216065
1.3015463
1.2121065
1.237558
1.2752136
1.193234
1.20147
1.2368673
1.20147
1.2159661
1.2752136
1.2008109
1.2162626
1.2008109
1.2008109
1.2159778
1.1013402
1.2004822
1.2486606
1.2948298
1.2227669
1.2372026
1.2088807
1.2363096
1.2008109
1.157728
1.2159778
1.2207265
1.185581
1.2159778
1.2006155
1.20147
1.2008109
1.2230686
1.2163035
1.1982155
1.2229009
1.2358502
1.1585338
1.1331234
1.1948639
1.200852
1.2007288
1.2320365
1.2993771
1.2084268
1.4189029
1.1854206
1.2536087
1.247033
1.3952328
1.3082763
1.4005277
1.4166234
1.2283391
1.4222432
1.2991893
1.1930639
1.1956599
1.2485071
1.2342219
1.2345666
1.2466325
1.1731694
1.2337456
1.2337456
1.1818783
1.2951277
1.2961597
1.2961597
1.2518103
1.1162969
1.2297894
1.1147109
1.2662379
1.1280371
1.1514755
1.13149
1.2159489
1.2180665
1.223907
1.0988421
1.1868969
1.2341753
1.2485429
1.0845532
1.1496722
1.1137879
1.0502728
1.1195699
1.2548789
1.0952535
1.2594953
1.2506355
1.0420991
1.1325969
1.0653071
1.1786805
1.1832285
1.250569
1.240218
1.2410568
1.1379238
1.1832285
1.1832285
1.2486106
1.2506057
1.202821
1.250569
1.292126
1.3134825
1.2508676
1.2237242
1.1786778
1.0846535
1.0511224
1.0386608
1.0530314
1.3018448
1.3280767
1.2379373
1.1649814
1.2389072
1.2760543
1.2684813
1.3184785
1.3203701
1.1727476
1.2044629
1.0978304
1.124701
1.0779375
1.0819999
1.1095394
1.2037998
1.2154531
1.0906291
1.0444974
1.152109
1.1555817
1.2130429
1.2919445
1.2349145
1.2165958
1.2184224
1.2349145
1.2286595
1.2182041
1.2076969
1.2829177
1.2162141
1.1807282
1.2170454
1.1464118
1.1894443
1.2088978
1.2429513
1.1542404
1.2159383
1.1797985
1.2224259
1.2123212
1.2034718
1.198949
1.2463135
1.2160099
1.2160099
1.0894034
1.2160099
1.247858
1.1971942
1.2869781
1.1941247
1.2220215
1.1573241
1.1913762
1.2000105
1.1770275
1.253986
1.2519923
1.2518067
1.2665173
1.270508
1.270508
1.2159438
1.2668571
1.2166429
1.1472671
1.1472483
1.1477791
1.1477791
1.2159438
1.110663
1.219639
1.1459016
1.2475328
1.1123902
1.2204455
1.1468588
1.1823771
1.1808842
1.2016299
1.212859
1.131328
1.2457486
1.2450343
1.2635448
1.2204455
1.3006401
1.2204455
1.2204455
1.2205279
1.2204455
1.2204455
1.297685
1.2204455
1.239535
1.2064315
1.2207794
1.2207794
1.142456
1.2061865
1.2254778
1.2208648
1.2420348
1.2477176
1.1958985
1.216413
1.2201576
1.216393
1.216413
1.216413
1.2152195
1.2472734
1.2154912
1.2349288
1.1452222
1.216413
1.216413
1.2705462
1.2290725
1.1952369
1.2267153
1.2164936
1.1987054
1.2379546
1.2263756
1.2330714
1.188363
1.1898395
1.1896563
1.2254534
1.185049
1.2355312
1.1778725
1.1851804
1.1599443
1.1300663
1.178031
1.2295526
1.2310243
1.1484535
1.1896317
1.1984197
1.1976619
1.2202544
1.127457
1.1863122
1.1837183
1.1304872
1.2015903
1.0859923
1.0991341
1.0824809
1.1370665
1.1738304
1.1804829
1.1332629
1.1329769
1.0856291
1.1592023
1.2246828
1.1326264
1.1330079
1.1947215
1.1947517
1.1978786
1.1946377
1.1948594
1.1378893
1.1947215
1.1948594
1.2075238
1.1948594
1.0945499
1.1531175
1.2243538
1.1846266
1.1946616
1.2500507
1.2362037
1.2513419
1.2637894
1.2002779
1.1836474
1.1248342
1.1784354
1.213624
1.2527373
1.1855582
1.2078937
1.179112
1.2338094
1.2160691
1.2220964
1.1702756
1.2157979
1.1855496
1.201105
1.1724384
1.212784
1.1964471
1.1968441
1.2552942
1.1897507
1.224528
1.1505959
1.2244791
1.2231826
1.2350836
1.1897507
1.1897507
1.1359524
1.2186159
1.1897311
1.2350197
1.2350836
1.2350836
1.1844854
1.2634478
1.2278564
1.2278081
1.2206739
1.1917374
1.2482076
1.2165445
1.1933407
1.2489402
1.2333914
1.2111212
1.1891264
1.1731974
1.1671374
1.1728374
1.2183686
1.268094
1.2944156
1.1858867
1.2183455
1.1858925
1.2304019
1.1843019
1.154541
1.0935321
1.184787
1.1836736
1.1800237
1.2317185
1.2202847
1.2231146
1.1780868
1.2202603
1.1860768
1.2655603
1.1971217
1.2186528
1.2232783
1.2214538
1.220236
1.1863586
1.2507502
1.3021486
1.1863586
1.1864538
1.255172
1.189877
1.2202603
1.1863586
1.2165886
1.1175888
1.1743922
1.182129
1.1363233
1.1726899
1.1831275
1.182129
1.180271
1.2061106
1.1598318
1.2522105
1.1361178
1.1143917
1.187641
1.0599467
1.0857267
1.0948457
1.0948457
1.1023942
1.1014479
1.0422863
1.0825427
1.0804557
1.1441557
1.1253291
1.1091496
1.1013217
1.1133268
1.0254186
1.1505567
1.0707166
1.0987744
1.123703
1.0739003
1.1356148
1.1146203
1.1389656
1.024892
1.074363
1.134611
1.1327612
1.0675724
1.1173037
1.1297588
1.0643721
1.0739701
1.1291988
1.1591352
1.129476
1.0561168
1.0911376
1.1802694
1.1291988
1.1276822
1.2000567
1.1947308
1.1349604
1.209606
1.1271499
1.1340444
1.1954195
1.1566693
1.1673427
1.1296737
1.134753
1.1715629
1.1701468
1.1944125
1.1950117
1.1490417
1.1957362
1.1994368
1.2172549
1.1470746
1.1652803
1.0563538
1.1134534
1.1923062
1.1905284
1.1541159
1.1994548
1.1541159
1.2368147
1.1938952
1.1870259
1.1541159
1.1671072
1.1541159
1.1869063
1.2183058
1.1541159
1.1245897
1.2219296
1.1588411
1.1588411
1.1588411
1.2041165
1.1588411
1.1891842
1.1483601
1.1880571
1.1833279
1.1588411
1.2219296
1.1588411
1.1246597
1.1535504
1.0994387
1.1011742
1.158748
1.14955
1.1871455
1.1871455
1.1870465
1.1871455
1.1576529
1.1871963
1.2370535
1.1706449
1.1588411
1.1588411
1.1923062
1.2041165
1.2026209
1.1594381
1.1641296
1.1871455
1.1949294
1.1862732
1.2185724
1.1588411
1.1706731
1.1871455
1.2972541
1.1951066
1.2508788
1.3256326
1.1989521
1.1463133
1.1991946
1.245363
1.2298603
1.1970779
1.2508788
1.2508788
1.1989692
1.2097465
1.2248672
1.2508788
1.146342
1.199186
1.2047087
1.199186
1.2501959
1.3153499
1.5518991
1.4994395
1.3766472
1.3634316
1.4842114
1.4361585
1.3764504
1.2657226
1.3491687
1.3766472
1.3372822
1.3224353
1.330805
1.3302613
1.2017225
1.2018381
1.2018381
1.2018381
1.4036574
1.2134105
1.2134105
1.2018545
1.2134105
1.2134105
1.3374351
1.4071313
1.3374351
1.3651868
1.2134272
1.4066302
1.2018929
1.212541
1.3374351
1.2123679
1.2134272
1.2134105
1.2019012
1.2134272
1.4073033
1.3374287
1.2113675
1.2134272
1.1857021
1.3374351
1.212541
1.3289661
1.2134272
1.3373038
1.4136592
1.2134272
1.2134943
1.2134272
1.2134272
1.4442035
1.4442035
1.3400915
1.1617455
1.3385121
1.2046959
1.2148572
1.4477401
1.4152367
1.4209611
1.4795142
1.3655545
1.3619381
1.3655545
1.3655545
1.3655545
1.215707
1.2042289
1.2156736
1.2156736
1.2085078
1.1916814
1.2094158
1.249768
1.2085078
1.2121756
1.2532883
1.2052191
1.2248777
1.142767
1.2071913
1.2273394
1.2331777
1.2325765
1.1260586
1.1187869
1.1387129
1.047717
1.2495841
1.0940586
1.2627575
1.1228273
1.1846232
1.1894914
1.1401198
1.2676666
1.1668425
1.1491295
1.2242827
1.1510307
1.1609004
1.1835113
1.2488575
1.1405307
1.1373804
1.1765221
1.1944743
1.2008555
1.1690027
1.1875805
1.1682372
1.2219
1.2400186
1.2101289
1.1993113
1.1419066
1.1658002
1.1623286
1.0742643
1.1314334
1.1318479
1.1621386
1.1462655
1.2035947
1.146342
1.1954087
1.1462655
1.2833802
1.2039688
1.1621386
1.1462655
1.1993293
1.2790612
1.1377028
1.196575
1.1465719
1.1616348
1.281001
1.1465719
1.1457881
1.1994526
1.1465719
1.1341839
1.2045605
1.1613804
1.1998861
1.1144973
1.0353658
1.0537422
1.1121669
1.0537422
1.0446043
1.1144973
1.0446043
1.0446043
1.0446043
1.0446043
1.1144973
1.1121484
1.0446496
1.0446043
1.0460827
1.0434499
1.0531181
1.1025726
1.0537422
1.1993002
1.0524954
1.0247256
1.1435409
1.0756583
1.1072905
1.0733502
1.1053002
1.0444034
1.0535187
1.1061672
1.1521127
1.1722684
1.1799936
1.1486274
1.1335375
1.1538457
1.1542363
1.1542363
1.1609136
1.1991459
1.1584551
1.2087741
1.1475573
1.1875442
1.2192973
1.2436777
1.1834478
1.1181757
1.1168956
1.0269878
1.0869243
1.118893
1.0715744
1.0751244
1.074323
1.0686848
1.0657606
1.0782224
1.0896105
1.0864682
1.0575597
1.0868468
1.0876514
1.0465416
1.0464293
1.0465697
1.0463176
1.0894717
1.0686756
1.0462316
1.0924957
1.054768
1.0547814
1.0716395
1.0750275
1.0547814
1.0575597
1.0805227
1.0332931
1.096188
1.0880854
1.0894717
1.1003957
1.0547612
1.0992681
1.0941997
1.1177568
1.0948684
1.0732907
1.1152064
1.0732907
1.092895
1.0920995
1.1055133
1.0608519
1.0608519
1.0608519
1.104658
1.0608519
1.0608519
1.104658
1.0679712
1.0971522
1.0681223
1.1228935
1.0681338
1.0651277
1.0679481
1.1236598
1.0679481
1.1275452
1.123781
1.1199154
1.1217276
1.1208799
1.0557034
1.0997751
1.070359
1.099802
1.1130806
1.1265894
1.070359
1.070359
1.0688409
1.0697349
1.0735838
1.0738991
1.070359
1.0831683
1.091034
1.0997751
1.0703832
1.1188258
1.1226974
1.0998828
1.1282986
1.070359
1.070359
1.070359
1.0997751
1.099802
1.1209176
1.1046927
1.0960398
1.098073
1.099802
1.151347
1.1563402
1.0997887
1.0997887
1.099802
1.1736906
1.099802
1.0743635
1.1137806
1.1224211
1.1432321
1.101846
1.1011647
1.0703716
1.0500821
1.0716735
1.0892876
1.0448478
1.0842142
1.0499163
1.1161908
1.0742979
1.1701257
1.1280538
1.0843995
1.1304396
1.0216384
1.1486217
1.1099021
1.0824405
1.2146306
1.2328129
1.143336
1.1776769
1.177683
1.2241949
1.1854197
1.177683
1.1748405
1.2239369
1.3002132
1.2205855
1.3363612
1.3495785
1.3604223
1.2591305
1.235785
1.2583953
1.1754222
1.2455738
1.1708868
1.1749406
1.2265614
1.3672858
1.2590386
1.3660237
1.3639978
1.1250603
1.1745583
1.2589511
1.2610614
1.3052335
1.0540898
1.1192186
1.1485304
1.1485304
1.1347513
1.1456225
1.0553128
1.2003942
1.0723257
1.1717217
1.3216152
1.2016568
1.2821921
1.3754872
1.20089
1.3674265
1.2016568
1.2741611
1.3979212
1.2012733
1.2016568
1.3216152
1.3581506
1.3581095
1.2014987
1.2016568
1.20089
1.2016568
1.3385168
1.2292353
1.2016568
1.2776647
1.2854887
1.3695244
1.3216152
1.2821921
1.2016568
1.3937194
1.3216152
1.2016568
1.3216152
1.3581506
1.3695244
1.2016568
1.2016568
1.3581506
1.2012733
1.0505855
1.1905682
1.3159493
1.0615153
1.1955512
1.2016568
1.2821921
1.2806482
1.2012733
1.2821921
1.201465
1.2503175
1.2920796
1.3616174
1.3768095
1.3648237
1.4817661
1.3784405
1.2463417
1.3939391
1.3734317
1.3315899
1.2573752
1.2463417
1.1961745
1.1676327
1.1288017
1.1659008
1.1850513
1.1642612
1.157616
1.149488
1.1223071
1.136647
1.1229681
1.1352485
1.1274191
1.1948097
1.1352485
1.1902405
1.1901485
1.1364042
1.1500763
1.113253
1.1614381
1.135694
1.1439285
1.1280441
1.151459
1.1198055
1.1388301
1.1415386
1.0604448
1.074436
1.0458733
1.059626
1.0676295
1.0697736
1.1547046
1.1695936
1.261399
1.2681497
1.0728053
1.2817343
1.2556624
1.2471441
1.0744722
1.0685078
1.0734663
1.2517318
1.2500074
1.2575338
1.2862803
1.2480855
1.281731
1.282827
1.073789
1.0737994
1.2524693
1.0731437
1.0541923
1.0744722
1.0741397
1.2551864
1.0734754
1.2769715
1.2733712
1.0741397
1.2235712
1.2781482
1.269571
1.2180855
1.2628403
1.257935
1.165603
1.2835888
1.2843677
1.1567844
1.160112
1.1216556
1.1214951
1.1805725
1.2196988
1.2191808
1.156951
1.1576499
1.271704
1.2714423
1.322124
1.2272143
1.21629
1.3239132
1.3180689
1.3380867
1.2263174
1.247569
1.2263174
1.2263483
1.2265449
1.2263097
1.2792538
1.2988468
1.2680851
1.2680851
1.2792538
1.2669591
1.2669387
1.2690209
1.2254086
1.2669781
1.2669387
1.2254086
1.1970341
1.2220539
1.2177334
1.1871551
1.1307766
1.0937611
1.2063122
1.1094893
1.1575179
1.1307766
1.1490341
1.1478807
1.1152396
1.1679997
1.1093876
1.1123673
1.1592758
1.1467223
1.1741003
1.1703235
1.1072583
1.0839266
1.0685784
1.1095293
1.1633656
1.1888765
1.112674
1.2130259
1.1621954
1.1127654
1.1638246
1.1142308
1.1703924
1.1186575
1.1192089
1.119518
1.1077588
1.119518
1.1181573
1.119518
1.169815
1.12538
1.119518
1.1698236
1.119518
1.1207776
1.1969556
1.1896563
1.1969556
1.0994377
1.1573224
1.1202252
1.2043105
1.2122707
1.169815
1.1045164
1.1530374
1.1824313
1.0970979
1.0953349
1.0954386
1.1457124
1.1662607
1.206909
1.193837
1.1521294
1.1159667
1.1075914
1.114868
1.0658201
1.1160595
1.1662607
1.1589278
1.169146
1.1592916
1.1404213
1.094698
1.1555723
1.1559908
1.2009714
1.1079834
1.1080121
1.2103525
1.1102989
1.1562619
1.1604067
1.1102358
1.1120046
1.2043127
1.1033267
1.1616718
1.162096
1.156152
1.1102377
1.1041676
1.1043646
1.1162599
1.1572337
1.1041986
1.1434923
1.2001317
1.1857352
1.1572455
1.1689415
1.1209534
1.1558329
1.1190794
1.118473
1.1074797
1.1617175
1.2037675
1.2042084
1.1107469
1.1697136
1.1192945
1.1969053
1.1631244
1.1192945
1.079694
1.0876728
1.1192945
1.0875002
1.1757514
1.0876728
1.0875002
1.1727713
1.1302774
1.1728135
1.1602068
1.1762252
1.0878454
1.1699369
1.1737386
1.1344782
1.1382028
1.0914311
1.0928302
1.1418805
1.1774284
1.1145074
1.1583036
1.1776633
1.1806916
1.091128
1.1776633
1.094262
1.1187804
1.070122
1.1143767
1.1067811
1.1196563
1.0549123
1.1248428
1.0632063
1.1379869
1.13962
1.1380311
1.1378806
1.1380311
1.0630813
1.1380311
1.1099392
1.0616322
1.0628997
1.0628091
1.1379774
1.0632747
1.1503451
1.1291498
1.1317174
1.0629859
1.1459548
1.1506774
1.3655574
1.3897569
1.1382011
1.3673873
1.3815334
1.4013199
1.167914
1.163377
1.2871603
1.4013143
1.2842025
1.1678498
1.3340355
1.1679323
1.1672329
1.0756556
1.0669584
1.1466346
1.3411252
1.2107096
1.2659771
1.1587962
1.2662922
1.2738997
1.2634848
1.2499455
1.2666079
1.2666079
1.2317452
1.0160718
1.0464392
1.2665684
1.01597
1.2665684
1.0160718
1.2304205
1.2660367
1.0160718
1.0273341
1.024556
1.2660367
1.0160718
1.2662725
1.2662725
1.2665881
1.2662922
1.2313324
1.2662922
1.018522
1.2609546
1.1387751
1.2360395
1.2029766
1.2662529
1.2662332
1.2662332
1.2662332
1.2661102
1.130595
1.1627792
1.0154927
1.0426141
1.1720116
1.1337396
1.0198092
1.1337543
1.2696949
1.2696949
1.2711232
1.019498
1.0190864
1.1842701
1.0330706
1.031545
1.281815
1.032839
1.2884847
1.2896425
1.0322888
1.0327333
1.2725616
1.03305
1.2725616
1.03305
1.2722737
1.03305
1.03305
1.060725
1.2878888
1.2908574
1.2864724
1.0398458
1.2791922
1.2980262
1.1187027
1.0678486
1.2209694
1.2900697
1.2220855
1.0321159
1.0924532
1.2768906
1.243625
1.288314
1.039762
1.27149
1.1106528
1.3161519
1.3089771
1.3948072
1.1118042
1.1134763
1.3159219
1.3213221
1.3352627
1.1095929
1.3576791
1.3515
1.3205464
1.3157488
1.1095514
1.1249894
1.2967634
1.3350619
1.374671
1.3747655
1.3350619
1.1298059
1.336137
1.1259044
1.3350619
1.3351064
1.4146323
1.3982238
1.4186876
1.3979249
1.3992932
1.1282614
1.2694451
1.1411471
1.3174309
1.3402172
1.3509315
1.1368787
1.2642066
1.3463244
1.1285245
1.4008429
1.1213905
1.4005209
1.3491019
1.3423226
1.3269086
1.1331213
1.2882824
1.1329983
1.13111
1.1170415
1.3436223
1.3371774
1.1329983
1.0729078
1.3355145
1.3368759
1.3055077
1.3078899
1.3270862
1.3066982
1.133492
1.0729078
1.0729078
1.3078899
1.3466545
1.345469
1.2865407
1.3020716
1.3174162
1.0799028
1.3394389
1.0652218
1.3198427
1.2838453
1.0818151
1.3497499
1.0818151
1.0673118
1.3497499
1.0947169
1.352677
1.0818151
1.3600994
1.3497499
1.3493599
1.0817543
1.2831669
1.1337384
1.3116819
1.074329
1.0525997
1.0525997
1.0419565
1.0419565
1.0433179
1.0663393
1.0679365
1.0555725
1.0642766
1.0433179
1.0433179
1.0678967
1.0572401
1.0433179
1.0579867
1.0699571
1.0572516
1.0714899
1.0503496
1.0699571
1.0500735
1.1138587
1.1261631
1.1193647
1.0502721
1.0678967
1.0678967
1.0714899
1.0849693
1.1335006
1.1335006
1.1125042
1.1011637
1.135865
1.1170706
1.1012467
1.134318
1.1001788
1.0957803
1.1012285
1.1441659
1.132005
1.093307
1.1494533
1.144164
1.1001788
1.095891
1.128811
1.1386014
1.1147748
1.152264
1.1286294
1.1422526
1.1001788
1.128448
1.1001788
1.1288472
1.0930972
1.1090549
1.0997186
1.1152434
1.1152434
1.1152434
1.1001788
1.128811
1.0731857
1.1179328
1.0997596
1.1173744
1.0997186
1.0997186
1.1116183
1.1087569
1.1192536
1.1108495
1.1031724
1.1406858
1.1198826
1.1407359
1.1105577
1.1198826
1.101776
1.1031724
1.1393472
1.1031724
1.1198826
1.1119928
1.1031688
1.1031688
1.1031688
1.1330727
1.1188065
1.1515789
1.1318119
1.1332688
1.1031688
1.0894908
1.1332688
1.1031688
1.1031688
1.1406858
1.1197252
1.1031688
1.0504224
1.1031688
1.1031688
1.1030579
1.1011754
1.0891806
1.1881772
1.103176
1.1031688
1.2079778
1.1571844
1.1611582
1.2144544
1.1031688
1.1536229
1.2080624
1.1611582
1.201844
1.1990827
1.1007473
1.1571754
1.2139581
1.2144544
1.0995096
1.1011754
1.1701353
1.1720167
1.1011738
1.1011754
1.1570699
1.187155
1.1012521
1.2026899
1.1011754
1.1011754
1.2147143
1.1285245
1.1011754
1.2174389
1.218469
1.2275547
1.1490198
1.1994354
1.3694451
1.2275547
1.2817869
1.2275547
1.2567074
1.220325
1.2655956
1.273331
1.2742954
1.216889
1.2650921
1.1222044
1.227587
1.3249652
1.2305188
1.2742954
1.2742954
1.2278303
1.227733
1.2248663
1.2276196
1.218292
1.2650921
1.2242113
1.2650921
1.2652494
1.2277163
1.2649323
1.1296034
1.2479151
1.3233149
1.3232597
1.3232212
1.2708788
1.1719915
1.2278465
1.2650921
1.2278465
1.2650921
1.2278465
1.2650921
1.2278465
1.2278465
1.2278465
1.220822
1.2649323
1.2686697
1.2686697
1.1814181
1.2552222
1.1814181
1.1011626
1.1814181
1.1155655
1.2197249
1.1106056
1.1155655
1.1155655
1.344601
1.3420324
1.3400042
1.2197249
1.3394659
1.1155655
1.3116213
1.3433518
1.415306
1.3444672
1.2197331
1.4524889
1.3416991
1.341717
1.2197331
1.215429
1.3555428
1.3529466
1.4934503
1.3678353
1.4903288
1.4909827
1.490526
1.3775772
1.4929782
1.3700686
1.3705077
1.3705077
1.4922067
1.3705077
1.4915859
1.3704513
1.3704513
1.2685366
1.4389286
1.5367153
1.3704513
1.3179735
1.4981192
1.4907192
1.3145316
1.4907192
1.3172336
1.3024162
1.3823066
1.4933617
1.5154147
1.4682856
1.3826805
1.4234954
1.4125682
1.2213697
1.4449177
1.4747912
1.1582106
1.2680557
1.2677679
1.3797308
1.3730203
1.3721584
1.2798897
1.3220147
1.2680557
1.4223655
1.422255
1.4411678
1.472665
1.2818233
1.1972466
1.226362
1.226362
1.4156369
1.4150645
1.4704825
1.318941
1.261798
1.3716723
1.3187238
1.2619954
1.1713854
1.2619954
1.4230131
1.373935
1.2655033
1.2648273
1.2619954
1.488414
1.2619954
1.2622595
1.2619954
1.2629648
1.4249153
1.373935
1.2496552
1.3150547
1.5061301
1.4184147
1.3116403
1.2951714
1.1708337
1.2856547
1.1327933
1.3116403
1.437954
1.4236883
1.5061301
1.5127825
1.3115871
1.3185068
1.3116403
1.3656216
1.3099469
1.4236883
1.4236581
1.4887191
1.5061301
1.3193756
1.3116403
1.1688337
1.3017024
1.4130455
1.1625674
1.2775643
1.2287049
1.1964401
1.3156058
1.16547
1.2216843
1.2242197
1.3196481
1.3196481
1.17618
1.3196481
1.17618
1.17618
1.0385733
1.159721
1.3198253
1.3196481
1.1741047
1.0544182
1.2981397
1.4704211
1.3203584
1.387787
1.4017838
1.2796541
1.4027392
1.2679564
1.4485487
1.4020209
1.4138194
1.3069963
1.318446
1.2693462
1.3007884
1.4026861
1.1897186
1.1897186
1.1894498
1.3398359
1.3398359
1.1897186
1.4792478
1.4796175
1.3349591
1.3349591
1.4572341
1.4809747
1.500732
1.4874306
1.318457
1.1940761
1.190772
1.1894555
1.3518792
1.3398359
1.3220686
1.5039345
1.4630202
1.1939399
1.339925
1.2032019
1.3063197
1.4356501
1.2284478
1.4630202
1.3398359
1.1934112
1.2032019
1.1961505
1.1865661
1.339925
1.1939399
1.4864355
1.1939399
1.3398359
1.1939399
1.4623481
1.339225
1.4238199
1.0830127
1.339225
1.1850107
1.2196538
1.1949985
1.1939399
1.1865067
1.1625736
1.1832129
1.1794535
1.1614188
1.1862992
1.201393
1.2228944
1.0590795
1.1625922
1.2254155
1.1656945
1.1862992
1.1625922
1.1658423
1.1565238
1.2090869
1.1589429
1.1590042
1.258443
1.1959796
1.1590042
1.1808865
1.1808641
1.1581259
1.1590042
1.2161803
1.1588962
1.1600523
1.2388359
1.3082185
1.421188
1.421188
1.3083239
1.4197925
1.4762471
1.3213017
1.3051348
1.5460445
1.3016562
1.3621346
1.3083239
1.2164313
1.5170461
1.4211311
1.421188
1.4032695
1.3910059
1.4354376
1.370368
1.468686
1.4627537
1.2783402
1.3085239
1.4215134
1.4623405
1.1687251
1.3708439
1.4221687
1.3708439
1.251675
1.3708439
1.3087239
1.3708439
1.4221687
1.3679932
1.4043223
1.2594547
1.3708439
1.2594547
1.2602438
1.3495384
1.3708439
1.3707997
1.4203823
1.4017805
1.4271442
1.2470057
1.2148955
1.2842398
1.2758383
1.4221687
1.4510224
1.2593563
1.4038391
1.2470057
1.3708439
1.2594547
1.3707556
1.4221687
1.1565207
1.2837642
1.2150683
1.2587582
1.2566816
1.4681484
1.3087239
1.1884588
1.2470057
1.2593563
1.2119778
1.4357204
1.2470057
1.2477742
1.3567057
1.2359276
1.2602438
1.2072438
1.2088485
1.1710098
1.1359197
1.3504902
1.2798978
1.3204416
1.1383717
1.2852366
1.1486243
1.1484683
1.2390715
1.1486243
1.1486243
1.1486243
1.3423647
1.3204938
1.1242856
1.1911381
1.0966434
1.147996
1.1696622
1.3431932
1.279902
1.1696622
1.1397321
1.2594757
1.2716265
1.2757517
1.3504902
1.2798973
1.3275068
1.1696622
1.309066
1.1696622
1.1696408
1.2799848
1.1807969
1.1808641
1.2402534
1.3649151
1.3040968
1.2250488
1.330487
1.2555037
1.1788858
1.2661693
1.1496346
1.184061
1.1863638
1.1274197
1.0187547
1.0827235
1.1363674
1.1365585
1.1365585
1.1370287
1.1443962
1.1374139
1.061564
1.1374139
1.114828
1.1414146
1.1404233
1.1451434
1.0706393
1.1629668
1.1676695
1.0471953
1.0486519
1.1246088
1.1723231
1.1729969
1.1875824
1.2475365
1.2299985
1.1949795
1.1992466
1.1949795
1.129491
1.1949795
1.0987129
1.1615798
1.1250135
1.0881932
1.215897
1.1395642
1.2144347
1.1287743
1.1664511
1.2059976
1.1853521
1.1723311
1.1016699
1.2162527
1.1603723
1.2142471
1.2139124
1.165698
1.1825898
1.2043732
1.2182559
1.173036
1.1856915
1.2402916
1.173036
1.2177693
1.2182559
1.1827911
1.185581
1.1898752
1.1878757
1.1865761
1.1856915
1.173036
1.1782379
1.174545
1.174544
1.173036
1.1816721
1.173036
1.2093778
1.173076
1.1957788
1.1897835
1.147608
1.1610836
1.1670084
1.2098831
1.1610836
1.1727858
1.1894268
1.184073
1.1699136
1.2422545
1.0684347
1.1699136
1.1664236
1.1723573
1.2198839
1.2047005
1.2042117
1.1738423
1.1723573
1.1536751
1.1308644
1.0851603
1.2023802
1.2474679
1.1740314
1.2140499
1.2039452
1.1714936
1.1710303
1.1733515
1.1215398
1.2151004
1.1690395
1.2035186
1.1714828
1.1697278
1.1707889
1.2339209
1.1723573
1.1784761
1.0995411
1.2037274
1.1749449
1.2752403
1.1936538
1.2061563
1.20697
1.2181
1.1752384
1.2037866
1.1752384
1.1670932
1.177387
1.1818286
1.2041624
1.1746994
1.1750771
1.1752384
1.2041624
1.2954997
1.1756068
1.1765811
1.1765811
1.2087121
1.2100495
1.2090477
1.2100255
1.2367847
1.1272471
1.2552016
1.222971
1.1701705
1.1763986
1.2092835
1.1904393
1.2205267
1.1763986
1.1947894
1.2205267
1.2184938
1.2100495
1.2201195
1.2371557
1.2055112
1.0997002
1.2311482
1.1638933
1.1899835
1.2310528
1.2051972
1.2055186
1.2317524
1.2783705
1.2262447
1.1171827
1.1169511
1.115769
1.1805755
1.2051972
1.1812996
1.2191792
1.2262686
1.2227693
1.2191792
1.2265269
1.2257318
1.2010418
1.219681
1.2191486
1.2191486
1.1777347
1.1777165
1.2191118
1.2191486
1.1777347
1.1777347
1.2188979
1.1777347
1.2189308
1.2191486
1.2577726
1.2192982
1.2188979
1.1777347
1.1774435
1.1777347
1.2185849
1.1778805
1.2474407
1.2566675
1.2228847
1.2191118
1.2197998
1.225804
1.1558849
1.225804
1.2191118
1.1778805
1.2188249
1.2517319
1.2651873
1.2191118
1.1778805
1.2191118
1.1778805
1.157457
1.1775267
1.2252455
1.1756169
1.2011869
1.1808879
1.225804
1.1915869
1.2188611
1.2471224
1.1447414
1.1777347
1.2517319
1.2248507
1.1760786
1.225804
1.2189864
1.2175533
1.1802493
1.2604294
1.2185599
1.1802493
1.2185515
1.1746303
1.1801609
1.2183018
1.1447132
1.2185515
1.2197273
1.1758002
1.1802309
1.2096832
1.1949484
1.1011881
1.157572
1.1011881
1.2032353
1.1012752
1.1012752
1.157572
1.218292
1.157572
1.157572
1.100857
1.1012752
1.1427417
1.1012752
0.55686563
1.157572
1.1537439
1.1502583
1.0943997
1.157572
1.0946068
1.150104
1.0968368
1.2071737
1.0946068
1.1722587
1.19542
1.094612
1.0946068
1.180035
1.044106
1.1499541
1.0946068
1.0943997
1.1502483
1.1771868
1.0948668
1.1502483
1.0819863
1.0946068
1.1502483
1.1484301
1.1011626
1.1501344
1.0946068
1.1876866
1.2106018
1.180035
1.19542
1.2066617
1.1012752
1.1557335
1.2032353
1.0634133
1.1784443
1.207242
1.216148
1.0412114
1.2300162
1.2146016
1.207242
1.2427216
1.1612104
1.2064782
1.1525909
1.2162309
1.0912818
1.1703577
1.0912818
1.1370885
1.135401
1.1679423
1.1162769
1.1218818
1.1087981
1.0620309
1.1179577
1.1179577
1.1387233
1.1179577
1.1632762
1.1179577
1.1179577
1.1179577
1.1218141
1.1179577
1.1217214
1.1513335
1.0841953
1.1177639
1.1179854
1.1179854
1.1179854
1.1177776
1.1821527
1.1182258
1.1857342
1.2164736
1.2208233
1.2164736
1.2164736
1.106656
1.2317871
1.1106796
1.0449808
1.1103389
1.1076484
1.2099495
1.1419207
1.1257355
1.2089717
1.2432315
1.1733282
1.22273
1.2094915
1.2095
1.2648178
1.2420199
1.258799
1.2095
1.2086365
1.2418807
1.2425396
1.2056425
1.2395593
1.2557178
1.2095
1.2420199
1.2099407
1.2471219
1.2042634
1.2105538
1.0823368
1.1470487
1.129088
1.1114516
1.1675922
1.0591627
1.073041
1.0748131
1.1187416
1.1189533
1.1337888
1.0728402
1.101183
1.0728402
1.0730717
1.118387
1.1326851
1.1181744
1.0774223
1.1181744
1.1181463
1.3156555
1.3349533
1.0792856
1.1918225
1.3270706
1.3600566
1.34062
1.2958388
1.2835277
1.1930767
1.3568419
1.2254611
1.3036139
1.0667688
1.2841022
1.2836577
1.225302
1.0722363
1.2260798
1.2195462
1.3146833
1.2261318
1.377798
1.3779329
1.3206414
1.0685108
1.2261318
1.2261318
1.3369424
1.2194669
1.3358797
1.2261318
1.2262911
1.1031545
1.3275292
1.3776956
1.3781704
1.3556682
1.2212081
1.2714058
1.2279569
1.1785989
1.2279569
1.2279569
1.1783866
1.074612
1.066155
1.0470854
1.052086
1.0467627
1.0557481
1.066155
1.0622652
1.1266209
1.0696115
1.0772477
1.07011
1.0772477
1.0538267
1.1221235
1.0697234
1.1796116
1.0697234
1.1145806
1.094021
1.1141418
1.1141418
1.2366304
1.1104738
1.107892
1.087184
1.1141418
1.1699848
1.1702642
1.2123964
1.1140574
1.1643766
1.1628128
1.1582063
1.1702083
1.1307088
1.1663368
1.0847552
1.1463476
1.3045017
1.3118198
1.2676381
1.128832
1.1689819
1.340508
1.3196416
1.340533
1.2686515
1.3023548
1.1701711
1.3614378
1.3159314
1.110422
1.1700853
1.2627263
1.3256458
1.136066
1.3421707
1.1813251
1.1702456
1.1813251
1.3839085
1.3097249
1.1710217
1.349622
1.3408047
1.3879565
1.1813251
1.2823535
1.3380333
1.1813251
1.1799129
1.1720586
1.1813251
1.3564309
1.1757257
1.3384453
1.3396605
1.1813251
1.337406
1.3397431
1.3673602
1.1813251
1.3827577
1.1699136
1.3549907
1.1813996
1.3403463
1.3257186
1.1702456
1.1678928
1.2420102
1.3257186
1.262833
1.1609498
1.3562183
1.1702456
1.3562183
1.3379905
1.1602732
1.3379905
1.3257186
1.1702456
1.3182986
1.181046
1.1699024
1.284721
1.1813996
1.3564005
1.3406856
1.2824267
1.1813996
1.3395278
1.162668
1.2824267
1.3408047
1.3874257
1.2069923
1.2256086
1.3406593
1.2255751
1.136086
1.3387932
1.2255751
1.3914315
1.4044435
1.3880467
1.3405832
1.3563929
1.3563929
1.3734109
1.4003135
1.338901
1.4217522
1.4041848
1.2255751
1.2162263
1.3385168
1.3257368
1.2255751
1.2255751
1.4638016
1.2343456
1.1403322
1.2255751
1.154528
1.1814181
1.1702642
1.1814181
1.211017
1.3270849
1.1814181
1.1796508
1.352725
1.1814181
1.282445
1.371833
1.2506449
1.2510684
1.3198111
1.3792086
1.2510154
1.3198111
1.244283
1.1560848
1.2510154
1.2373191
1.1155452
1.2385772
1.074345
1.0715109
1.0747597
1.0747597
1.0564022
1.1530212
1.1784023
1.1000236
1.083769
1.0982829
1.0986985
1.0889709
1.0747597
1.0948362
1.0893306
1.0889876
1.1139108
1.1386167
1.1409528
1.0875517
1.0333956
1.1104913
1.1385335
1.0990707
1.2041161
1.1099737
1.1768161
1.0854094
1.1104913
1.1104913
1.1314625
1.1384504
1.1197319
1.1972562
1.2096002
1.2559692
1.2047426
1.1707222
1.2103679
1.1716543
1.2225924
1.2107242
1.1857071
1.2107242
1.2543526
1.2106303
1.1856885
1.126228
1.1522741
1.1277416
1.1756178
1.138483
1.1277546
1.0900614
1.1329103
1.1019657
1.0743563
1.1243385
1.1732471
1.1246991
1.1246991
1.1734095
1.1612569
1.1246991
1.1773597
1.226373
1.119142
1.1246991
1.2007638
1.1522741
1.1246991
1.1764404
1.1774012
1.1740149
1.1875343
1.1307681
1.1402651
1.2128813
1.1878651
1.1612995
1.1132146
1.2074586
1.2118472
1.2144086
1.1635582
1.1587636
1.1602887
1.2109739
1.1214981
1.1816553
1.1851332
1.2007701
1.2207052
1.2315234
1.1422149
1.1672679
1.1438653
1.1592562
1.1424458
1.1949238
1.1404886
1.1672455
1.1438653
1.2063121
1.1560329
1.1561521
1.2192597
1.1560404
1.1284163
1.2338747
1.2090492
1.1563756
1.1561521
1.1561521
1.1734377
1.1535195
1.1747028
1.2193532
1.2423453
1.2376547
1.2010214
1.1532075
1.1741533
1.1076467
1.2010683
1.1637458
1.1791792
1.1924161
1.1766924
1.1830834
1.0754007
1.1856496
1.1724788
1.1723132
1.1871572
1.1723132
1.2042837
1.1880418
1.1884845
1.1830337
1.1071913
1.2048165
1.2566365
1.1739724
1.222524
1.217308
1.1723132
1.2544948
1.2143422
1.2609794
1.1830834
1.1723132
1.1723132
1.1723132
1.193773
1.1742885
1.177851
1.2162433
1.1517818
1.2467659
1.2088909
1.2503067
1.1830387
1.1762891
1.1863918
1.1990408
1.1801896
1.1000253
1.1475103
1.1891961
1.1964911
1.2227724
1.1851835
1.155499
1.1536462
1.195137
1.2458278
1.1916933
1.1875076
1.2458926
1.2257047
1.1960012
1.2454414
1.2197429
1.195137
1.2258084
1.0959729
1.2294767
1.196184
1.1941615
1.2288743
1.2249938
1.1962174
1.2508136
1.2702445
1.1960012
1.2288743
1.1267084
1.2185336
1.1846472
1.2768333
1.1707878
1.2422568
1.1999007
1.1764731
1.1310544
1.158335
1.1611677
1.2304736
1.1939243
1.1310544
1.2023616
1.158335
1.1631638
1.1964262
1.1808865
1.1205233
1.2318839
1.1304284
1.1678776
1.1697191
1.1462183
1.1605093
1.1585572
1.0578817
1.1704047
1.229342
1.229342
1.2297158
1.2052069
1.2113298
1.1814798
1.080063
1.1788487
1.215165
1.2062501
1.2062501
1.2119098
1.2059126
1.2173165
1.1304699
1.1398839
1.1440091
1.164985
1.1308422
1.1286697
1.1289469
1.1551688
1.1300292
1.1498168
1.1378028
1.1505696
1.1957327
1.1082648
1.125445
1.1589875
1.1650743
1.1216205
1.1661191
1.2036684
1.1558882
1.1547108
1.1377054
1.1955198
1.1370391
1.1904165
1.1373775
1.1987956
1.1999515
1.1629696
1.1920682
1.1994388
1.1638726
1.1987251
1.1610274
1.1941655
1.1941655
1.1941655
1.1928527
1.1887169
1.1972002
1.2161129
1.369688
1.3671783
1.2902124
1.4227469
1.3845128
1.2129852
1.2909127
1.2462207
1.1797025
1.2707741
1.2971522
1.3413206
1.2352818
1.4616421
1.3921008
1.2838191
1.3921008
1.4240888
1.2359009
1.3935347
1.2753079
1.4241786
1.2772557
1.2772557
1.4475075
1.3074361
1.4464451
1.4470177
1.2829512
1.5097934
1.2772557
1.3921008
1.3960276
1.4009395
1.4137273
1.3653729
1.146826
1.2666138
1.2501813
1.2276466
1.293204
1.3155845
1.2736295
1.2304364
1.320126
1.1369158
1.2679074
1.2435758
1.2498534
1.2041912
1.1258403
1.2371999
1.3031927
1.2614763
1.1242956
1.2552478
1.2500193
1.2480062
1.3640403
1.4017693
1.2586479
1.2588586
1.4525329
1.4725369
1.4807695
1.4160453
1.2580427
1.3360062
1.3286748
1.216932
1.2588849
1.4005808
1.4130541
1.1098847
1.3871427
1.2619218
1.1806555
1.2188911
1.1590409
1.0863395
1.2053978
1.0686504
1.1355835
1.0553888
1.0662693
1.0555906
1.1281917
1.093512
1.0665673
1.0705979
1.0875868
1.2119637
1.1294451
1.1694926
1.109895
1.1098745
1.1098745
1.0976533
1.1013193
1.066258
1.0629815
1.0665785
1.0552685
1.1097455
1.1048877
1.2091728
1.1148227
1.1139373
1.2097805
1.1144155
1.1648645
1.1091834
1.1091717
1.0921861
1.0931486
1.1641781
1.1502256
1.1699576
1.1887153
1.0844882
1.0931486
1.1419297
1.0931486
1.1351635
1.2086027
1.1135122
1.0901407
1.093238
1.1279304
1.0833211
1.0931486
1.093238
1.0924731
1.0888169
1.086077
1.0688584
1.0894774
1.092389
1.0687573
1.0863582
1.0902736
1.0464363
1.0904391
1.0785431
1.0788869
1.0844437
1.087756
1.0904503
1.0789828
1.0858201
1.0374066
1.0793061
1.0448042
1.0904503
1.0890899
1.0640461
1.1099467
1.1172832
1.1918916
1.1138052
1.1168002
1.2117149
1.1913389
1.2090892
1.0713737
1.1709743
1.1190784
1.1905888
1.1951544
1.2054577
1.1885723
1.1909045
1.0933505
1.0929067
1.1940691
1.1865656
1.1813368
1.0790931
1.0786321
1.0938314
1.0813345
1.0939202
1.117319
1.1548747
1.1173011
1.1680329
1.167632
1.1945057
1.1171311
1.1167506
1.1949161
1.2155282
1.1680486
1.1680486
1.117319
1.1420285
1.117319
1.1564199
1.2167379
1.1689079
1.1943392
1.1866132
1.1186876
1.1218328
1.1443838
1.144692
1.1216472
1.1216472
1.1992533
1.2137208
1.1579119
1.2197388
1.1658423
1.1057658
1.1988205
1.1179227
1.1218328
1.1187071
1.1216711
1.1193137
1.1631032
1.1703447
1.1218328
1.1719915
1.199037
1.1080229
1.1719915
1.1719915
1.1218328
1.0949621
1.1590393
1.1144692
1.1159316
1.165435
1.1159316
1.17863
1.1159316
1.2681794
1.2191422
1.2554448
1.165435
1.2554448
1.2201811
1.2554448
1.237685
1.2747244
1.2679654
1.2822984
1.2555991
1.2059349
1.2464482
1.2253307
1.2273278
1.2299883
1.1717727
1.2273278
1.2742954
1.2273278
1.2231115
1.2273278
1.2494026
1.24736
1.2646791
1.2253307
1.2273278
1.2273278
1.2253307
1.2255169
1.2646791
1.2273278
1.2270685
1.2737184
1.2273278
1.3213954
1.5008808
1.5466723
1.5010674
1.5009359
1.3769071
1.2646791
1.3208807
1.3755242
1.5844746
1.3224285
1.4997933
1.4998204
1.5084311
1.3189518
1.3297232
1.4164249
1.2998518
1.4108434
1.4212364
1.4484044
1.2886926
1.1237669
1.2464728
1.2146674
1.2110052
1.2484297
1.2601392
1.344538
1.3249652
1.2166393
1.3094534
1.4983134
1.2150007
1.2150007
1.3173616
1.3162963
1.3094534
1.3230035
1.4451604
1.4449018
1.3232212
1.3232212
1.4451604
1.3231124
1.5040722
1.3026263
1.3061109
1.4243785
1.3996418
1.4232445
1.3712628
1.278957
1.1865989
1.1826887
1.3938926
1.2635037
1.1966859
1.2255436
1.2258494
1.445732
1.3790625
1.4411709
1.3129443
1.4428902
1.3130274
1.1901467
1.2258494
1.2258494
1.2030561
1.3380055
1.3390883
1.4394456
1.2061048
1.2274723
1.3443584
1.2361937
1.412258
1.3812618
1.3730069
1.2772694
1.3332613
1.2199074
1.1987034
1.1971185
1.1414644
1.0879803
1.113806
1.0453408
1.0954119
1.2979035
1.0996034
1.0962477
1.1137967
1.0962477
1.2804254
1.2804254
1.0983282
1.0962734
1.2764933
1.0766964
1.0595562
1.097898
1.1021839
1.065822
1.1025734
1.1202132
1.1053187
1.0429652
1.0688227
1.1048017
1.0501754
1.1321654
1.1018586
1.1002636
1.1102012
1.1197776
1.1002636
1.1256626
1.1002636
1.1371679
1.0485193
1.1503586
1.1371679
1.0935552
1.1153216
1.10134
1.0875118
1.1257733
1.1371679
1.09824
1.1201764
1.1402887
1.1800059
1.1549971
1.1214197
1.157193
1.2246532
1.1488471
1.2264826
1.1600387
1.2011203
1.2069752
1.2248709
1.1564919
1.210864
1.1543275
1.1543275
1.1543275
1.235304
1.151577
1.1543275
1.1770685
1.2377583
1.1543275
1.2513851
1.155233
1.1681576
1.1678628
1.1681402
1.1681576
1.2273409
1.1680882
1.1681576
1.1211058
1.2418554
1.1681576
1.1681576
1.1917865
1.1681576
1.1567854
1.1877924
1.2159787
1.2415676
1.1911203
1.1988597
1.1473787
1.1062462
1.1459159
1.1459159
1.1475462
1.2118007
1.1872245
1.194025
1.1475462
1.1475462
1.2131937
1.1892635
1.1929097
1.2433808
1.1474627
1.201686
1.2204365
1.1961118
1.1840919
1.2322658
1.2381974
1.1421503
1.1944637
1.1947874
1.1942588
1.1957387
1.0940973
1.097162
1.0947562
1.097162
1.0969279
1.097162
1.097162
1.0719239
1.0850134
1.192787
1.097162
1.2069021
1.0793818
1.1194048
1.0944066
1.094663
1.0943983
1.095398
1.0947459
1.1257428
1.094663
1.0957705
1.0823414
1.1300036
1.0955713
1.1533558
1.1236686
1.1539811
1.0396322
1.0928552
1.0780257
1.0976827
1.0921731
1.0959754
1.0969279
1.0993563
1.1166556
1.1539446
1.1155858
1.071796
1.1372635
1.1163778
1.1372635
1.149083
1.0717567
1.0717129
1.0713624
1.11443
1.1152964
1.113203
1.1132063
1.0926886
1.0717142
1.113203
1.1133326
1.114282
1.094086
1.0722046
1.1133511
1.0789515
1.1194673
1.1258211
1.1584127
1.1108718
1.1110623
1.111197
1.1554716
1.1118485
1.0588031
1.111197
1.1554716
1.1518235
1.1785461
1.1958139
1.1974415
1.1863936
1.1554716
1.1099337
1.1551734
1.083915
1.1250875
1.1558374
1.0673492
1.1448582
1.1095883
1.2117354
1.2238055
1.1427653
1.1816609
1.1816609
1.2073169
1.214476
1.1342809
1.1342809
1.1342809
1.1233345
1.1955358
1.1998821
1.1765393
1.1271796
1.1289184
1.1748884
1.1960521
1.2235143
1.1271796
1.1288306
1.219747
1.0986955
1.1976479
1.1017442
1.1268276
1.2007089
1.1957488
1.2007341
1.2243769
1.2342836
1.1984243
1.2007341
1.1983172
1.2096075
1.2018381
1.2325598
1.2018381
1.2845218
1.2470092
1.2086402
1.2013049
1.2096503
1.2124598
1.2058251
1.3105685
1.2360078
1.2134943
1.2628597
1.2456102
1.2114292
1.3102117
1.106534
1.1857643
1.2133834
1.1104738
1.2292539
1.2708595
1.1685201
1.1954876
1.2134943
1.2467293
1.2651314
1.2458899
1.2277651
1.2617397
1.2552222
1.2470092
1.2471102
1.2482321
1.1150235
1.1126305
1.1792889
1.3227228
1.4756283
1.4832742
1.270092
1.2392923
1.3220016
1.5393014
1.5660026
1.2583822
1.1790063
1.4024123
1.5245336
1.2885853
1.5541658
1.2831504
1.4445935
1.3284225
1.336073
1.2939439
1.3740364
1.2918332
1.1141416
1.2272922
1.31651
1.3773293
1.3435926
1.3222001
1.3221548
1.1024604
1.4007668
1.3957231
1.3957231
1.3622202
1.3957231
1.3730919
1.3743619
1.3275189
1.3963834
1.3275418
1.1218654
1.3247873
1.3674334
1.1332318
1.11751
1.3642898
1.328371
1.3303635
1.0871629
1.1332318
1.3474518
1.1332318
1.3426167
1.2765198
1.1293592
1.4160703
1.1254927
1.3092144
1.3129404
1.2326151
1.3062775
1.2474488
1.3048105
1.2530813
1.2992921
1.2443058
1.2468064
1.2161645
1.3203257
1.2583753
1.3020668
1.1530845
1.2790163
1.3137896
1.1530845
1.1524261
1.3068402
1.1530476
1.1149325
1.2797949
1.3050048
1.3264214
1.2289279
1.2720356
1.1201112
1.272954
1.1147668
1.3265936
1.1960503
1.3084557
1.3084832
1.0944793
1.2003275
1.2177851
1.3359462
1.3463159
1.3087488
1.3359588
1.3359588
1.1450766
1.3096904
1.1742711
1.2832096
1.3140128
1.1872612
1.3139985
1.3330458
1.1875982
1.3140128
1.3132621
1.3330458
1.1821377
1.291184
1.308072
1.3063786
1.1051955
1.1502937
1.3200601
1.296846
1.296717
1.2011727
1.2966846
1.2122883
1.2123315
1.1912265
1.2355294
1.2896748
1.3231747
1.3713086
1.2236699
1.2222534
1.2123315
1.3483872
1.3734109
1.3242439
1.2233981
1.3483872
1.2235812
1.4240416
1.2133545
1.2236699
1.3439605
1.3483872
1.3483902
1.2234887
1.3483872
1.2236699
1.1215513
1.2109188
1.2236699
1.2236699
1.3483872
1.3699901
1.2236699
1.3723654
1.2236699
1.2236699
1.3081502
1.3723654
1.3249652
1.3785864
1.2180352
1.4243757
1.330803
1.3483872
1.3483872
1.3834772
1.4135224
1.4112577
1.3505387
1.361222
1.2015114
1.2236699
1.2013527
1.2222534
1.2910576
1.3483872
1.3483876
1.2236699
1.2236699
1.4086218
1.3494109
1.4248288
1.2179921
1.3833832
1.3535163
1.3529928
1.377769
1.3419983
1.341922
1.4077575
1.2122961
1.2122961
1.341922
1.2122961
1.3466163
1.2631859
1.2151086
1.3159211
1.3419983
1.2151086
1.3675414
1.2164787
1.2393875
1.2151086
1.2179358
1.1663561
1.1060059
1.2776705
1.210128
1.3115705
1.296034
1.3266053
1.0919527
1.0919527
1.2960621
1.2629473
1.0911856
1.321709
1.2636235
1.3042476
1.0919527
1.0828738
1.2710904
1.2629473
1.1008347
1.2793269
1.3393731
1.1007624
1.0999477
1.1561278
1.3088534
1.1039861
1.3165205
1.1011468
1.2798493
1.2627969
1.2615376
1.0748117
1.2241998
1.092865
1.2752036
1.2715923
1.2705777
1.2789696
1.2720531
1.271089
1.2759678
1.2850947
1.082762
1.0893279
1.0899181
1.2913057
1.0921806
1.0893227
1.0893279
1.0900868
1.2164537
1.2595243
1.0900275
1.0893279
1.26685
1.0852306
1.089868
1.3162135
1.2871299
1.2913069
1.089499
1.3167489
1.0879864
1.0925397
1.089499
1.2585531
1.0852519
1.1849225
1.1835064
1.1793026
1.2270441
1.0902086
1.3232222
1.088202
1.2913164
1.0925397
1.089499
1.2584893
1.2585531
1.0894774
1.0895206
1.2290351
1.1875857
1.0894345
1.0933242
1.2089196
1.3353727
1.3935775
1.2089196
1.3542315
1.3949574
1.2089196
1.32974
1.1526777
1.3949574
1.329715
1.2124825
1.2117038
1.329715
1.329715
1.1700468
1.2117941
1.355808
1.3446717
1.32974
1.355808
1.390195
1.2117941
1.2114332
1.355808
1.2117082
1.2117941
1.2117941
1.2604284
1.2717824
1.2624633
1.2097368
1.3380979
1.2597202
1.3552579
1.3170979
1.0949489
1.0949489
1.0949489
1.2869637
1.0948423
1.0880045
1.0949489
1.0880042
1.2863358
1.0949621
1.2085377
1.2080045
1.209228
1.2092503
1.0932399
1.2092503
1.2092503
1.2091613
1.2085377
1.3082143
1.3664931
1.3305653
1.2233077
1.2090783
1.2204283
1.3484734
1.1056323
1.2204283
1.1776825
1.1019983
1.2204283
1.2204283
1.1987562
1.1351556
1.1357955
1.2631643
1.4113508
1.1337708
1.420999
1.3460314
1.3734792
1.2629142
1.1337708
1.1337708
1.142132
1.3141022
1.1418692
1.1423134
1.133399
1.1414686
1.1419954
1.1376225
1.1337708
1.3276721
1.3472656
1.3419602
1.2431953
1.2592068
1.2660276
1.1606236
1.2165923
1.0818416
1.1062369
1.2130476
1.1588974
1.1588974
1.1062161
1.2160026
1.1872041
1.1992289
1.1062578
1.1503204
1.1872041
1.0587777
1.1022696
1.2012178
1.1058669
1.105846
1.1062161
1.1866667
1.2125775
1.1584655
1.1584655
1.2125775
1.1584655
1.1925869
1.158458
1.2123424
1.0752116
1.1058252
1.1058252
1.1867517
1.1058252
1.1058252
1.1058252
1.1584655
1.1058252
1.1584655
1.2154137
1.156056
1.0577288
1.2014084
1.1967322
1.104347
1.1581498
1.1055384
1.1998504
1.1031399
1.1914134
1.216326
1.2174932
1.2174933
1.2911886
1.2178473
1.216326
1.2654513
1.2654513
1.2654513
1.2463653
1.5369128
1.3186523
1.3151736
1.5237768
1.3186523
1.1865308
1.2917559
1.2913965
1.2913965
1.2913965
1.2828834
1.2913965
1.4082841
1.4052023
1.4615924
1.2913518
1.2782601
1.2697012
1.2407727
1.3585601
1.2454556
1.3133073
1.2155517
1.3068836
1.4059243
1.2159026
1.3981515
1.2130467
1.4270588
1.3463856
1.1032404
1.1032404
1.3643905
1.315458
1.2171395
1.3461087
1.2159026
1.3594548
1.3525181
1.3532449
1.2024927
1.3588452
1.1965727
1.3033781
1.1965727
1.2008339
1.1965727
1.1534715
1.2975739
1.357999
1.1965727
1.3388981
1.3388981
1.1965727
1.1992546
1.1965727
1.1958796
1.1965727
1.195713
1.19312
1.0945725
1.1493407
1.1538152
1.2844352
1.0987656
1.3323294
1.2156404
1.3048991
1.3059806
1.174998
1.011054
1.1333802
1.1313556
1.2534218
1.2696661
1.2535601
1.2534465
1.2589887
1.1006622
1.2439442
1.2530738
1.1459174
1.228251
1.0538465
1.2518106
1.0538465
1.0660138
1.0395747
1.1408492
1.1683631
1.0870116
1.0545242
1.142001
1.258215
1.2536719
1.2579275
1.2274226
1.0594673
1.031418
1.2359267
1.2520602
1.0305485
1.053836
1.0594559
1.053836
1.053836
1.0972116
1.2245667
1.2245667
1.2414334
1.1732973
1.1022009
1.0971134
1.0971134
1.2585006
1.0979811
1.0828505
1.2584027
1.258427
1.0978311
1.3184824
1.3209546
1.2584027
1.0858026
1.193366
1.3054156
1.3148823
1.0888448
1.097273
1.2857358
1.0801181
1.2607164
1.3461498
1.3610053
1.1677712
1.3298569
1.1752337
1.2923799
1.378535
1.1729518
1.1766323
1.3614484
1.2075809
1.1822383
1.3015149
1.2063032
1.2019821
1.328593
1.3417295
1.2205907
1.2621593
1.2636043
1.118913
1.1297613
1.1295166
1.1295166
1.1947954
1.2294009
1.1947954
1.1779842
1.1290485
1.1947954
1.0414287
1.1295166
1.1942415
1.0705067
1.2257987
1.1290485
1.2135525
1.2246163
1.2646775
1.2708908
1.1702363
1.2256148
1.2256148
1.2254696
1.2256148
1.2649629
1.2187942
1.2575239
1.2806478
1.2265216
1.2658197
1.3131622
1.2646775
1.1905179
1.2725695
1.2521833
1.2183895
1.1858057
1.2668604
1.2184057
1.2091831
1.3115842
1.2184057
1.2543421
1.2555863
1.2184057
1.2727844
1.2555863
1.2194238
1.2651302
1.2543421
1.2555863
1.2555863
1.2555863
1.2555863
1.2184057
1.2188538
1.2904414
1.2640098
1.2188538
1.2464415
1.2189292
1.2188538
1.2153593
1.2188538
1.220586
1.2188538
1.1217519
1.2654861
1.2197511
1.2188538
1.2196007
1.2152776
1.2379028
1.2652484
1.2729992
1.2655127
1.215989
1.2656018
1.1150782
1.3118763
1.2732141
1.2190781
1.2190781
1.255189
1.2189337
1.2160103
1.2503781
1.2199757
1.270493
1.2549186
1.2195843
1.2195843
1.208385
1.2673417
1.3279463
1.3156115
1.2743262
1.2175596
1.2195843
1.1799917
1.2652637
1.2474707
1.1915675
1.1786342
1.1113682
1.1732306
1.092779
1.2194463
1.1910046
1.191585
1.2244852
1.191585
1.195254
1.1875453
1.238357
1.1915325
1.2474707
1.1924232
1.2546839
1.3094627
1.1921742
1.1753694
1.170583
1.2202628
1.0985848
1.2362087
1.1745946
1.0943481
1.0992823
1.0973022
1.0921035
1.2007363
1.0984445
1.2026359
1.2132096
1.0992013
1.1295601
1.0661672
1.1218423
1.1109977
1.1045808
1.1066449
1.0915608
1.068917
1.0691438
1.0949198
1.1004719
1.0855329
1.0706581
1.1081681
1.115916
1.1234401
1.1283796
1.121674
1.0687572
1.0984068
1.121618
1.1003196
1.1108263
1.1119131
1.0834181
1.0984068
1.0834181
1.121646
1.121646
1.0624312
1.098852
1.0995747
1.0955658
1.1215253
1.121646
1.2267833
1.2053968
1.1218876
1.1861038
1.1206944
1.0295635
1.121646
1.2378877
1.1225494
1.1861038
1.121646
1.1861038
1.1224924
1.1862348
1.2556632
1.2558043
1.1906974
1.1253879
1.1861038
1.1929436
1.1861038
1.2160679
1.1945297
1.0695463
1.2378877
1.1139575
1.2448663
1.1777598
1.1134796
1.1139575
1.1907684
1.121646
1.2116271
1.1777598
1.1141964
1.1146634
1.1139029
1.1777924
1.1777924
1.1139847
1.1294451
1.1484545
1.17669
1.1206543
1.05376
1.1056684
1.1206526
1.1686305
1.1054323
1.2334967
1.1062908
1.1054323
1.1685027
1.1685027
1.1016644
1.1031806
1.2014704
1.1054323
1.2346019
1.2019348
1.1363121
1.1207083
1.2136059
1.2136059
1.2196937
1.2138984
1.2136059
1.2214013
1.1600728
1.1764733
1.2151693
1.1600728
1.2113345
1.2012976
1.2430156
1.2430156
1.2005436
1.2012688
1.1992255
1.1995397
1.2189037
1.2012401
1.1443955
1.1953743
1.177406
1.2370186
1.223245
1.2472854
1.2079576
1.2347003
1.1519666
1.2006111
1.1540993
1.1543815
1.2482492
1.2485054
1.2008733
1.2086421
1.2494297
1.2595401
1.2593343
1.2095224
1.2095224
1.2595401
1.2095224
1.1868924
1.2242528
1.2595401
1.2086289
1.2008733
1.2575122
1.2494297
1.2329221
1.2006083
1.2284048
1.222373
1.2584636
1.2671901
1.2216825
1.1412859
1.2767806
1.2782004
1.2416006
1.1781183
1.2350125
1.2220042
1.233239
1.2220277
1.1976794
1.2416006
1.2612847
1.2399457
1.2029526
1.198311
1.2236245
1.2029526
1.2029526
1.2029688
1.2224666
1.2485629
1.2082968
1.2208126
1.2027305
1.2050883
1.2676058
1.2383107
1.2427876
1.240847
1.1993357
1.2315885
1.2534872
1.2207892
1.2027266
1.2196956
1.2408326
1.2181318
1.2137561
1.2262479
1.1370568
1.1586936
1.1186309
1.1527306
1.2222596
1.2319959
1.1963503
1.217042
1.207056
1.2237144
1.2401272
1.2180903
1.2207655
1.2541353
1.1687055
1.2001276
1.2318909
1.2400513
1.2404472
1.247817
1.2085952
1.2027189
1.1187506
1.154834
1.2103947
1.2108809
1.2395707
1.160844
1.1609147
1.1442145
1.1786553
1.1621811
1.0596464
1.0557591
1.0557591
1.1109986
1.0917501
1.0498493
1.057138
1.1900481
1.1885911
1.1115149
1.1592836
1.1366198
1.1102685
1.0897
1.1104261
1.0744613
1.0703713
1.0713884
1.0604695
1.0496303
1.1132165
1.1002623
1.1113015
1.1074651
1.1310036
1.107284
1.1549907
1.1531295
1.1890714
1.1074651
1.1074651
1.1074651
1.1531295
1.0835298
1.1033695
1.1074651
1.1058809
1.0995083
1.15473
1.2222291
1.1546465
1.15473
1.15473
1.1111119
1.153269
1.184126
1.1474751
1.1464298
1.1310087
1.1462661
1.1830794
1.0651922
1.1664522
1.0346608
1.1039153
1.0847408
1.179659
1.0598209
1.0826985
1.0594878
1.0745103
1.0598209
1.0583775
1.1881697
1.0785233
1.0628085
1.0628085
1.1553851
1.1165341
1.0490267
1.0604639
1.0801412
1.0474838
1.059149
1.085008
1.0449613
1.0487592
1.0636966
1.061598
1.0261999
1.0267639
1.045971
1.0549948
1.0500462
1.0613937
1.0490613
1.0525044
1.0373806
1.0690902
1.069593
1.0526588
1.0680293
1.0758383
1.0429994
1.1348892
1.1190994
1.1348892
1.055404
1.0731306
1.0644697
1.0367309
1.0708258
1.0644697
1.0604241
1.0574121
1.161859
1.1170375
1.0367309
1.0693117
1.1992277
1.0732123
1.0645155
1.0640262
1.0674094
1.1946435
1.1946435
1.0383449
1.0644697
1.0724568
1.0646532
1.0644697
1.0644697
1.0643784
1.0644697
1.0643784
1.0547884
1.0629171
1.0425392
1.0459777
1.0459777
1.0459777
1.0630047
1.0459777
1.0530353
1.0499276
1.0530353
1.0656123
1.0459777
1.0459777
1.0501125
1.0547746
1.0561748
1.1016959
1.057038
1.0575664
1.0575664
1.1538463
1.1933029
1.1670377
1.1726234
1.1944959
1.1820651
1.1690762
1.1945206
1.188945
1.1238232
1.0905997
1.0893633
1.1706105
1.1707779
1.1988888
1.2643602
1.1041812
1.2066058
1.1980969
1.2440069
1.2087208
1.2598165
1.1824085
1.2440069
1.1649755
1.2071227
1.2350658
1.2245117
1.1464114
1.2001232
1.1976033
1.3193402
1.3530064
1.3564512
1.3565476
1.3583331
1.2403125
1.3565476
1.4272614
1.3045883
1.3293247
1.3565476
1.4401568
1.4476378
1.3067921
1.2614534
1.35827
1.4002211
1.2242277
1.3198776
1.3464817
1.5073723
1.4959021
1.4957441
1.2789705
1.495375
1.3058227
1.3233149
1.3766755
1.5020452
1.2716961
1.5154626
1.5020452
1.3775207
1.6087831
1.3775772
1.4870542
1.3635201
1.5474133
1.3775772
1.4008479
1.3249652
1.2572649
1.3704796
1.3544353
1.3696188
1.2554448
1.3860408
1.2560097
1.3702881
1.3696086
1.5593383
1.5363786
1.6050609
1.3685119
1.4880944
1.3685119
1.3650156
1.5358292
1.3685119
1.512431
1.5603865
1.366695
1.2192369
1.3741529
1.3742089
1.4905347
1.39593
1.3150021
1.4895592
1.4905347
1.4518871
1.4905347
1.4888117
1.3684839
1.4795773
1.3680457
1.3476807
1.2738554
1.5603865
1.3410659
1.4905347
1.4905347
1.316179
1.3444062
1.3682597
1.3683718
1.3684839
1.3685837
1.3682597
1.4627346
1.3678118
1.3676162
1.2097989
1.4881431
1.3682648
1.2745004
1.4609497
1.4956676
1.3739929
1.3433437
1.4028512
1.397769
1.4914565
1.2600174
1.1626847
1.2555443
1.2635509
1.2635509
1.2595998
1.5196843
1.455439
1.3859184
1.4549664
1.2635509
1.4716374
1.263988
1.3869569
1.2287385
1.4560869
1.2644255
1.3828104
1.221792
1.4917084
1.3866109
1.2634351
1.3566377
1.21842
1.1022904
1.21842
1.2184854
1.3566377
1.21842
1.3566377
1.3566377
1.4254663
1.3869569
1.218292
1.4721706
1.2164267
1.3543168
1.2164267
1.4600644
1.2164267
1.426172
1.3543168
1.2174064
1.4994437
1.4311641
1.185134
1.2164912
1.3218108
1.3201172
1.2163005
1.1852311
1.1852311
1.4511478
1.3694319
1.1852311
1.4606473
1.3201172
1.1833248
1.375455
1.1814327
1.2999512
1.2163005
1.3540738
1.185134
1.1813303
1.382241
1.3176644
1.3917938
1.3727701
1.4308248
1.2163005
1.2163005
1.2163082
1.3448851
1.3497369
1.156759
1.1573925
1.1552824
1.1707376
1.2291831
1.154391
1.4145417
1.1550542
1.3859116
1.1706827
1.2681497
1.2783153
1.4210173
1.2826115
1.1663738
1.2815355
1.3918614
1.1552948
1.2825657
1.1267437
1.1552948
1.2706331
1.2806625
1.4186939
1.2786384
1.1706735
1.1707468
1.419621
1.2737447
1.387123
1.1572487
1.400778
1.2864985
1.4140958
1.1706827
1.1706827
1.2831929
1.2831929
1.4050406
1.1706827
1.172331
1.2885318
1.4253013
1.172331
1.2799773
1.1700772
1.1711751
1.2277813
1.2880229
1.406396
1.1717525
1.1717525
1.1717525
1.2880158
1.198854
1.3540642
1.2270048
1.2438476
1.198854
1.4252648
1.4252996
1.2272662
1.2277813
1.4252648
1.4255897
1.2272662
1.4252648
1.2272981
1.3454858
1.3540224
1.4628521
1.3540224
1.2272662
1.217836
1.3497062
1.3517848
1.2184026
1.3425131
1.2183352
1.3422265
1.3423558
1.3392822
1.4684083
1.2739866
1.4023417
1.4028933
1.4028933
1.2277887
1.455235
1.2810775
1.3990215
1.5405816
1.280914
1.280914
1.3992368
1.5296016
1.2810775
1.280914
1.5221257
1.280914
1.4673368
1.2810775
1.4028933
1.2277887
1.5081403
1.2820808
1.520019
1.280914
1.2806963
1.280914
1.5081403
1.2739866
1.4717473
1.4028933
1.5081403
1.3753021
1.4007012
1.2184707
1.264884
1.2662315
1.3540691
1.2784793
1.1589916
1.3950503
1.2718413
1.453303
1.3082353
1.3790362
1.359049
1.2661717
1.3688719
1.3442748
1.3261386
1.3261586
1.3261586
1.3492609
1.2022936
1.3903004
1.2551167
1.3703455
1.3439871
1.3431009
1.2298738
1.3431009
1.2551167
1.3431009
1.3829533
1.4271958
1.2588073
1.2602429
1.4325653
1.258833
1.3927251
1.2095385
1.4303625
1.4202249
1.259013
1.4272105
1.2527343
1.349534
1.424653
1.2604489
1.3489958
1.3517802
1.4321183
1.259013
1.3489958
1.3517802
1.4201975
1.259013
1.3614516
1.4332362
1.3479203
1.2542187
1.259013
1.1973057
1.3915123
1.3573256
1.4348977
1.3511554
1.3324686
1.1314428
1.257566
1.2625033
1.1169415
1.2625033
1.2626829
1.262579
1.2626829
1.3501531
1.346902
1.2626829
1.3956363
1.350073
1.3490843
1.2708522
1.3330377
1.3873154
1.3956363
1.4288821
1.4362259
1.3113129
1.2618519
1.2626829
1.3501531
1.3200034
1.2530358
1.2658182
1.3956363
1.3501531
1.3508176
1.2623237
1.3501531
1.2839952
1.4000363
1.2626829
1.2694075
1.2342981
1.2626829
1.3236469
1.4743562
1.471979
1.2751303
1.3668996
1.3484495
1.1767175
1.3484495
1.3903306
1.2592685
1.3568733
1.2739148
1.4137244
1.388331
1.2528498
1.3484495
1.2528498
1.3546464
1.3888412
1.2528498
1.3893427
1.3891997
1.2528498
1.2627089
1.2618779
1.3956704
1.3471309
1.3501481
1.6672146
1.262657
1.2694341
1.2618779
1.7129766
1.2627089
1.6811392
1.6657676
1.7059492
1.7189225
1.263428
1.131426
1.223551
1.1943475
1.1168414
1.1235772
1.131426
1.1741487
1.1175867
1.1740228
1.1324128
1.0718348
1.1614926
1.1175867
1.1741487
1.1324128
1.1324283
1.1014684
1.1175867
1.1175867
1.1741487
1.1305277
1.2384958
1.117214
1.1177379
1.2385918
1.120065
1.1175867
1.1741487
1.1175867
1.1677216
1.1986178
1.1324128
1.1181949
1.1175867
1.178837
1.2286892
1.1163985
1.1651977
1.1175867
1.1629857
1.1344334
1.1324128
1.2010932
1.1096008
1.1314276
1.2149322
1.1175867
1.1175867
1.0930507
1.0979729
1.2209766
1.1324128
1.1175867
1.1324749
1.1741487
1.1321814
1.1741487
1.1324128
1.1522223
1.1741487
1.1175867
1.2123075
1.1324128
1.1324128
1.1324128
1.1009953
1.2147567
1.120065
1.1962258
1.1324128
1.1346406
1.1746303
1.1505095
1.1426363
1.1058648
1.1091458
1.1091458
1.1492462
1.1713362
1.0853257
1.1493484
1.1511393
1.1056836
1.1091458
1.1096008
1.1505095
1.1091458
1.1091177
1.1488804
1.2356262
1.1505095
1.1096008
1.1091458
1.1266725
1.1957294
1.1091317
1.1091458
1.1091458
1.0870326
1.1090503
1.079668
1.2162421
1.1087357
1.1969305
1.1116444
1.1092194
1.1276644
1.173796
1.189834
1.1306411
1.0994866
1.0875634
1.1291397
1.1122123
1.103343
1.1476622
1.1033381
1.1472819
1.1049838
1.114975
1.0904176
1.1046808
1.1454085
1.2094631
1.1068097
1.1463376
1.1489917
1.1068097
1.0932007
1.0920006
1.0932007
1.1659312
1.2327001
1.3178052
1.3619298
1.3630419
1.4258986
1.2601153
1.3945386
1.2601153
1.3506162
1.3506116
1.3503467
1.344256
1.1149763
1.2868028
1.3167726
1.2852366
1.116568
1.116568
1.346272
1.070829
1.1135765
1.1164873
1.2842398
1.3167726
1.3167726
1.1165321
1.116568
1.2852366
1.1045777
1.330151
1.116568
1.116568
1.1035154
1.0819739
1.1024323
1.1044146
1.0875164
1.2680879
1.2684649
1.2677226
1.330003
1.269732
1.2676331
1.1034173
1.1045777
1.2677033
1.1045777
1.1045777
1.3301245
1.2681257
1.3002558
1.2683696
1.1045777
1.1053084
1.2085294
1.2085294
1.3301245
1.2120312
1.2085153
1.4038391
1.3276501
1.3997895
1.4176283
1.16313
1.2085294
1.3478415
1.2085294
1.404919
1.2086421
1.4699147
1.3985782
1.4079121
1.201197
1.2179861
1.2154472
1.3480543
1.3511554
1.1952533
1.2194359
1.1993135
1.2095366
1.1154728
1.2793946
1.0870601
1.2272627
1.32082
1.2213033
1.2920367
1.3295861
1.3210162
1.0959768
1.327436
1.2633195
1.3220829
1.201476
1.2633195
1.3210162
1.1042126
1.090923
1.0959768
1.2957975
1.0872084
1.2633195
1.3210162
1.0959768
1.0959768
1.0959632
1.3203802
1.2957975
1.0959768
1.254585
1.0960866
1.2633195
1.1081198
1.2643147
1.0726739
1.2633138
1.2804077
1.2194359
1.2632241
1.0944041
1.1081069
1.0943041
1.0943041
1.3206596
1.0943041
1.3256644
1.2544613
1.3206596
1.0942544
1.2626657
1.0941156
1.0943041
1.2625408
1.0941062
1.0943041
1.0943041
1.0942098
1.0943041
1.321677
1.0922058
1.2169248
1.0728543
1.1955585
1.2915522
1.2046779
1.144026
1.3585514
1.3298131
1.241545
1.3309038
1.2060454
1.3479297
1.2982742
1.3290186
1.1413321
1.2982742
1.3529371
1.1374437
1.1583955
1.2671891
1.1413321
1.1385027
1.1528529
1.1811391
1.2072433
1.262481
1.264804
1.1584266
1.136356
1.1584266
1.1584266
1.2718835
1.2757374
1.2742939
1.2816851
1.2943112
1.1882241
1.0506395
1.2633624
1.2642509
1.2629243
1.2412212
1.2578317
1.2650977
1.266761
1.2644378
1.1010207
1.2989719
1.3238224
1.29814
1.266761
1.266761
1.3215616
1.1008922
1.0980695
1.0980289
1.1010207
1.1090741
1.2648536
1.3358872
1.2709268
1.332461
1.3373265
1.2728024
1.2728024
1.2728024
1.2728024
1.1103805
1.3345401
1.26262
1.3282138
1.1009564
1.2134188
1.2019012
1.1856931
1.1103805
1.0667256
1.2025355
1.1214716
1.1221135
1.1453145
1.1221944
1.1721156
1.2134188
1.1993922
1.1196015
1.1723218
1.2134188
1.172395
1.1221135
1.1208782
1.1011654
1.1465623
1.1993922
1.1221135
1.1129682
1.1993922
1.169965
1.0938253
1.2190554
1.1221135
1.1721764
1.1221135
1.1465623
1.2134188
1.05891
1.1221135
1.1011649
1.1154613
1.0641713
1.1346418
1.1351917
1.134174
1.0654459
1.0667256
1.0667256
1.1281028
1.0667256
1.1340785
1.1451821
1.1355258
1.0668164
1.134253
1.1509699
1.1531694
1.0846636
1.0667256
1.1426334
1.0667256
1.0667256
1.134174
1.134174
1.064532
1.134174
1.0648079
1.1189872
1.0557157
1.0657343
1.1355258
1.0503694
1.1146767
1.0470798
1.1417494
1.1426301
1.1959656
1.1571251
1.2228706
1.1959656
1.1927325
1.1386001
1.1386001
1.1571251
1.1571251
1.1571229
1.1951069
1.2097566
1.2166791
1.1287755
1.1959656
1.1561913
1.1381254
1.1936685
1.0962107
1.1047585
1.1944617
1.1812413
1.1284789
1.1387689
1.1387502
1.1552782
1.1919576
1.2047087
1.1578518
1.2158962
1.1534557
1.2235247
1.2261633
1.3408228
1.22931
1.2291129
1.3405845
1.3405845
1.3405845
1.3188722
1.4056562
1.2267483
1.3770269
1.2917401
1.2466075
1.2535502
1.1647953
1.2120034
1.2914578
1.2917401
1.2917401
1.1851434
1.1851434
1.1880459
1.377018
1.2919631
1.3841867
1.3202411
1.3766723
1.3964982
1.3251733
1.2361765
1.2912655
1.1697192
1.1700815
1.1700815
1.1705585
1.165967
1.1278558
1.1376212
1.0954897
1.1139096
1.113325
1.1139096
1.0958815
1.1147268
1.1803862
1.1289722
1.1315207
1.1139096
1.1743821
1.1806681
1.1150131
1.1521116
1.1144973
1.0203758
1.12891
1.1052613
1.1144605
1.1187752
1.1674341
1.1825403
1.1559399
1.1325921
1.1997781
1.1577828
1.2185572
1.2185729
1.2550993
1.1224853
1.1949238
1.124024
1.1227785
1.2664987
1.1205417
1.08642
1.0366971
1.2336518
1.2645051
1.2571523
1.2592518
1.0371271
1.0367024
1.2336414
1.2585509
1.2650328
1.2624525
1.2655079
1.2326194
1.0248886
1.0371311
1.2612401
1.0369489
1.2308184
1.2324101
1.2684494
1.0863714
1.2684052
1.2990127
1.3301612
1.2999512
1.0863731
1.2999512
1.0994987
1.3311644
1.2655079
1.299976
1.0831429
1.0839462
1.0841775
1.0863731
1.0994987
1.0855637
1.2315547
1.1064341
1.0922683
1.3238741
1.0517373
1.0994987
1.337639
1.0992912
1.0909787
1.1011628
1.3448486
1.302009
1.0994043
1.3187494
1.3140686
1.12848
1.129602
1.1215513
1.0994987
1.3146828
1.2841817
1.3171059
1.2839236
1.3171059
1.2820277
1.1203499
1.0994987
1.3173193
1.3171059
1.0990837
1.0990837
1.1796536
1.0992397
1.0990837
1.0991046
1.2820733
1.0990837
1.0990837
1.0924866
1.2820277
1.095774
1.0990856
1.2809526
1.3507191
1.2820277
1.0990837
1.2820277
1.3258152
1.095774
1.2818561
1.3517863
1.2820277
1.09898
1.0990837
1.3171059
1.0985717
1.2163192
1.2774054
1.1761489
1.2766651
1.3406539
1.3294668
1.2766651
1.0949498
1.3228519
1.0467219
1.1055392
1.0953618
1.0990621
1.0823386
1.0951558
1.0961866
1.281639
1.3121198
1.3388532
1.3210534
1.1354411
1.2113444
1.2771556
1.1003895
1.0953618
1.0961891
1.1762187
1.3021406
1.0954074
1.097079
1.1176039
1.099503
1.2783605
1.3307098
1.2780926
1.2783605
1.3403822
1.3474249
1.2123331
1.0896226
1.2810628
1.3133099
1.2783605
1.0961891
1.0896224
1.2738574
1.2782705
1.3380203
1.3135824
1.0978456
1.2768015
1.1767505
1.3313326
1.180972
1.3234376
1.1796808
1.3395205
1.1414164
1.3404404
1.0767316
1.3303782
1.3045069
1.3505106
1.1770294
1.1677575
1.1770294
1.3698292
1.1714728
1.0961882
1.1770294
1.3495253
1.0961882
1.3340187
1.3515573
1.1770294
1.3352165
1.1723112
1.389916
1.3349634
1.3349634
1.3670206
1.1552945
1.3495253
1.3387556
1.3349634
1.3653036
1.314461
1.3341554
1.2392551
1.3336974
1.356211
1.2384236
1.3195443
1.3652688
1.3550543
1.1590717
1.3351249
1.1675348
1.1758292
1.243733
1.2182261
1.3518476
1.222995
1.3375283
1.2635279
1.3530604
1.1754369
1.2508038
1.3515143
1.3743314
1.3986946
1.3395545
1.3672441
1.2665123
1.2410578
1.3491715
1.2407014
1.2665123
1.2927929
1.2209654
1.1325662
1.1499393
1.2062156
1.2401701
1.2527847
1.1792189
1.3518585
1.3476056
1.2857456
1.3464799
1.3476166
1.3486375
1.1731553
1.3328379
1.1754316
1.3271606
1.148425
1.1313044
1.1760281
1.2942593
1.3052187
1.1652806
1.2354674
1.1761391
1.3219775
1.1479905
1.1565262
1.1593634
1.3584597
1.3362706
1.1744337
1.1767356
1.1767356
1.1767356
1.1767356
1.1767356
1.1760281
1.1774296
1.1755626
1.1744337
1.362375
1.353797
1.3529762
1.3899033
1.3914315
1.2674966
1.2674966
1.3704362
1.2867897
1.441243
1.2674966
1.4281
1.1111224
1.2238911
1.3999346
1.2674966
1.3998654
1.3187107
1.3695507
1.3955746
1.4281
1.2674966
1.4113293
1.4281
1.4430821
1.399779
1.3874408
1.2674704
1.2487352
1.2356951
1.2526969
1.2479151
1.2608087
1.2674966
1.3421707
1.3954837
1.3935548
1.3650793
1.2184722
1.3622082
1.3375809
1.4939703
1.5012982
1.3205544
1.3205544
1.4888598
1.4426999
1.4183593
1.4408112
1.2456747
1.3205544
1.5475328
1.5003507
1.5108144
1.2884502
1.4270742
1.4733833
1.3583319
1.2159039
1.3092228
1.3037912
1.2164735
1.2186453
1.212685
1.2904116
1.3092228
1.2449534
1.2620862
1.4367785
1.3092228
1.4340149
1.3133988
1.210951
1.3111265
1.5107526
1.4756819
1.3690804
1.369432
1.3125279
1.2912896
1.3111265
1.5358224
1.3119972
1.3070428
1.5007809
1.5007809
1.3570762
1.257977
1.2099814
1.4990859
1.2900239
1.263693
1.3011339
1.2912896
1.4716291
1.4117706
1.2900239
1.2878231
1.4117706
1.4015445
1.28492
1.1905205
1.2004753
1.2900239
1.2908938
1.3714527
1.2464867
1.3001815
1.3994061
1.1296072
1.3001815
1.279583
1.1931707
1.199397
1.156884
1.3473092
1.3161827
1.3272943
1.0997261
1.2455252
1.1994069
1.156884
1.3606311
1.352292
1.2014494
1.3851329
1.1296072
1.3404139
1.3533648
1.4019214
1.129549
1.130586
1.1316227
1.2954587
1.3160967
1.369777
1.4039233
1.3529509
1.3540642
1.4022782
1.2201023
1.3529928
1.4446814
1.2718325
1.2725294
1.3533896
1.2725828
1.3506162
1.3544601
1.2742954
1.3544601
1.4044255
1.348417
1.3718542
1.3483872
1.1903676
1.3831019
1.3834772
1.1685001
1.3135467
1.2236699
1.430707
1.3483872
1.2236699
1.2236699
1.3483872
1.3483872
1.3249652
1.2236699
1.4200859
1.3805658
1.3758765
1.3135467
1.2236699
1.4308019
1.2236699
1.3435487
1.2742954
1.1222044
1.3504242
1.3827273
1.2742954
1.3719778
1.2738663
1.2884746
1.3208272
1.2303096
1.0588967
1.0698167
1.2303096
1.2290263
1.0698167
1.05045
1.0697049
1.1807076
1.0771589
1.0698167
1.1808865
1.0698167
1.0729331
1.0698167
1.0698167
1.0771589
1.0705723
1.0698167
1.0698167
1.216059
1.0701926
1.2163813
1.0698167
1.0701926
1.0701926
1.13802
1.076629
1.0768051
1.0559261
1.1286309
1.0765626
1.0768051
1.1377212
1.0768051
1.2163813
1.1187395
1.1301792
1.1799927
1.1799927
1.0714321
1.1799927
1.070956
1.076629
1.0701926
1.0768051
1.0701926
1.0700982
1.0768051
1.13802
1.0700982
1.0713725
1.0700982
1.050415
1.06236
1.1301792
1.0763031
1.0157642
1.0701926
1.0698167
1.0768051
1.0740088
1.1381882
1.0768051
1.0768051
1.0701926
1.0700982
1.068179
1.0768051
1.1252643
1.0701926
1.1378638
1.068179
1.1217084
1.1301792
1.0740508
1.070956
1.0421653
1.1543556
1.172113
1.2294749
1.1720403
1.1954087
1.1028254
1.1926287
1.1786262
1.1818532
1.1271179
1.141698
1.1423692
1.1271944
1.1274837
1.1274961
1.1346958
1.1227415
1.1914864
1.1921766
1.1931936
1.1275897
1.205183
1.2152835
1.1807975
1.1912049
1.1605254
1.1940117
1.141801
1.12819
1.1891464
1.1275897
1.1819372
1.1282463
1.1228006
1.141801
1.1275897
1.1417991
1.0928833
1.1093471
1.1182431
1.1137123
1.0917159
1.1146297
1.1155285
1.128284
1.1282089
1.1276834
1.1340597
1.1384555
1.1369151
1.1274027
1.1146591
1.1146622
1.114936
1.1457382
1.1146591
1.107818
1.1146622
1.1100907
1.1170592
1.1098088
1.1147867
1.1341938
1.1898685
1.1748416
1.1095273
1.1095273
1.1100907
1.1691104
1.1705824
1.0916849
1.0911355
1.0903945
1.0911003
1.1138418
1.1170592
1.1630441
1.1170592
1.1692098
1.1280351
1.1170512
1.1666738
1.1170592
1.1452792
1.1576599
1.1455098
1.100646
1.1170592
1.0917364
1.1454734
1.0916505
1.0916505
1.0916505
1.0915473
1.091083
1.1666738
1.1170592
1.1135308
1.1170592
1.1170512
1.0916505
1.0916505
1.0916655
1.0916677
1.0916677
1.1454854
1.1079015
1.1454854
1.0894103
1.1074481
1.1101096
1.1489023
1.1568781
1.0912292
1.1253226
1.1656244
1.1667817
1.1734794
1.177189
1.1461703
1.172506
1.1684297
1.1893044
1.221012
1.177189
1.172506
1.1283023
1.166167
1.128236
1.1714741
1.172506
1.1942791
1.2124752
1.1723603
1.128087
1.1176201
1.1772407
1.1733992
1.2215009
1.1281201
1.1767083
1.2112691
1.2097335
1.0768782
1.2539352
1.2112691
1.2112983
1.2089188
1.2059258
1.17301
1.1874092
1.2112743
1.177061
1.1734788
1.1881576
1.2140551
1.2196094
1.1936818
1.289738
1.214947
1.1839857
1.174276
1.2250831
1.1974592
1.19721
1.1468902
1.0995528
1.1340297
1.1689525
1.0931652
1.1733596
1.0930717
1.0501217
1.0968635
1.0957891
1.157059
1.1984793
1.0743046
1.1007794
1.1900107
1.1520051
1.1520051
1.2011491
1.1300101
1.1301173
1.189606
1.1899488
1.2221956
1.1790526
1.1607702
1.2225577
1.089159
1.1192945
1.1233879
1.1288713
1.1289285
1.1141555
1.1343176
1.1616044
1.1109427
1.1026157
1.1559802
1.100784
1.0990839
1.1438823
1.1438823
1.1836207
1.1443913
1.1188877
1.199552
1.0649784
1.1796536
1.1110698
1.1616044
1.1374152
1.2424786
1.2112694
1.2185946
1.2095469
1.2185946
1.1897628
1.2627325
1.2679335
1.2627325
1.2627325
1.2185946
1.2627325
1.2185946
1.2185946
1.2094983
1.246007
1.2185675
1.2942153
1.2626848
1.2185675
1.2847275
1.2185675
1.3412051
1.3498608
1.5688376
1.3476664
1.3476664
1.3476664
1.344841
1.3476664
1.2190285
1.3478996
1.4970556
1.4970587
1.4381732
1.4890981
1.3482071
1.2736871
1.2737604
1.427452
1.2402927
1.2468735
1.396132
1.460958
1.4609983
1.4625859
1.2548072
1.2682445
1.3572106
1.2732214
1.2543664
1.1588597
1.3691849
1.4969026
1.2795571
1.515741
1.2795571
1.2795571
1.2762101
1.4042993
1.277818
1.2725409
1.3732082
1.3889749
1.2957708
1.3715093
1.2479463
1.2470635
1.3715093
1.2421383
1.2479202
1.2797749
1.3717711
1.3715093
1.49683
1.3715093
1.4683905
1.2479463
1.2458903
1.2792
1.2479463
1.1453549
1.3297694
1.211709
1.2059053
1.2494097
1.2209755
1.3392392
1.3394363
1.3403829
1.221186
1.3394908
1.2215846
1.451909
1.221186
1.3393404
1.4575956
1.2209755
1.3393253
1.4731956
1.3392392
1.2209755
1.2171872
1.2078725
1.2728949
1.2370049
1.13177
1.2468683
1.2180543
1.4762633
1.4785976
1.4016836
1.4694737
1.336867
1.4067104
1.186588
1.2218083
1.3397679
1.4248672
1.4530128
1.2133452
1.3883445
1.1655091
1.2033188
1.3319073
1.2149295
1.2149763
1.2423955
1.2423209
1.3533895
1.2285366
1.3593525
1.3602835
1.3602835
1.3168333
1.3172643
1.2065372
1.4039626
1.2867799
1.5111448
1.2919148
1.3041363
1.4072032
1.4897337
1.3322966
1.2850647
1.4097412
1.4072032
1.4753188
1.4083455
1.3409108
1.4171453
1.2506603
1.4883144
1.2519612
1.2858585
1.2867799
1.2808148
1.2783358
1.2135128
1.2139987
1.2159721
1.2875961
1.1901681
1.1831819
1.1831819
1.1830724
1.3107082
1.1831819
1.4443251
1.2493337
1.3056779
1.2118527
1.2118527
1.3409605
1.4115037
1.4832956
1.4685525
1.338413
1.3965083
1.4780239
1.411517
1.4454824
1.2855606
1.3957453
1.3383048
1.2855606
1.4211265
1.3375121
1.53149
1.2769612
1.2738689
1.0817945
1.489516
1.2630384
1.3649434
1.2861128
1.53774
1.5376731
1.4199654
1.514928
1.4167428
1.4486591
1.2879575
1.2863597
1.2766185
1.4650681
1.2863597
1.4486591
1.2863597
1.2130743
1.4061182
1.2863597
1.5061173
1.2863597
1.2608527
1.2863597
1.4486591
1.5367799
1.4469726
1.5373152
1.5373152
1.4884473
1.2925701
1.2860633
1.5387533
1.5848993
1.5430512
1.5391998
1.5373486
1.4537302
1.583778
1.2856671
1.5449909
1.5529763
1.5460693
1.5374051
1.2863597
1.4995118
1.2886305
1.2862115
1.2767965
1.2960417
1.3428136
1.335869
1.4520183
1.4650681
1.3428136
1.5329415
1.3462659
1.3358413
1.2401587
1.3434949
1.3425953
1.335869
1.4355075
1.4648585
1.3428136
1.4945508
1.342763
1.3463166
1.4938735
1.286266
1.4307593
1.493907
1.3415185
1.4942937
1.3379891
1.4637126
1.3411007
1.3415687
1.3812333
1.4542081
1.456524
1.218773
1.2148107
1.2150662
1.3432865
1.2150408
1.2150815
1.3433613
1.4151368
1.2150815
1.3433692
1.3437324
1.2149664
1.4153774
1.416533
1.4165483
1.2159619
1.1942724
1.453595
1.4740556
1.4165317
1.3435304
1.3694454
1.4932578
1.4838114
1.4932578
1.4965194
1.3698623
1.6075583
1.3698623
1.4928514
1.4965119
1.3422903
1.4940538
1.3170742
1.3150353
1.4220344
1.4226265
1.4328332
1.3694454
1.1637402
1.3872439
1.433381
1.2494695
1.4373266
1.2671591
1.356073
1.4196837
1.3953285
1.199905
1.1944398
1.1800883
1.2531234
1.2857727
1.1956064
1.3058525
1.3058525
1.1944398
1.199592
1.3385983
1.4040077
1.175506
1.2094742
1.3067333
1.3197501
1.2344073
1.1857629
1.4261795
1.2994876
1.2994876
1.1748402
1.1853597
1.2994769
1.1793514
1.1762103
1.2996619
1.4250104
1.399217
1.3980532
1.1843374
1.1843374
1.1736503
1.1820924
1.1569718
1.0730089
1.0871788
1.1271679
1.1295478
1.1554216
1.0989223
1.1300524
1.0869764
1.0644902
1.0867734
1.0620693
1.0912299
1.1125497
1.1309779
1.1310501
1.1421462
1.1637408
1.1692879
1.335526
1.3366408
1.147683
1.3400015
1.1804142
1.2950636
1.324363
1.1467907
1.3549011
1.1786326
1.1621965
1.1807113
1.1351267
1.3400015
1.3559136
1.3394406
1.284451
1.3539062
1.2721518
1.2776238
1.1689909
1.1111243
1.3455915
1.2273518
1.2236639
1.2274734
1.3540753
1.3717123
1.497345
1.2258469
1.4932936
1.4934106
1.2218354
1.3225864
1.4122461
0.8485408
1.0416417
0.25410149
0.71096224
0.6963002
0.625501
0.7120061
0.60490346
0.7237846
0.6263055
0.7295961
0.7120061
0.68711406
0.68659526
0.68659526
0.7283063
0.68659526
0.68659526
0.68659526
0.68659526
0.68711406
0.71059555
0.6792256
0.6982933
0.71431935
0.6298656
0.6786908
0.6791958
0.6880486
0.6910829
0.68770146
0.6860915
0.7009753
0.7197836
0.70081204
0.70081204
0.71599406
0.6866673
0.70351857
0.4504425
0.72020024
0.72003376
0.69117093
0.7364041
0.7316935
0.7418498
0.7316517
0.7248773
0.6644121
0.7087253
0.72027355
0.7237511
0.70467293
0.71314883
0.71663094
0.71227694
0.6905362
0.67148644
0.71175927
0.71068627
0.70025134
0.6744609
0.67228556
0.69382733
0.70063686
0.7001751
0.70785135
0.67929864
0.6744378
0.7325922
0.69586766
0.7154889
0.7347331
0.73550427
0.7320953
0.73061305
0.69787276
0.6392135
0.66986287
0.7084491
0.7084491
0.7368774
0.72142184
0.74098825
0.6502495
0.6505167
0.73273873
0.7006074
0.73717123
0.7412272
0.741825
0.7288456
0.73347163
0.7066688
0.7418801
0.72904074
0.73550427
0.73061305
0.67101806
0.7384586
0.7394284
0.74547124
0.7423274
0.73475456
0.7350066
0.7308985
0.7365478
0.7308985
0.7394465
0.73646283
0.74561954
0.75594884
0.75457937
0.73646283
0.7455565
0.7229778
0.724338
0.7455565
0.6979046
0.6509108
0.7364532
0.7582793
0.7545283
0.7455565
0.442577
0.73637086
0.7455565
0.7455565
0.7599403
0.7559765
1.0305195
1.0305195
0.75444835
0.84872127
0.8818175
0.7387669
0.74861526
0.7393707
0.75203574
0.8633721
0.8819545
0.76284647
0.80738956
0.8819545
0.75203574
0.92702824
0.9647456
0.7376719
0.75248957
0.96382886
0.8819545
0.74081665
0.85961664
0.84432346
1.0149248
1.016794
0.8846023
0.6166402
0.9526183
0.88185656
0.8835729
0.908213
0.9649594
0.9512786
0.88078856
0.9689876
1.002049
0.9832511
1.0027261
1.0624266
0.96890163
0.96890163
0.9409381
1.025285
0.9832511
0.9833257
0.9781346
0.9833257
0.98958033
0.96890163
0.96890163
0.96890163
1.0269238
1.0114378
0.43910697
0.96855956
0.96890163
0.73709154
0.96894187
1.0216914
0.96776766
0.96890163
0.96890163
1.0504525
0.9591787
0.9832511
0.96890163
0.9744225
0.6789276
0.7061453
0.67286015
0.9277493
0.93108827
0.8097103
0.8807437
0.57794917
0.6763884
0.712875
0.76637733
0.70684344
0.7049059
0.7053874
0.5651937
0.6805581
0.69424236
0.68024766
0.7098004
0.6515126
0.72562337
0.7424684
0.56950366
0.5696332
0.69008774
0.6703723
0.6903552
0.67150444
0.6774475
0.6394261
0.67903376
0.6636232
0.68707705
0.6926582
0.7120576
0.6867846
0.7114418
0.71239924
0.6337888
0.6856643
0.62636495
0.6120884
0.6818847
0.60201406
0.69382656
0.7017795
0.66259104
0.6626583
0.67723554
0.6297999
0.62074757
0.6324242
0.61603487
0.6225017
