0.38286
3.3911836
3.3911836
2.171096
3.3910758
3.3913074
3.391299
3.4162047
3.391299
3.390648
3.4162173
3.3919582
3.3920784
3.4160826
3.241639
3.3926105
3.3909953
3.3909738
3.3913887
3.3925395
3.3926105
3.39247
3.3939052
3.3970263
3.371879
3.459268
3.4364288
3.4123821
3.2546878
3.4123821
3.4043436
3.4130168
3.4121788
3.4120882
3.3923676
3.2883482
3.4260387
3.5060794
3.4221694
3.4158926
3.4160256
3.3237507
3.4124415
3.4143324
3.4145536
3.4160256
3.4531898
3.424844
3.4160256
3.4158926
3.4161534
3.4298763
3.4160256
3.4143324
3.4007587
3.3998003
3.4143324
3.4143324
3.4161382
3.4145536
3.4141858
3.3871663
3.319694
3.405507
3.325271
3.386463
3.392038
3.3538153
3.3827388
3.323437
3.3823824
3.3943613
3.3998232
3.3894472
3.3840554
3.397831
3.3782747
3.3936307
3.4146936
3.4140399
3.4177592
3.4140542
3.414089
3.3988574
3.4163022
3.2955801
3.4158254
3.3903973
3.4156659
3.4144413
3.4187264
3.417492
3.416954
3.4256089
3.3973312
3.415103
3.4168875
3.2021947
3.414435
3.3692403
3.323583
3.3900037
3.42648
3.416954
3.4144025
3.4262123
3.4189765
3.2977736
3.414435
3.4143646
3.4262123
3.420376
3.420397
3.4151309
3.4158254
3.4158254
3.4159539
3.414313
3.3744297
3.4142833
3.4234517
3.4292314
3.3913753
3.416706
3.4162328
3.2850978
3.4293056
3.4642005
3.4613442
3.4613442
3.4613442
3.4624143
3.3686047
3.4613442
3.281896
3.393718
3.4613442
3.4613442
3.4612668
3.3441079
3.4612668
3.4519725
3.4612668
3.4204886
3.4519725
3.4612668
3.4642005
3.3939312
3.4012284
3.3939312
3.3816142
3.4289527
3.4159505
3.4156377
3.3687568
3.4284756
3.3687568
3.3936794
3.3686788
3.3703666
3.380732
3.3687568
3.3867593
3.3738947
3.393718
3.3913493
3.393718
3.372219
3.4281828
3.4294636
3.4549594
3.4667513
3.4897168
3.406673
3.2790644
3.4088154
3.280304
3.4065256
3.354166
3.47572
3.4239144
3.4089687
3.4089687
3.2815704
3.4089687
3.3752396
3.3456619
3.3687568
3.4088244
3.373584
3.3458025
3.2065704
3.4089687
3.393718
3.2064378
3.3911757
3.4089687
3.4089687
3.3715518
3.350113
3.2466538
3.421389
3.3721094
3.3721094
3.4095812
3.4095812
3.4752963
3.4789577
3.4752963
3.4095812
3.4095812
3.4083571
3.4734173
3.4752963
3.3752396
3.4892666
3.4095812
3.4082131
3.3036733
3.4071357
3.4095812
3.4094276
3.4752963
3.443787
3.391755
3.331116
3.3902667
3.3881006
3.3902667
3.3592744
3.4761722
3.2010896
3.3902667
3.3890982
3.3902667
3.3763835
3.4649022
3.4464831
3.4551787
3.45818
3.3579402
3.3902564
3.390403
3.3901203
3.3222742
3.3901203
3.4353323
3.3579402
3.3697019
3.3874977
3.3820665
3.371622
3.3698494
3.3875086
3.222104
3.3698378
3.4179657
3.3870733
3.418544
3.3700702
3.368728
3.3697593
3.3875086
3.3706295
3.3696914
3.3875086
3.3875086
3.420815
3.4181478
3.4141178
3.281665
3.387555
3.3875086
3.4180794
3.4204602
3.4173167
3.418386
3.4204006
3.4186716
3.3872926
3.2929912
3.4204602
3.292911
3.4138713
3.418102
3.418102
3.420509
3.420545
3.2922728
3.4138532
3.3720856
3.4138532
3.3893561
3.4138532
3.4196703
3.4242675
3.4173167
3.4138532
3.418102
3.306069
3.4224923
3.4138532
3.422387
3.3697019
3.3893561
3.4138532
3.418102
3.4138112
3.4139988
3.418244
3.3697019
3.3697019
3.386062
3.3697019
3.3697019
3.2083814
3.369932
3.371278
3.3860576
3.3686876
3.3686876
3.4009395
3.3687446
3.3687685
3.2083344
3.4355905
3.3686876
3.4398324
3.4011822
3.3686652
3.4355905
3.3972197
3.4398324
3.382611
3.382596
3.2085695
3.3686876
3.418089
3.3949351
3.222038
3.3686907
3.3472962
3.4324715
3.3745027
3.3982127
3.3747048
3.3745027
3.3745027
3.3745027
3.4132962
3.3745027
3.415697
3.2403533
3.3982127
3.3982127
3.3981085
3.4324305
3.3745027
3.4552486
3.4342148
3.3745027
3.3745027
3.3982127
3.3745966
3.3982127
3.3982127
3.4342148
3.3745027
3.3745027
3.3745027
3.3973866
3.3745027
3.2832444
3.4342148
3.4344163
3.3982127
3.3744972
3.3977978
3.3686032
3.3744972
3.3745027
3.4324305
3.3744972
3.3686907
3.384471
3.3745027
3.4157424
3.378902
3.3846054
3.4195213
3.378902
3.3787212
3.3846054
3.378902
3.385428
3.374525
3.2580857
3.3686962
3.2387722
3.3790169
3.378879
3.4221146
3.4157424
3.420352
3.3775551
3.3744044
3.3846054
3.378902
3.3846054
3.4131634
3.3774316
3.374525
3.3789186
3.4131634
3.378902
3.378902
3.3789246
3.222925
3.378902
3.3850126
3.3789935
3.411081
3.3857524
3.3982127
3.3744044
3.400704
3.4040725
3.3775437
3.382123
3.3851502
3.2774138
3.38011
3.3854945
3.3673682
3.377269
3.3402421
3.389731
3.381948
3.3618424
3.2636158
3.2937586
3.4053357
3.316066
3.2600446
3.2750359
3.2762818
3.2893095
3.2600012
3.4057083
3.4108565
3.4031441
3.392103
3.3999493
3.4139988
3.2864757
3.2864723
0.11971954
3.2401803
3.2101743
3.2101257
3.1997697
3.2100909
3.2101743
3.2658997
3.2293828
3.2727165
3.2131824
3.2273824
3.214206
3.2551079
3.2654927
3.2572813
3.2434702
3.2119765
3.2861147
3.236336
3.2489262
3.3017747
3.3006477
3.2126665
3.2109535
3.2132227
3.2574103
3.256233
3.2483764
3.2855163
3.2852585
3.2143867
3.2401524
3.292958
3.2143867
3.214039
3.2133782
3.21473
3.227388
3.2559578
3.2863097
3.2439718
3.286701
3.210702
3.2519338
3.2866442
3.2126665
3.2126665
3.2132227
3.256233
3.2126665
3.2103417
3.2514062
3.2785525
3.2519338
3.256274
3.2126665
3.2653313
3.212106
3.256233
3.2560954
3.210702
3.2126665
3.256233
3.2561643
3.2753086
3.255628
0.24598168
3.2390063
3.2514915
3.2582936
3.2266905
3.23016
3.2659495
3.212054
3.2582936
3.2390063
3.2694721
3.2659495
3.2582936
3.23016
3.219857
3.2390063
3.204096
3.2659495
3.273622
3.27195
3.2318177
3.2669673
3.230438
3.2669673
3.2192056
3.2514374
3.2262058
3.2469485
3.2300923
3.2302997
3.2300923
3.2391422
3.2580678
3.2385147
3.2730777
3.2270532
3.2386024
3.230956
3.246062
3.266712
3.2163146
3.2279663
3.2493985
3.2531197
3.2732368
3.2511659
3.251046
3.2163684
3.2163334
3.283711
3.2694812
3.2117822
3.2694812
3.231712
3.2164
3.293813
3.2365367
3.2228827
3.2315056
3.2630124
3.2727432
3.2914693
3.4241874
3.3642557
3.4241724
3.2910821
3.3358781
3.6932192
3.6657758
3.313002
3.283309
3.4026172
3.328266
3.3425727
3.3813672
3.3875952
3.31924
3.307132
3.3813019
3.2617
3.3815649
3.3916223
3.2016962
3.407531
3.3826444
3.2730734
3.389623
3.4060087
3.4079614
3.3826444
3.2384183
3.3254397
3.2961407
3.3989787
3.3826444
3.4066086
3.3824532
3.3826196
3.38899
3.3989787
3.400726
3.4164972
3.3826444
3.2815394
3.2344198
3.3826444
3.4120271
3.4129162
3.398794
3.3826444
3.387021
3.381755
3.4088507
3.3826444
3.3938549
3.3826444
3.3467622
3.395731
3.399689
3.3989787
3.3991551
3.408627
3.4225788
3.382595
3.3962202
3.381403
3.3921397
3.4157126
3.3739827
3.3878953
3.415595
3.3898518
3.3926823
3.4325159
3.3926823
3.3931537
3.3751366
3.3931537
3.3924491
3.3874764
3.3832033
3.3913758
3.3932266
3.3935215
3.3934984
3.3752682
3.3752682
3.3744972
3.377129
3.3807979
3.3770556
3.3770382
3.4243288
3.375197
3.3757257
3.4249353
3.407086
3.3757257
3.3934307
3.3997416
3.231096
3.2290776
3.4241104
3.4218116
3.3926733
3.4240565
3.3932266
3.3757257
3.430503
3.3832328
3.3934197
3.4305105
3.3751214
3.3934307
3.381894
3.3689601
3.2262514
3.3934283
3.3757257
3.4305105
3.394794
3.392888
3.3934307
3.2291093
3.377718
3.4425232
3.3890605
3.39605
3.3965
3.3932266
3.3933873
3.3689601
3.3757257
3.3949358
3.4249353
3.3752682
3.4235072
3.4314222
3.3745904
3.3935215
3.3934984
3.3749547
3.3935215
3.3935215
3.3964772
3.432904
3.4326632
3.3924491
3.41561
3.3931537
3.3885481
3.3924491
3.3845239
3.3924491
3.2622027
3.3832033
3.356928
3.3924491
3.3924491
3.375279
3.3941243
3.3915906
3.3924491
3.3938124
3.3931537
3.4328942
3.2628038
3.3926823
3.3832033
3.4282238
3.4296193
3.3666022
3.4196687
3.385392
3.3820877
3.3817122
3.3832033
3.3926823
3.3832033
3.4196687
3.3926823
3.3834722
3.3832033
3.380617
3.3826172
3.3882778
3.4196687
3.371743
3.4196508
3.4312658
3.3832033
3.3832033
3.3926823
3.392677
3.419597
3.3832033
3.3820877
3.4360716
3.3832033
3.385392
3.4237447
3.4331784
3.392226
3.3718438
3.3821507
3.3832705
3.4279196
3.392681
3.244641
3.3862743
3.392681
3.3965027
3.417496
3.3945699
3.307132
3.244613
3.2406943
3.3745158
3.244613
0.8802416
3.381675
3.3824096
3.3952284
3.4239228
3.4331577
3.386435
3.3821507
3.395151
3.4310586
3.3817034
3.3821507
3.3230298
3.4139242
3.3821507
3.4368227
3.3821507
3.3821507
3.3821507
3.387331
3.3952284
3.3930478
3.4238164
3.4238243
3.3863423
3.3950295
3.3863423
3.3803217
3.3950295
3.3950508
3.4332361
3.3863423
3.3863423
3.3686187
3.3962526
3.2321544
3.3722644
3.3714945
3.3863423
3.4216852
3.4405963
3.3862743
3.3862743
3.3856645
3.39503
3.3863423
3.3951845
3.4337454
3.4337454
3.3846343
3.42102
3.4168987
3.3946586
3.3864706
3.3863947
3.428454
3.3865585
3.348607
3.423125
3.4279857
3.4230971
3.4230971
3.4278862
3.279126
3.4230971
3.4266152
3.4222324
3.4276202
3.4275243
3.3581274
3.2636504
3.2780633
3.4233224
3.427628
3.4307013
3.4276524
3.4179802
3.4322567
3.4255292
3.4329777
3.4274948
3.4284434
3.4275243
3.4283793
3.2808285
3.4288106
3.395086
3.3861754
3.296616
3.4275708
3.4275243
3.4322567
3.4174395
3.4180682
3.418284
3.4240215
3.3930018
3.2097514
3.24833
3.2566345
3.2588167
3.360085
3.2624693
3.265479
3.251387
3.200134
3.2512727
3.1978066
3.2463799
3.2478929
3.4067943
3.2082093
3.3821347
3.3757007
3.3698967
3.3700948
3.3686159
3.3816142
3.3783696
3.3700948
3.3700948
3.3700948
3.382119
3.3700948
3.3700948
3.3701985
3.382119
3.370082
3.2584012
3.3686159
3.3700948
3.201649
3.382119
3.3700948
3.3700948
3.3700693
3.3700948
3.3700948
3.3700948
3.3700948
3.3702738
3.3701541
3.413733
3.4118934
3.4113595
3.2902484
3.3701541
3.413679
3.36352
3.4189553
3.4189553
3.4149945
3.2796183
3.394224
3.3937302
3.382796
3.4138253
3.4135697
3.2902484
3.413582
3.4135406
3.2754042
3.4189818
3.415567
3.413962
3.4206684
3.4226644
3.4196212
3.4167569
3.4139931
3.4139688
3.2894218
3.4173298
3.4139688
3.4195085
3.4196212
3.423204
3.422722
3.3700461
3.414946
3.4231095
3.4195085
3.4139688
3.4195085
3.4201105
3.4212558
3.4139688
3.4195085
3.2898319
3.287833
3.4232404
3.2894218
3.423204
3.2894218
3.2790031
3.4232404
3.278988
3.2392654
3.273827
3.2894218
3.4139428
3.3144832
3.293268
3.3843296
3.3124645
3.3999085
3.3689966
3.3999085
3.3999085
3.3700135
3.3960965
3.3762507
3.4337597
3.3766556
3.2329268
3.2424643
3.3755033
3.2798078
3.2243712
3.3729699
3.219639
3.386341
3.3714497
3.3729699
3.3857248
3.3842833
3.3859859
3.381942
3.3839624
3.3856485
3.3738084
3.3738508
3.3738508
3.2375526
3.2403324
3.373882
3.3741028
3.3866327
3.3866327
3.2922616
3.2931223
3.2939432
3.302152
3.29323
3.3024507
3.2226112
3.3325741
3.3296752
3.3203542
3.189878
3.302587
3.3247945
3.326926
3.3317575
3.3279452
3.2750857
3.3039787
3.327505
3.327505
3.3039787
3.3039787
3.3308473
3.3040204
3.3336406
3.3063068
3.30397
3.2124817
3.3344138
3.3287568
3.3039787
3.2932186
3.293316
3.2932186
3.3524523
3.2932186
3.3347404
3.292588
3.2932186
3.2919705
3.2800348
3.280021
3.279066
3.333052
3.3295054
3.1868002
3.1910734
3.1865342
3.290357
3.2906327
3.3306603
3.3306603
3.3306603
3.2922769
3.2979975
3.3341951
3.1974266
3.2552693
3.2944047
3.1974266
3.3189056
3.4265082
3.4304018
3.2902937
3.2902937
3.318841
3.2902937
3.2924097
3.2902937
3.3816082
3.2902937
3.2893777
3.319362
3.2892437
3.2891767
3.3101275
3.3350317
3.3083916
3.3358765
3.431419
3.3684473
3.3885477
3.3184137
3.324751
3.3364804
3.3309934
3.3356388
3.291217
3.2447329
3.3361087
3.3359604
3.3359692
3.294901
3.3363411
3.2755816
3.318237
3.3392801
3.3391657
3.339191
3.3392699
3.3373976
3.2755213
3.3364189
3.198294
3.3355312
3.3374188
3.33939
3.3377209
3.3396664
3.3377209
3.337184
3.3359077
3.3357832
3.3404274
3.3393
3.3407385
3.3394017
3.3407385
3.366666
3.3407385
3.3394907
3.3405013
3.3394017
3.338857
3.3381374
3.3392007
3.3394017
3.3479714
3.3393207
3.3359478
3.3359478
3.2425883
3.357136
3.3520105
3.3358076
3.340208
3.3592858
3.357411
3.3599217
3.3599226
3.3486
3.3599217
3.3731432
3.3770087
3.3019361
3.3688364
3.3701558
3.3688884
3.36889
3.3426518
3.3429484
3.3725348
3.357659
3.3412664
3.2100182
3.3425612
3.3570833
3.311659
3.3416166
3.2093813
3.3123891
3.3430853
3.3430853
3.3123431
3.3550172
3.3123624
3.3429372
3.359635
3.3777537
3.3360782
3.3776703
3.3023536
3.3078442
3.3607228
3.3260608
3.3266053
3.3260343
3.32603
3.3486574
3.3640199
3.292456
3.322298
3.3260343
3.29045
3.2080986
3.2926931
3.2080543
3.358348
3.322096
3.3260922
3.3597403
3.35965
3.318992
3.2481816
3.3566284
3.3777258
3.3641453
3.3890934
3.3777258
3.35965
3.3433135
3.359771
3.3801215
3.3081
3.3260922
3.35965
3.3641453
3.3764038
3.2100208
3.3260922
3.3260922
3.2100208
3.3260922
3.3538349
3.3890934
3.3594542
3.402235
3.2855978
3.3223474
3.3260922
3.3625455
3.318772
3.3489554
3.2112298
3.3260922
3.3600433
3.3574104
3.3384082
3.3259716
3.3507519
3.3885803
3.3252063
3.395397
3.3260922
3.3258514
3.3600433
3.3260922
3.2098315
3.3260922
3.358045
3.2826989
3.3583865
3.2098324
3.2112
3.2102642
3.2852812
3.3375149
3.3134072
3.30262
3.3189876
3.3662417
3.3934367
3.3368356
3.3481276
3.3491924
3.3828416
3.3585982
3.3309858
3.3582475
3.335797
3.3584838
3.3665297
3.3371215
3.334878
3.360996
3.3749385
3.37104
3.3209715
3.3509505
3.375381
3.3206253
3.2793858
3.2125182
3.3506894
3.3208952
3.3063157
3.309254
3.30483
3.2905273
3.3118682
3.3272138
3.3643348
3.3364217
3.3386595
3.3510482
3.3060443
3.3364217
3.3118682
3.3118627
3.2093768
3.2797756
3.3364217
3.2025983
3.3642762
3.3365147
3.361878
3.3120003
3.3357399
3.336671
3.315035
3.3224752
3.3223932
3.361788
3.336671
3.3043664
3.3655827
3.3661911
3.3501825
3.4796605
3.3146224
3.3504581
3.494937
3.4986527
3.3110888
3.289061
3.322338
3.428225
3.4293275
3.2800436
3.336671
3.321183
3.321183
3.321183
3.321183
3.321183
3.5220034
3.3759017
3.3544688
3.3543158
3.3110888
3.4606838
3.352961
3.3114316
3.336671
3.3695467
3.2777956
3.481947
3.3540843
3.312531
3.3777494
3.4158516
3.3500438
3.3444798
3.3411694
3.4112182
3.3152354
3.4084458
3.3058412
3.3764534
3.31533
3.4048176
3.4100308
3.31533
3.31533
3.4141703
3.41399
3.4014814
3.376434
3.3451934
3.3803596
3.3983781
3.31533
3.3152826
3.3152826
3.380669
3.3152835
3.3784156
3.3206763
3.372731
3.3763435
3.3872857
3.3216486
3.2288687
3.3735752
3.3766716
3.384542
3.3372593
3.2279644
3.341172
3.3469374
3.3816144
3.3203354
3.3005753
3.3759317
3.4114823
3.3760037
3.3760037
3.4389691
3.4775944
3.379255
3.3760037
3.4343638
3.4622562
3.4220302
3.3965478
3.4244506
3.3945894
3.3795106
3.3791158
3.3791158
3.2349207
3.3945894
3.3791158
3.4239433
3.3791158
3.2340357
3.3791428
3.397131
3.432081
3.3791158
3.3945894
3.3945894
3.3791158
3.424622
3.3787158
3.423301
3.4253838
3.3945894
3.3895085
3.3791158
3.3791158
3.3791158
3.3720744
3.3800883
3.3963265
3.3791158
3.3790402
3.3789086
3.3720036
3.467071
3.3789678
3.3785954
3.379096
3.432629
3.3170316
3.4255185
3.4284804
3.3720865
3.3897233
3.3840466
3.3754146
3.3749056
3.39357
3.4323444
3.3949523
3.4161294
3.425607
3.3788915
3.3949523
3.4242203
3.3789508
3.3784773
3.300941
3.4160292
3.397552
3.4365416
3.413757
3.4086888
3.4030178
3.4072404
3.3949978
3.3975294
3.4080684
3.4346502
3.2795982
3.4084294
3.3984725
3.3978443
3.4394257
3.3527124
3.39785
3.414922
3.4375322
3.3975103
3.4377277
3.397641
3.2265031
3.4009485
3.3975103
3.397641
3.3963647
3.3887467
3.427797
3.3971229
3.3716433
3.397641
3.397641
3.397641
3.3995206
3.3716433
3.3716433
3.3911314
3.3725033
3.3716433
3.2208881
3.4326646
3.371932
3.372843
3.3719392
3.3966377
3.3973098
3.3746533
3.3718836
3.455945
3.3720217
3.397518
3.397626
3.2838035
3.3721187
3.3989239
3.3718836
3.3718836
3.418407
3.394777
3.41872
3.4112978
3.4241924
3.3689985
3.3689985
3.3970878
3.4334505
3.4334505
3.3985136
3.369038
3.4323254
3.3985136
3.369368
3.3988574
3.392871
3.3691103
3.464281
3.368822
3.3691103
3.3955133
3.3691103
3.375946
3.3947175
3.4447846
3.369026
3.3947175
3.4298897
3.3947175
3.3948746
3.3686078
3.4043179
3.4041677
3.4266055
3.4255967
3.3947175
3.4257097
3.3559403
3.208396
3.347559
3.335485
3.4352157
3.3423798
3.3948328
3.4162126
3.4322026
3.4124389
3.3947306
3.4268599
3.4041677
3.4041677
3.430023
3.4124389
3.4093466
3.3928459
3.4024374
3.4116766
3.3689568
3.401354
3.407928
3.4272296
3.3968997
3.394176
3.4308016
3.379448
3.3938015
3.3938015
3.2286325
3.3756373
3.4133441
3.375395
3.3689966
3.3756373
3.2813618
3.3754635
3.3753252
3.375184
3.411957
3.4410207
3.3768067
3.3978496
3.4006479
3.3880258
3.3935468
3.368941
3.2793574
3.286344
3.4617445
3.4615817
3.2826936
3.3961158
3.412996
3.4480677
3.431966
3.399694
3.430989
3.4438586
3.420991
3.4630852
3.3930092
3.464093
3.4496007
3.4631562
3.2210164
3.2140315
3.379027
3.2792146
3.379443
3.2210164
3.4266517
3.3713903
3.2156475
3.332238
3.237312
3.3971555
3.369221
3.3321867
3.3022025
3.3026001
3.3622403
3.2962692
3.4196336
3.3839579
3.4151418
3.383976
3.383879
3.383879
3.383879
3.383879
3.3792505
3.2368474
3.38396
3.4217744
3.414389
3.4218812
3.414389
3.421667
3.414389
3.4143894
3.383862
3.383862
3.3847294
3.4143894
3.414389
3.2850516
3.42201
3.4144762
3.414389
3.4187565
3.4217355
3.276612
3.414389
3.4144025
3.4142344
3.3845947
3.3845947
3.4144025
3.31658
3.374625
3.418829
3.419102
3.3428342
3.4008706
3.3552392
3.2377965
3.3649738
3.2916608
3.3538177
3.3708527
3.3125324
3.291856
3.2456322
3.2398932
3.3024333
3.322341
3.3690193
3.3690972
3.3703644
3.3686907
3.3703644
3.3715649
3.3708029
3.374566
3.417781
3.3974202
3.401338
3.397395
3.4011729
3.438405
3.3994823
3.4180114
3.4150617
3.3693864
3.3707588
3.4353242
3.3693504
3.3687513
3.3693373
3.3693864
3.2166774
3.369345
3.369345
3.3777032
3.369345
3.3693411
3.449809
3.3789165
3.399129
3.399129
3.3991182
3.4345584
3.399129
3.3789165
3.3721683
3.2171283
3.3957138
3.3725448
3.3995335
3.3721683
3.372215
3.4401114
3.434827
3.466826
3.3989515
3.4587057
3.2424831
3.2456791
3.7305937
3.2456791
3.2922895
3.2456791
3.2361467
3.2833173
3.2450035
3.2348611
3.2988636
3.2669156
3.3263137
3.458831
3.2669156
3.3939016
3.2669156
3.4755292
3.4254365
3.5020747
3.4406164
3.2667918
3.2667918
3.2667918
3.2555108
3.266359
3.2351198
3.3684309
3.26947
3.2816818
3.2948945
3.3345692
3.2524896
3.2583935
3.2608507
3.2659936
3.2452471
3.2843504
3.2565565
3.2688787
3.2738578
3.2455404
3.4261835
3.4261835
3.4263976
3.4246461
3.465778
3.282887
3.4260457
3.4206948
3.4261835
3.3835254
3.4261708
3.420924
3.3332684
3.3877273
3.4049296
3.3892107
3.4034376
3.4035954
3.4013646
3.408865
3.3800745
3.4025667
3.3942068
3.403086
3.3287997
3.3295982
3.2540658
3.3309073
3.262813
3.3691616
3.3044872
3.304677
3.3709908
3.2751222
3.2533681
3.213369
3.2655225
3.213783
3.2203546
3.22317
3.2094855
3.22222
3.2136695
3.2135658
3.2283516
3.2331874
3.237156
3.2364783
3.2544332
3.327383
3.2380602
3.2553294
3.2296386
3.238267
3.2553294
3.2565749
3.2299356
3.2372167
3.240556
3.2565749
3.2447922
3.2553294
3.3086195
3.319452
3.254096
3.255983
3.255983
3.2469416
3.2365994
3.2339034
3.2376854
3.2418907
3.2383265
3.2460074
3.3039117
3.3193638
3.2564967
3.2973142
3.247257
3.2563403
3.245475
3.2354958
3.2402887
3.2574062
3.2491186
3.2356315
3.2247868
3.2072122
3.1990507
3.2358532
3.2305772
3.2358582
3.2437267
3.2393758
3.2484102
3.2396424
3.2396424
3.235453
3.235437
3.227533
3.2354958
3.2354958
3.2271512
3.3123658
3.2527223
3.2474
3.2344077
3.2344077
3.2533588
3.253512
3.2440047
3.299891
3.2237551
3.227552
3.2438653
3.2995343
3.2438653
3.3140233
3.2384107
3.3389
3.3246043
3.3130543
3.2438653
3.2435877
2.2674901
3.2438653
3.3086414
3.231088
3.2427588
3.2435877
3.2580636
3.2435877
3.2260656
3.2286878
3.2216632
3.2455442
3.244625
3.252998
3.25814
3.2492673
3.273471
3.2491317
3.2199259
3.224005
3.2406118
3.2497008
3.3914752
3.3502126
3.3302956
3.2528775
3.3302956
3.3236282
3.2421238
3.3610382
3.316454
3.2620316
3.3160176
3.332604
3.2610924
3.281237
3.1855483
3.2878408
3.193995
3.2263346
3.1852126
3.1866748
3.2376146
3.3249865
3.3332784
3.3328946
3.332896
3.3440619
3.2921076
3.3355503
3.3677006
3.369232
3.3696587
3.3686144
3.3701453
3.3707795
3.3707795
3.4234717
3.385993
3.3705869
3.385993
3.385993
3.3870428
3.370152
3.385993
3.4436886
3.4234717
3.2143216
3.3713129
3.2218616
3.3697486
3.3697352
3.3697486
3.3701286
3.1998243
3.3511937
3.3152313
3.2666824
3.2386324
3.2018344
3.2127872
3.2874224
3.3905063
3.3204288
3.4058907
3.4808998
3.4037826
3.4871676
3.2520308
3.2520308
3.251867
3.239297
3.441561
3.3610628
3.4861655
3.2520308
3.2521298
3.3606362
3.251925
3.2520308
3.252089
3.2541819
3.412824
3.405511
3.2540524
3.2990823
3.2990823
3.2485855
3.335109
3.2896645
3.3792677
3.340549
3.2741377
3.2741377
3.3705852
3.4469106
3.2864475
3.4368145
3.2895393
3.3439167
3.2783213
3.2769613
3.3961287
3.3439302
3.2582693
3.4365299
3.3952062
3.3961287
3.3577533
3.3316755
3.331641
3.3581915
3.3337293
3.2502985
3.359895
3.266734
3.3337293
3.2935944
3.2044675
3.2926364
3.4188328
3.2925618
3.3384194
3.2661018
3.266734
3.3316755
3.4139662
3.3097045
3.266694
3.3430793
3.2044604
3.3354497
3.4122465
3.2044604
3.457873
3.4373076
3.304478
3.3507805
3.195542
3.393044
3.2048275
3.2041023
3.2044604
3.2044604
3.2044153
3.2044604
3.2044604
3.359066
3.2106926
3.3032947
3.200652
3.2264907
3.204482
3.2103333
3.3668423
3.3725128
3.3579493
3.300307
3.3599296
3.3278036
3.3702295
3.35309
3.3256423
3.3281102
3.3829439
3.359467
3.3700848
3.2865553
3.3667517
3.3083081
3.2850864
3.283451
3.2849703
3.3015661
3.2836313
3.2837417
3.2150648
3.4650056
3.441319
0.25158086
3.4632041
3.4626381
3.4573143
3.4317727
3.3966753
3.2810144
3.4626381
3.4599602
3.4428332
3.37212
3.4626381
3.383859
3.4310753
3.4649074
3.4626503
3.394455
3.4612668
3.397422
3.429746
3.4559646
3.3332272
3.3967407
3.4626153
3.4626153
3.4626153
3.4323359
3.4626856
3.4324203
3.4613326
3.4321802
3.4649074
3.2836165
3.4634876
3.370115
3.4626856
3.4649074
3.2836165
3.4472373
3.4626856
3.4626856
3.4404056
3.28295
3.37606
3.4628718
3.4626856
3.4323642
3.4649804
3.4413364
3.40246
3.4513562
3.4649804
3.4413364
3.4483452
3.4649804
3.4649804
3.4488747
3.373303
3.2849286
3.4424336
3.4107425
3.4649804
3.4649804
3.4649804
3.4649804
3.4649804
3.4680433
3.4632516
3.4649804
3.370115
3.467357
3.4582906
3.2849286
3.467357
3.4442084
3.467357
3.4672813
3.373303
3.4091241
3.4649074
3.4604194
3.455891
3.4323642
3.4289417
3.4629679
3.3955112
3.4317725
3.467357
3.46797
3.464958
3.4649074
3.4579856
3.4674878
3.4649074
3.3717144
3.4651997
3.4649074
3.3940847
3.4649074
3.4319417
3.4306655
3.3955276
3.3958826
3.218677
3.395944
3.395944
3.429535
3.4659534
3.4112027
3.3720145
3.4453526
3.3720145
3.4302397
3.408871
3.4136324
3.445259
3.4191668
3.3720145
3.3720145
3.3720145
3.387548
3.3933246
3.4302397
3.3720145
3.4318929
3.3720145
3.4302397
3.3721046
3.3720145
3.3798318
3.4453526
3.4230487
3.4331582
3.3689651
3.2201092
3.3689787
3.3692164
3.3699858
3.4263568
3.368985
3.3885815
3.3691707
3.389676
3.369673
3.3885815
3.3692627
3.3692374
3.369673
3.4582162
3.3699858
3.369673
3.3705068
3.3692672
3.389515
3.311028
3.3909214
3.3707616
3.3687446
3.371298
3.3703644
3.3707616
3.3308315
3.4475589
3.4011755
3.4164345
3.425364
3.370981
3.3717616
3.4012456
3.39235
3.4394941
3.3708746
3.4261742
3.425364
3.370867
3.222225
3.381463
3.3864868
3.209674
3.211223
3.2361896
3.369343
3.2398064
3.3743224
3.4266396
3.3931375
3.3708138
3.370869
3.3931375
3.370755
3.3932047
3.4153523
3.4153807
3.3817112
3.370807
3.370807
0.5214834
3.3692818
3.3691826
3.3700624
3.3687892
3.3687892
3.3687973
3.370057
3.3686523
3.3690515
3.3700624
3.3687892
3.206081
3.218194
3.3687892
3.3687403
3.368731
3.3687403
3.368731
3.368731
3.1970363
3.368731
3.3687403
3.3687892
3.3939116
3.3939312
3.3939312
3.3686907
3.3687403
3.463706
3.36881
3.4287465
3.368838
3.3930833
3.4288292
3.3687403
3.3687403
3.3687403
3.36881
3.3939312
3.449719
3.4415236
3.3703418
3.3703418
3.370755
3.3703418
3.3933399
3.1966085
3.3703418
3.3680604
3.36881
3.2910392
3.435172
3.4241707
3.4062414
3.308543
3.4014735
3.3584197
3.452506
3.3975844
3.4147906
3.4296486
3.2910392
3.198125
3.4809365
3.424803
3.3008919
3.4224114
3.424803
3.4755085
3.424803
3.424803
3.3860888
3.424803
3.3855124
3.424803
3.422122
3.4235396
3.38899
3.4244864
3.4294465
3.415286
3.3619542
3.3584197
3.2883248
3.356683
3.3584197
3.3703918
3.3584197
3.302633
3.3515964
3.4146369
3.2099643
3.3275793
3.3014688
3.2869864
3.2850978
3.3564277
3.3584197
3.3584197
3.4003756
3.435172
3.2585056
3.3971949
3.397638
3.3999727
3.4174798
3.4024203
3.278874
3.4041336
3.4388099
3.4412177
3.3700135
3.397638
3.4046504
3.4024203
3.3976686
3.3282082
3.4174798
3.397638
3.4174798
3.3954084
3.4371285
3.452506
3.5089998
3.3997808
3.449094
3.452506
3.397638
3.452506
3.449094
3.452506
3.4330773
3.452506
3.463419
3.452506
3.463419
3.452506
3.45184
3.452506
3.401243
3.463419
3.4612668
3.4246798
3.4612668
3.4613326
3.4377713
3.3702335
3.3765268
3.4002476
3.3702345
3.3702345
3.4376462
3.3932548
3.3702345
3.3702345
3.435005
3.3702345
3.3977149
3.3702345
3.3705993
3.3702345
3.3701913
3.226913
3.3430312
3.3981383
3.3362577
3.4818254
3.3701959
3.3703418
3.400273
3.4321966
3.4000714
3.3688524
3.3702345
3.3998752
3.400273
3.3701913
3.3963647
3.373115
3.3718102
3.373115
3.3722413
3.3713841
3.3697317
3.3697317
3.3749352
3.3713841
3.4041114
3.3245003
3.3695116
3.3713841
3.3700194
3.370567
3.371648
3.3697317
3.3697317
3.2109165
3.369782
3.3728974
3.3697753
3.3897462
3.3867283
3.399978
3.3898523
3.385322
3.3914328
3.3921018
3.3903842
3.3878121
3.3777773
3.2243104
3.3733413
3.2071788
3.3640232
3.3721662
3.4105225
3.3936253
3.2922578
3.4012437
3.3896933
3.3565698
3.3978446
3.4080982
3.3919752
3.2805743
3.2556348
3.410945
3.3539262
3.37108
3.3910494
3.3923836
3.4286494
3.3723104
3.4246943
3.2156029
3.3722756
3.3720417
3.2254868
3.3923836
3.3726227
3.3689961
3.3689713
3.3932085
3.3687816
3.3689713
3.4296079
3.3689713
3.3935058
3.4388623
3.368791
3.3934295
3.3689713
3.3689713
3.3726227
3.4278367
3.4203131
3.3689713
3.3934295
3.4292665
3.3934295
3.3689713
3.4292665
3.3689713
3.3925927
3.3914483
3.3689713
3.3689713
3.458001
3.3937757
3.3935058
3.3687778
3.4292924
3.4431648
3.3687735
3.3934677
3.3897932
3.3687735
3.2151415
3.4230077
3.420264
3.4230077
3.3687735
3.4281676
3.407746
3.3931885
3.3687735
3.3935058
3.3687735
3.4219368
3.3687735
3.3687735
3.4012284
3.3933997
3.429207
3.3687487
3.428003
3.3706439
3.3933997
3.3935058
3.2226722
3.368782
3.368782
3.368782
3.368782
3.3796344
3.3692422
3.3688197
3.4076927
3.408815
3.2761695
3.4011073
3.2331862
3.4149964
3.4176154
3.368881
3.3450985
3.369133
3.3783042
3.3905118
3.383438
3.3426301
3.369229
3.376943
3.379645
3.394415
3.407674
3.406358
3.279462
3.279462
3.3351455
3.2823405
3.2831955
3.2099304
3.392913
3.3806257
3.4073834
3.3784244
3.3921185
3.40747
3.3829195
3.382044
3.4060073
3.4076374
3.4010231
3.4098935
3.4113889
3.3749626
3.379842
3.3738678
3.3281193
3.3696234
3.3355663
3.3687778
3.206081
3.369531
3.3703418
3.3688524
3.3687403
3.369531
3.206081
3.1991785
3.3703418
3.3708405
3.3700135
3.369531
3.369581
3.3707147
3.3701055
3.186666
3.370016
3.3703418
3.3708029
3.379033
3.3837252
3.3963563
3.3817358
3.3837252
3.3837252
3.3277705
3.3817663
3.3817358
3.370278
3.3963547
3.186665
3.3943026
3.3195128
3.3701053
3.332473
3.3689098
3.3940864
3.370098
3.3687303
3.3040738
3.394519
3.3769267
3.3721662
3.3943026
3.3688118
3.3943026
3.3701053
3.3701053
3.3701053
3.3381164
3.3687713
3.39516
3.186665
3.18851
3.3701053
3.3701053
3.3704445
3.3701053
3.3701053
3.1865737
3.3701053
3.3701053
3.3686907
3.3690946
3.396375
3.3277867
3.3701053
3.3701482
3.3838568
3.4378266
3.4814696
3.3701024
3.3933055
3.400324
3.3763232
3.4349525
3.4351456
3.3701053
3.4523976
3.3577025
3.2009535
3.4752963
3.2910392
3.424803
3.4377062
3.4153583
3.4809365
3.424803
3.424803
3.3122084
3.3931797
3.424503
3.2727466
3.3146677
3.3128712
3.3128712
3.31509
3.2730036
3.3128712
3.2469182
3.2730036
3.3125966
3.3128712
3.4164774
3.31397
3.4351456
3.31509
3.4011583
3.434285
3.2905366
3.4296217
3.414225
3.414225
3.4291832
3.4333894
3.3687713
3.3971949
3.3687713
3.414252
3.3757555
3.4341972
3.414225
3.4376664
3.4245896
3.4380028
3.4342198
3.436492
3.4355588
3.4355588
3.2847698
3.399534
3.4144495
3.4316905
3.432865
3.4092731
3.434611
3.3983927
3.3985019
3.4020457
3.4129667
3.4104033
3.2170653
3.398665
3.396154
3.387196
3.3756967
3.3754468
3.375676
3.3758745
3.3756967
3.2433121
3.4161625
3.3756967
3.3756967
3.4139724
3.3770792
3.3972332
3.3938918
3.4131434
3.37614
3.4160945
3.4147005
3.4144413
3.2700217
3.37614
3.415644
3.2700217
3.3756967
3.4158957
3.4144413
3.4136562
3.4139316
3.3687906
3.414948
3.415644
3.3687892
3.375983
3.4139316
3.4143074
3.3568618
3.4158554
3.303524
3.18975
3.2065578
3.4991982
3.3845143
3.3560307
3.189138
3.375243
3.3507683
3.18975
3.4129531
3.3656468
3.3656468
3.2064579
3.3447225
3.3690119
3.2306685
3.1940067
3.2523656
3.2524812
3.2959213
3.2988029
3.2403612
3.2791736
3.3268816
3.2417989
3.1906464
3.191268
3.241582
3.4037156
3.2054284
3.2518225
3.2421615
3.241582
3.117415
3.241582
3.1922789
3.402506
3.241582
3.241582
3.2413013
3.2404327
3.2106547
3.2458289
3.241582
3.241582
3.4048364
3.241582
3.246296
3.241582
3.2404616
3.2421615
3.2455435
3.2756102
3.4034376
3.4039037
3.2418714
3.2403612
3.211868
3.249936
3.250527
3.2090237
3.2450812
3.2404695
3.209141
3.2970815
3.3034196
3.186912
3.3163865
3.3042612
3.2670803
3.274458
3.3005195
3.3180056
3.3005369
0.06977599
3.3063278
3.3008091
3.2990794
3.2942204
3.3064482
3.3028717
3.292046
3.2758093
3.2211003
3.3082776
3.3081536
3.2728698
3.2934794
3.3008091
3.2934587
3.3004549
3.3064482
3.2942495
3.297454
3.312096
3.328859
3.330258
3.330258
3.312096
3.3198416
3.3228955
3.312096
3.2266462
3.3229592
3.3314087
3.3229592
3.3082776
3.2937996
3.312096
3.3229592
3.312096
3.3343744
3.2896626
3.2507844
3.3082776
3.2937536
3.3026843
3.3043797
3.3079696
3.312096
3.328723
3.3117707
3.330258
3.3115823
3.3188202
3.3145592
3.3124213
3.238018
3.3418984
3.3345647
3.3522325
3.3173604
3.3557887
3.32587
3.3118038
3.2803667
3.2589617
3.2588866
3.239527
3.2829561
3.3368785
3.319823
3.2585874
3.3737838
3.3119364
3.374523
3.374523
3.3748374
3.2699583
3.3774009
3.254249
3.2976096
3.3673637
3.3794632
3.21232
3.3716943
3.3771322
3.228808
3.296404
3.3739214
3.3367515
3.3784044
3.3765967
3.3763912
3.3776164
3.3775015
3.3730412
3.3751075
3.37517
3.3730562
3.3726892
3.372858
3.3730412
3.3771842
3.3730412
3.372858
3.372858
3.3694284
3.3712704
3.3730412
3.3730412
3.3730412
3.3730412
3.375138
3.3730292
3.3751075
3.3771842
3.377413
3.248926
3.3771842
3.221485
3.3727305
3.3730175
3.3696911
3.3726594
3.3772593
3.3731258
3.3751075
3.3774917
3.3771803
3.3774216
3.37717
3.3662162
3.370872
3.3788202
3.372158
3.3788378
3.376258
3.3815985
3.3800273
3.3857691
3.386202
3.3711157
3.3695283
3.306261
3.3775759
3.3716128
3.3799074
3.2204797
3.3798642
3.3799074
3.3162258
3.2093832
3.1989634
3.1999497
3.239228
3.1956494
3.2631102
3.1884885
3.2371123
3.3347344
3.3843272
3.4280117
3.197088
3.3198593
3.293985
3.1894364
3.5126967
3.186306
3.1902363
3.3821843
3.381932
3.1882484
3.1883156
3.268134
3.3819432
3.3128614
3.3128614
0.070712164
3.383351
3.3803384
3.3821065
3.3797524
3.3811848
3.2431753
3.265756
3.3803384
3.3821065
3.3797352
3.3714275
3.3880002
3.4020262
3.3834305
3.3820684
3.3847122
3.3847122
3.3847122
3.270777
3.4060998
3.420485
3.3847122
3.2831345
3.3816142
3.383365
3.3833573
3.3809478
3.380946
3.3789725
3.282222
3.2484791
3.2631738
3.3394837
3.3718514
3.3116357
3.3615866
3.418597
3.4183316
3.3804774
3.3696673
3.4164538
3.4165735
3.418597
3.3777308
3.375853
3.4176614
3.4088082
3.4176614
3.3895864
3.373012
3.4233286
3.4239888
3.244959
3.2948225
3.3728867
3.3728867
3.36978
3.197916
3.3709211
3.3726466
3.370732
3.3658981
3.3700116
3.3707151
3.3700542
3.3700104
3.370732
3.370784
3.3699691
3.3709211
3.3703392
3.2000985
3.3707225
3.370732
3.3709211
3.3709211
3.3719516
3.3696914
3.370732
3.3700116
3.3693113
3.3693113
3.2108471
3.3693979
3.36932
3.370732
3.3707268
3.2096255
3.2110953
3.3696916
3.3708236
3.3700116
3.2108393
3.3707173
3.3389463
3.3701024
3.3701046
3.370149
3.376404
3.3701038
3.3763726
3.3772223
3.3764956
3.3765142
3.3765142
3.3765142
3.376404
3.3781548
3.4028213
3.411252
3.3765142
3.3999574
3.4122264
3.3863358
3.2004344
3.3969617
3.2191942
3.4101608
3.3750112
3.3399975
3.2388952
3.3514495
3.2549918
3.3746836
3.3753688
3.3857353
3.3931885
3.4052382
3.2376559
3.4248328
3.4221263
3.4004288
3.4193938
3.4235067
3.4235067
3.4122312
3.4193938
3.2852876
3.418761
3.4194252
3.382145
3.369932
3.4239988
3.2855008
3.2567081
3.2855008
3.413761
3.2004445
3.4530463
3.2833295
3.2090056
3.279812
3.2855718
3.2382164
3.2815645
3.3137383
3.2816446
3.2278945
3.2378376
3.3693657
3.2473943
3.409227
3.2726028
3.2119672
3.286179
3.2567925
3.2490847
3.2862928
3.2755487
3.2256713
3.3078635
3.3613732
3.225438
3.225501
3.2112331
3.2228224
3.210016
3.2084413
3.223951
3.2134893
3.2114804
3.3597496
3.2156935
3.3632972
3.2228224
3.2099676
3.225501
3.2293527
3.2621906
3.2645006
3.3632972
3.2646554
3.2645006
3.3473098
3.3622363
3.2741032
3.2406995
3.239114
3.2601683
3.2728171
3.3660545
3.3692071
3.2605572
3.2986581
3.220004
3.3669353
3.2680347
3.347068
3.3033864
3.3693159
3.2049649
3.4114444
3.4392269
3.415649
3.4200442
3.4115674
3.2637353
3.431697
3.4316883
3.2994928
3.431697
3.430761
3.431697
3.4316611
3.4141738
3.4382558
3.4410758
3.4298074
3.430761
3.414316
3.4316883
3.4210038
3.4305837
3.4244566
3.4316883
3.4253254
3.431697
3.4305837
3.4311328
3.4317002
3.4317002
3.4327652
3.4372587
3.4317002
3.4244947
3.4317002
3.4317002
3.4317002
3.4305952
3.4316914
3.4244187
3.420931
3.2455585
3.4295185
3.423378
3.4150007
3.4275808
3.420931
3.420925
3.3042357
3.4174125
3.3946424
3.3899627
3.39462
3.4149284
3.422165
3.3041599
3.2970748
3.4206135
3.3686974
3.4029558
3.4169967
3.3791318
3.4080768
3.4110837
3.3969872
3.274388
3.397013
3.4226851
3.4244606
3.428464
3.4302008
3.2940931
3.4249046
3.4251387
3.2850635
3.4232903
3.4211578
3.4303467
3.4383476
3.4330747
3.427795
3.4316652
3.4630344
3.433604
3.4625173
3.4622707
3.4525483
3.4652755
3.397938
3.4602907
3.463124
3.4327607
3.3972766
3.396026
3.422555
3.447287
3.4645493
3.464228
3.4049275
3.4474363
3.4642987
3.438912
3.4653
3.46063
3.463403
3.4653
3.2832615
3.4549618
3.463104
3.461686
3.4646487
3.4647975
3.4572845
3.4296396
3.4402122
3.3776202
3.283156
3.4639864
3.4626188
3.3705778
3.4626153
3.4650786
3.4632041
3.4639864
3.464702
3.291061
3.464726
3.4654932
3.3832211
3.4403882
3.4632041
3.4627793
3.4632397
3.4233923
3.4633787
3.455135
3.4612858
3.4619114
3.4619114
3.4539523
3.4626153
3.4633787
3.4619114
3.4619114
3.4619114
3.4619114
3.4619114
3.4619114
3.4619114
3.3494525
3.4340498
3.435641
3.4310472
3.4151714
3.4612668
3.4612668
3.4612668
3.2838573
3.4619114
3.4615817
3.4612994
3.3993275
3.4542572
3.4612668
3.4612668
3.4612668
3.4619114
3.2838573
3.4612668
3.4610164
3.4419992
3.4542856
3.4612668
3.4612668
3.4618766
3.4612668
3.4619114
3.4619114
3.2784288
3.462256
3.3017359
3.4613326
3.3693058
3.4619114
3.4613054
3.4619114
3.4619114
3.3693068
3.4619114
3.2813792
3.4613326
3.4619114
3.4619114
3.4520788
3.4619114
3.458767
3.4507113
3.4337428
3.4335637
3.4619114
3.4235094
3.3987446
3.4139433
3.4166973
3.2784603
3.423469
3.4170446
3.4360964
3.4359775
3.4357405
3.4630122
3.4370596
3.4360964
3.4370596
3.4170446
3.4360964
3.2784288
3.4630122
3.4619114
3.3738663
3.4630344
3.4631512
3.464169
3.4642005
3.463047
3.4253783
3.3916218
3.2849362
3.3722763
3.4567966
3.3722644
3.4630122
3.3856394
3.455065
3.4533794
3.4567966
3.4556372
3.4630122
3.3616729
3.4556372
3.439767
3.2953274
3.4249027
3.3855643
3.4234054
3.3722806
3.3700693
3.3700693
3.3700693
3.3612852
3.3700693
3.3696914
3.3701882
3.447019
3.4336777
3.2218616
3.3874629
3.4183857
3.3696914
3.4245896
3.439923
3.2218616
3.3696914
3.370152
3.390403
3.4246757
3.3696914
3.387555
3.3696914
3.387555
3.451901
3.386463
3.390403
3.3697019
3.36978
3.222097
3.3696914
3.3875086
3.447019
3.4179056
3.387555
3.369921
3.3875437
3.3696914
3.4159548
3.3701286
3.416257
3.4234767
3.416257
3.4320333
3.3701286
3.3700693
3.3700693
3.388005
3.386097
3.386097
3.416257
3.4245176
3.444176
3.385929
3.385929
3.4136708
3.385929
3.3967466
3.372219
3.37012
3.4233377
3.380746
3.385929
3.4425232
3.37012
3.3686132
3.37012
3.372219
3.3857462
3.447935
3.37012
3.3701286
3.3832207
3.37012
3.3858619
3.37012
3.404353
3.37012
3.461226
3.2837555
3.41592
3.3693497
3.3954296
3.4257483
3.3700187
3.3686132
3.384286
3.2100523
3.3700187
3.4138956
3.2809498
3.2837555
3.3118918
3.2837555
3.211091
3.2093105
3.2933478
3.211091
3.2837555
3.3510046
3.212745
3.354166
3.2085223
3.212745
3.2085223
3.2009556
3.2127237
3.2428885
3.2596345
3.2933478
3.2085223
3.2085223
3.2867186
3.2845917
3.2793095
3.245291
3.2738383
3.2847843
3.281335
3.2886262
3.2599244
3.2870862
3.212745
3.2654226
3.2637467
3.248654
3.2440805
3.247972
3.248654
3.2691722
3.2691593
3.2486272
3.2527242
3.2494326
3.2529364
3.2651
3.2495108
3.2458866
3.2457733
3.2429056
3.2480545
3.2400134
3.245656
3.2385387
3.245656
3.2454095
3.245353
3.237978
3.2456124
3.237978
3.2385032
3.2338724
3.2444751
3.2384856
3.237978
3.2385032
3.2450554
3.2203777
3.2392282
3.2392597
3.2203777
3.2392282
3.2392282
3.239348
3.2450554
3.246112
3.2388592
3.2418873
3.2702706
3.3196068
3.346439
3.3225253
3.3371696
3.3367317
3.2098904
3.3121328
3.335159
3.3183315
3.3752182
3.3376126
3.33438
3.3367693
3.2701762
3.3610575
3.291665
3.3610575
3.246277
3.3376126
3.264271
3.3196068
3.336808
3.3182547
3.3401852
3.3051488
3.3277588
3.2464452
3.3620605
3.2899191
3.3702118
3.2893674
3.325457
3.2083392
3.3733594
3.2077096
3.42213
3.2077096
3.2077096
3.2073705
3.2077096
3.4245772
3.4111502
3.1984503
3.3813765
3.1901424
3.2077096
3.2077096
3.2077096
3.2076669
3.1901424
3.3607755
3.408423
3.4250243
3.4318209
3.191102
3.2075398
3.1981273
3.2080245
3.2083232
3.2028637
3.2077096
3.2855258
3.377072
3.3714552
3.2080245
3.3563602
3.4076893
3.207798
3.3584445
3.216477
3.2866158
3.2156084
3.2162704
3.2155523
3.2173324
3.2901905
3.290135
3.290135
3.2191253
3.2101715
3.2769384
3.212458
3.2172801
3.212458
3.4023664
3.216477
3.2163734
3.216826
3.2163734
3.2191253
3.2155523
3.2155523
3.2156644
3.2301204
3.248442
3.2172801
3.2200193
3.2173736
3.2203517
3.2991257
3.2161477
3.2231307
3.2476535
3.3039532
3.2126882
3.4086413
3.2109833
3.379102
3.2094452
3.2654595
3.291174
3.3360884
3.2909784
3.285623
3.317651
3.291174
3.293024
3.3385975
3.2900043
3.2860067
3.1984067
3.2915654
3.317326
3.4929698
3.2913694
3.291174
3.2910407
3.2903116
3.2900043
3.3358638
3.4149477
3.4149477
3.4461708
3.2914674
3.21332
3.2009308
3.2384262
3.1989002
3.2492065
3.2012997
3.2108014
3.1995373
3.1972253
3.2961085
3.2540357
3.3493466
3.266007
3.3135152
3.329144
3.3003602
3.3021505
3.229932
3.230061
3.1986144
3.3671174
3.230061
3.2384741
3.3733282
3.229932
3.3731327
3.21523
3.21523
3.215126
3.3660545
3.2119977
3.230061
3.21523
3.3660545
3.2116413
3.21523
3.2150128
3.2923787
3.21523
3.3660545
3.3660545
3.21523
3.21523
3.230061
3.215126
3.2155428
3.2119546
3.2118998
3.212293
3.2168345
3.246755
3.2169492
3.215126
3.2151828
3.215126
3.215126
3.2225416
3.215126
3.2169492
3.2860923
3.2187288
3.2082543
3.2273428
3.2082374
3.2225416
3.2085605
3.219109
3.2744534
3.2767258
3.2767258
3.2681093
3.349247
3.414532
3.3966293
3.2626865
3.4075766
3.3691738
3.3698378
3.3574758
3.2419922
3.3415449
3.3430448
3.341586
3.3429983
3.3428595
3.386463
3.3129969
3.2974246
3.309167
3.3370824
3.4022827
3.4025548
3.415056
3.414031
3.4286163
3.3791945
3.405424
3.4137766
3.4361188
3.4405124
3.4340172
3.4337986
3.2845917
3.2845378
3.4431186
3.4613442
3.399779
3.4613442
3.4537725
3.4657958
3.4613829
3.4537725
3.4617035
3.4537725
3.4484372
3.4460423
3.301038
3.4375927
3.3991952
3.3989437
3.301038
3.4617035
3.4524164
3.4490352
3.4524164
3.4616628
3.404345
3.4227471
3.3014536
3.399048
3.3014536
3.3140604
3.300929
3.3027737
3.300996
3.3217478
3.2847326
3.2841668
3.4502437
3.450843
3.3613276
3.4701843
3.278908
3.5974507
3.284284
3.26387
3.4616487
3.43793
3.4616487
3.43793
3.4528673
3.4613326
3.4616487
3.4614103
3.368647
3.4613326
3.4613326
3.4613326
3.4613326
3.4613326
3.4612668
3.4615974
3.284284
3.4613326
3.4613326
3.4613326
3.4613326
3.4613326
3.4613326
3.4613326
3.4384842
3.4613326
3.4002507
3.4382157
3.4384224
3.4615817
3.4614103
3.4616487
3.4616017
3.4002507
3.4012005
3.4405437
3.4384224
3.4303453
3.2799804
3.408187
3.37847
3.4249961
3.383704
3.4154027
3.4320498
3.4310894
3.4180858
3.436484
3.3737488
3.3836198
3.3562999
3.3523273
3.309875
3.2589252
3.3777242
3.3769574
3.2857897
3.286116
3.2826266
3.339844
3.380067
3.3804693
3.431318
3.3796651
3.2809112
3.3362503
3.2848349
3.2858653
3.4419992
3.2160008
3.2806127
3.217015
3.2813518
3.284284
3.3238137
3.2910874
3.2845135
3.3064415
3.3352687
3.2655892
3.2563918
3.2596297
3.2428348
3.2589872
3.2842455
3.2837527
3.2843592
3.283558
3.285139
3.1933827
3.2434034
3.2820282
3.2821848
3.2267032
3.1975017
3.2600956
3.2837007
3.2813535
3.3240008
3.306596
3.4054835
3.325743
3.4169009
3.4208252
3.325743
3.2828572
3.3258479
3.3253663
3.318408
3.325743
3.2558434
3.326225
3.3130844
3.187757
3.326225
3.259938
3.2606359
3.18772
3.2462409
3.2971714
3.1877317
3.326225
3.3253877
3.187757
3.3180637
3.3718774
3.4208252
3.549275
3.326225
3.4141233
3.2886617
3.2829447
3.2606359
3.187757
3.230131
3.187757
3.2606359
3.19083
3.2115777
3.2094579
3.1902013
3.278708
3.2416182
3.1902013
3.1902013
3.2812755
3.2829301
3.2662477
3.1933317
3.2730734
3.1925771
3.2466083
3.2384183
3.2091947
3.24618
3.24618
3.1926455
3.24618
3.1926455
3.2780192
3.24618
3.2780192
3.2127872
3.313741
3.1869416
3.2400258
3.1926455
3.1947925
3.278087
3.1908221
3.231649
3.3009012
3.1926455
3.1926455
3.1926455
3.2698605
3.1921282
3.2127872
3.1855414
3.212777
3.2126832
3.2127872
3.212955
3.2127872
3.2126832
3.3146677
3.212579
3.2127872
3.361063
3.212371
3.2127872
3.284792
3.3391793
3.284792
3.212955
3.212777
3.2127872
3.293079
3.2127872
3.2714026
3.2127872
3.3103428
3.2857099
3.2860272
3.211755
3.2857099
3.2868836
3.2116282
3.2116282
3.2116282
3.2813957
3.2396915
3.293079
3.2857268
3.2877424
3.2857099
3.2856202
3.2116282
3.2162259
3.2115667
3.2108042
3.2117069
3.286837
3.278434
3.2113597
3.2773135
3.2746842
3.2877357
3.2116582
3.211755
3.2847002
3.2855773
3.2102323
3.211755
3.2550025
3.2855773
3.2699893
3.2855773
3.2433262
3.2447398
3.2718012
3.4018054
3.2059412
3.2883916
3.211755
3.2830606
3.3129737
3.2856429
3.3795772
3.2856202
3.378115
3.3972158
3.3972096
3.4291084
3.450759
3.378115
3.378115
3.378115
3.2309113
3.4340544
3.2307887
3.378115
3.3972158
3.378115
3.4291084
3.378115
3.3716123
3.4340541
3.3970227
3.3714945
3.3994977
3.378115
3.2307887
3.378115
3.3778918
3.40332
3.428493
3.378115
3.3972158
3.395723
3.378115
3.3746998
3.3739314
3.3972158
3.3866308
3.378227
3.2387302
3.37173
3.3867054
3.3765168
3.3765168
3.3698378
3.3765666
3.3783307
3.2931778
3.3823788
3.3906207
3.395953
3.3614895
3.3975735
3.4038048
3.3829472
3.3735204
3.4108944
3.3868885
3.4342072
3.426351
3.3821614
3.3777447
3.3867946
3.3761876
3.370768
3.425861
3.4326403
3.3807247
3.3974454
3.3767958
3.4302676
3.2886147
3.3767958
3.3751087
3.388232
3.3767958
3.397544
3.3767958
3.3973475
3.3008974
3.408095
3.3995514
3.4156032
3.4003327
3.4163594
3.43856
3.4158835
3.4003713
3.216699
3.4103768
3.3978343
3.298115
3.4002304
3.4002304
3.4002304
3.397638
3.4002304
3.3994594
3.3974378
3.4297807
3.3971949
3.3971949
3.4290109
3.41083
3.4159768
3.3039804
3.3997808
3.3994594
3.41083
3.422444
3.4149094
3.3994594
3.424294
3.4043286
3.2762368
3.398265
3.3926451
3.3744972
3.3921814
3.3958192
3.3557966
3.3967566
3.3967566
3.4155438
3.3798902
3.4026847
3.400315
3.4172068
3.4399102
3.3967566
3.4172068
3.283864
3.3967566
3.3977106
3.384673
3.3707871
3.400315
3.2749615
3.3967566
3.2736976
3.3953269
3.3967566
3.4411917
3.2749515
3.3967566
3.3967566
3.4001637
3.3929937
3.4169471
3.3967566
3.3968122
3.4020443
3.4006128
3.4001374
3.4052098
3.3953269
3.3968122
3.400645
3.3968403
3.4001374
3.400645
3.3961728
3.3593614
3.400645
3.3972456
3.3978746
3.414476
3.4029074
3.414476
3.380978
3.4302754
3.4081008
3.395882
3.3361726
3.4248707
3.390894
3.402497
3.414476
3.424426
3.424426
3.3968122
3.405087
3.3821068
3.3821068
3.42194
3.403012
3.334378
3.40509
3.315037
3.3953483
3.4026465
3.4145026
3.4122
3.4119573
3.4145052
3.2328408
3.4134932
3.4169064
3.4386058
3.435604
1.8707043
3.4146469
3.3271902
3.4312413
3.39795
3.3967123
3.405375
3.4144378
3.4311905
3.4278567
3.4247103
3.3863277
3.3814626
3.3862498
3.405375
3.4054182
3.4248998
3.4111984
3.4143732
3.4146333
3.3952892
3.3822298
3.431461
3.4143732
3.4143732
3.4143732
3.3716273
3.405375
3.3965306
3.3976324
3.4355721
3.4335208
3.4068034
3.4015725
3.4144077
3.3978708
3.3978708
3.3978708
3.4387393
3.4154544
3.4055943
3.3988326
3.2913883
3.4063923
3.3977306
3.4152362
3.4301715
3.4063923
3.3977304
3.404772
3.4141834
3.4009044
3.396405
3.41511
3.4154959
3.4124157
3.4144185
3.414372
3.378312
3.21443
3.3780243
3.374968
3.3986979
3.3962543
3.3390365
3.4034154
3.4102254
3.396395
3.4102206
3.3965063
3.396435
3.404886
3.3957124
3.403193
3.4128902
3.4144185
3.4102206
3.397594
3.3919835
3.3923836
3.20941
3.3919835
3.3501506
3.3729508
3.4042592
3.3081074
3.4809365
3.2848985
3.357368
3.4809365
3.2850332
3.414128
3.414128
3.287287
3.348475
3.4809365
3.3715367
3.2109067
3.2854953
3.2109067
3.2193727
3.2853947
3.239447
3.2850332
3.2847664
3.3081074
3.2109067
3.2109067
3.210707
3.2116287
3.2855985
3.2940462
3.2606647
3.2226212
3.306872
3.2860968
3.2099388
3.380036
3.2856734
3.2509944
3.308543
3.2154303
3.2171283
3.2515323
3.2363405
3.212733
3.2104886
3.2864792
3.267565
3.193994
3.279315
3.192929
3.2414067
3.2413838
3.2958727
3.2414067
3.3054585
3.270636
3.270785
3.191638
3.2552447
3.1935384
3.2226808
3.1956499
3.1960993
3.2354457
3.1926475
3.2108707
3.2666273
3.2688055
3.2354457
3.2089503
3.1956499
3.207618
3.1926475
3.2086127
3.1956499
3.1956499
3.2640996
3.1956499
3.1956499
3.2379296
3.1939847
3.2379296
3.268071
3.2907016
3.2678726
3.1945632
3.1945632
3.2401597
3.2839966
3.2402306
3.2284198
3.2740366
3.2699022
3.2840126
3.2699022
3.1933947
3.1945632
3.1945632
3.3357315
3.2401597
3.2464504
3.1945846
3.1945632
3.1960993
3.2699022
3.1945632
3.2828984
3.2841058
3.237602
3.239093
3.2568429
3.2229836
3.2227051
3.2227051
3.2387657
3.2863307
3.2690995
3.1944394
3.2683032
3.238882
3.2294154
3.210117
3.2186816
3.2334054
3.239652
3.238549
3.19387
3.2698295
3.1944623
3.1943915
3.2845218
3.2333713
3.1948385
3.238882
3.238882
3.238882
3.238882
3.1944623
3.2382212
3.1921647
3.1943533
3.2690995
3.2101076
3.210146
3.2499259
3.337744
3.3424768
3.297903
3.2120578
3.210146
3.21085
3.2285194
3.21085
3.2417045
3.28249
3.21085
3.21085
3.306646
3.2848866
3.2108073
3.279444
3.21085
3.2868035
3.21085
3.2108448
3.2460628
3.252639
3.21052
3.1852372
3.2107358
3.2749667
3.2127767
3.2776253
3.2740042
3.286159
3.2867362
3.2033658
3.1851852
3.1882358
3.2421412
3.188283
3.2434955
3.1882603
3.248678
3.2665443
3.194986
3.2032273
3.188187
3.1881409
3.1853602
3.2365277
3.1881292
3.2467046
3.1897376
3.242447
3.1881833
3.2467752
3.2633064
3.18516
3.2428303
3.1903458
3.2405224
3.2419412
3.2409737
3.2046795
3.1851957
3.188125
3.2389424
3.2547047
3.2571683
3.249391
3.2432775
3.245868
3.1880765
3.1882184
3.2359548
3.232976
3.188125
3.2338657
3.193623
3.2469172
3.212619
3.2107866
3.205933
3.2463543
3.269794
3.2030292
3.2811556
3.2912617
3.2857468
3.2112644
3.2063813
3.2393336
3.2856264
3.2057178
3.2558753
3.2861955
3.2108676
3.2850184
3.2939363
3.2112644
3.1901217
3.2402687
3.2836955
3.2837236
3.2010078
3.2009912
3.2011778
3.2009501
3.2113209
3.199909
3.2001712
3.2005966
3.351522
3.2108345
3.2148268
3.2861557
3.1896243
3.2102866
3.321892
3.2102952
3.2843745
3.2852387
3.2640865
3.2616646
3.2719815
3.2820745
3.2791855
3.279338
3.3421075
3.3545687
3.3480752
3.3546715
3.3442607
3.3476813
3.4507644
3.3476813
3.3476813
3.3346899
3.288565
3.3587449
3.3248117
3.325112
3.345665
3.335223
3.3249116
3.335237
3.3441508
3.3545506
3.3352914
3.3541608
3.3290403
3.32628
3.3254035
3.3263087
3.3399215
3.3255086
3.32628
3.2350583
3.32628
3.3553045
3.3543084
3.3251493
3.3248856
3.3248856
3.3494117
3.3329506
3.3248856
3.3263376
3.3421695
3.4294052
3.4703176
3.3558142
3.3558726
3.3558726
3.3558726
3.4696946
3.468854
3.3558726
3.4653356
3.3558726
3.353156
3.3331745
3.3529088
3.3558726
3.3708405
3.3708405
3.4269419
3.3700678
3.3700678
3.370952
3.377129
3.3793762
3.3700678
3.3701768
3.3702013
3.3701768
3.3700194
3.4163575
3.3769782
3.3702888
3.3796024
3.3796024
3.4171915
3.4626393
3.4035947
3.4155622
3.3796024
3.2726297
3.3880932
3.3992555
3.4039168
3.4279852
3.375233
3.3739443
3.4431381
3.3264847
3.4161441
3.4328134
3.415687
3.3861594
3.3563778
3.3270397
3.2272437
3.3686502
3.4078062
3.3879757
3.3686032
3.392149
3.3982172
3.3718514
3.3911796
3.400448
3.3735046
3.226076
3.2164402
3.372924
3.2941284
3.3897512
3.238704
3.392263
3.3968654
3.3855407
3.3085196
3.3085196
3.3085196
3.4466481
3.4444993
3.4381485
3.3179483
3.320784
3.3089843
3.3899546
3.295651
3.4462996
3.307233
3.3458836
3.4462852
3.4441803
3.2940607
3.295651
3.3009963
3.3103826
3.3027096
3.2528405
3.3084593
3.3094778
3.3508444
3.3984206
3.5211315
3.3084593
3.3094778
3.3208523
3.3083334
3.3143122
3.3913279
3.2062411
3.520386
3.3138337
3.4419684
3.286782
3.3506227
3.3591359
3.4004087
3.4166622
3.4349818
3.5219276
3.4044287
0.68632525
3.4140005
3.4131358
3.3586833
3.3591359
3.3910387
3.3591359
3.3793817
3.3082166
3.3082166
3.322402
3.3490443
3.322402
3.3225935
3.2888443
3.3811135
3.4555936
3.3913279
3.4323356
3.446995
0.3012251
3.283989
3.286782
3.3082166
3.322402
3.270077
3.2931244
3.2848718
3.2840433
3.283989
3.2677298
3.2107968
3.3017359
3.286621
3.3009105
3.2856638
3.2221873
3.266591
3.2585115
3.2265978
3.2791233
3.2274678
3.283769
3.2816312
3.284673
3.2441115
3.2121184
3.2814384
3.1868076
3.2644203
3.1917138
3.2721355
3.2721355
3.2068503
3.2644203
3.2776766
3.1908498
3.1917138
3.2102244
3.2387779
3.2462587
3.2375202
3.2456527
3.2844436
3.2456543
3.2334921
3.246943
3.233506
3.245805
3.2334921
3.2721355
3.2866397
3.2457626
3.2719235
3.2825658
3.2776794
3.2843776
3.212326
3.2988126
3.233227
3.246578
3.246578
3.2467353
3.233299
3.2875829
3.2714257
3.403794
3.2113676
3.2125351
3.2341647
3.2866142
3.2844844
3.2844844
3.2125351
3.2927172
3.2825658
3.2125351
3.2125351
3.268449
3.2098312
3.353637
3.2125351
3.2777686
3.2929275
3.2814903
3.2844307
3.2125351
3.2113676
3.2125351
3.2844844
3.2844844
3.2776608
3.36094
3.2125351
3.1923397
3.2844844
3.2334218
3.2087111
3.2120588
3.2066228
3.2087111
3.212462
3.2123904
3.233531
3.2125351
3.2335181
3.2125351
3.2740119
3.2462866
3.265132
3.284496
3.273384
3.2821758
3.208956
3.2593455
3.2100523
3.2124183
3.2689226
3.2753737
3.279053
3.2088692
3.2776608
3.2776608
3.2776608
3.2776608
3.284429
3.2776608
3.2776608
3.2813306
3.2793715
3.2793574
3.2776608
3.282879
3.2844307
3.2776608
3.2814903
3.2776608
3.2776608
3.2033484
3.2791362
3.2793574
3.2776766
3.279344
3.2776608
3.279362
3.2125351
3.2776608
3.2843776
3.282879
3.2793574
3.282158
3.2793574
3.2776608
3.2786129
3.2776608
3.283068
3.2793574
3.2783883
3.2776608
3.2793574
3.279331
3.2793574
3.2793574
3.2777686
3.2776608
3.2776623
3.2793574
3.2125351
3.2832096
3.2836545
3.2823594
3.2783883
3.2810247
3.2054608
3.2065964
3.278089
3.2808762
3.2813313
3.2804513
3.2804987
3.2781372
3.2780313
0.08013476
3.2781372
3.2779386
3.2780373
3.2780373
3.2781372
3.2804513
3.2066228
3.2780373
3.2780373
3.2803159
3.2777932
3.2066228
3.2777932
3.2780373
3.2777932
3.2801847
3.2785804
3.2804341
3.278282
3.278542
3.2803159
3.2744844
3.2744844
3.2879534
3.278542
3.3465655
3.378602
3.3406794
3.426089
3.3567567
3.3649738
3.3072517
3.3245556
3.3649738
3.3050382
3.34146
3.360485
3.3641644
3.364677
3.3946064
3.3408742
3.46364
3.5700629
3.3694255
3.4721243
3.4133546
3.4070508
3.3395543
3.3388023
3.34146
3.3416333
3.4598877
3.4361942
3.3635411
3.34146
3.463218
3.364677
3.34146
3.4631805
3.34146
3.364141
3.3389897
3.3415465
3.5434527
3.326325
3.364677
3.3416991
3.3052425
3.3648384
3.3406794
3.4640636
3.540361
3.3406794
3.3648248
3.3649366
3.3649366
3.5361438
3.3407767
3.3649366
3.3407767
3.3407767
3.3407767
3.3567278
3.3409715
3.3245556
3.4323435
3.451698
3.2829733
3.2114303
3.4626153
3.4649074
3.283068
3.2830832
3.445231
3.4409103
3.2114303
3.3822823
3.3734982
3.2835987
3.4627318
3.445231
3.2847002
3.445231
3.416514
3.283068
3.4636693
3.4390452
3.4626153
3.4722755
3.2824745
3.282333
3.2098587
3.4619114
3.4633787
3.4409103
3.525199
3.404632
3.2813792
3.4324434
3.2807312
3.4323869
3.2810247
3.463419
3.2838573
3.4071357
3.4366474
3.4642751
3.2794385
3.4642005
3.6121657
3.2816517
3.4642005
3.28463
3.4613054
3.2847002
3.5946736
3.5946736
3.2083344
3.5946736
3.283068
3.3055944
3.4539843
3.3694255
3.4540462
3.4249237
3.2083344
3.738579
3.2806618
3.2845917
3.5543337
3.426788
3.337087
3.2083344
3.5946736
3.2114303
3.5946736
3.4540462
3.2858477
3.425027
3.2847002
3.2847002
3.4540462
3.4612668
3.4701843
3.338055
3.5707781
3.5264153
3.3694255
3.3693838
3.338055
3.3612933
3.338055
3.4409163
3.3694255
3.3694255
3.3694255
3.338148
3.5501719
3.3529909
3.338055
3.3694046
3.6002407
3.5926473
3.3410742
3.4207492
3.2100523
3.338055
3.3397222
3.36008
3.4544644
3.4149587
3.4970608
3.4169471
3.3581378
3.3581378
3.3581378
3.3581378
3.4030702
3.5007868
3.4169471
3.4149587
3.4147327
3.3581378
3.4149587
3.3581378
3.366893
3.3581378
3.3572674
3.3657908
3.3386889
3.3593109
3.3662746
3.3509727
3.276981
3.3376784
3.3386664
3.3562264
3.3588338
3.3584237
3.368769
3.3691409
3.3308978
3.3345559
3.352763
3.5707781
3.3389618
3.3382125
3.3382125
3.3064861
3.338531
3.3688118
3.4540462
0.48378283
3.363107
3.5457554
3.339716
3.3382125
3.3604949
3.3604784
3.545177
3.314295
3.4616098
3.3385866
3.3385866
3.4712956
3.284426
3.485469
3.4673178
3.4929101
3.2830362
3.284638
3.2138648
3.4616098
3.284638
3.4510381
3.284939
3.467192
3.2390385
3.4626853
3.4626853
3.284638
3.4624143
3.4247065
3.2848358
3.3971696
3.3766463
3.425975
3.3137577
3.425975
3.4239461
3.2791352
3.508245
3.6023948
3.279409
3.4877503
3.3693664
3.2780626
3.2788885
3.278248
3.2788885
3.38779
3.2782927
3.280547
3.494671
3.2851326
3.4772756
3.2854593
3.2851326
3.3481717
3.2600682
3.2600682
3.331104
3.35342
3.3774252
3.3739781
3.1916938
3.1919549
3.2166665
3.2652693
3.2652693
3.2652693
3.2461853
3.329637
3.329637
3.2652693
3.2649388
3.2886896
3.2289224
3.2461853
3.2652693
3.2652693
3.1949902
3.2652693
3.4286177
3.1918132
3.2576737
3.2306044
3.2579718
3.197298
3.226954
3.2357838
3.2456794
3.230525
3.230644
3.230644
3.230644
3.2138252
3.2287621
3.2160335
3.2194
3.2325122
3.2137315
3.2286086
3.2172055
3.228624
3.2287621
3.2287042
3.230644
3.2305844
3.230644
3.1952446
3.2370884
3.2224648
3.23832
3.2222347
3.2357733
3.2784455
3.2357733
3.2853754
3.1943555
3.1942449
3.1891956
3.2369277
3.1948912
3.2375727
3.2381585
3.2382627
3.2381585
3.2384977
3.2550545
3.2550545
3.2578344
3.2381585
3.2382615
3.2475421
3.2564178
3.2564178
3.259946
3.2512827
3.2382696
3.2382615
3.2382615
3.2383056
3.238278
3.2382655
3.2564178
3.2028706
3.2382815
3.2601268
3.1948628
3.258697
3.2624056
3.233791
3.233791
3.2481682
3.2583468
3.233791
3.2582433
3.2323253
3.2475421
3.2711313
3.2475126
3.2582433
3.265505
3.2342763
3.233791
3.191778
3.2652385
3.2583468
3.2653475
3.2651768
3.233791
3.2411425
3.263445
3.2475421
3.233791
3.2653017
3.233427
3.2474651
3.233791
3.2440577
3.2652864
3.2452135
3.2345006
3.2447991
3.248302
3.2783873
3.1925597
3.1925597
3.1925857
3.2007184
3.2474651
3.2783835
3.273772
0.3847598
3.190461
3.1928513
3.1916728
3.1886437
3.192714
3.188675
3.1881514
3.1902063
3.189794
3.1901157
3.193039
3.1921341
3.192637
3.1888974
3.1902766
3.1913733
3.18741
3.1874154
3.1874154
3.1874154
3.2011912
3.2009158
3.1874154
3.1851373
3.1851373
3.1851373
3.1851373
3.2105548
3.2092426
3.1993732
3.1998274
3.2085633
3.2106345
3.2336748
3.2336178
3.2100847
3.1914115
3.2047632
3.2078302
3.2128816
3.2104576
3.2336178
3.200531
3.209366
3.2102814
3.2102814
3.208734
3.2098408
3.2126243
3.2041
3.1973972
3.2343605
3.2091384
3.2339292
3.2105403
3.2462535
3.2832327
3.248777
3.2841675
3.2988417
3.292394
3.2988417
3.2844594
3.210119
3.2487595
3.2480736
3.24841
3.2109964
3.2484026
3.2506757
3.2635365
3.2761154
3.2636895
3.2761154
0.22773328
3.2438815
3.2476716
3.2499168
3.2506473
3.2288668
3.248966
3.2467525
3.2505689
3.2467525
3.2467654
3.208609
3.2375605
3.2296777
3.2450612
3.246104
3.2499745
3.2505343
3.2505343
3.2596903
3.2501574
3.2505343
3.2596903
3.2558558
3.243401
3.254597
3.2550075
3.2516723
3.250729
3.2551904
3.2181783
3.2643597
3.2102094
3.2508142
3.200403
3.2621274
3.2112741
3.2126334
3.210702
3.2750897
3.210702
3.3398726
3.2104578
3.21074
3.2123141
3.2850149
3.2854981
3.2094712
3.212096
3.2086296
3.284603
3.2127237
3.212619
3.3896823
3.2899218
3.2866364
3.2094712
3.2035854
3.285982
3.2127237
3.2093384
3.282989
3.2945697
3.212632
3.3089156
3.2094712
3.344658
3.308982
3.2112677
3.2946155
0.35786045
3.1851366
3.1883717
3.1851366
3.1984127
3.1984491
3.1984491
3.1986325
3.2109141
3.3455443
3.208998
3.2117302
3.2086093
3.282377
3.3397717
3.2086093
3.2086093
3.282557
3.2086093
3.3512325
3.2070873
3.2056172
3.2085311
3.2086093
3.220484
3.2052715
3.2845378
3.2086093
3.3434896
3.3375359
3.2086093
3.1851666
3.2826245
3.2784786
3.2086093
3.2848928
3.2866364
3.2086093
3.2841406
3.2841406
3.2086093
3.2838318
3.2115502
3.1957676
3.208658
3.2448864
3.284784
3.2119565
3.2119565
3.2101874
3.2819524
3.2581003
3.2103405
3.210829
3.2103405
3.3693347
3.2135172
3.2135172
3.2135172
3.2123983
3.3605373
3.3721054
3.3681498
3.3681498
3.3609793
3.3609793
3.3398385
3.2090461
3.2090461
3.219466
3.2090461
3.2098105
3.208724
3.3606646
3.2090461
3.2084284
3.2090936
3.2090461
3.2090461
3.2090461
3.2090461
3.3605373
3.2090461
3.2107747
3.2099078
3.222707
3.209147
3.239165
3.3602228
3.2105868
3.2086167
3.2088566
3.2244473
3.360002
3.2090461
3.2090461
3.2090461
3.2086167
3.2090461
3.2090461
3.2090461
3.2088783
3.2089512
3.2091658
3.2088783
3.2091658
3.2093086
3.2091184
3.2149997
3.2090936
3.2088783
3.2093086
3.2127936
3.209261
3.2090461
3.2090712
3.2106588
3.2090712
3.2153184
3.2125044
3.2157803
3.2124488
3.212226
3.2157803
3.2195177
3.2157803
3.2492406
3.3342514
3.426947
3.250162
3.2944155
3.4392283
3.2150881
3.408834
3.4528253
3.4528253
3.2092586
3.2854507
3.3894005
3.2845109
3.284582
3.4509897
3.6257598
3.2845378
3.4614024
3.2845109
3.208664
3.4241712
3.436142
3.4431984
3.461669
3.2845109
3.435723
3.4530714
3.284603
3.2901645
3.3823016
3.4244344
3.2086833
3.4167285
3.5917964
3.5796652
3.5803912
3.2949114
3.2901645
3.419032
3.2902062
3.2900841
3.4228003
3.4244344
3.2901645
3.2901645
3.4615679
3.4810145
3.2901645
3.4234588
3.3248475
3.2912347
3.434454
3.2916908
3.2916908
3.3786628
3.3689697
3.2833495
3.283655
3.292017
3.326154
3.5113425
3.2770844
3.326055
3.2770844
3.2860394
3.283421
3.2860394
3.2246063
3.2426457
3.246955
3.2118523
3.250568
3.2429094
3.2429094
3.248187
3.2167773
3.2446513
3.2466645
3.2086797
3.2121565
3.219483
3.2237115
3.2208717
3.2116594
3.2204587
3.1858494
3.2492352
3.2405138
3.1909392
3.2058864
3.238268
3.2004848
3.2516577
3.2487059
3.1930857
3.2516577
3.2214103
3.2478442
3.2247016
3.1867557
3.2374303
3.1919289
3.2196946
3.2035868
3.2013042
3.1989188
3.210185
3.2197177
3.2197392
3.209979
3.216984
3.2197392
3.2374084
3.2100215
3.2100215
3.204292
3.2447634
3.241087
3.2121005
3.2200851
3.2100215
3.244204
3.2200963
3.2431395
3.2147655
3.2047186
3.2100215
3.2099364
3.2395904
3.2194264
3.2323284
3.2059546
3.2477405
3.2280304
3.2323284
3.2068362
3.268107
3.2936141
3.2936141
3.268107
3.265566
3.2489548
3.2019775
3.2645307
3.204273
3.2595923
3.2509255
3.195923
2.886009
3.272061
3.247475
3.2145896
3.2403681
3.249657
3.2843437
3.2822752
3.2847304
3.2856638
3.2935176
3.2850547
3.2852197
3.2828827
3.2770853
3.2092733
3.2462902
3.2533545
3.2393403
3.283617
3.281345
3.2838163
3.283874
3.284086
3.2851145
3.2851145
3.2811985
3.204344
3.2039425
3.2096798
3.279908
3.2824712
3.2807312
3.2821145
3.227991
3.2099483
3.287472
3.322464
3.3129842
3.3160648
3.426955
3.2845569
3.4336617
3.3768284
3.3768284
3.3768284
3.3768284
3.3752682
3.3752682
3.3768284
3.2245908
3.3779309
3.3991222
3.3959365
3.3787293
3.3753588
3.3995166
3.3991513
3.396462
3.3993826
3.4124582
3.4115496
3.3442461
3.426262
3.4259136
3.4172466
3.420447
3.4225953
3.4260998
3.4292724
3.4248695
3.4225953
3.42678
3.4332538
3.4311461
3.3012316
3.4260998
3.4268253
3.3009129
3.4225953
3.247255
3.4333973
3.4333973
3.4330757
3.284271
3.2463675
3.3749788
3.42049
3.29474
3.4231837
3.3758664
3.4224613
3.420447
3.4249582
3.4254787
3.3750052
3.420135
3.4147165
3.4206033
3.36307
3.3861208
3.419154
3.4335437
3.363963
3.4146972
3.4240456
3.4240222
3.4219034
3.4018128
3.2928193
3.433517
3.4219034
3.3054676
3.2855718
3.4142578
3.301177
3.606873
3.2235324
3.3018239
3.266166
3.8272262
3.3862553
3.3862553
3.4019463
3.7667272
3.43343
3.3094392
3.7667272
3.7816699
3.3054676
3.3137383
3.797109
4.082018
3.436792
3.7942486
3.7963643
3.6107924
3.433593
3.4334054
3.7673674
3.3862553
3.7975433
3.7823067
3.4321554
3.7673674
3.6184096
3.7976153
3.7976153
3.7976153
4.0834446
3.8053815
3.7748067
3.6047294
3.8053815
3.3931756
3.7976153
3.794921
3.612735
3.7976153
3.4334867
3.7667272
3.795364
3.2934859
3.433186
3.796846
3.8058639
3.7715712
3.8053815
3.7741578
3.4062414
3.42243
3.42243
3.4257188
3.4253905
3.4249582
3.4035525
3.408939
3.7744818
3.7747152
3.7670467
3.7670467
3.7667272
3.7670467
3.2240906
3.4800284
3.7667272
3.7667272
3.7670467
3.7945848
3.7681496
3.7945848
3.7670467
3.7670467
3.7670467
3.7670467
3.2236438
3.79694
3.7670467
3.7670467
3.4663382
3.7933662
3.3870363
3.2789333
3.2301648
3.7879875
3.7972772
3.7879875
3.7879875
3.7977598
3.78532
3.7918344
3.389154
3.7879875
3.7849872
3.7849872
3.2300432
3.7849872
3.7942486
3.7849872
3.7849872
3.3824832
3.7849872
3.8161778
3.7849872
3.7926624
3.7849872
3.7849872
3.7849872
3.795364
3.7849872
3.7942486
3.7851536
3.3264287
3.766017
3.8166754
3.818549
3.319585
3.8412657
3.8412657
3.8471384
3.900718
3.839203
3.8088696
3.9815693
3.8088696
3.9301019
3.9463198
3.8088696
3.239327
3.8795295
3.8184757
3.8412657
3.8144636
3.8469539
3.6471221
3.5414622
3.79634
3.8142877
3.952818
3.6495647
3.8469539
3.8086956
3.8227036
3.7961714
3.6408777
3.7961714
3.6821334
3.8086956
3.7961714
3.7961714
3.7942486
3.7961714
3.8086956
3.8410828
3.818984
3.8086956
3.766017
3.8086956
3.7961714
3.7975202
3.8067143
3.7961714
3.8086956
3.8086956
3.7961714
3.7947288
3.8086956
3.3850234
3.766017
3.7961714
3.7966537
3.811983
3.7966537
3.7988718
3.4520366
3.7988718
3.799356
3.767189
3.8094952
3.7685776
3.7690406
3.7690406
3.4625142
3.7673492
3.766478
3.3137727
3.764247
3.7685776
3.7900548
3.7900548
3.3549745
3.7900548
3.7604735
3.5502946
3.7881334
3.3696318
3.5384073
3.5715775
3.7895002
3.787894
3.810241
3.809744
3.832246
3.787654
3.8303316
3.8173554
3.809744
3.2309356
3.2309356
3.4247131
3.787654
3.787654
3.4275095
3.787654
3.7628145
3.7685776
3.7661324
3.8086956
3.4626715
3.7685776
3.7685776
3.7667272
3.767189
3.8067143
3.807209
3.8094952
3.811485
3.4307554
3.8134794
3.670972
3.8094952
3.8134794
3.857896
3.780352
3.9526215
3.2655604
3.5201955
3.5877714
3.9308577
3.9308577
3.4728816
3.8589668
3.8166842
3.3120217
3.9033253
3.831209
3.7884984
3.809546
3.810239
3.899351
3.8288105
3.9719932
3.832893
3.653505
3.7865942
3.832893
3.8166842
3.8260612
3.8166842
3.92104
3.9356713
3.830011
3.832893
3.92104
3.834045
3.92104
3.3210106
3.337328
3.7853713
3.7880218
3.2397087
3.3255966
3.2786157
3.2901323
3.2998538
3.2435925
3.454358
3.3867943
3.48541
3.78232
3.920082
3.8254392
3.8254392
3.6619287
3.7089067
3.4273353
3.2179928
3.3197944
3.3761902
3.2377398
3.2377398
3.2378974
3.2579768
3.2377398
3.3943574
3.347154
3.3844411
3.3842766
3.3843887
3.384391
3.3831859
3.3844228
3.3840797
3.3137064
3.3868103
3.3842797
3.3846939
3.2375345
3.3760002
3.3176467
3.217599
3.3896894
3.2361982
3.3849456
3.3874574
3.4059014
3.3849456
3.3879833
0.7591531
3.3869247
3.3869247
3.244797
3.3882008
3.3846161
3.3846939
3.384875
3.3879833
3.384875
3.3866196
3.384875
3.3883202
3.3883202
3.3905873
3.393106
3.3883202
3.3905873
3.3883202
3.3883202
3.3962407
3.3861394
3.3883202
3.3905873
3.3909926
3.380222
3.394687
3.3956354
3.3905873
3.386783
3.3883202
3.3692691
3.3962553
3.3962407
3.394786
3.3880825
3.3962553
3.3962407
3.3948014
3.4238164
3.3956048
3.3900423
3.4264123
3.3908367
3.382119
3.3769119
3.3900423
3.3900423
3.421607
3.4341831
3.3940623
3.3858042
3.4176097
3.2385314
3.3816142
3.3902237
3.4380987
3.347397
3.3767958
3.2233393
3.3726096
3.3688316
3.3816142
3.2400718
3.4192064
3.4133902
3.3746998
3.398193
3.4322495
3.2307887
3.3744972
3.4305053
3.3317826
3.3747056
3.3746998
3.2231739
3.395723
3.424293
3.3798347
3.3716578
3.2307887
3.4287324
3.3972158
3.4012568
3.398193
3.378115
3.378115
3.3950527
3.3041077
3.378115
3.4291084
3.211691
3.3972158
3.3972158
3.4345849
3.376154
3.4339814
3.2925243
3.397117
3.365266
3.4012568
3.332804
3.3688023
3.4012568
3.444671
3.4009144
3.4012568
3.3686857
3.3990748
3.210883
3.245235
3.3657484
3.2104888
3.2096376
3.3322372
3.2301614
3.2292862
3.209677
3.209773
3.2049844
3.209704
3.2235324
3.2399588
3.2347488
3.192751
3.2707558
3.206283
3.2085478
3.2683501
3.2372446
3.2349799
3.2663865
3.232324
3.2372954
3.2673006
3.1922781
3.265524
3.244933
3.2447248
3.2948434
3.2948434
3.29493
3.3008707
3.3028402
3.3391926
3.3299835
3.3476887
3.3493464
3.301932
3.3234427
3.3386605
3.3491518
3.3432794
3.3416636
3.2994094
3.2996764
3.3024926
3.2118716
3.3397586
3.3399284
0.25274658
3.2095287
3.2854183
3.2855327
3.2854562
3.2856107
3.2870655
3.2854145
3.2854562
3.2854562
3.2848945
3.2868364
3.2834356
3.2845042
3.284479
3.2841063
3.283464
3.28554
3.209696
3.2078254
3.2848718
3.285883
3.2863548
3.2841082
3.2870572
3.281463
3.2833564
3.283516
3.284548
3.2845736
3.287454
3.2845917
3.2861006
3.2715702
3.2845917
3.2845917
3.2845917
3.282656
3.2857332
3.2861545
3.2875197
3.2845182
3.2842522
3.2845917
3.2845182
3.2861545
3.1930208
3.2078264
3.2845917
3.2845917
3.2845917
3.284548
3.2849138
3.2857099
3.285883
3.285883
3.285883
3.2786198
3.283516
3.28201
3.2815645
3.2819738
3.28201
3.2847073
3.2815645
3.28201
3.2815645
3.2819936
3.2493312
3.2555091
3.28201
3.2815645
3.2102442
3.2849138
3.2099388
3.2103267
3.2475703
3.2102442
3.2102442
3.2102396
3.2102442
3.2102442
3.2383194
3.22181
3.3019722
3.2773507
3.2114766
3.2094638
3.2103267
3.2784774
3.2106588
3.201626
3.2784774
3.2103384
3.2784774
3.2784774
3.2103384
3.2377453
3.2684348
3.2377453
3.2103384
3.286782
3.2883146
3.2103384
3.2101855
3.2896562
3.2101889
3.2532768
3.2763128
3.289709
3.2763128
3.2828283
3.2101855
3.333116
3.2891827
3.310261
3.2078276
3.1961706
3.2101855
3.1955843
3.2101617
3.212245
3.2752256
3.2101429
3.2423882
3.289709
3.363639
3.2101429
3.2752256
3.2864504
3.2101429
3.2101429
3.2101429
3.2541537
3.2752256
3.2682412
3.2785485
3.2095504
3.2750463
3.2875314
3.2688315
3.2877865
3.2770529
3.2705941
3.287367
3.2101254
3.210145
3.2845736
3.275293
3.2864501
3.275293
3.253902
3.2362518
3.2089717
3.2899637
3.2897296
3.2101738
3.277034
3.2098408
3.2098408
3.274308
3.251174
3.273778
3.1942136
3.274308
3.2507203
3.2106614
3.2098408
3.2098408
3.2897744
3.2098408
3.2101371
3.2490852
3.2490852
3.2137237
3.2825136
3.2227342
3.2837348
3.2490852
3.2490852
3.2227342
3.2458293
3.2225528
3.2292442
3.233121
3.2490852
3.2468283
3.269724
3.2261765
3.249165
3.2213213
3.2225533
3.2225533
3.2422807
3.2029185
3.2020466
3.2400253
3.2425
3.2398913
3.1855466
3.2429442
3.222372
3.2348828
3.2788527
3.2227583
3.2227583
3.232779
3.2227104
3.2427614
3.220344
3.2722116
3.2839298
3.2227583
3.3082852
3.2814636
3.2431405
3.232145
3.2057734
3.2431405
3.2803032
3.206242
3.2431405
3.2793477
3.2421887
3.2792134
3.206189
3.2541006
3.214294
3.2538128
3.2533996
3.2498174
3.217405
3.276911
3.2432992
3.217787
3.2185647
3.276911
3.2498174
3.2173507
3.2733212
3.3144462
3.3111622
3.3367605
3.292244
3.3169878
3.3173518
3.317144
3.2606242
3.2493837
3.2802823
3.2821932
3.3200665
3.325078
3.2522225
3.3061895
1.6552927
3.258289
3.224915
3.2976882
3.2583613
3.2585914
3.2419949
3.2404497
3.2404497
3.2404497
3.248709
3.2404497
3.240322
3.2404497
3.2404497
3.2211459
3.240322
3.2798443
3.2791445
3.3175464
3.2798443
3.2409616
3.2792134
3.2766328
3.2766328
3.3140788
3.2581418
3.2766328
3.2408333
3.2093563
3.2409616
3.2409616
3.2409616
3.241218
3.2404497
3.2409616
3.2409616
3.241479
3.239804
3.214173
3.2742496
3.2384026
3.2471838
3.239804
3.2740915
3.2387803
3.2387803
3.2389076
3.2837386
3.238277
3.238277
3.31389
3.2392855
3.2387803
3.239804
3.3146458
3.275577
3.2399316
3.2746458
3.239804
3.239804
3.239804
3.2439516
3.2387803
3.2095718
3.2095718
3.2095718
3.240318
3.2097876
3.2097876
3.2740915
3.2746458
3.2127228
3.2095718
3.2740915
3.239804
3.239804
3.2387803
3.2387803
3.239804
3.2399328
3.2398677
3.2095718
3.2220356
3.2117836
3.2574415
3.240382
3.256869
3.2423868
3.2100039
3.2941658
3.244214
3.276174
3.2239385
3.2191997
3.2795386
3.4406834
3.28757
3.316845
3.252629
3.2752783
3.2913082
3.2417593
3.251526
3.2204998
3.238033
3.2101173
3.333092
3.3239417
3.4288454
3.279126
3.2860568
3.285123
3.2397869
3.35243
3.279126
3.4557266
3.3642185
3.3000524
3.2124624
3.2961457
3.345961
3.281759
3.2818081
3.3722892
3.3584335
3.2373183
3.281759
3.352725
3.3735447
3.2756891
3.3576634
3.299352
3.3680394
3.3344316
3.2347193
3.2564862
3.2576113
3.3509846
3.3444185
3.3881238
3.3224041
3.4057438
3.3504708
3.4221282
3.3265173
3.393927
3.244751
3.3450778
3.2379897
3.3039973
3.366319
3.290294
3.3447993
3.335899
3.351995
3.324872
3.346017
3.3396053
3.3753803
3.2666547
3.208686
3.3319974
3.2920294
3.3577576
3.2917728
3.2976382
3.3480346
3.3480346
3.3362517
3.2976382
3.2858255
3.2976382
3.3742287
3.3480346
3.2803178
3.3741395
3.2977033
3.3707345
3.348492
3.2222137
3.240115
3.2396789
3.2004173
3.2399235
3.202505
3.237039
3.2019384
3.328263
3.185721
3.3172827
3.1997457
3.2019422
3.4482064
3.4020832
3.20228
3.4408648
3.2025807
3.26954
3.3179884
3.3230107
3.3728485
3.1997457
3.2976835
3.20228
3.1857
3.2025807
3.199025
3.2043886
3.295029
3.2121313
3.3161845
3.4537475
3.1901786
3.248165
3.3145435
3.3362408
3.3137326
3.2035747
3.1992354
3.3529449
3.3135202
3.3321614
3.3465626
3.445379
3.306132
3.3364506
3.206308
3.3411298
3.390408
3.37102
3.3821878
3.3701549
3.3737507
3.3690708
3.3705218
3.197893
3.326312
3.3884175
3.3705947
3.3700187
3.3705947
3.3700187
3.3705947
3.3686788
3.3705947
3.3904724
3.3911378
3.3888817
3.367511
3.3687403
3.288351
3.3752627
3.286137
3.3817265
3.3926988
3.3540294
3.2850542
3.2850978
3.285112
3.3043196
3.376907
3.2840285
3.3194697
3.2398908
3.3903134
3.3933399
3.2402136
3.3687973
3.316596
3.2233348
3.4469805
3.224451
3.3218095
3.250898
3.2229154
3.2496412
3.326457
3.236743
3.2210763
3.2504563
3.2048686
3.1868296
3.2216797
3.1876383
3.2016902
3.2054617
3.2094555
3.1862469
3.1862679
3.208787
3.2221026
3.1980822
3.202444
3.2072012
3.2095802
3.2023423
3.2003307
3.2003307
3.2092898
3.2001395
3.202444
3.2031155
3.202444
3.202444
3.202444
3.2094908
3.202444
3.20236
3.200732
3.2094526
3.1985803
3.2024255
3.2098
3.2003307
3.202444
3.2003307
3.2154686
3.202444
3.202444
3.2098
3.2098
3.2091868
3.2026155
3.202444
3.2094896
3.2037914
3.2021582
3.2021582
3.209149
3.2021582
3.2021582
3.2009845
3.2002962
3.202141
3.201989
3.200821
3.2047727
3.2021582
3.1972387
3.2009711
3.1874642
3.1963868
3.2020702
3.2006102
3.1970255
3.1953237
3.2088196
3.199533
3.2088196
3.2094822
3.2202835
3.1873536
3.1886501
3.2115288
3.2293916
3.2423303
3.2324762
3.2048695
3.2209175
3.2800384
3.342822
3.280404
3.252002
3.1974769
3.27943
3.4219084
3.3323996
3.2556088
3.2358701
3.2563276
3.3391032
3.2057264
3.1999583
3.3238351
3.2356112
3.3272765
3.3466349
3.3302932
3.2920365
3.3055062
3.370159
3.2037983
3.2192695
3.233906
3.257656
3.257656
3.2602556
3.2467139
3.2501383
3.22233
3.247726
3.2085223
3.2168837
3.2243009
3.2243009
3.2156644
3.2245445
3.2233615
3.2586572
3.4151227
3.2477143
3.2500205
3.2477143
3.2477143
3.2602344
3.2477143
3.2477143
3.1933646
3.2477143
3.247786
3.2477143
3.2453392
3.2477143
3.2155523
3.2153285
3.2406995
3.2153285
3.2474275
3.2474275
3.2485769
3.4146497
3.2474275
3.2432513
3.2384183
3.2474275
3.2153285
3.2474275
3.2477143
3.1934237
3.2474275
3.2474275
3.2154303
3.2522879
3.4455795
3.2474275
3.2474275
3.2153285
3.2764208
3.2765937
3.2474275
3.399676
3.0517755
3.2474275
3.2485769
3.247726
3.4165447
3.2480254
3.4146497
3.2474275
3.247571
3.2153285
3.2474275
3.2474275
3.247502
3.2522879
3.2474275
3.2083344
3.2153285
3.2474275
3.1891425
3.2474275
3.2474275
3.2153285
3.2083814
3.2153285
3.2083344
3.3686907
3.2153285
3.3714302
3.4146497
3.211755
3.2915113
3.2153285
3.2153795
3.2153285
3.1880765
3.2153285
3.2153285
3.2153285
3.2153285
3.399676
3.4146497
3.399676
3.2123804
3.288177
3.2189486
3.2310078
3.2806883
3.2161477
3.2339897
3.2389987
3.2310078
3.2177465
3.3841186
3.2098553
3.2310674
3.2228699
2.661632
3.212791
3.2156446
3.2225888
3.222444
3.2119865
3.2154303
3.2308807
3.2119865
3.2150128
3.2430341
3.2087111
3.2273476
3.2747233
3.2751796
3.212578
3.2197993
3.2130198
3.212578
3.2134628
3.2747233
3.212578
3.2747233
3.2795215
3.2795215
3.2795215
3.3492596
3.257383
3.311548
3.2795215
3.2782285
3.273462
3.4018745
3.3039804
3.3619542
3.4542856
3.3963985
3.3619542
3.3196657
3.4296486
3.2083344
3.273536
3.7349796
3.273462
3.273536
3.2083344
3.7382636
3.726525
3.283885
3.4542856
3.7382636
3.4296486
3.7641754
3.7643347
3.3619542
3.7259252
3.7642906
3.7641754
1.1113935
3.7641754
3.3994594
3.7692924
3.7641754
3.8923318
3.7641754
3.682863
3.7382636
3.3619542
3.7641754
3.7102263
3.7654498
3.8923318
3.77846
1.1298401
2.1569889
3.77846
3.77846
3.720611
3.7785773
3.8287
3.3014965
3.7782242
3.77846
3.7680945
3.77846
3.7822387
3.7822387
3.7820022
3.7822387
3.7979267
3.9020975
3.8988402
3.7875428
3.7828987
3.7769923
3.769686
3.892603
3.5235639
3.715071
3.9013112
3.7799356
3.729686
3.7747014
3.7827125
3.3538294
3.353937
3.9051344
3.2787306
3.7744668
3.892603
3.9051344
3.7747014
3.4488747
3.8969464
3.7747014
3.892603
3.892603
3.7773108
3.7667272
3.7773108
3.7977304
3.7773108
3.4475744
3.6155288
3.8344457
3.7747014
3.777075
3.8456202
3.7757697
3.3519676
3.2110689
3.718863
3.7181354
3.2110689
3.7190993
3.722782
3.7190993
3.4943774
3.6054862
3.5547707
3.5313554
3.3878949
3.7667272
3.7667272
3.4245772
3.504464
3.588552
3.7287207
3.6061156
3.5941
3.7646353
3.722903
3.7641754
3.8923318
3.8528981
3.8923318
3.8923318
3.7642906
3.7641754
3.7641754
3.273462
3.738579
3.7383585
3.4976823
3.3026001
3.3008919
3.3008919
3.3777602
3.2747233
3.4476256
3.30376
3.4547863
3.2808268
3.4201865
3.3166878
3.337151
3.336399
3.3055944
3.3189876
3.3211253
3.3212802
3.315284
3.3112953
3.316728
3.3055944
3.1865811
3.2883916
3.2843764
3.3113177
3.202884
3.3055944
3.3322906
3.2384183
3.3055944
3.2842197
3.3481262
3.233108
3.3043358
3.304334
3.3041139
3.2776608
3.2776623
3.4617622
3.3041139
3.2776623
3.3280363
3.3041139
3.3047001
3.3041139
3.4849854
3.3041139
3.300218
3.307635
3.3021135
3.4941578
3.3022158
3.4626944
3.4637249
3.3055944
3.3041139
3.3041139
3.2842197
3.3055944
3.3041139
3.3055944
3.3055944
3.4626944
3.2466083
3.2226503
3.2896311
3.2847002
3.322259
3.4626944
3.3041139
3.3055944
3.3055944
3.3041139
3.3058841
3.5223117
3.2990572
3.305249
3.3055944
3.241668
3.2982552
3.2990572
3.3041139
3.3026733
3.3049963
3.495229
3.4131541
3.2974913
3.3055944
3.2933984
3.3041139
3.2842197
3.3041139
3.304924
3.340163
3.2933984
3.3041139
3.3041139
3.2461536
3.3053975
3.3108978
3.3018477
3.3314786
3.4010832
3.3018477
3.3020105
3.3292322
3.2776792
3.45815
3.30633
3.3372366
3.3059008
3.3037722
3.484007
3.3059008
3.2776613
3.429865
3.3054855
3.3054855
3.4619594
3.284582
3.284582
3.284582
3.3048797
3.2847376
3.284582
3.2845294
3.2457063
3.2452881
3.2347522
3.228635
3.2779324
3.2455044
3.2455044
3.2779295
3.2461295
3.24561
3.2779324
3.2780194
3.28828
3.243957
3.2776613
3.3112576
3.292406
3.2780235
3.2309682
3.2355597
3.2235758
3.1929522
3.221127
3.217478
3.224664
3.2220092
3.2243953
3.219126
3.2194748
3.2270386
3.2339365
3.2570884
3.279173
3.2011714
3.246677
3.2011714
3.2161808
3.1996293
3.2235885
3.2401447
3.2628534
3.2501616
3.25707
3.1955895
3.2801847
3.2028785
3.1958914
3.1947103
3.195871
3.1975842
3.1958914
3.2430875
3.1952863
3.2479296
3.2763054
3.2544615
3.254736
3.1959765
3.1959016
3.1957202
3.2004251
3.2004251
3.1959765
3.254736
3.2091866
3.1959765
3.1959765
3.3637693
3.1959453
3.1959765
3.2540696
3.2023423
3.1950068
3.2520895
3.23658
3.2520895
3.1959765
3.2540696
3.254736
3.194992
3.1959765
3.2508206
3.1963606
3.1963606
3.1915498
3.2786143
3.294876
3.1963606
3.2508206
3.252096
3.2693913
3.2533278
3.23713
3.2048686
3.1958613
3.1964705
3.2528157
3.2539058
3.278402
3.2777398
3.2780068
3.2781594
3.2739685
3.2783303
3.2783024
3.2053566
3.2543209
3.2788613
3.2354364
3.2582772
3.2797503
3.24289
3.2699778
3.280623
3.2356539
3.2379923
3.2563696
3.255933
3.255747
3.2379923
3.353408
3.2566473
3.2640533
3.2379923
3.2566473
3.2379923
3.2379692
3.2567043
3.3442948
3.3568723
3.25661
3.2722664
3.2564795
3.2387617
3.2566473
3.257569
3.3997157
3.2566473
3.2566473
3.231028
3.2368326
3.240719
3.2557557
3.2566473
3.255747
3.2379923
3.2566473
3.2565897
3.3020897
3.3505325
3.3505325
3.2750804
3.3971443
3.309229
3.3525317
3.3367703
3.3446584
3.2926116
3.285682
3.3515675
3.2160134
3.3572674
3.3576577
3.3471835
3.3510604
3.3510604
3.2867785
3.3240337
3.3199017
3.3161292
3.4133124
3.189659
3.2367923
3.219024
3.189361
3.3253973
3.2098246
3.2098246
3.5991168
3.4349625
3.2089853
3.2063122
3.210779
3.4236386
3.209812
3.408445
3.372725
3.2388227
3.2169793
3.4090562
3.422243
3.2108874
3.4044137
3.308711
3.240919
3.2166498
3.2029078
3.3864887
3.1952858
3.1962502
3.5826747
3.1946201
3.1946201
3.1934237
3.214214
3.2058392
3.2069306
3.2078412
3.2481132
3.3248162
3.284402
3.2321472
3.3497508
3.2658207
3.4207091
3.4052596
3.3235219
3.295807
3.2831943
3.2184215
3.2976906
3.2464402
3.3607004
3.2979228
3.2557044
3.4284163
3.3623981
3.454054
3.4224677
3.409858
3.3645875
3.461686
3.5327532
3.3875625
3.768788
3.7694309
3.5025318
3.7685049
3.7657344
3.7685049
3.7694309
3.4811244
3.7657344
3.765893
3.7660527
3.7657344
3.765096
3.7657344
3.7648127
3.794921
3.7648127
3.4101515
3.7648127
3.7942486
3.794921
3.7641754
3.4010003
3.481584
3.3866332
3.794921
3.7942486
3.785652
3.7648127
3.7648127
3.7648127
3.7942486
3.7648127
3.481584
3.3466854
3.7648127
3.7676868
3.7651305
3.7651305
3.7651305
3.7651305
3.7651305
3.7651305
3.3745308
3.764494
3.7651305
3.4286876
3.764494
3.7657344
3.7651305
3.7651305
3.7671626
3.7651305
3.7651305
3.7667272
3.7673674
3.7648127
3.7651305
3.7651305
3.7651305
3.2093773
3.7670467
3.4903111
3.7648127
3.7648127
3.7651305
3.7648127
3.7670467
3.7667272
3.7648127
3.7670467
3.7651305
3.4524164
3.7336352
3.7336352
3.4537725
3.8934968
3.7673674
3.767207
3.213359
3.8937683
3.7651305
3.7673674
3.7676868
3.7728438
3.7275488
3.7004242
3.7462723
3.779304
3.7828536
3.757057
3.4327605
3.633898
3.5652828
3.6348083
3.6356697
3.6358705
3.6645577
3.6358705
3.645943
3.6358736
3.6358736
3.6460304
3.6335502
3.6335425
3.6415095
3.6574826
3.6358705
3.6358705
3.6358705
3.6358705
3.6358705
3.6459796
3.6574826
3.6358705
3.6358495
3.645943
3.399815
3.645943
3.645943
3.6358736
3.4159343
3.645943
3.6459925
3.6358705
3.6358736
3.6574492
3.6574492
3.6359487
3.6359487
3.6459649
3.654164
3.6572232
3.666962
3.666962
3.7769973
3.8201368
3.7619011
3.8132532
3.6680057
3.6128826
3.7428062
3.6733518
3.666962
3.6733372
3.6679769
3.672642
3.7514467
3.6128826
3.666962
3.670289
3.8590517
3.6575027
3.666089
3.6360524
3.6647086
3.6755328
3.549793
3.6454027
3.6688008
3.6725953
3.69006
3.6459641
3.7074146
3.7080066
3.6900976
3.717122
3.611351
3.6986508
3.6807768
3.478383
3.6011133
3.6843965
3.7388306
3.6847582
3.6844296
3.6853063
3.6853063
3.743281
3.7286139
3.6853063
3.6844296
3.6844296
3.6853063
3.682311
3.6852522
3.6844296
3.6761322
3.675673
3.72947
3.7302816
3.730179
3.6450617
3.5926297
3.6853063
3.6844296
3.6844296
3.684396
3.6853063
3.7502825
3.6853063
3.7121396
3.6849735
3.6761322
3.5992777
3.684991
3.6457052
3.6797493
3.686964
3.7136347
3.6783574
3.6766872
3.7094228
3.7095037
3.702528
3.6705973
3.7094228
3.71621
3.6766784
3.6766872
3.702528
3.6349294
3.6766872
3.689952
3.7161908
3.702528
3.6955388
3.7026458
3.639281
3.7095037
3.6037953
3.6037953
3.6511276
3.71621
3.6811063
3.6812177
3.6653247
3.7208135
3.6807008
3.492942
3.7398643
3.5700185
3.7204602
3.6457353
3.7191615
3.5691051
3.7284698
3.7379482
3.685405
3.5996878
3.7273552
3.6818497
3.6849365
3.685405
3.60617
3.642596
3.748771
3.596871
3.7484372
3.7662487
3.689619
3.683518
3.596871
3.596871
3.596871
3.5931232
3.5986865
3.732122
3.5612407
3.5913644
3.593159
3.5912004
3.6686397
3.704044
3.7489552
3.4532046
3.593159
3.7253997
3.6658227
3.5916905
3.7057827
3.5948484
3.6906092
3.6266396
3.679048
3.596894
3.7212873
3.606128
3.6281376
3.6632962
3.6381779
3.7439377
3.7249324
3.7404401
3.7192962
3.720092
3.7402067
3.7216828
3.7203636
3.7404563
3.7249324
3.725034
3.72894
3.6689944
3.5887983
3.740435
3.7199993
3.7248805
3.6050797
3.7199993
3.7199993
3.738955
3.7204041
3.7281895
3.727293
3.7270901
3.727293
3.738955
3.727577
3.7275746
3.7266085
3.727293
3.7270205
3.7271101
3.7204041
3.7266085
3.7204041
3.7198803
3.7207031
3.7272112
3.7220743
3.7266686
3.7109184
3.567449
3.7205572
3.6004317
3.7204041
3.7204041
3.7204041
3.722627
3.7199993
3.7336755
3.729575
3.7204041
3.7269323
3.54179
3.4233496
3.727201
3.5562067
3.727293
3.6063569
3.727724
3.7278223
3.727577
3.5877936
3.7204041
3.5560634
3.7259073
3.431147
3.727293
3.72728
3.7204041
3.7124333
3.599791
3.726123
3.5917418
3.6287699
3.726123
3.6908784
3.7275255
3.726123
3.601546
3.5556495
3.7236567
3.726123
3.726123
3.726123
3.5649529
3.7286088
3.6374273
3.7206507
3.7232842
3.6846151
3.726123
3.7206507
3.7206383
3.7260706
3.7249863
3.7249773
3.7204618
3.7206507
3.7199993
3.7198343
3.7206507
3.7270901
3.7206507
3.7204618
3.7206507
3.7216492
3.7270901
3.7204885
3.7204506
3.7197807
3.7206507
3.7270901
3.7268195
3.7206507
3.7270901
3.7206383
3.7206507
3.7206507
3.7206507
3.7270901
3.7206507
3.7273135
3.7207003
3.7206507
3.7199993
3.7197807
3.7206507
3.7270901
3.7206507
3.7197807
3.7206507
3.7204618
3.7206507
3.7204618
3.7199993
3.726092
3.7283254
3.5564666
3.7244503
3.719727
3.7208498
3.7285013
3.7207386
3.725119
3.725119
3.5493426
3.5522087
3.5524569
3.6911852
3.720008
3.7259307
3.7272522
3.7224083
3.7272522
3.5768867
3.608219
3.7217395
3.7197587
3.7232637
3.705991
3.6248114
3.7191916
3.7197587
3.7196724
3.7197587
3.7197587
3.7197587
3.7197587
3.7197587
3.7260997
3.7197478
3.719944
3.7197902
3.5523617
3.7197478
3.7197587
3.7201438
3.7197587
3.7191658
3.7197587
3.7260835
3.7197587
3.727191
3.7272727
3.7009315
3.702343
3.683084
3.7191787
3.7278728
3.727545
3.6898017
3.7277312
3.727545
3.727545
3.725345
3.7323165
3.5655828
3.731321
3.7275546
3.727646
3.7298632
3.5870135
3.6968484
3.7252953
3.7395465
3.7347403
3.7352788
3.7238865
3.5923917
3.722219
3.7272975
3.7272668
3.7280197
3.7317111
3.7401762
3.7353127
3.7303636
3.7323353
3.723873
3.7272897
3.7307494
3.730329
3.7238019
3.7284124
3.7247832
3.7278504
3.7236633
3.7273054
3.723332
3.7305887
3.7304099
3.7236466
3.7271307
3.7306113
3.6909347
3.7236297
3.7237666
3.7200553
3.7227886
3.7236297
3.7236297
3.7201107
3.7229004
3.7237666
3.7237666
3.7237666
1.2946866
3.7237666
3.7278056
3.7237666
3.7237666
3.770706
3.7720597
3.777307
3.847815
2.014279
3.840233
3.7707934
3.7717412
3.9569662
3.7720597
3.7666662
3.9258935
3.7719996
3.8511367
3.758064
3.5603218
3.7693272
3.7670696
3.7768028
3.7640088
3.5547118
3.781189
3.8085566
3.8338778
3.8413184
3.8447316
3.8338883
3.8338883
3.8427837
3.8413053
3.8489473
3.8492117
3.8445008
3.777652
3.8647246
3.8562272
3.8128684
3.8402107
3.805075
3.8089244
3.8734362
3.8904557
3.8667738
4.2059917
3.8219607
4.0917354
3.8216834
3.7479815
3.6583629
4.206968
4.206968
3.821602
3.8168554
3.8454182
3.821414
3.8189435
3.8457317
3.8536723
3.8518572
4.0906963
4.060682
3.8200562
3.6661358
0.6276404
3.7857013
0.83194333
3.5762117
3.5640829
3.7521162
3.7702005
3.7715797
3.7538025
3.5022826
3.7642553
3.7712321
3.7736464
3.8166313
3.5782661
3.8292325
3.8599648
3.7804022
3.7803986
3.2477732
3.8424773
3.7812984
3.7666655
3.7791035
3.780335
3.7804394
3.763787
3.7814891
3.8337867
3.7814891
3.8700268
3.7814891
3.7416992
3.7756462
3.5976706
3.560762
3.8165631
3.826604
3.8317428
3.8316631
3.8372974
3.568034
3.836939
3.9581754
3.7677822
3.8210585
3.820869
3.8374548
3.8374548
3.872539
3.9817445
3.8188787
3.8207955
3.806657
2.3134234
3.7981498
3.820869
3.982524
2.4151525
3.8924053
3.8206766
3.821214
3.8372638
3.1024044
3.7084663
3.8069508
3.7637835
3.8013978
2.1256876
3.802686
3.790598
3.5473118
3.5392008
3.8009555
3.7832344
3.7924976
3.7812393
3.79757
3.794126
3.7861218
3.8095548
3.804797
3.7982495
3.818812
3.8206832
3.8191311
3.6634789
3.8174803
3.7689734
3.8062665
3.5084894
3.4205487
3.549897
3.5695226
3.5452225
3.6736586
3.4722185
3.5519133
3.6847427
3.5573485
3.8886878
3.6835659
3.909665
3.6082745
3.3344514
3.6488502
3.874018
3.6177006
3.6397314
3.6193073
3.6362293
3.5506656
3.5458696
3.4821708
3.488396
3.6362293
3.6209507
3.4696517
3.4696522
3.4706511
3.5418186
3.5594976
3.5722222
3.6188834
3.7692199
3.5722222
3.6831992
3.5183704
3.5772693
3.7498875
3.6831992
4.045898
4.0419765
3.7796147
3.8082643
3.7800336
3.7800336
3.7495277
3.518835
3.5878334
3.579111
3.5878334
3.6762345
3.518835
3.5878334
3.7473853
3.518835
3.6079316
3.6079316
3.518835
3.5878334
3.518835
3.5186803
3.5009763
3.518835
3.5285928
3.52724
3.607107
3.473558
3.6511765
3.5851278
3.519617
3.5285928
3.5268922
3.5285928
3.5285928
3.5066714
3.5275564
3.5515933
3.508456
3.5639346
3.534426
3.621949
3.5268922
3.492971
3.5679145
3.511607
3.5428689
3.5372174
3.49273
3.5428689
3.5251951
3.49273
3.4759548
3.5679145
3.511607
1.8457353
3.543295
3.6796162
3.6859963
3.543295
3.6175802
3.5519936
3.511607
3.511607
3.529275
3.6175802
3.543037
3.5115514
3.5399208
3.5104666
3.511607
3.543295
3.5319712
3.6839375
3.511607
3.543295
3.5104647
3.529275
3.543295
3.5057437
3.543295
3.543295
3.5415976
3.5115073
3.5112112
3.4925008
3.5430589
3.5178194
3.5319712
3.5160904
3.704378
3.5176842
3.5178194
3.5172775
3.573237
3.491226
3.491226
3.4910808
3.4900937
3.6175802
3.490938
3.4940004
3.5319712
3.6149955
3.3844376
3.4912379
3.505891
3.491226
3.491226
3.4782355
3.4868975
3.4998038
3.4779363
3.5044303
3.486884
3.5631492
3.491226
3.4912312
3.502207
3.5021174
3.502207
3.491752
3.572998
3.5510004
3.491752
3.7767868
3.5345151
1.9397962
3.4749434
3.4749434
3.4749434
3.525071
3.442951
3.618168
3.442956
3.5966485
3.442951
3.442951
3.442951
3.538123
3.525071
3.5995126
3.608748
3.5251985
3.442951
3.5966485
3.61624
3.442951
3.477545
3.4749434
3.442951
3.442951
3.4439023
3.442951
3.442951
3.442922
3.4749434
3.4522493
3.525071
3.5828135
3.442951
3.6005554
3.4433029
3.608748
3.586003
3.5254135
3.6134264
3.6195545
3.5249057
3.538123
3.5254135
3.4397445
3.525071
3.442951
3.442951
3.442951
3.608748
3.6266222
3.538123
3.5380816
3.538123
3.465413
3.4615388
3.4358487
3.538123
3.538123
3.71162
2.7743142
3.4583342
3.4651647
3.5381105
3.6740274
3.6728501
3.4649298
3.488862
3.538123
3.4654005
3.4654005
3.4654005
3.4650052
3.4654005
3.4654005
3.5381188
3.5381188
3.4654005
3.6557999
3.6700244
3.6278453
3.4639423
3.5507586
3.6141253
3.6534417
3.5711718
3.5062623
3.51295
3.5057414
3.5126257
3.513058
3.513058
2.4389994
2.4389994
2.4465349
1.1044248
0.581969
0.3290244
0.09335458
0.09283121
0.08507233
0.06451739
0.06461976
0.06380984
0.07756817
0.07756817
0.07403514
0.06461976
0.06461976
0.06451739
0.08934281
0.09608891
0.13490935
0.08918468
0.09221589
0.09349232
0.09349232
0.16678724
0.08905342
0.123402126
0.09217522
0.15853603
0.09353387
0.095803775
0.13299386
0.15923089
0.09283121
0.13472342
0.092285775
0.09283121
0.17288435
0.15710035
0.09152411
0.083294824
0.098439224
0.09152411
0.13145182
0.0941588
0.13218145
0.09156469
0.15716468
0.13513032
0.09152411
0.09152411
0.09152411
0.13218145
0.13072516
0.09152411
0.1706931
0.17777191
0.09152411
0.09152411
0.09152411
0.09152411
0.13218145
0.09152411
0.12362157
0.091686346
0.09152411
0.17319939
0.15710035
0.16125198
0.15545379
0.06435466
0.083294824
0.16042763
0.1706931
0.1802484
0.0777031
0.16042763
0.1587581
0.1587581
0.17420907
0.09233543
0.09499394
0.18274698
0.18642089
0.09233543
0.09233543
0.09233543
0.13328148
0.092199534
0.092199534
0.15834257
0.09233543
0.092581265
0.09061282
0.11063027
0.054322384
0.13328148
0.16000915
0.09233543
0.09233543
0.09233543
0.09005423
0.08390936
0.09365445
0.09342783
0.09342783
0.09233543
0.13328148
0.15834257
0.18289013
0.09386904
0.17420952
0.17244555
0.13328148
0.1720065
0.13475917
0.13328148
0.09233543
0.14070569
0.09233543
0.15823863
0.17376709
0.09409284
0.13475917
0.16000915
0.13475917
0.10467987
0.13475917
0.15943387
0.18515435
0.093153596
0.13401857
0.13475917
0.09342783
0.09342783
0.09098662
0.09342783
0.1260735
0.18642089
0.09654563
0.11734579
0.13475917
0.13181627
0.17844677
0.09476272
0.13392667
0.09125478
0.15511227
0.18457775
0.09342783
0.09370283
0.09370283
0.09370283
0.1825219
0.16147378
0.13605049
0.09436982
0.09436982
0.09423144
0.13513032
0.17784677
0.18138155
0.09416059
0.093634315
0.18503727
0.13513032
0.13513032
0.09370283
0.09370283
0.18735398
0.18503727
0.16042763
0.17420907
0.17420907
0.09370283
0.16464213
0.13513032
0.11856323
0.18688333
0.13513032
0.17420907
0.13513032
0.16042763
0.0133405775
0.093786016
0.10498661
0.13524519
0.13524519
0.091605306
0.18017894
0.16055827
0.093786016
0.16032341
0.16038002
0.16042763
0.17434756
0.093786016
0.17774454
0.14682622
0.093786016
0.093786016
0.17434756
0.093786016
0.093786016
0.093786016
0.16055827
0.13524519
0.14275338
0.0893936
0.13513032
0.17420907
0.15357995
0.09370283
0.09370283
0.16042763
0.13513032
0.13513032
0.16042763
0.13513032
0.09370283
0.09370283
0.13513032
0.09386904
0.09386904
0.1844064
0.17448573
0.12950185
0.17082962
0.18547022
0.09370283
0.09386904
0.1353598
0.1353598
0.13605049
0.09370283
0.1353598
0.09370283
0.09386904
0.091686346
0.17448573
0.12362157
0.093650445
0.09370283
0.1742783
0.09370283
0.17434756
0.17434756
0.18152398
0.13513032
0.16013953
0.09268959
0.13524519
0.13524519
0.13319905
0.06820375
0.064758986
0.06201725
0.12939118
0.064758986
0.11265365
0.12867296
0.1264273
0.12939118
0.11297721
0.10788998
0.10788998
0.06278382
0.11825672
0.11825672
0.11825672
0.06201725
0.10788998
0.06201725
0.12795773
0.117586344
0.06201725
0.06201725
0.06196996
0.12582944
0.12675405
0.07250471
0.06516095
0.06516095
0.055172298
0.065206274
0.06197593
0.12935656
0.1306407
0.12489895
0.12919024
0.06510859
0.12856254
0.06515386
0.0668215
0.12488427
0.11395193
0.13484895
0.06510859
0.06686877
0.118153706
0.06515386
0.054650716
0.06515386
0.1140339
0.113166
0.06515386
0.06196996
0.11553056
0.12073441
0.10178902
0.058579568
0.06383785
0.098243915
0.15085128
0.091071725
0.13898161
0.09709263
0.0803273
0.09709263
0.14666712
0.09640324
0.17006378
0.09617515
0.18438539
0.09640324
0.09640324
0.09470192
0.099242225
0.094969414
0.17612626
0.07882947
0.095314294
0.09000407
0.09000407
0.094013855
0.09000407
0.089924246
0.09000407
0.13017027
0.15321887
0.09000407
0.091071725
0.15485068
0.16832593
0.16832593
0.09000407
0.13162343
0.08873822
0.12972526
0.13559417
0.08987127
0.09000407
0.09000407
0.09016371
0.16832593
0.09099091
0.15464582
0.15282588
0.09000407
0.17178512
0.08340632
0.08340632
0.15485068
0.15485068
0.1049914
0.08340632
0.110765696
0.15232298
0.15237163
0.11933718
0.15232298
0.14273052
0.10025872
0.098791584
0.0834545
0.11899699
0.08267451
0.11899699
0.15179291
0.08169802
0.10633941
0.14871307
0.08169802
0.11899699
0.13938007
0.08567792
0.15847197
0.12453112
0.15847197
0.15847197
0.15834257
0.07784589
0.07657822
0.103552684
0.09187524
0.103552684
0.16865516
0.103552684
0.10340077
0.16908859
0.09228872
0.09361765
0.16048287
0.09220622
0.17972589
0.16895303
0.15867385
0.09206967
0.09220622
0.09220622
0.13608907
0.1652687
0.1334476
0.1448548
0.14665851
0.18320358
0.1653301
0.10299365
0.0939721
0.17822623
0.10281036
0.1037642
0.1037642
0.15232298
0.1037642
0.1027006
0.119232826
0.057073016
0.103856646
0.11933718
0.108823374
0.10779489
0.10655382
0.06010861
0.10655382
0.10779489
0.059021316
0.10779489
0.09846818
0.057779893
0.12070594
0.11029043
0.057947118
0.078861445
0.06883815
0.06883815
0.10808012
0.08674225
0.11377134
0.111687474
0.07197619
0.055439375
0.057405937
0.11297721
0.11297721
0.06165104
0.11257611
0.11257611
0.11618477
0.060154133
0.11287815
0.05890057
0.11398403
0.11297721
0.12488332
0.060154133
0.11317526
0.110736094
0.116116844
0.06011414
0.060892276
0.101801746
0.11287815
0.060154133
0.103177294
0.057113517
0.053103864
0.05448064
0.05665167
0.11287815
0.11287815
0.11954582
0.12657258
0.07197619
0.07197619
0.13438822
0.1440953
0.13513032
0.13515213
0.1259444
0.07197619
0.11530413
0.07197619
0.14898142
0.12651815
0.14738606
0.1262996
0.13376354
0.13524519
0.1262996
0.15018633
0.1259444
0.1262996
0.1262996
0.072222814
0.072222814
0.1261903
0.07170579
0.13747178
0.12327428
0.14805861
0.13364966
0.070980735
0.13364966
0.06400473
0.12610136
0.13479286
0.12610136
0.13503732
0.07186228
0.13775557
0.07186228
0.13208996
0.13503732
0.11292767
0.12919024
0.13513032
0.13513032
0.070265144
0.13513032
0.07240853
0.14173096
0.1261903
0.067114994
0.06866544
0.07191464
0.07191464
0.07191464
0.1261903
0.115848534
0.07191464
0.13513032
0.13794538
0.07191464
0.14726292
0.070265144
0.070265144
0.070265144
0.12337118
0.1261903
0.14558177
0.12107344
0.13218145
0.088099614
0.12337118
0.12337118
0.070265144
0.1261903
0.0633139
0.12640867
0.13218145
0.12337118
0.070265144
0.06470769
0.13218145
0.070265144
0.07191464
0.07038414
0.058857054
0.13888402
0.070265144
0.11117723
0.13218145
0.070265144
0.13218145
0.13790902
0.06951765
0.07016386
0.13190763
0.07429677
0.07028261
0.1261903
0.070265144
0.13218145
0.070265144
0.070265144
0.070265144
0.064163044
0.12337118
0.070265144
0.13218145
0.07016386
0.070265144
0.1261903
0.1264273
0.06297326
0.110312216
0.0633139
0.0065971357
0.053955104
0.053955104
0.13072516
0.13181627
0.12086369
0.06067543
0.064928904
0.07852713
0.0633139
0.062468123
0.0633139
0.06371004
0.06341242
0.06341242
0.06332032
0.059430633
0.0619287
0.052087773
0.0633139
0.0633139
0.07584742
0.090452574
0.09098662
0.09098662
0.08351457
0.09687516
0.1706931
0.1706931
0.1841909
0.09152411
0.132407
0.13218145
0.098817304
0.1322379
0.09152411
0.09156469
0.15710035
0.1636551
0.18320358
0.07584742
0.09152411
0.15710035
0.15710035
0.17777191
0.13218145
0.18320358
0.13513032
0.09152411
0.09342783
0.08447478
0.13218145
0.1706931
0.09152411
0.17243886
0.09152411
0.08428066
0.11188435
0.08521626
0.09268959
0.09152411
0.09125478
0.1698216
0.09152411
0.15710035
0.17420907
0.09370283
0.10196848
0.09640102
0.09583591
0.09555449
0.17867482
0.13884106
0.09640102
0.12939118
0.16464213
0.09640102
0.11618477
0.09640102
0.07889287
0.13884106
0.09640102
0.09625967
0.1356422
0.09625967
0.13494438
0.16442919
0.1378946
0.17845015
0.16442919
0.09625967
0.13865118
0.09643075
0.15440778
0.09625967
0.12690185
0.15782942
0.11281509
0.13895814
0.15116157
0.11558666
0.14796269
0.12777673
0.1352885
0.1356422
0.09032571
0.09469042
0.17631999
0.13542046
0.09833398
0.1037212
0.13450208
0.09833398
0.09833398
0.16764067
0.16764067
0.11350896
0.09833398
0.18185008
0.16777527
0.14148486
0.1775505
0.12777807
0.09833398
0.09833398
0.16774893
0.11009482
0.1413885
0.13949513
0.12945578
0.06605533
0.13463108
0.066772215
0.11234354
0.06689354
0.056318514
0.06971755
0.11469874
0.115191795
0.10807938
0.055539817
0.10788873
0.10548613
0.108045034
0.11400703
0.11299193
0.10796709
0.08134053
0.08134053
0.08134053
0.08134053
0.079095654
0.08134053
0.14863427
0.11672213
0.16047932
0.14744766
0.11239523
0.12686297
0.11780105
0.15488371
0.1670054
0.12340135
0.074581444
0.1472484
0.16152576
0.16764067
0.12340135
0.16152576
0.18997131
0.16152576
0.16142039
0.16152576
0.15488371
0.0781967
0.11380733
0.14216799
0.11370789
0.0781967
0.15261768
0.111125655
0.115310825
0.09439868
0.09386904
0.0945373
0.15488371
0.1351736
0.13609408
0.08590727
0.16126376
0.093731396
0.09439868
0.09439868
0.09439868
0.09439868
0.13609408
0.16152576
0.14364044
0.09439868
0.15443826
0.09423144
0.09439868
0.09423144
0.09412158
0.0969459
0.09485881
0.13494438
0.06461901
0.06472128
0.06677978
0.093731396
0.09384524
0.093731396
0.16047932
0.18509594
0.13701932
0.16050506
0.13369301
0.13563336
0.17426473
0.093731396
0.093731396
0.09356544
0.16021861
0.13513032
0.09507083
0.13523105
0.13494438
0.093731396
0.1347095
0.093897924
0.18665168
0.13678753
0.13513032
0.1505121
0.18665168
0.09356544
0.09356544
0.12419291
0.1961954
0.187578
0.117412046
0.12633802
0.17398831
0.117412046
0.10773266
0.18850724
0.19523416
0.12419291
0.12458731
0.16872127
0.09447792
0.14020617
0.087183505
0.09447792
0.0933691
0.16186698
0.09447792
0.13484895
0.16186698
0.09447792
0.16186698
0.16207859
0.1372722
0.085947186
0.06506338
0.09447792
0.13634358
0.11387
0.068147324
0.11387
0.09725207
0.0933691
0.09447792
0.085947186
0.13099295
0.13110477
0.072497696
0.13200359
0.09069581
0.15386873
0.13110477
0.099785745
0.09069581
0.054956857
0.061887488
0.07327559
0.07412742
0.14121598
0.107828654
0.107828654
0.074001215
0.10763892
0.07412742
0.11387
0.07501996
0.10763892
0.10701787
0.12910081
0.10742274
0.15044823
0.10732801
0.10763892
0.074699365
0.07457173
0.10887805
0.14204857
0.07467974
0.07467974
0.1421219
0.15171006
0.07467974
0.07467974
0.07467974
0.07467974
0.108652465
0.07467974
0.15171006
0.108557016
0.07467974
0.09002883
0.13616566
0.11493756
0.062397905
0.12991865
0.16843706
0.15394633
0.1292116
0.17847416
0.17791237
0.12653624
0.08947281
0.08947281
0.08934098
0.08926189
0.15431227
0.061887965
0.18095739
0.1292116
0.089131005
0.08965765
0.16754702
0.15424879
0.08971069
0.08931503
0.12965494
0.08957848
0.17766052
0.12972409
0.12954415
0.12910081
0.16754702
0.17810898
0.08957848
0.074254125
0.13392094
0.12954415
0.15088446
0.17991075
0.08926189
0.089196496
0.15367916
0.08926189
0.08926189
0.12874195
0.12910081
0.17732407
0.08926189
0.12874195
0.09182907
0.08957848
0.08926189
0.15381962
0.0893936
0.12928025
0.0893936
0.08135943
0.12928025
0.12928025
0.18138155
0.18138155
0.15381962
0.32123715
0.45597908
0.18882161
0.15381962
0.15381962
0.15300697
0.15381962
0.28189367
0.29145867
0.15361588
0.15381962
0.36345074
0.28189367
0.36345074
0.2819883
0.14730157
0.36345074
0.10779489
0.28189367
0.17066525
0.110153705
0.15381962
0.16021861
0.07763584
0.16042763
0.46149778
0.16042763
0.2913076
0.16042763
0.15934138
0.16095026
0.28981933
0.29102385
0.29145867
0.37534463
0.16095026
0.2922312
0.1575115
0.1607919
0.15447798
0.113473095
0.11306709
0.06431061
0.07792613
0.09691595
0.13632491
0.07833246
0.15483432
0.098354325
0.113988854
0.11327456
0.112770006
0.07858365
0.13605049
0.11407062
0.07838986
0.14887646
0.11407062
0.13674372
0.17947017
0.16199857
0.13190158
0.16095026
0.09470511
0.09442714
0.09436982
0.09250257
0.09903556
0.13513032
0.09132638
0.13475917
0.093816616
0.07240853
0.068429895
0.11144089
0.09392199
0.06801062
0.13073173
0.0682196
0.09395238
0.11938953
0.11951257
0.12305938
0.13095583
0.13095583
0.06486166
0.13547482
0.13547482
0.119682856
0.06826008
0.06831666
0.119682856
0.06831666
0.1381608
0.11947457
0.06820375
0.06831666
0.1250071
0.109081805
0.06410524
0.06826008
0.09277162
0.12729862
0.089551866
0.09478609
0.1351736
0.13769361
0.09370283
0.09370283
0.17420907
0.09640102
0.13513032
0.11758113
0.09370283
0.09342783
0.09370283
0.13218145
0.15046412
0.093634315
0.18781038
0.09370283
0.11287815
0.09370283
0.09370283
0.09370283
0.09370283
0.09370283
0.059430633
0.08477817
0.17244555
0.17376709
0.17244555
0.12362157
0.13549669
0.16032341
0.16095026
0.18561485
0.17699045
0.13558993
0.13558993
0.17476311
0.08971069
0.16095026
0.09482038
0.09403581
0.13570479
0.13513032
0.09403581
0.16055827
0.17732407
0.1809272
0.13513032
0.09420265
