0.4171522
2.074092
1.6336719
1.7283621
1.981721
2.074092
1.439485
1.7284832
1.7284832
1.7284832
1.9678733
1.9810964
1.4316416
1.3272272
1.9299697
1.4391396
1.4430765
1.582862
1.8821335
1.4416384
1.5978357
1.2993785
1.3874584
1.3798184
1.6655633
1.4259808
1.372959
1.472046
1.7985339
1.3833042
1.4005222
1.3833042
1.3833042
1.74026
1.6420975
1.7385298
1.3771108
1.3783953
1.4662253
2.0701797
1.7433945
2.0886433
2.1905322
2.0703065
1.3778366
1.246376
1.6654339
1.3024287
1.2536126
1.2817221
1.2540574
1.1962209
1.1281506
1.1231891
1.1639587
1.0454746
1.0301481
1.1308726
1.1345389
1.0447857
1.0443532
1.0448313
1.1638675
1.1575208
1.1578584
1.1497468
1.0447857
1.0453358
1.1616348
1.0446043
1.1494893
1.0441722
1.161126
1.1435074
1.1995116
1.1980175
1.1555965
1.1527773
1.1652694
1.1508741
1.2294241
1.1652694
1.1437947
1.1379215
1.1710136
1.1998861
1.1657835
1.1441888
1.1987566
1.1313522
1.1319915
1.0446043
1.1441888
1.2014649
1.0446043
1.0265291
1.0434499
1.044627
1.114479
1.1144973
1.0446043
1.0537422
1.155648
1.1274041
1.1053009
1.0446043
1.03542
1.0424464
1.0411109
1.0538309
1.1440718
1.1170827
1.044514
1.044514
1.0805072
1.1553555
1.0484
1.1054589
1.0484099
1.0744722
1.0710236
1.0457388
1.1087285
1.1671641
1.1672094
1.0484099
1.0484099
1.050789
1.1448743
1.1054589
1.0505674
1.0477219
1.047772
1.0448769
1.1048723
1.0340006
1.0484099
1.1642244
1.1448743
1.0685104
1.0865911
1.1099879
1.0484099
1.047416
1.051055
1.0752782
1.051055
1.1411666
1.1866019
1.0509764
1.0475254
1.051055
1.1928942
1.1730688
1.0337588
1.0431644
1.0508858
1.0457563
1.047416
1.0497999
1.1737096
1.0995202
1.0319178
1.013273
1.0938823
1.0990599
1.0926762
1.047969
1.0475745
1.1097696
1.1280303
1.1293254
1.0743037
1.096573
1.096573
1.1194569
1.050045
1.0914803
1.096573
1.050046
1.0717921
1.1099879
1.0719279
1.050045
1.109916
1.0261782
1.0916266
1.104055
1.1041154
1.095932
1.1116927
1.1000782
1.1271735
1.101277
1.120484
1.1259282
1.0761476
1.1474807
1.0736091
1.130043
1.1009588
1.1284063
1.1394877
1.1166316
1.1284418
1.1393807
1.1284418
1.1375563
1.1012436
1.1222229
1.1013497
1.109049
1.1542687
1.1600592
1.1018566
1.101342
1.1009588
1.1013497
1.1013497
1.1271914
1.1478131
1.1491455
1.1018463
1.1478803
1.1677227
1.1501163
1.1387689
1.1292719
1.1403322
1.1692506
1.1293254
1.1295176
1.1365309
1.1172832
1.1698577
1.1011637
1.1103445
1.1383814
1.1016076
1.3315473
1.3317859
1.3315167
1.1721466
1.2881738
1.3018909
1.1706609
1.3162075
1.1720586
1.1810462
1.2607313
1.1608969
1.1698577
1.1698577
1.169769
1.1801754
1.2711549
1.3296677
1.1640668
1.1698577
1.1698577
1.213284
1.328713
1.1529552
1.1549438
1.3570323
1.3296677
1.1698577
1.3295192
1.376993
1.1698577
1.1698577
1.3249677
1.2607313
1.3296677
1.3266039
1.2845051
1.3619188
1.2574522
1.3511099
1.1161481
1.4325156
1.3511099
1.2574522
1.246067
1.2574522
1.3510641
1.2574522
1.2572484
1.2545879
1.2093216
1.254189
1.2574522
1.0702786
1.4190245
1.2513064
1.209568
1.2520099
1.4192326
1.2576838
1.4185427
1.2576838
1.2576838
1.1332968
1.3471005
1.3593918
1.33216
1.2119567
1.3620319
1.3593918
1.453107
1.2729688
1.3212042
1.3130052
1.4187183
1.3596114
1.4825375
1.4825375
1.4825375
1.5315018
1.4825375
1.3732526
1.495365
1.5319326
1.4820892
1.3907403
1.3199112
1.305515
1.3621683
1.3585876
1.3624904
1.3348788
1.4860438
1.3761134
1.3122591
1.1980863
1.4915403
1.3534863
1.3729835
1.4624549
1.2265449
1.3536524
1.4342812
1.3534863
1.4248214
1.2265449
1.287394
1.2229158
1.3534863
1.2201245
1.2265449
1.3529496
1.2264831
1.1176405
1.2264524
1.2272954
1.2235765
1.227587
1.3534863
1.4248214
1.4528553
1.1980863
1.2200637
1.2264155
1.3504078
1.3534863
1.348491
1.4248214
1.475479
1.1117973
1.2267932
1.3203708
1.3475665
1.2387394
1.3534863
1.4349048
1.348491
1.2265449
1.4817632
1.2165272
1.319686
1.2265449
1.21629
1.4624549
1.2265449
1.2165233
1.2260901
1.1584029
1.2793713
1.1584029
1.3847619
1.1584029
1.1585128
1.1584029
1.158349
1.2708263
1.1584096
1.1583995
1.3845407
1.4126846
1.1588598
1.1515208
1.2359079
1.2778344
1.1605432
1.1227216
1.1686198
1.3752801
1.1548891
1.1544929
1.2798787
1.1540992
1.1548891
1.1549444
1.2757635
1.1541156
1.2748382
1.2798787
1.3614808
1.1537727
1.1548891
1.1544622
1.3164352
1.1553518
1.3568937
1.1181821
1.1181821
1.2814204
1.2313944
1.2550131
1.2634321
1.3574529
1.2268895
1.3619571
1.1176023
1.0578032
1.1583556
1.1184068
1.1112329
1.1154215
1.116786
1.0423756
1.0258859
1.0623724
1.0666442
1.1304197
1.0098552
1.1977482
1.0396525
1.097032
1.0965316
1.0977299
1.0683811
1.0719042
1.0772477
1.0711665
1.1000543
1.0879732
1.0753937
1.0997652
1.0531895
1.0977037
1.0467775
1.0973041
1.075746
1.0530486
1.0990794
1.0976955
1.0530486
1.0585469
1.0424422
1.0439575
1.0933055
1.0581217
1.0532844
1.0966926
1.0581443
1.0760134
1.0760134
1.0932416
1.0927131
1.095249
1.0874941
1.0465518
1.0908848
1.0560672
1.0908848
1.0789229
1.0561613
1.0561613
1.0561613
1.0561546
1.0907948
1.0788592
1.0786754
1.0561613
1.0991226
1.0789468
1.0909754
1.0970645
1.0561613
1.0970424
1.0561613
1.0561613
1.0561613
1.0991226
1.0561613
1.0533898
1.0819006
1.0589498
1.078914
1.0589498
1.079043
1.0820073
1.0558646
1.0558591
1.0758306
1.0744722
1.1023201
1.0941209
1.0772477
1.1011626
1.0933198
1.0589632
1.0986347
1.0872676
1.0986105
1.050948
1.0976683
1.0570633
1.0803342
1.1008694
1.0871592
1.087825
1.0874375
1.090822
1.0889372
1.0915868
1.0896678
1.1379707
1.1469884
1.1466154
1.1485012
1.1757705
1.1059933
1.2078977
1.1865687
1.1803584
1.0990837
1.1548407
1.1548221
1.0990837
1.1548241
1.0991393
1.1703355
1.2158073
1.1796536
1.1971608
1.2158073
1.1566762
1.1931823
1.1649384
1.1777583
1.1997516
1.1659291
1.1719915
1.1659687
1.1154438
1.1153002
1.1154438
1.1659687
1.1154438
1.1659687
1.1656542
1.1866031
1.1158181
1.1203499
1.2134848
1.1862671
1.1659528
1.1775472
1.1154438
1.1154438
1.1154438
1.1659371
1.1982374
1.1177844
1.2144508
1.2136362
1.1145817
1.2136362
1.1146959
1.2068572
1.1158181
1.112832
1.193633
1.193633
1.2068287
1.153251
1.1154438
1.1152475
1.1667161
1.166384
1.1680486
1.166384
1.1996228
1.1680486
1.117319
1.117319
1.2068572
1.117319
1.1678606
1.1172117
1.0853698
1.1609136
1.1161914
1.117319
1.2095366
1.1169434
1.1061668
1.1032158
1.117319
1.1951464
1.117319
1.117319
1.1680486
1.1680486
1.1572455
1.116568
1.117319
1.2126999
1.1054558
1.167798
1.1953503
1.1161914
1.117319
1.196015
1.1680486
1.117319
1.1040084
1.2160248
1.117319
1.117319
1.1426835
1.1535218
1.1426835
1.1498885
1.1426835
1.050415
1.155346
1.1426284
1.0504093
1.1329104
1.1426283
1.1956599
1.1381882
1.1574863
1.1571754
1.1888306
1.1377212
1.1288264
1.1387689
1.1767113
1.1512096
1.1498885
1.21842
1.1381882
1.1380318
1.2028023
1.2101629
1.1288264
1.1887554
1.2164314
1.2030424
1.1189561
1.1288264
1.185643
1.158731
1.1584983
1.1288264
1.1288264
1.0955516
1.1288264
1.1391798
1.1888434
1.1225245
1.1102504
1.1553482
1.0867299
1.103619
1.1994351
1.127557
1.1856122
1.1587386
1.185009
1.1377141
1.127557
1.1892511
1.2055377
1.2014514
1.1934146
1.1281275
1.1273079
1.1279713
1.1587348
1.187247
1.1934146
1.1872343
1.1553482
1.1115136
1.0911965
1.1568753
1.2052602
1.1381134
1.1888434
1.188818
1.1587425
1.1287731
1.1587425
1.1948771
1.1587425
1.1589967
1.1287731
1.1287731
1.1948946
1.1677748
1.1770291
1.1287731
1.1188267
1.1287731
1.188818
1.1248506
1.1702858
1.1381134
1.1284597
1.1582733
1.1295991
1.1286486
1.0504338
1.1493795
1.1183852
1.1283885
1.1947201
1.1190618
1.170719
1.136014
1.1498318
1.1499667
1.1381003
1.1589322
1.2042791
1.1985952
1.1804699
1.1037519
1.0686526
1.2178054
1.2288603
1.2292194
1.2123227
1.1630398
1.2181828
1.2184322
1.2226342
1.1273227
1.1678557
1.2139769
1.2105309
1.2206047
1.2272396
1.2228184
1.2218192
1.2698193
1.2592374
1.2236211
1.2603434
1.2603434
1.2603434
1.2603434
1.2596493
1.2236211
1.2603434
1.2236211
1.1689569
1.1817093
1.2197844
1.2175362
1.2236211
1.2143798
1.2705376
1.2236294
1.2571199
1.3192027
1.2197844
1.2776785
1.2571199
1.2616026
1.2434524
1.2164848
1.223369
1.2609708
1.1682458
1.1621689
1.1247329
1.1685377
1.2082694
1.125933
1.2583747
1.1183654
1.1749638
1.2350179
1.1187347
1.1185472
1.2266546
1.1128632
1.1128632
1.1186723
1.2240803
1.2501913
1.1259626
1.1475409
1.3456985
1.2240803
1.2240803
1.270924
1.2240803
1.1917589
1.2233241
1.2621518
1.2235548
1.2235789
1.1550915
1.2247707
1.2618352
1.2455642
1.2236831
1.2236831
1.2777838
1.2244965
1.3338528
1.1977226
1.3757457
1.3710825
1.4673812
1.4989938
1.3680402
1.4283401
1.3757457
1.3756329
1.2260182
1.4404399
1.3757457
1.2146683
1.468094
1.4959064
1.4420973
1.5266639
1.4882698
1.3739302
1.4978896
1.3739302
1.4980063
1.3738189
1.3668717
1.3739302
1.2676822
1.3739302
1.4977435
1.5001007
1.43309
1.4436984
1.5449946
1.3732358
1.5014915
1.3599509
1.3734587
1.4956728
1.5449253
1.5472537
1.4249438
1.4647902
1.5671923
1.4562416
1.3459677
1.4811176
1.3195387
1.321786
1.3667051
1.5450119
1.5871472
1.5667762
1.4977727
1.3732637
1.500877
1.2706132
1.4977727
1.3737072
1.3657702
1.3598177
1.500054
1.4250424
1.4017516
1.3739302
1.3737072
1.346114
1.2276354
1.4254969
1.2276516
1.4242933
1.4630613
1.3543493
1.3543001
1.2276354
1.2276354
1.2277651
1.1987021
1.3535376
1.3535432
1.2276354
1.2259529
1.4231926
1.4227388
1.2258226
1.4190631
1.2204151
1.1960008
1.2859333
1.2253244
1.330643
1.3348304
1.2702894
1.2673608
1.0924562
1.1081239
1.1063102
1.2694846
1.0611081
1.2626728
1.1006124
1.2678303
1.326394
1.328557
1.2645075
1.3348265
1.2127324
1.3348265
1.3326582
1.3370745
1.2118034
1.3362132
1.3302668
1.1888808
1.3746271
1.3736552
1.1888808
1.3447673
1.3441597
1.1888808
1.1900929
1.3325232
1.2000184
1.089229
1.3450266
1.3340946
1.3476335
1.263659
1.1890522
1.2977923
1.3923155
1.3429544
1.2350366
1.328354
1.3152258
1.3152258
1.1470844
1.2641615
1.2641615
1.2640935
1.1470844
1.2808653
1.2636024
1.2641615
1.1483166
1.156916
1.2641615
1.1483922
1.2636449
1.2587537
1.0665132
1.22335
1.2213461
0.3597906
1.2471689
1.1687024
1.1818944
1.2335298
1.1823535
1.1447186
1.1510246
1.1593533
1.1902345
1.1947688
1.1799158
1.0499845
1.2050592
1.1286066
1.1592034
1.1280022
1.192584
1.192584
1.0999191
1.1099021
1.1182152
1.2073538
1.1699475
1.0879936
1.2090644
1.1699475
1.1699475
1.2025074
1.1685762
1.2357782
1.2025636
1.1699475
1.2357243
1.2052102
1.2102922
1.2132936
1.2883607
1.2622205
1.2673796
1.2275381
1.2605222
1.2132936
1.2474656
1.2474656
1.2132936
1.2691513
1.2507267
1.206136
1.2061416
1.2144362
1.2502995
1.2959878
1.2061416
1.2144362
1.177843
1.213131
1.2323741
1.2240117
1.177843
1.1855605
1.1771176
1.177843
1.2553607
1.2144605
1.177843
1.2173984
1.2144119
1.1253078
1.1742564
1.1971939
1.145449
1.155094
1.1634313
1.125189
1.1744466
1.1189759
1.1745453
1.2124671
1.2124671
1.125189
1.1139977
1.1242127
1.1243184
1.1752077
1.1298739
1.1751126
1.1745453
1.1250912
1.118783
1.0284187
1.0203664
1.1632305
1.1254082
1.0354551
1.0356096
1.0349923
1.0356096
1.0500255
1.0331683
1.0355803
1.0560384
1.0355803
1.0349629
1.0214607
1.0305254
1.0404876
1.0157977
1.0343817
1.0340394
1.0404876
1.0285258
1.0284737
1.0355803
1.0721939
1.0529296
1.0143037
1.0355705
1.0355803
1.0912899
1.0901561
1.1272055
1.1298126
1.035503
1.0354258
1.0402135
1.0357765
1.0890903
1.0912899
1.0547112
1.0912899
1.0285258
1.0480094
1.0355803
1.0355803
1.119543
1.1709148
1.0143062
1.0309054
1.1743752
1.0404876
1.0404876
1.0355803
1.0692021
1.0285918
1.0446253
1.1724224
1.0404876
1.1297423
1.0849531
1.0852542
1.064308
1.0622759
1.0774367
1.0856583
1.0660745
1.0888169
1.1245643
1.1501824
1.1538206
1.1516546
1.0662533
1.0636563
1.0889127
1.1654658
1.0634164
1.1137366
1.1174296
1.1137455
1.1428288
1.0688838
1.1695273
1.1303854
1.1327375
1.1697724
1.1711084
1.0703214
1.1712185
1.104293
1.079752
0.44361055
1.0998433
1.1570964
1.1393842
1.1723169
1.0800968
1.1700423
1.1268713
1.1620702
1.0912805
1.1158181
1.1265246
1.2063948
1.2208838
1.2310649
1.3449748
1.3260347
1.3457971
1.3080008
1.3999372
1.3478863
1.3904219
1.2322211
1.2232517
1.3461726
1.2326666
1.202398
1.3452388
1.2117114
1.2233663
1.2180364
1.2048693
1.2466252
1.2486786
1.2413942
1.2270645
1.2278229
1.2094604
1.1876397
1.2169167
1.2127209
1.1112161
1.1541224
1.1620376
1.159521
1.1592271
1.1817206
1.1608924
1.1610109
1.1980402
1.1569555
1.1197252
1.1200123
1.0258374
1.1000386
1.1313363
1.1000386
1.1313363
1.1569549
1.1000386
1.1513715
1.1313363
1.1459837
1.1313363
1.1798633
1.1000386
1.0907879
1.1541833
1.1313363
1.0999705
1.1313363
1.1304308
1.0983808
1.0688058
1.0999193
1.1360092
1.1360092
1.1367238
1.1843559
1.1842078
1.1801105
1.1376108
1.2239348
1.179646
1.1376108
1.1343094
1.1949133
1.1376108
1.1842078
1.1376108
1.1801912
1.1795791
1.1312354
1.1362948
1.1344674
1.1709733
1.162755
1.182857
1.1658878
1.1592232
1.0562781
1.1584626
1.1635957
1.1635957
1.05726
1.0563998
1.0562781
1.1346762
1.1346762
1.1338565
1.1346762
1.1737025
1.1346762
1.0620613
1.1346238
1.2574675
1.2423598
1.170317
1.1778603
1.1346762
1.2514066
1.1362386
1.1346697
1.1641524
1.1393985
1.1448777
1.1745795
1.1828781
1.134565
1.1778369
1.2155076
1.181162
1.2180475
1.2180475
1.1754942
1.1809742
1.181162
1.173463
1.1778369
1.1745906
1.1751928
1.1747463
1.2580332
1.1300782
1.1364311
1.1364311
1.1774606
1.1776128
1.1776328
1.1839156
1.181162
1.1778369
1.1826671
1.1778369
1.1684122
1.1346697
1.1776899
1.1811938
1.1811938
1.1346762
1.1778603
1.2181301
1.1346762
1.1731951
1.1267146
1.182857
1.1132214
1.1653811
1.1266965
1.1346762
1.1790392
1.1806867
1.1345716
1.1362091
1.1364384
1.1899891
1.2121489
1.2049147
1.1919742
1.113038
1.1919742
1.113038
1.1639235
1.2190609
1.1919742
1.1643513
1.2062317
1.1111296
1.1919742
1.110005
1.1919742
1.113038
1.1218817
1.1510315
1.1639302
1.1626685
1.111441
1.1146517
1.2040206
1.1331936
1.1643382
1.155499
1.1119823
1.111441
1.106149
1.2139962
1.111441
1.1874406
1.2148244
1.2259529
1.2114531
1.2247277
1.2267932
1.3515261
1.2249771
1.3515494
1.2249771
1.2191104
1.421513
1.4249725
1.2267932
1.4818901
1.4818901
1.2268244
1.2249115
1.3536409
1.2240212
1.2268244
1.2268244
1.4626069
1.3494109
1.353693
1.2231754
1.4601489
1.4249916
1.4916786
1.4988201
1.3511308
1.2268244
1.2268244
1.2124404
1.3345848
1.4249916
1.120839
1.2268244
1.2268244
1.2231754
1.2268244
1.2278465
1.3526206
1.3535091
1.336591
1.3544601
1.2268244
1.2231754
1.4631828
1.1723008
1.224115
1.4606485
1.3544601
1.3544601
1.3544601
1.2206295
1.3544601
1.351695
1.3523101
1.3529762
1.5010779
1.2640966
1.5020452
1.5010779
1.4943472
1.2972008
1.3477529
1.3474683
1.3463614
1.4346008
1.4814775
1.4144397
1.4031318
1.4399489
1.468818
1.4399028
1.4384805
1.4384805
1.3180143
1.3172928
1.5047756
1.3188857
1.3180143
1.3180143
1.3178337
1.3180143
1.4358209
1.5734186
1.3153605
1.5135638
1.3181418
1.3693295
1.4399489
1.4210728
1.3666817
1.264822
1.3211249
1.4174927
1.3483101
1.3188857
1.2160131
1.4182515
1.3180143
1.3160138
1.3180143
1.3993268
1.3763602
1.4399489
1.5780717
1.3180143
1.4399489
1.4910811
1.3180143
1.3180143
1.4178067
1.3180143
1.4397647
1.2643942
1.403636
1.318232
1.4216206
1.3175106
1.2706991
1.4826844
1.3233515
1.4402076
1.318232
1.4059297
1.3159869
1.3686697
1.4971445
1.4984151
1.3223511
1.4433683
1.5172244
1.4018599
1.5148079
1.4976783
1.4182956
1.3753592
1.595318
1.3744742
1.3753592
1.3539246
1.3749083
1.4766431
1.3743614
1.3708879
1.4959967
1.4184946
1.4400767
1.4412736
1.3751335
1.4989278
1.4989278
1.4989278
1.3751335
1.3742335
1.5442784
1.4906123
1.4988825
1.4989278
1.4989661
1.3751335
1.498835
1.3754658
1.4989661
1.3751335
1.613817
1.4989618
1.3753592
1.4946243
1.3680903
1.2105926
1.4000895
1.4021577
1.2861965
1.3366271
1.3385168
1.3855375
1.1790516
1.3385168
1.3562317
1.3222858
1.1734313
1.3573955
1.1762313
1.1789966
1.3384632
1.2708788
1.320063
1.3565302
1.3678678
1.2798128
1.178758
1.3294532
1.1012369
1.178758
1.2855887
1.1608666
1.1773452
1.3363271
1.3011857
1.1775471
1.3527731
1.178758
1.178758
1.173119
1.2733748
1.3473102
1.3137501
1.168521
1.1727887
1.3329662
1.1734313
1.0949879
1.2795515
1.0949944
1.0753759
1.2795515
1.2795515
1.3149668
1.1491349
1.2795515
1.0883217
1.3342317
1.212292
1.1465386
1.2616603
1.2948544
1.3254683
1.2286031
1.2104261
1.2841892
1.1270622
1.1596348
1.3138739
1.1364789
1.1596348
1.1599092
1.1553018
1.1195074
1.282083
1.3186765
1.119753
1.1332303
1.2968587
1.0420507
1.1207402
1.2816994
1.207398
1.2785428
1.2186717
1.2056844
1.3045211
1.1345329
1.1772535
1.2962714
1.1346111
1.3098335
1.2854558
1.115256
1.2682714
1.3170903
1.2872363
1.1299424
1.1299424
1.2021005
1.1249739
1.2872777
1.2647662
1.1952595
1.2735565
1.3522745
1.1694435
1.1558164
1.1610806
1.1719556
1.2150801
1.1669953
1.1719556
1.3441029
1.279072
1.1107002
1.1722684
1.214587
1.1692919
1.3572835
1.3153019
1.2002766
1.3366723
1.1044924
1.2522506
1.2505997
1.3400614
1.2518371
1.263608
1.2555777
1.334362
1.334362
1.2628626
1.2159334
1.1299888
1.2388506
1.1297668
1.1270378
1.4018103
1.3803054
1.3362262
1.3358516
1.2566867
1.2567391
1.2566514
1.3358516
1.4061115
1.4145423
1.4431689
1.2566867
1.2567391
1.3027844
1.3358516
1.3358516
1.3360373
1.3358516
1.2443476
1.3300381
1.2632939
1.3096051
1.2632763
1.3545719
1.3626715
1.350389
1.336115
1.3470826
1.3726342
1.3954215
1.3585594
1.2658182
1.3192332
1.3257821
1.3258716
1.1071706
1.1302559
1.1071706
1.1148453
1.2140032
1.397818
1.2087083
1.2101206
1.4180532
1.2608169
1.2632129
1.3403009
1.3267264
1.2164993
1.2716289
1.2981671
1.170223
1.2716289
1.1702449
1.170223
1.2663702
1.2705945
1.0977687
1.1879164
1.0949243
1.2121102
1.0687907
1.3397846
1.212287
1.3397112
1.190663
1.2108756
1.212287
1.2123091
1.2119602
1.3051019
1.3703569
1.3620082
1.3397112
1.2108932
1.212287
1.1041002
1.1376386
1.3397462
1.2172059
1.258895
1.3968693
1.21509
1.3327093
1.2085541
0.46689397
1.2045681
1.316255
1.3335172
1.1002022
1.0943822
1.0945845
1.3040103
1.2585417
1.3335291
1.3396258
1.2739062
1.1936706
1.395674
1.3776389
1.2585679
1.3478456
1.2728618
1.2225915
1.2224107
1.1057528
1.2168263
1.2711678
1.3280859
1.1055157
1.3308507
1.279449
1.3301252
1.3119332
1.1051232
1.0814005
1.3415226
1.1055677
1.2792065
1.1057631
1.313001
1.1057631
1.3302613
1.3302613
1.0997652
1.1728461
1.3488152
1.3484042
1.3478492
1.1867394
1.2163583
1.186715
1.3840084
1.2007571
1.1384629
1.1994008
1.313001
1.313001
1.186526
1.3953004
1.4568617
1.3970462
1.2820246
1.3218108
1.1879168
1.1872952
1.3143343
1.187276
1.1268611
1.1935182
1.3994372
1.2834969
1.4525367
1.4116647
1.2167784
1.3028017
1.3493433
1.1886643
1.2157028
1.4084204
1.4231209
1.4247934
1.4245511
1.2266209
1.4545585
1.371098
1.2263297
1.4220008
1.3719841
1.3087584
1.407219
1.2441257
1.3988
1.4721924
1.5626507
1.2463716
1.4824077
1.5459453
1.3887484
0.4740401
1.2441257
1.4731588
1.2441257
1.2415195
1.2404306
1.4335685
1.5073371
1.4674122
1.2316976
1.26377
1.2619722
1.264416
1.5072088
1.3815198
1.2422585
1.2637908
1.2636032
1.383191
1.4547993
1.4546052
1.3227257
1.2963656
1.3216627
1.3284361
1.31071
1.3367271
1.3732892
1.2391511
1.4414088
1.2401361
1.362725
1.3009238
1.1872575
1.1851742
1.1340265
1.2987187
1.092767
1.1851742
1.1335967
1.1720937
1.0259774
1.0736976
1.253294
1.2538204
1.3025792
1.2556416
1.1890455
1.2516371
1.2946305
1.2470601
1.286195
1.2632744
1.0631787
1.2578181
1.0696567
1.0762167
1.0754758
1.076296
1.3099575
1.2202907
1.2498766
1.3069968
1.0983855
1.0888171
1.1122468
1.0888171
1.3132542
1.3129444
1.1915975
1.0859432
1.2508475
1.2508519
1.0893474
1.0888171
1.2508519
1.2987334
1.3149409
1.313227
1.3155725
1.1142784
1.1144005
1.0989093
1.0548182
1.1712105
1.1712105
1.3795112
1.099112
1.1155059
1.3754283
1.3035922
1.1015732
1.2118969
1.371906
1.3769393
1.3039329
1.0999951
1.3039329
1.3635882
1.10081
1.1000593
1.1000593
1.2770619
1.3660183
1.1040289
1.3467226
1.099121
1.3649172
1.1148021
1.099121
1.3039329
1.3607173
1.3027488
1.099121
1.099121
1.099121
1.3027488
1.3792086
1.3004056
1.3485332
1.3671705
1.3507636
1.1979195
1.2577832
1.3338315
1.2858595
1.3507636
1.3726699
1.2919375
1.3655878
1.3127438
1.2487869
1.4318458
1.319118
1.3186809
1.4313629
1.3186809
1.3186809
1.3186809
1.1691889
1.4013005
1.2694507
1.169333
1.417962
1.4558574
1.3472426
1.1697198
1.2861036
1.3099908
1.529591
1.4210395
1.3586415
1.3169382
1.3586415
1.3456942
1.2678655
1.2177923
1.3932757
1.3463526
1.3780786
1.245599
1.3514022
1.3063532
1.1427767
1.3453513
1.1533402
1.3479408
1.1534019
1.313989
1.3453513
1.3644762
1.1463966
1.1520845
1.2885919
1.1520845
1.1594073
1.1530577
1.3131673
1.1318265
1.2979416
1.1506548
1.1522208
1.3131673
1.2013052
1.3414658
1.3132902
1.3339876
1.1028556
1.3222611
1.3534936
1.3525771
1.1623911
1.2464296
1.1810738
1.3618096
1.1625684
1.3612353
1.3379575
1.1628408
1.30776
1.3196381
1.1604439
1.2448659
1.2443535
1.3829074
1.2387632
1.2436451
1.3454051
1.2450633
1.2442746
1.2449647
1.2450633
1.2338605
1.0864782
1.3611647
1.2446687
1.2388114
1.3454051
1.2326677
1.2597026
1.1979938
1.2469426
1.4163455
1.2714058
1.4195582
1.2714058
1.3704464
1.2714058
1.2679945
1.307322
1.2714058
1.2742954
1.1263927
1.2699686
1.2604294
1.1573929
1.1361513
1.3479358
1.2208422
1.1103277
1.3358216
1.31651
1.1103277
1.3930088
1.31651
1.1257073
1.3554611
1.1103816
1.1266209
1.1237669
1.1257073
1.1131085
1.1169436
1.1256912
1.1256474
1.1257073
1.1257073
1.1256474
1.096104
1.1110795
1.0989012
1.106919
1.126134
1.066155
1.1112536
1.0704769
1.0581224
1.066155
1.0952758
1.0952758
1.0952758
1.0663393
1.0934173
1.0665244
1.066155
1.1254786
1.1179765
1.1254644
1.1257073
1.1257073
1.1257073
1.3957231
1.1257073
1.1296034
1.2740237
1.3754283
1.066155
1.3692358
1.3752065
1.3921152
1.2714058
1.2624198
1.4003135
1.2696959
1.1185033
1.2277178
1.4361895
1.3219073
1.1957245
1.2679303
1.2047054
1.321321
1.2061425
1.2727941
1.2047054
1.3475844
1.3469049
1.3583661
1.3461436
1.3172824
1.0875057
1.397715
1.3215908
1.2631373
1.2199786
1.2200832
1.209395
1.2603824
1.2547995
1.3207462
1.2598555
1.3367184
1.3356675
1.3367184
1.2622573
1.3858618
1.2064816
1.2607341
1.2622573
1.3213532
1.262407
1.2622573
1.2608519
1.1220428
1.2849666
1.2622573
1.4209603
1.4008479
1.2621777
1.3371748
1.3537067
1.2702467
1.3252307
1.169813
1.2634696
1.3242121
1.0938307
1.0700408
1.093697
1.0699382
1.2634696
1.2634668
1.3178264
1.0935479
1.2943536
1.2938249
1.3111396
1.2629635
1.2015294
1.2574025
1.0903147
1.0906957
1.2346315
1.3175575
1.107405
1.2844558
1.2688704
1.107405
1.2688704
1.107405
1.2599988
1.1064175
1.2634773
1.2098057
1.2709421
1.3143597
1.2718267
1.0951581
1.2132328
1.3297149
1.1190581
1.09743
1.3335593
1.336915
1.1694102
1.3197678
1.324641
1.3705885
1.1694102
1.1694102
1.3551003
1.1694102
1.1639663
1.1694288
1.2618896
1.27759
1.3011109
1.2673576
1.1521778
1.1185519
1.3303996
1.3210533
1.3236719
1.0966669
1.2310483
1.3522309
1.215395
1.297423
1.2360959
1.2974161
1.2756081
1.2359836
1.2754477
1.2349828
1.2350768
1.2351061
1.3156562
1.1806316
1.3019987
1.3285912
1.3546714
1.3571936
1.2528574
1.2986265
1.2520912
1.3073674
1.3405074
1.0653409
1.28273
1.3405215
1.3423983
1.2311599
1.2646353
1.2662047
1.2254958
1.2612118
1.2661719
1.1792822
1.2651974
1.0654204
1.2090535
1.3493537
1.225635
1.3369743
1.3226596
1.2614172
1.2921726
1.3014963
1.2614172
1.2774099
1.1840085
1.1840085
1.1792051
1.1810201
1.2662407
1.1840085
1.231951
1.2782248
1.2606133
1.2624849
1.2624161
1.1894981
1.1797503
1.2535936
1.0500516
1.0534335
1.2610034
1.166482
1.319536
1.2673783
1.3171103
1.2831905
1.2948976
1.3447862
1.2918652
1.2580067
1.1873513
1.3373536
1.3371421
1.2993023
1.2579029
1.1879249
1.2579902
1.1874195
1.2581124
1.2729403
1.1949656
1.1882259
1.1234443
1.2586008
1.3377614
1.3361317
1.2235969
1.299874
1.1882259
1.1733184
1.1866987
1.229399
1.2012172
1.1567829
1.2407972
1.4403325
1.5109959
1.4595727
1.3239003
1.3243008
1.4425349
1.3275244
1.4653591
1.46488
1.4652877
1.2442486
1.2510453
1.1521276
1.2510453
1.3709345
1.5014359
1.2510453
1.3873953
1.2510453
1.3083684
1.2510453
1.2685963
1.343527
1.2646312
1.3510983
1.3564309
1.2510453
1.2510453
1.3002486
1.347263
1.3690058
1.3709345
1.2510453
1.2510453
1.3709345
1.2618315
1.3083684
1.3869606
1.2510453
1.4449025
1.3709345
1.1747427
1.2668974
1.1507485
1.3370435
1.1500608
1.3370435
1.1507485
1.1899388
1.1688185
1.2235367
1.2412195
1.2454138
1.3437552
1.3507215
1.2235367
1.3385075
1.3462257
1.4498515
1.2211051
1.3370435
1.4387435
1.3101003
1.4654889
1.4655678
1.3558741
1.2243499
1.4510103
1.4018029
1.3561639
1.1961242
1.2243499
1.2243499
1.2238188
1.2767432
1.3384887
1.2238188
1.3365626
1.2370056
1.3384887
1.4650382
1.2236153
1.2238188
1.3542969
1.3384887
1.3078551
1.4650382
1.2238188
1.3375115
1.2235461
1.403688
1.2238188
1.403688
1.2680103
1.4382536
1.436055
1.3704935
1.2505043
1.2471744
1.2223812
1.3384887
1.4746581
1.5071197
1.3766755
1.488193
1.4565068
1.3328311
1.2476847
1.3707365
1.2649323
1.4145881
1.4387882
1.2789705
1.4565594
1.2640419
1.2649323
1.4565594
1.2649323
1.3869214
1.2648212
1.2190609
1.2253731
1.2505836
1.3661656
1.2641732
1.4565594
1.2649323
1.5063608
1.483596
1.2646786
1.2577174
1.2185746
1.2646786
1.2646629
1.262687
1.211283
1.2631851
1.5080482
1.2641732
1.3871984
1.2049772
1.2646786
1.3832493
1.2649323
1.3871984
1.3830522
1.224736
1.3282814
1.478532
1.2610314
1.5080482
1.3830522
1.2611877
1.3830068
1.2927488
1.4558271
1.4544722
1.4387882
1.3170519
1.449981
1.381137
1.3647453
1.4862244
1.2591777
1.3625096
1.449981
1.485452
1.317536
1.2591777
1.2591777
1.5050546
1.2590688
1.381137
1.4498415
1.5031587
1.2591777
1.5022066
1.381137
1.2591777
1.3810041
1.2591777
1.2211204
1.2587613
1.194779
1.3440849
1.2142437
1.2522671
1.2194046
1.4552283
1.421593
1.2184612
1.3495529
1.2142401
1.4121668
1.1749913
1.3232577
1.1993065
1.3312021
1.4192386
1.3367695
1.4974767
1.4705248
1.4974188
1.3332292
1.4540884
1.5586702
1.5586702
1.4688413
1.2995124
1.5781392
1.4532477
1.3030537
1.5112797
1.289609
1.4514228
1.5191778
1.2887841
1.521753
1.4114227
1.450932
1.5406064
1.4514228
1.5406064
1.4514228
1.4516072
1.2887841
1.4223025
1.2286615
1.5555086
1.259523
1.2587415
1.2668197
1.4153761
1.4237708
1.4264853
1.3124441
1.3520253
1.5501163
1.2637459
1.3097402
1.5278796
1.2859076
1.3972684
1.5008109
1.2616961
1.4453086
1.2639524
1.3962306
1.3667082
1.4532235
1.4739504
1.3816383
1.2815379
1.2639915
1.2958708
1.4202489
1.265151
1.2635201
1.5077296
1.2639719
1.5513203
1.4203235
1.264011
1.1937191
1.3919863
1.264011
1.264011
1.1937191
1.2648659
1.4599928
1.2259976
1.2261432
1.1585091
1.3567679
1.2260157
1.2260157
1.2189204
1.2258787
1.1797539
1.2274595
1.2263892
1.0976316
1.1610165
1.1605082
1.2194284
1.2278069
1.2107655
1.0274309
1.1605082
1.1936853
1.1994094
1.1936853
1.2453495
1.0982839
1.2548801
1.2029146
1.1206927
1.0752918
1.2380971
1.2372983
1.1296177
1.2029146
1.2384257
1.2380971
1.2028953
1.2028953
1.2029146
1.2380971
1.1364818
1.2630453
1.1364818
1.2616961
1.1366456
1.268218
1.1380715
1.1958213
1.2652353
1.2249043
1.2718253
1.2620507
1.4226954
1.2721667
1.4730431
1.6014607
1.5801528
1.4302008
1.5977241
1.3660154
1.1345482
1.2718253
1.4515545
1.4913023
1.2718253
1.5336515
1.5398047
1.5588324
1.4092307
1.3880018
1.235668
1.2355082
1.5588324
1.4241867
1.3257539
1.5391243
1.2695171
1.288965
1.338396
1.2305846
1.3880018
1.3798093
1.2355082
1.2466611
1.229444
1.2456613
1.3427352
1.318194
1.0430294
1.103585
1.3683523
1.3664671
1.3647081
1.2447865
1.3822904
1.2976918
1.381316
1.3048027
1.2156825
1.4099326
1.4645452
1.2341566
1.2338583
1.1652759
1.3005165
1.2289182
1.4476677
1.2483081
1.2483081
1.2481354
1.3041352
1.365205
1.4315178
1.2483081
1.2483081
1.3650807
1.4315178
1.2528679
1.4043679
1.2391335
1.2465204
1.4210664
1.31109
1.1748518
1.2552568
1.3545634
1.4277949
1.4061052
1.2264662
1.3332496
1.2791365
1.3036531
1.3036531
1.1846468
1.436391
1.3010201
1.160269
1.2268167
1.3626801
1.1774172
1.168035
1.3647546
1.1937239
1.2883533
1.2898911
1.3617998
1.2383132
1.3626498
1.1305666
1.2537435
1.3627299
1.1305666
1.3644601
1.358357
1.1367679
1.2539736
1.3225169
1.238827
1.3494836
1.3685745
1.3646957
1.1548666
1.1295012
1.3581896
1.238827
1.1279594
1.0411469
1.238827
1.238827
1.1295012
1.2387233
1.1953722
1.1815503
1.4324311
1.1781365
1.4374204
1.1815426
1.3178052
1.1815426
1.3172861
1.1953722
1.3207805
1.1953722
1.2973886
1.3178052
1.1890314
1.3178104
1.4587134
1.4504411
1.3178052
1.1953722
1.1953722
1.3866328
1.2240009
1.4412545
1.3855392
1.4516326
1.1953722
1.3178052
1.2387686
1.3270379
1.3344516
1.3013542
1.2095294
1.2095294
1.3171711
1.2973864
1.4327239
1.1736584
1.1882168
1.2964207
1.379762
1.4406039
1.349339
1.5068527
1.4625813
1.4682661
1.349339
1.4146757
1.4934503
1.5014237
1.3775489
1.4365683
1.2642567
1.374004
1.3463537
1.4688451
1.4688451
1.346456
1.4643725
1.4920698
1.496343
1.346456
1.4688717
1.346456
1.5743994
1.4945047
1.346456
1.4688451
1.2450385
1.5032825
1.5309063
1.4945618
1.4605814
1.3463469
1.3158381
1.3123076
1.2366999
1.33987
1.3328409
1.3041672
1.4232364
1.3057647
1.4034543
1.3308458
1.2086608
1.4071847
1.2122074
1.211953
1.2122074
1.3034707
1.4065305
1.1841371
1.4065305
1.2026025
1.2030929
1.2122074
1.3351544
1.210248
1.4065305
1.2051185
1.4065207
1.2122074
1.4721005
1.3365133
1.4014361
1.2122074
1.2122715
1.3998607
1.264399
1.154809
1.2065122
1.324716
1.2111974
1.4017602
1.3946536
1.2696667
1.337769
1.1329025
1.2427945
1.2587792
1.1705707
1.2135313
1.1856201
1.3382314
1.337755
1.1097509
1.3036215
1.337755
1.1957327
1.428798
1.2112517
1.2105982
1.4467961
1.4105612
1.2034029
1.207017
1.2614895
1.4142417
1.1012713
1.1699945
1.3851033
1.1828948
1.2232021
1.3504035
1.2232021
1.421076
1.3502392
1.4049983
1.2232021
1.3502392
1.421622
1.2252568
1.2251344
1.2223021
1.1964614
1.2083522
1.2231734
1.2233179
1.2252277
1.2232021
1.2159587
1.421622
1.2232021
1.4592794
1.2232021
1.2179595
1.2232021
1.350321
1.3483871
1.3514993
1.3325524
1.2825226
1.3467096
1.3480293
1.4796126
1.2222922
1.3501352
1.2231951
1.4581397
1.2249078
1.2233179
1.3655959
1.2234341
1.2231734
1.2232021
1.4213092
1.3502392
1.2232021
1.2236688
1.3502392
1.3853486
1.1938508
1.3114552
1.1946266
1.2237872
1.4403477
1.2233179
1.421687
1.350321
1.3066541
1.1676806
1.1676639
1.2842975
1.1676806
1.2858777
1.4139533
1.3866333
1.4045727
1.1620463
1.1666001
1.1687635
1.3032883
1.19586
1.3173537
1.095338
1.1621767
1.2909057
1.3173537
1.4408638
1.3173537
1.1849189
1.1854129
1.3173537
1.4222364
1.4596168
1.3818549
1.2245117
1.3695494
1.4795619
1.3510039
1.3510039
1.3474468
1.2262686
1.2224536
1.2260864
1.4913197
1.4245113
1.4622113
1.2259725
1.2033945
1.2260562
1.3517412
1.2152753
1.0725923
1.2001251
1.2200637
1.3713198
1.462318
1.3641589
1.2614372
1.2717298
1.3713198
1.4674494
1.3352175
1.5005672
1.2784176
1.5651127
1.3440787
1.6305238
1.364269
1.5851068
1.5011863
1.3744327
1.5881522
1.3708924
1.4971311
1.3531506
1.3704339
1.5468646
1.5004197
1.543535
1.4952722
1.3710705
1.3712921
1.3712921
1.543535
1.3712921
1.4964744
1.3198277
1.3712921
1.5651127
1.4971311
1.3713198
1.3712921
1.4952432
1.5011828
1.3198053
1.4952432
1.5016518
1.4952432
1.3462156
1.3712921
1.4949228
1.3712921
1.4952432
1.226079
1.3712921
1.5157431
1.4952432
1.3712921
1.588032
1.4995779
1.3676624
1.4985036
1.5016208
1.4622074
1.2717031
1.4945422
1.227068
1.3747962
1.4370534
1.3748521
1.3757484
1.3748521
1.2972541
1.424853
1.226942
1.2554799
1.3346152
1.3515902
1.3344963
1.4044496
1.2107222
1.404777
1.3350241
1.3330079
1.3346274
1.3346274
1.1988319
1.1997586
1.2122748
1.4044597
1.3346274
1.3346152
1.4413191
1.2036744
1.207188
1.2069052
1.21039
1.3344963
1.2098367
1.2108524
1.2075256
1.2107222
1.328758
1.3201327
1.2250477
1.092161
1.2944744
1.2944671
1.2614335
1.1989217
1.0867012
1.1418393
1.2626113
1.3238738
1.3178337
1.0904732
1.085555
1.2268332
1.2268332
1.2366347
1.3972977
1.2254535
1.3266159
1.2439294
1.3393173
1.2338701
1.1986396
1.3834987
1.2046411
1.3527447
1.3463699
1.2794602
1.3854424
1.2334956
1.2458203
1.369082
1.3852127
1.353047
1.2170379
1.3823342
1.3681529
1.3528473
1.3187917
1.1582558
1.3663895
1.339479
1.359595
1.3503819
1.2452018
1.3506145
1.1583489
1.369648
1.3190271
1.1530555
1.3316524
1.3491802
1.2762967
1.372123
1.3156903
1.3557583
1.154785
1.2944574
1.3681287
1.1556035
1.155491
1.3147373
1.0998571
1.155491
1.1526752
1.1580707
1.1583273
1.1953117
1.1583273
1.307582
1.312123
1.3185568
1.1583273
1.1510895
1.3583107
1.1471533
1.3588803
1.1585201
1.3187348
1.1585201
1.3678002
1.3749955
1.2393429
1.2408463
1.1969272
1.2803255
1.3391612
1.3699532
1.1516227
1.3724744
1.1503552
1.1287131
1.2726431
1.3409243
1.1251918
1.3594066
1.3609284
1.3496884
1.1449566
1.146873
1.1177956
1.1243516
1.1745316
1.1764101
1.0869387
1.1202203
1.0745335
1.1036497
1.1024604
1.1307487
1.2653354
1.2164052
1.266775
1.2231178
1.2218963
1.2229978
1.2231178
1.2238848
1.1963269
1.1189405
1.1964705
1.201684
1.1692483
1.0532069
1.1188473
1.1130121
1.0901178
1.1100202
1.0988437
1.215407
1.2155571
1.1214616
1.1128573
1.1715792
1.1986042
1.2172956
1.2157922
1.2159417
1.1715428
1.1214211
1.1940252
1.1212356
1.1581259
1.1589888
1.2125746
1.1214211
1.1781676
1.2025403
1.1214211
1.2009908
1.1985697
1.1214616
1.1055602
1.1214211
1.2015419
1.2125746
1.1214211
1.1213284
1.1214211
1.1944762
1.122164
1.185988
1.19155
1.1712514
1.2148257
1.2159344
1.2263563
1.2269073
1.267468
1.2639524
1.1214616
1.2639524
1.2616765
1.226487
1.2009549
1.1576681
1.2214972
1.2148497
1.1986042
1.124233
1.1863874
1.143446
1.0930328
1.171439
1.1849279
1.1945057
1.0818888
1.349523
1.1994699
1.3208406
1.1994354
1.4489473
1.3208406
1.3167237
1.3167303
1.3208406
1.1872913
1.3132795
1.1953503
1.3135467
1.3135467
1.4607735
1.3313944
1.3891122
1.1986042
1.1872913
1.198388
1.3703979
1.198388
1.198388
1.1915115
1.3880012
1.198388
1.3195473
1.4521934
1.314804
1.3874462
1.3153222
1.1902106
1.2262608
1.163299
1.3425546
1.2262608
1.2192914
1.3478459
1.4428264
1.2192914
1.3646771
1.4428264
1.2221942
1.4841647
1.2223299
1.4841647
1.2225789
1.2223225
1.2144127
1.4428264
1.3640822
1.2223225
1.3481176
1.3643796
1.3477522
1.2171232
1.471471
1.276543
1.4525892
1.2196441
1.2811816
1.2199837
1.4589316
1.3486611
1.4062151
1.478405
1.3314261
1.2199837
1.2269399
1.4784569
1.2199621
1.3490077
1.1910911
1.3486611
1.3486611
1.1122779
1.3475419
1.4584979
1.2184623
1.3179358
1.458629
1.2196989
1.3483891
1.2199837
1.4930037
1.420543
1.3483891
1.4205717
1.219742
1.2150683
1.2197528
1.2053735
1.3142496
1.2199837
1.2199837
1.2126377
1.348475
1.3880723
1.2267134
1.4809331
1.4241909
1.3914967
1.4940784
1.3833292
1.375327
1.3744549
1.4992286
1.2257756
1.4973891
1.2240022
1.4628844
1.3372239
1.2276196
1.1992533
1.2275871
1.3529762
1.2276196
1.2276196
1.2204052
1.3773551
1.216889
1.4628844
1.227095
1.197524
1.2268088
1.3481101
1.3511364
1.1979558
1.2220292
1.2872809
1.1983101
1.3530604
1.3381828
1.3361226
1.3361226
1.3733698
1.37357
1.2132056
1.3530726
1.4283357
1.2266481
1.2014955
1.4543414
1.3762414
1.2266073
1.3189758
1.3194872
1.2562625
1.449632
1.3852276
1.3835875
1.338202
1.3699651
1.3982357
1.3201325
1.4592613
1.1860276
1.3132635
1.197703
1.2475095
1.439494
1.4584113
1.1841892
1.2726316
1.416329
1.438949
1.3300841
1.3315302
1.3305966
1.3575325
1.2468138
1.3102199
1.3180091
1.3744794
1.4006839
1.3492243
1.3553115
1.4140422
1.3567592
1.2402015
1.3179543
1.3615845
1.2451097
1.245214
1.2439086
1.2202415
1.3179543
1.2485639
1.245214
1.3119382
1.245631
1.2351598
1.3946898
1.3909514
1.2341464
1.2341464
1.2459449
1.2341967
1.2341464
1.2697151
1.3500416
1.2567853
1.3197209
1.3304282
1.1785328
1.1788865
1.1783005
1.1787764
1.3695221
1.3717474
1.1788865
1.1671399
1.3695221
1.3551496
1.177382
1.1788865
1.3685282
1.1788865
1.3855965
1.3574764
1.3537754
1.401481
1.7089968
2.039877
1.4019986
1.3718305
1.7089968
2.046433
1.4019986
1.4019986
1.3695575
1.4019986
1.7089968
1.7027484
1.3930506
2.0062413
1.6898913
1.927091
1.3892655
1.5010674
2.065198
1.1788865
1.432384
1.3494507
1.3660156
1.366057
1.3933097
1.366057
1.3411597
1.346606
1.3411597
1.3659254
1.3569809
1.3493769
1.113353
1.2354722
1.3330245
1.2569759
1.3576969
1.1686832
1.3567212
1.2700186
1.3240494
1.1686832
1.3543779
1.3597828
1.3319333
1.300709
1.2418971
1.3014023
1.2905129
1.300709
1.1377895
1.300709
1.1377895
1.3633972
1.3565899
1.136132
1.3324498
1.1377895
1.1262553
1.3236233
1.152236
1.2053947
1.210244
1.2075342
1.2082134
1.3141184
1.1963757
1.3653383
1.3495002
1.365187
1.3331211
1.2227693
1.1377895
1.1377895
1.1377895
1.300709
1.3319438
1.3005877
1.1370645
1.3405153
1.1377895
1.297719
1.1377895
1.1401513
1.3501649
1.2870579
1.2867266
1.3303218
1.3083998
1.3376433
1.331361
1.2952387
1.2325225
1.3308103
1.098165
1.331361
1.3139435
1.098165
1.088392
1.294111
1.331361
1.294254
1.2878555
1.1121668
1.1997732
1.098165
1.0944313
1.2929624
1.0963707
1.098165
1.0976487
1.2236481
1.0474
1.2631137
1.2851264
1.3225864
1.3384845
1.0977077
1.2982954
1.3280591
1.2875096
1.0976487
1.0986872
1.1280515
1.2537265
1.3418545
1.350859
1.1690931
1.1596864
1.3156815
1.1609676
1.159771
1.3462394
1.3415561
1.3427126
1.3155978
1.3244318
1.3152144
1.1690931
1.0877886
1.3368437
1.2858951
1.3156815
1.1598586
1.3021444
1.1655709
1.3739601
1.3508263
1.2675176
1.1690931
1.1689265
1.3543991
1.3394533
1.324558
1.1477265
1.169056
1.169056
1.1277078
1.2928857
1.2953643
1.1277078
1.1275398
1.1274054
1.315648
1.28699
1.2687192
1.2953643
1.1253489
1.2669098
1.1277078
1.315648
1.1288882
1.2965114
1.1251608
1.2695155
1.2953643
1.1229632
1.3055956
1.2616633
1.2867037
1.2680029
1.2928984
1.1182789
1.2928984
1.1276144
1.1276144
1.1276144
1.1288131
1.2674783
1.2680029
1.2185813
1.275773
1.2944368
1.2928984
1.1252042
1.2680029
1.1350241
1.1276144
1.2679917
1.2680029
1.1276144
1.168277
1.1536546
1.2952735
1.2167346
1.2680029
1.2669431
1.0855454
1.1276144
1.2928984
1.3081629
1.2928984
1.2926039
1.2928984
1.2680029
1.3155643
1.2854085
1.2954005
1.2650449
1.227086
1.3006154
1.2139039
1.2717524
1.3206528
1.0693779
1.1313242
1.1332542
1.1185079
1.1283184
1.2960421
1.1332542
1.276211
1.2069172
1.1344552
1.2973166
1.1669918
1.1357017
1.2637502
1.3100762
1.1292057
1.2776464
1.2793248
1.1713783
1.1692991
1.1116703
1.2740209
1.1332028
1.19547
1.2054869
1.2258675
1.3262432
1.050084
1.2421165
1.2567849
1.3111167
1.2796416
1.215118
1.1708982
1.2851601
1.2639772
1.299043
1.3786399
1.2713209
1.1544812
1.2964866
1.3522335
1.2128019
1.3676097
1.2722812
1.2419521
1.2185303
1.2197454
1.2197714
1.2197714
1.3206656
1.2164675
1.3207928
1.2713135
1.320966
1.2197714
1.216416
1.167098
1.2231255
1.2681334
1.2185287
1.2635216
1.2665701
1.1526241
1.2109483
1.2327898
1.1296024
1.1761798
1.2238611
1.2210757
1.0577198
1.1974297
1.1331263
1.2826371
1.1531318
1.2449262
1.039542
1.1517749
1.1523788
1.1531318
1.2626057
1.318677
1.152981
1.3203961
1.3303611
1.1531318
1.1531318
1.0796891
1.2827165
1.2985802
1.1628715
1.1629494
1.2990445
1.2991767
1.3639929
1.3465647
1.1624374
1.2538772
1.1634439
1.1627935
1.2984588
1.2821766
1.2984588
1.2502078
1.1425787
1.2788944
1.0535011
1.0562623
1.0541319
1.2770689
1.2785555
1.2680309
1.0708421
1.2788813
1.1627306
1.2764937
1.2788944
1.2788944
1.2791555
1.2517133
1.2530892
1.3076824
1.347022
1.259328
1.1614348
1.2697926
1.2978883
1.2751626
1.2461847
1.2601138
1.1882403
1.1894678
1.1628865
1.0556594
1.1293185
1.2103533
1.1982502
1.2285458
1.1848574
1.1888206
1.215087
1.1848574
1.1888206
1.1780621
1.2124836
1.200069
1.1888206
1.2146385
1.2007363
1.1895092
1.1848446
1.2367942
1.1848558
1.2142411
1.2340037
1.0810826
1.1848574
1.2438679
1.2844294
1.3214105
1.1909008
1.2713314
1.3616077
1.1888206
1.314231
1.2433581
1.3999494
1.3280962
1.1849105
1.4336276
1.3129631
1.2150683
1.2143443
1.2755
1.3970876
1.3297552
1.3050264
1.311224
1.4855227
1.486269
1.5034837
1.3120216
1.3127456
1.3127456
1.3127456
1.5020088
1.3127456
1.3127456
1.2855433
1.2495229
1.2153037
1.317032
1.2233349
1.1678404
1.190697
1.2552568
1.2922227
1.2921935
1.2918133
1.2924368
1.2250831
1.1941496
1.1387142
1.2967728
1.0643106
1.1771032
1.32093
1.2922554
1.1758242
1.3237274
1.1771032
1.176463
1.2971247
1.3041661
1.2948233
1.156053
1.1359974
1.1562129
1.2614462
1.1201134
1.3300322
1.1129023
1.3284503
1.2212781
1.1881368
1.1798148
1.2729232
1.1752844
1.1717405
1.4036287
1.3515126
1.3957231
1.3955
1.3417075
1.1294166
1.1464715
1.4240788
1.3162966
1.3702642
1.1101708
1.3524351
1.1205769
1.2991964
1.2993312
1.2991964
1.2959814
1.358581
1.1281254
1.3560742
1.2991964
1.3322567
1.1521734
1.1522549
1.1522549
1.1522549
1.1522549
1.3011556
1.3520924
1.1525815
1.1525815
1.3453465
1.1845212
1.190448
1.1812017
1.197839
1.1069701
1.3007065
1.1846995
1.1870447
1.1965287
1.2739443
1.2792097
1.17432
1.1754404
1.2620568
1.1875709
1.1846622
1.1218069
1.105201
1.0847385
1.1877633
1.1916127
1.1205347
1.1059651
1.1509024
1.1863114
1.1062893
1.1386566
1.1192572
1.1127741
1.1204501
1.128241
1.1080259
1.1390254
1.1810387
1.1406833
1.1816074
1.0928077
1.1377475
1.182837
1.0882454
1.1344128
1.1673833
1.1905141
1.1666383
1.2033454
1.1344976
1.2031631
1.1658305
1.1329107
1.2221086
1.1290272
1.0733008
1.1329117
1.1272507
1.1226436
1.1852735
1.187462
1.1224924
1.1141003
1.225989
1.2501986
1.1475042
1.1178468
1.2347884
1.120577
1.1186409
1.1177199
1.2136264
1.1186409
1.2000748
1.1831328
1.1962346
1.2503535
1.1852325
1.0956221
1.1827648
1.2110417
1.2108307
1.214452
1.1633487
1.1743042
1.2136371
1.2136371
1.2037512
1.2032876
1.2136371
1.2136823
1.2037512
1.2056147
1.2413243
1.1890718
1.218542
1.1195782
1.2053918
1.1086216
1.1215197
1.1195782
1.218542
1.2235099
1.1809629
1.2360268
1.1159269
1.1199951
1.1236514
1.1236373
1.1159269
1.2458522
1.2127774
1.2138582
1.2076348
1.2172192
1.1420848
1.1598915
1.2169894
1.3189019
1.2789705
1.2169894
1.2242196
1.2594874
1.3301021
1.2614418
1.141831
1.330369
1.2171323
1.3414747
1.3395287
1.2450633
1.2784032
1.2339953
1.2147955
1.2604294
1.2587897
1.2614418
1.2617956
1.2172192
1.1884496
1.2447082
1.2172192
1.3462633
1.3462766
1.3464817
1.3464817
1.3464817
1.5249225
1.4688717
1.3464817
1.349989
2.1681468
1.9679996
1.6122333
2.1681468
2.1677237
2.1681468
1.5668095
1.6421996
1.6419213
2.29455
1.3214823
1.6421996
1.6421996
1.8897591
2.1470666
1.9942532
1.7603238
1.6258178
2.091825
1.7749151
2.0109622
2.012514
1.4895507
1.7051047
1.7740653
1.4953649
1.4960706
1.8059777
1.4970138
2.0945556
1.4970138
1.8059777
2.0945556
1.3541676
1.8125184
1.4845409
1.8015202
1.5007397
2.0997636
1.2623639
2.0758977
1.4698657
1.4845409
2.0428987
2.04191
1.4845409
1.6270868
1.7323741
1.4698657
1.4679269
1.5612869
1.8095459
1.3324262
1.4697875
2.0397794
1.7595905
1.6480408
1.337403
1.351082
1.9358015
1.3368778
1.6471611
1.3368778
1.3368778
1.6476641
1.3364805
1.7972293
1.6462868
1.6410801
1.56149
1.8548629
1.8362521
1.3374419
1.6449109
1.3538443
1.9358039
1.3285501
2.0355203
1.9003528
1.6483531
1.3373075
1.3373967
1.9892472
1.4930962
1.3374608
1.337403
1.3371404
1.6455986
1.6428494
1.93337
1.3544106
1.7932352
1.6483531
1.2615532
2.043189
1.3543799
1.3543799
1.3543799
1.6463042
1.6956881
2.0702467
1.3564842
1.4042453
2.0051413
1.9167365
1.3564842
1.3564842
1.3563391
1.3564234
2.0051413
2.09413
1.4036525
1.9964018
1.499373
2.0110362
2.0468802
1.7111632
1.7693523
1.4039866
1.6521333
1.6678804
1.4039866
1.3538998
1.4016868
1.710805
2.0415306
1.7108226
1.356194
1.7900352
1.80841
1.4039866
1.4728311
1.3995202
1.9947743
1.9942462
1.340623
1.340623
1.3400253
1.3566847
1.3255366
1.1700592
1.3579564
1.3379266
1.1700592
1.3566847
1.3380692
1.1701151
1.1701896
1.3567836
1.1813437
1.1701896
1.1702642
1.1701896
1.3368437
1.1701896
1.3256639
1.338012
1.1699321
1.3561639
1.1701896
1.3256639
1.136008
1.3561639
1.3256639
1.370433
1.324522
1.169297
1.1698544
1.1809163
1.373362
1.3407501
1.1813437
1.3407501
1.3709345
1.3567836
1.3256277
1.3051672
1.3957328
1.3517897
1.1362774
1.3407501
1.3517897
1.3517897
1.1801383
1.3369478
1.126441
1.3648462
1.3503454
1.1785244
1.361455
1.350418
1.1655824
1.1769476
1.1493745
1.1771225
1.1660914
1.3200548
1.3497298
1.3200911
1.3503454
1.3200911
1.1319878
1.2763047
1.3200911
1.3357335
1.3027717
1.3200911
1.1771225
1.3506514
1.2613152
1.3311923
1.1674151
1.1660914
1.3768
1.3819102
1.263515
1.4914697
1.3981841
1.3819102
1.2290612
1.4777135
1.263515
1.3506514
1.263515
1.3816214
1.2634096
1.484469
1.263515
1.2652037
1.4900378
1.4889984
1.4533374
1.509433
1.2755852
1.2668974
1.3634079
1.3709345
1.2668974
1.2152365
1.3955082
1.385948
1.3866719
1.2160774
1.4188341
1.4308248
1.4532558
1.3765762
1.3528988
1.3334141
1.401236
1.3834219
1.2648432
1.267585
1.2648432
1.3551909
1.3364807
1.4011762
1.3874674
1.2681711
1.4424264
1.3874674
1.2681711
1.5087702
1.3698828
1.4731307
1.2819363
1.3874674
1.5090548
1.3993477
1.403836
1.2819363
1.4038539
1.5089102
1.2819363
1.2644472
1.2819363
1.281918
1.2784643
1.281206
1.4726771
1.2784643
1.2492491
1.4723915
1.2729386
1.3826572
1.5423242
1.403926
1.1809901
1.2819363
1.5168148
1.2819363
1.4031173
1.2819363
1.4032786
1.5419605
1.2819363
1.403818
1.370871
1.3762313
1.4034401
1.5090548
1.2819363
1.4727486
1.3402737
1.2818813
1.2820095
1.3956198
1.4376103
1.5090548
1.2495229
1.2728702
1.2819363
1.3228015
1.5465484
1.3227006
1.37702
1.5014279
1.501411
1.3762313
1.3771329
1.4625859
1.3493669
1.3771329
1.3520534
1.2608737
1.2271894
1.337564
1.3309304
1.3182025
1.3815694
1.3389192
1.286556
1.2556092
1.3389192
1.2305188
1.2292353
1.2290752
1.2266836
1.2292353
1.2290752
1.272848
1.3091568
1.3217037
1.1375206
1.2864914
1.2863095
1.2727407
1.2305188
1.2291552
1.338901
1.2191513
1.286556
1.2292353
1.2291307
1.413043
1.2289742
1.3382587
1.286556
1.2865273
1.2285155
1.286556
1.2789297
1.3382587
1.3407007
1.2105966
1.1808865
1.2613369
1.2150404
1.2138022
1.2647943
1.2154543
1.2557294
1.3094354
1.1660162
1.2557294
1.2351133
1.2154543
1.3043182
1.3847287
1.2557294
1.2742565
1.3183167
1.3183167
1.3117331
1.2254155
1.2154543
1.2142322
1.2154543
1.2154025
1.2665644
1.2148167
1.3093525
1.272869
1.0555725
1.3117331
1.3114353
1.04862
1.04862
1.3069769
1.1062976
1.106534
1.062607
1.0489628
1.04862
1.04862
1.04862
1.0486306
1.0558167
1.0538267
1.04862
1.1696908
1.1718029
1.1779541
1.1696908
1.1527472
1.2328568
1.1853014
1.1792722
1.1769655
1.1784977
1.1569294
1.046034
1.1568195
1.2465166
1.1559117
1.1820562
1.1568195
1.1820562
1.2165979
1.0686656
1.2181815
1.2113984
1.1645333
1.1568019
1.1694818
1.1568019
1.1776946
1.2203419
1.1843162
1.1562548
1.1521693
1.158501
1.0590969
1.1192031
1.1039909
1.1539067
1.1648697
1.0570444
1.1041764
1.0591239
1.0500994
1.0524125
1.0770602
1.0771369
1.0825527
1.0501425
1.0506698
1.062949
1.0556612
1.0630164
1.0535434
1.0628221
1.0517159
1.0506431
1.0404042
1.0256764
1.042344
1.042344
1.0611448
1.0533614
1.0517159
1.0381223
1.0528126
1.0526465
1.042344
1.042344
1.0510789
1.042344
1.0509709
1.0500251
1.038606
1.0504459
1.0500251
1.050495
1.0519325
1.0617523
1.0641376
1.270363
1.0641294
1.0641376
1.249892
1.0641376
1.2651018
1.0533614
1.068652
1.0641376
1.2651018
1.2740598
1.0641376
1.2655975
1.2651018
1.0736356
1.0636419
1.0741347
1.0741138
1.2786763
1.2775887
1.0738019
1.0741347
1.0740823
1.2572749
1.0768603
1.1211183
1.0768714
1.2572672
1.2553799
1.1203763
1.1203662
1.3351697
1.2827619
1.2832328
1.2863128
1.3499
1.3506455
1.1704456
1.2219626
1.3314029
1.3466774
1.3436118
1.348332
1.2185652
1.2181262
1.3430825
1.3724928
1.1901639
1.1738926
1.190129
1.3775984
1.3098774
1.1901639
1.177165
1.1634755
1.3119075
1.1384835
1.3777843
1.3098774
1.1905907
1.1901639
1.3088609
1.091422
1.3094515
1.2989554
1.0914005
1.091422
1.1904444
1.0967994
1.0912403
1.1898772
1.1480191
1.0917655
1.1382909
1.1384835
1.0917655
1.0917655
1.0917655
1.1904092
1.1903043
1.326528
1.1904444
1.2325752
1.1898168
1.21778
1.190871
1.1904444
1.17863
1.2178158
1.234075
1.1979501
1.1870078
1.21778
1.21778
1.1862671
1.1884536
1.096673
1.21778
1.1549232
1.1549232
1.152896
1.2051107
1.0893047
1.096673
1.0892545
1.2134461
1.2175086
1.2133111
1.0892545
1.0892545
1.034579
1.0892545
1.0896579
1.0908923
1.1349939
1.2135879
1.2135879
1.2168374
1.1510177
1.1470101
1.089355
1.0899624
1.1520014
1.0984608
1.0892545
1.2141577
1.2007052
1.1508958
1.1593609
1.2182101
1.2184844
1.1907918
1.190374
1.217923
1.1977398
1.1388496
1.1861997
1.190374
1.2226472
1.218466
1.1853467
1.1782839
1.1898073
1.1908007
1.2184665
1.190244
1.1908535
1.190871
1.2184665
1.2184665
1.1866305
1.2012383
1.2183232
1.2443432
1.2447646
1.1908007
1.2413552
1.1896892
1.1896892
1.1908007
1.1778358
1.1896892
1.1896892
1.2864656
1.1857024
1.2177243
1.2184665
1.2207959
1.2208698
1.1858121
1.1889018
1.1971005
1.3169931
1.1128523
1.1844118
1.2114958
1.1126621
1.1854091
1.1900421
1.2117611
1.1448175
1.1046753
1.1362947
1.1587305
1.1593479
1.2241403
1.2243066
1.2234637
1.1918316
1.1814971
1.182826
1.1918316
1.2250869
1.252341
1.2250026
1.2372134
1.1696506
1.1994008
1.1787215
1.2372816
1.1791811
1.233002
1.1855813
1.1790576
1.1594828
1.1790576
1.2010167
1.2578764
1.1788912
1.267844
1.2092671
1.1872913
1.2301587
1.2148608
1.2404594
1.2471187
1.1767992
1.2475309
1.2195354
1.2705979
1.2148658
1.2194468
1.2188274
1.1449674
1.2475309
1.2195354
1.2164886
1.2475309
1.269395
1.309395
1.3132466
1.2496303
1.2195354
1.2165511
1.3038591
1.2164886
1.258218
1.2266299
1.1911179
1.2192523
1.2593547
1.2640208
1.2593547
1.204612
1.2684941
1.2193229
1.1319451
1.2050941
1.1655289
1.1728073
1.2193229
1.2554399
1.22007
1.229067
1.1556172
1.1618109
1.1719364
1.1725049
1.1751678
1.1728073
1.1636853
1.1693212
1.172844
1.1904749
1.2108794
1.2323581
1.2554399
1.2128154
1.2215464
1.205412
1.2036636
1.2381278
1.2572116
1.2031149
1.205412
1.2384267
1.2022882
1.2104031
1.2382879
1.2385017
1.2062882
1.2042028
1.2390279
1.2384267
1.2417638
1.2433609
1.2056845
1.2062882
1.8229684
1.3561116
1.8230685
1.8214527
1.2560935
1.3552544
1.3030525
1.2022882
1.205412
1.2352326
1.2144289
1.2373168
1.2373168
1.2014036
1.2284715
1.2612545
1.205429
1.2347672
1.2372797
1.2063051
1.2561463
1.2263566
1.205429
1.2030009
1.2034624
1.2053196
1.2344978
1.205429
1.1134046
1.129922
1.2127795
1.1038514
1.1039138
1.1038514
1.1040192
1.1053292
1.2126988
1.1748245
1.1061159
1.1739336
1.1210896
1.0947583
1.1154017
1.1154017
1.1154017
1.1154017
1.1210896
1.1210896
1.1211455
1.12854
1.1229147
1.1212997
1.1212997
1.1215708
1.1375674
1.1743222
1.1736816
1.1566043
1.0593033
1.077026
1.0453849
1.133525
1.2132097
1.2196007
1.255189
1.2196007
1.2455947
1.1917251
1.2908734
1.1917251
1.0906392
1.2194105
1.1925805
1.2069954
1.1849279
1.2291583
1.1933643
1.1052164
1.1910228
1.2194105
1.0976089
1.2206033
1.1875603
1.2151045
1.0976089
1.0976089
1.1052164
1.1392981
1.1566615
1.1525813
1.1656216
1.0654882
1.2109513
1.2021673
1.1049774
1.0976676
1.1503528
1.1566615
1.1607622
1.0905237
1.0976089
1.2183232
1.2183232
1.2291583
1.2096565
1.1359957
1.128037
1.1255128
1.1266637
1.1388639
1.2408909
1.1247201
1.124494
1.2418015
1.1258779
1.219601
1.2933677
1.2609572
1.2671928
1.245134
1.2671928
1.245134
1.2433846
1.2119026
1.2199628
1.219601
1.1544254
1.2117475
1.1977713
1.222422
1.2119026
1.2195785
1.1473091
1.2221688
1.1442134
1.1473091
1.1444459
1.2221608
1.1473091
1.2221688
1.1941246
1.1741025
1.1249772
1.1993289
1.175426
1.1795104
1.1853523
1.1853511
1.1793852
1.2238525
1.1793852
1.1690632
1.1870651
1.2302325
1.1741735
1.2245536
1.1855808
1.2094175
1.2232769
1.0771073
1.208816
1.2919418
1.2918831
1.3003373
1.2754393
1.2850217
1.2088777
1.2679476
1.1575747
1.2757298
1.2812035
1.2847693
1.2847693
1.2664517
1.1569016
1.1900845
1.1544083
1.1787274
1.1890726
1.2107978
1.2189419
1.273293
1.2525561
1.2380868
1.2249434
1.221167
1.1737944
1.1274093
1.2444925
1.1272876
1.0969061
1.1923479
1.1275232
1.2267833
1.1276528
1.2598376
1.1275232
1.2267833
1.2267833
1.1923479
1.228979
1.1293592
1.1615095
1.1776946
1.1831245
1.0694997
1.133153
1.0694997
1.2467672
1.2470522
1.1295887
1.1924866
1.1293592
1.2459135
1.1295887
1.225157
1.1947337
1.1863039
1.1119939
1.129833
1.1295887
1.1863706
1.129603
1.1615216
1.2470522
1.2281915
1.1293736
1.1947508
1.1615216
1.129603
1.1451367
1.2281731
1.1286124
1.1947433
1.1947433
1.2281733
1.2628334
1.1218456
1.1295892
1.1294956
1.1334143
1.2470281
1.2292721
1.1926287
1.1314833
1.2292721
1.2271487
1.1277239
1.1274804
1.1926963
1.2271487
1.2271487
1.1277239
1.1759617
1.1926963
1.2164468
1.1276022
1.119971
1.1277239
1.1277239
1.1276022
1.2473224
1.1277239
1.1926963
1.2271487
1.2256545
1.2538865
1.1925644
1.1315039
1.247104
1.119971
1.2097586
1.1277239
1.1595548
1.1926963
1.1926963
1.2448663
1.127667
1.2186998
1.1277239
1.1277239
1.1926963
1.1277239
1.2097586
1.1759455
1.1926795
1.2448663
1.2448663
1.2493469
1.1161253
1.1948112
1.1277239
1.0969706
1.1775004
1.1775982
1.1120616
1.1945297
1.1044751
1.2324584
1.1120616
1.1111089
1.2096303
1.1120616
1.1120074
1.1044751
1.2356896
1.1757354
1.2094895
1.2379063
1.2134607
1.244587
1.2108226
1.2114602
1.244587
1.2658199
1.2093893
1.2496085
1.2093893
1.2510735
1.1653084
1.2538996
1.2053413
1.2476234
1.2084258
1.2065849
1.2476863
1.2510993
1.252147
1.2084258
1.2510476
1.2510993
1.2100319
1.2524972
1.1557004
1.2093165
1.2408347
1.2102085
1.2520896
1.2099735
1.261721
1.2756635
1.0878496
1.1772062
1.2524972
1.2102085
1.253281
1.1822991
1.0837688
1.1822991
1.2408416
1.2528772
1.1879821
1.2547832
1.1842316
1.2263181
1.2842269
1.2456677
1.3185152
1.2403446
1.2373761
1.2699593
1.0855802
1.1976166
1.25873
1.2623351
1.2586669
1.3231926
1.2930015
1.3061041
1.2682939
1.3872151
1.3872151
1.2417992
1.2417992
1.2417992
1.2910407
1.1931024
1.2195327
1.2499267
1.1137354
1.231496
1.2411853
1.1832806
1.1842577
1.2229131
1.2767818
1.3099086
1.0561768
1.0627526
1.3354112
1.3492886
1.3619344
1.3229955
1.114897
1.397715
1.3634938
1.1150172
1.3814126
1.3635895
1.3229955
1.1142972
1.4018418
1.3795567
1.244898
1.3348231
1.3220913
1.2083155
1.3838755
1.2695084
1.423233
1.4105121
1.320398
1.4018418
1.321974
1.2567319
1.0555183
1.3347265
1.3759217
1.0780822
1.1061144
1.1058967
1.1115443
1.0565703
1.0566161
1.0780822
1.1082946
1.0837936
1.0566161
1.056003
1.0564882
1.0548606
1.0551795
1.0687327
1.0692762
1.0622102
1.0313748
1.121733
1.1214045
1.0930043
1.0946656
1.155388
1.094489
1.0862037
1.0920902
1.0930554
1.094489
1.1056355
1.1234514
1.1805824
1.1115226
1.1146907
1.1058061
1.1132565
1.1133533
1.1554427
1.0942402
1.0758898
1.1953228
1.1004359
1.18559
1.2117269
1.1034893
1.2154067
1.21549
1.2155427
1.1059663
1.1059506
1.120768
1.1057837
1.2014527
1.1043859
1.179413
1.1035962
1.1059506
1.2014527
1.2014527
1.1551157
1.1059506
1.1019275
1.1203092
1.186114
1.1059506
1.1059453
1.2013432
1.1047075
1.1832212
1.186631
1.2154723
1.1470425
1.2704767
1.2154624
1.2457461
1.2162561
1.1997174
1.2712547
1.2631767
1.2646005
1.1688071
1.265866
1.2635834
1.1673145
1.2396892
1.265866
1.215775
1.2162561
1.2542313
1.1150235
1.1300964
1.1291152
1.1300381
1.1266209
1.1641423
1.0844779
1.1958213
1.1305277
1.2550104
1.1305277
1.1305277
1.1343904
1.230583
1.129549
1.1266209
1.2304342
1.2304342
1.1915869
1.266072
1.2165916
1.2263836
1.227322
1.2640742
1.2948602
1.2640742
1.2167385
1.1752791
1.1696253
1.2701421
1.2282325
1.2612467
1.2218696
1.1687133
1.2381822
1.1684457
1.2657864
1.1684457
1.1673758
1.2398713
1.1821781
1.262245
1.2306898
1.1607177
1.2398713
1.1687133
1.1958213
1.1517432
1.2657864
1.247671
1.2645221
1.1300673
1.1300673
1.1953254
1.1300673
1.2477095
1.1300673
1.2554833
1.1975658
1.1953254
1.1953254
1.1986796
1.1711959
1.1564538
1.1214653
1.1981107
1.1214653
1.1716212
1.1686846
1.1681393
1.2013869
1.2342497
1.1681393
1.2624878
1.1626885
1.2023649
1.1817132
1.2021323
1.1681393
1.1680839
1.2023649
1.1681393
1.1681393
1.1680101
1.1626792
1.2342763
1.2146944
1.1286235
1.2023649
1.1681393
1.1681393
1.1681393
1.2146944
1.1681393
1.1681393
1.2026173
1.2575281
1.1684827
1.2634783
1.2287385
1.1604033
1.3052324
1.2132269
1.2130052
1.2134943
1.2620077
1.2552685
1.2132269
1.1784781
1.2130859
1.2386892
1.2358447
1.2358447
1.169687
1.2018381
1.1006447
1.2060969
1.2060969
1.2132269
1.2476183
1.2383028
1.21842
1.268523
1.2657226
1.2256082
1.2669976
1.282445
1.1963754
1.1300634
1.227587
1.2734379
1.227587
1.36219
1.2657226
1.2415318
1.2238055
1.2476183
1.2132269
1.211455
1.2026626
1.2134943
1.2133603
1.2111832
1.2476183
1.242028
1.2061698
1.2476183
1.1333997
1.1101432
1.1101432
1.084598
1.0768934
1.1137185
1.2064192
1.08414
1.1104738
1.0873079
1.1090304
1.08414
1.213413
1.2139394
1.1907669
1.1853503
1.0857615
1.084598
1.084598
1.0824008
1.1406446
1.1483601
1.1483601
1.1682824
1.084598
1.1991483
1.087606
1.0279436
1.2142662
1.0282539
1.1218817
1.1145806
1.1104738
1.2358447
1.1145806
1.1141555
1.1145806
1.1097816
1.1104738
1.1101432
1.114102
1.0996467
1.1143413
1.1308157
1.1145806
1.1516453
1.1002989
1.2130543
1.1003602
1.1091942
1.0896263
1.150867
1.0989159
1.1503685
1.1480262
1.0974345
1.0974028
1.0961983
1.1182488
1.1150235
1.1304299
1.1183672
1.0862396
1.1183672
1.1952628
1.2736521
1.2133603
1.2277163
1.2094303
1.1827825
1.2820616
1.2738663
1.2654068
1.2654068
1.2473413
1.2274814
1.2204974
1.2654068
1.322673
1.2738663
1.3353572
1.227587
1.2236842
1.2017559
1.218196
1.2167085
1.2651217
1.1536728
1.1952103
1.2801492
1.2218533
1.1612414
1.1561463
1.2081198
1.2078979
1.1442299
1.1643827
1.1031538
1.1604439
1.1759065
1.1627674
1.1142323
1.1142323
1.1140457
1.1170416
1.164438
1.164438
1.1140457
1.1120033
1.1189548
1.2058388
1.1140457
1.191593
1.205673
1.2119178
1.1679966
1.2131135
1.207577
1.1679966
1.1679966
1.1825539
1.1182173
1.2131135
1.2131135
1.1182173
1.1614876
1.1182173
1.1675874
1.1682014
1.1140457
1.0998212
1.1065917
1.1182173
1.1070594
1.172993
1.1950847
1.1567148
1.1110822
1.2052857
1.210847
1.1116422
1.117682
1.2125641
1.1675673
1.117682
1.1709683
1.2084912
1.117682
1.1673392
1.2157103
1.2082332
1.1947055
1.16767
1.1537585
1.11375
1.117682
1.1019591
1.0755799
1.0977224
1.1171225
1.1684836
1.089579
1.1054502
1.1161513
1.1810639
1.1541834
1.1574032
1.1054502
1.1975049
1.1054502
1.1053702
1.1066495
1.1067394
1.1803807
1.1537182
1.2021747
1.1065853
1.1183991
1.1183991
1.2091923
1.1180297
1.1683148
1.1683148
1.1183991
1.2099574
1.2127188
1.2159151
1.2187982
1.1282529
1.2640744
1.2224727
1.2615112
1.2224727
1.2627838
1.2686567
1.2615112
1.2223496
1.2205861
1.254806
1.267815
1.2224727
1.2661223
1.2499837
1.2224727
1.2269815
1.1417041
1.1905062
1.2245927
1.247085
1.2245927
1.2158815
1.1957997
1.1959802
1.0954814
1.1567827
1.1832297
1.1832297
1.1161991
1.1567827
1.2171822
1.1567827
1.1832297
1.1520759
1.2023914
1.1832297
1.0719295
1.1561222
1.1566175
1.2387075
1.1832297
1.1832297
1.1281363
1.2180972
1.2377161
1.1834266
1.2005612
1.2457899
1.2417028
1.1567827
1.1834234
1.1567641
1.1567827
1.1215012
1.156708
1.2005612
1.2181513
1.1556088
1.1556088
1.1250693
1.1831852
1.1834234
1.1758424
1.1556088
1.1914003
1.2377161
1.1567827
1.1834234
1.1853313
1.1834234
1.2005612
1.1834234
1.2005612
1.1556088
1.2181513
1.2461374
1.226036
1.226036
1.2646364
1.2471278
1.1830873
1.2110862
1.1830873
1.1830873
1.2089983
1.2016771
1.1705562
1.1830873
1.2124232
1.2125101
1.2124232
1.233704
1.1847771
1.1620091
1.1847771
1.1806396
1.2212583
1.2224305
1.2416828
1.2167575
1.1881721
1.215672
1.1881721
1.185962
1.1790363
1.0878726
1.1892586
1.1955285
1.2555013
1.2336823
1.2364151
1.1899238
1.2330076
1.2221509
1.270264
1.2242239
1.3154474
1.2652494
1.3230945
1.2253307
1.2619538
1.2665173
1.2652494
1.2822984
1.2235025
1.2678035
1.251487
1.183513
1.2221315
1.2652494
1.2652494
1.1221235
1.2302837
1.2277813
1.1812506
1.2140639
1.2540162
1.1724039
1.224026
1.2805402
1.2606285
1.2235835
1.1948962
1.164839
1.1222044
1.1239506
1.1569341
1.1215014
1.1700432
1.1646706
1.1994275
1.0729837
1.1667352
1.2655647
1.1700432
1.1992828
1.0729837
1.1673177
1.1569341
1.2203965
1.26563
1.2037771
1.1992828
1.2237885
1.1994275
1.2223055
1.1695523
1.1997178
1.0731871
1.1827546
1.1658505
1.0695709
1.0731871
1.0731871
1.1640626
1.1618218
1.1671358
1.0730739
1.0700041
1.0731617
1.0731362
1.1660519
1.1618291
1.1692142
1.1951349
1.2257946
1.2184079
1.2265505
1.2655845
1.2656634
1.1952202
1.1222388
1.2262808
1.265378
1.2265505
1.2265505
1.1811949
1.2631075
1.1298186
1.1863492
1.2295289
1.0697932
1.2472942
1.1298186
1.130036
1.129761
1.0698868
1.1025164
1.1142511
1.1008912
1.1516397
1.1788409
1.1165769
1.1785768
1.1146634
1.2382463
1.1146634
1.2381278
1.2124286
1.178052
1.1770144
1.2118615
1.0842758
1.0842758
1.0839169
1.0842758
1.1464511
1.0842758
1.0844737
1.1626147
1.118071
1.1457231
1.0842758
1.179106
1.0842758
1.0990859
1.1454825
1.2118615
1.2271668
1.1701704
1.0986181
1.099099
1.098969
1.1285285
1.2272398
1.2325239
1.1931973
1.2270939
1.2300662
1.1281533
1.2276796
1.1360884
1.1281964
1.2102348
1.1126958
1.1534971
1.2544079
1.2589344
1.1868676
1.1931887
1.2634813
1.2634813
1.2256286
1.2257577
1.2634813
1.2578008
1.3109126
1.2256931
1.2257577
1.2207265
1.1974463
1.2719377
1.2733843
1.2663478
1.2634813
1.2257577
1.2634417
1.2260182
1.2588952
1.2257577
1.2716765
1.2253053
1.2277341
1.1931887
1.2255478
1.2800833
1.2718309
1.2249928
1.2634813
1.2719377
1.2149178
1.2257496
1.2605488
1.1929244
1.2633388
1.275507
1.2276788
1.2090231
1.1869428
1.2095057
1.1974463
1.2275708
1.1922839
1.1906401
1.1520398
1.1425421
1.1964571
1.1427339
1.1520398
1.2332433
1.1966596
1.1177627
1.1774065
1.1196195
1.1526375
1.1196195
1.1133064
1.139891
1.1755214
1.121346
1.0655061
1.0655178
1.1749635
1.0654995
1.1178981
1.1735553
1.0655178
1.1754361
1.1745836
1.1429986
1.0409281
1.0898489
1.1886549
1.1369573
1.3708298
1.224113
1.2731546
1.1082903
1.3386166
1.1624806
1.3352422
1.2495941
1.2345556
1.1396983
1.1368071
1.2456715
1.1398916
1.3711944
1.3581312
1.0378971
1.2456715
1.1429967
1.1368071
1.1255726
1.1321084
1.3728634
1.3581312
1.1429967
1.3733176
1.1429967
1.1368071
1.1084397
1.1176639
1.1319143
1.1362164
1.3581312
1.1399013
1.1180922
1.1206675
1.249334
1.3621294
1.3715292
1.3711575
1.1216892
1.3714576
1.1574038
1.3730183
1.2084806
1.3710057
1.1389465
1.1331301
1.2431732
1.1336956
1.1333082
1.1214561
1.2452353
1.1321478
1.243408
1.1428127
1.1389881
1.1591576
1.1867421
1.3566096
1.132921
1.1336956
1.1240326
1.2432458
1.1348461
1.3566096
1.2433056
1.1336244
1.2427763
1.3565702
1.2433538
1.1323934
1.2417133
1.1336244
1.1189188
1.2742923
1.2726606
1.1471684
1.279055
1.3300363
1.2405831
1.4100068
1.2127917
1.3257438
1.1754409
1.1868141
1.2287471
1.3900316
1.3900316
1.1871797
1.2153213
1.3224841
1.422388
1.3219179
1.2127917
1.3226047
1.4206806
1.3731563
1.212598
1.2292362
1.2060089
1.256071
1.1877737
1.1253603
1.2538505
1.3742522
1.2282338
1.256071
1.3742522
1.2561415
1.3587554
1.2543908
1.2696968
1.2527157
1.3154744
1.2606788
1.363059
1.1861038
1.2611774
1.2425678
1.2608922
1.2614763
1.1132078
1.2203721
1.3167017
1.2203721
1.2183169
1.2558043
1.270629
1.2203721
1.2681974
1.2681088
1.2204052
1.268358
1.2229139
1.1484023
1.1231831
1.1418303
1.2130921
1.2091305
1.2260665
1.2141738
1.2713288
1.2219304
1.2586778
1.2590892
1.3075926
1.2713288
1.2215004
1.2586778
1.2590892
1.2239228
1.1060089
1.212679
1.2606287
1.1719518
1.2785746
1.2237855
1.2606287
1.2157828
1.2237855
1.222735
1.2237246
1.215781
1.2237855
1.219529
1.2573491
1.2237855
1.2593442
1.2651118
1.2731396
1.2606287
1.2731396
1.2093058
1.2237855
1.2236774
1.2276117
1.2648071
1.2237988
1.2873895
1.1666319
1.2157122
1.1812227
1.2740873
1.2648267
1.271379
1.2014908
1.2478905
1.2276117
1.1277239
1.1677792
1.1605436
1.1293736
1.0979115
1.1221944
1.1012497
1.1756259
1.2352161
1.229511
1.2084419
1.1615251
1.2240144
1.2278384
1.2605406
1.2284662
1.1296177
1.2278384
1.2292721
1.1779704
1.2292721
1.2293454
1.2468882
1.1417986
1.1417986
1.2630652
1.1992104
1.1992104
1.1289697
1.1426727
1.1426727
1.2457191
1.2100595
1.1426727
1.1426727
1.1427081
1.2640404
1.2087524
1.1426727
1.1421669
1.1346442
1.2101963
1.1346442
1.1266451
1.2306153
1.1426727
1.1369493
1.216019
1.2479515
1.2087997
1.2060969
1.2724017
1.1000086
1.1976832
1.206277
1.206277
1.0973779
1.2034253
1.2258568
1.2037413
1.2341976
1.233402
1.2182903
1.146338
1.2432446
1.2183305
1.2183708
1.1468499
1.2183708
1.2233288
1.1592971
1.1592646
1.2073408
1.1613791
1.1947905
1.1450409
1.1450409
1.2441454
1.1927874
1.2128491
1.2188679
1.2544466
1.1281677
1.1905698
1.1904941
1.2007657
1.2488765
1.2996428
1.2256124
1.2188044
1.1899005
1.1897036
1.235084
1.2452053
1.2623618
1.2924378
1.2443928
1.2455989
1.2114397
1.2256124
1.1610986
1.2950737
1.2187779
1.2200736
1.262346
1.3408177
1.4970342
1.3223646
1.3006568
1.4970381
1.3409424
1.4970407
1.5640956
1.4970381
1.4699669
1.262346
1.3711841
1.446561
1.3409173
1.4970263
1.3408177
1.3408427
1.524498
1.5642
1.3368936
1.4632946
1.4928945
1.3414991
1.4643339
1.288267
1.216847
1.5143635
1.2895747
1.4216543
1.4796766
1.3364158
1.3227032
1.183439
1.2566233
1.2193723
1.2147208
1.2132725
1.3356669
1.2351199
1.3402194
1.3101205
1.2140366
1.3382046
1.1906025
1.3945425
1.2616018
1.235891
1.2362285
1.2616543
1.1256021
1.1493654
1.11371
1.1236501
1.1704608
1.094657
1.11371
1.0988246
1.0691463
1.0691463
1.0684915
1.0894871
1.0691463
1.0858799
1.0988246
1.094657
1.0719519
1.1001289
1.0719519
1.0589366
1.0719519
1.1000326
1.0444863
1.0688604
1.0879501
1.061541
1.0946094
1.1046894
1.1020776
1.1046894
1.0677934
1.070293
1.089314
1.1108351
1.0719519
1.0934491
1.0945386
1.0934491
1.0719968
1.0819836
1.0934385
1.0945386
1.0751476
1.1011626
1.0719519
1.0945386
1.1032664
1.0616947
1.0945415
1.087995
1.0667597
1.0441293
1.0742424
1.1102515
1.1009966
1.1999193
1.0501432
1.0557669
1.0655477
1.1703581
1.0652528
1.1622325
1.2107617
1.2160884
1.21639
1.0874659
1.1444244
1.1855805
1.0847917
1.2402472
1.232352
1.0847917
1.095944
1.2393632
1.107424
1.0874659
1.084665
1.0847814
1.2923467
1.1831208
1.2904203
1.2965574
1.0847917
1.2929505
1.2552773
1.0840111
1.2369376
1.0847099
1.2944275
1.0847099
1.0433687
1.2966837
1.2944769
1.2965574
1.3348325
1.151511
1.3028857
1.1499422
1.3019272
1.2905315
1.1510638
1.1510638
1.3327501
1.1510638
1.3213519
1.3176707
1.2049104
1.3035681
1.3226303
1.1565642
1.1184038
1.2138896
1.1484058
1.2383196
1.3348325
1.1510638
1.3226303
1.1510638
1.1510638
1.3002868
1.1804984
1.3051571
1.3498405
1.350038
1.3368244
1.1366159
1.3091202
1.3087486
1.2921897
1.1736647
1.2898524
1.1519281
1.1520914
1.3237844
1.3298173
1.3087486
1.3430032
1.1368796
1.1520398
1.1472356
1.333847
1.1674474
1.1472356
1.129556
1.1139476
1.2964114
1.2236181
1.3009672
1.1344875
1.1079247
1.1881193
1.1397113
1.2404648
1.1101091
1.2428603
1.3016056
1.1769354
1.1138363
1.1138179
1.12593
1.1186398
1.2524409
1.0266904
1.263691
1.2699455
1.2510382
1.2322979
1.3046429
1.3046429
1.2806679
1.101036
1.2806679
1.1286309
1.1351546
1.2806679
1.2745876
1.1360711
1.2027647
1.2848035
1.1362023
1.2808557
1.2259601
1.3181672
1.319768
1.3062307
1.304369
1.0693703
1.332203
1.3144004
1.295976
1.332203
1.2244027
1.162351
1.2821649
1.2938324
1.1567212
1.3144811
1.3190538
1.0661494
1.133893
1.3030834
1.1999727
1.3402493
1.3410295
1.3241947
1.3410295
1.0737381
1.0697682
1.0729126
1.0775391
1.1995103
1.3139544
1.3333865
1.3140483
1.3132051
1.0763111
1.0417691
1.0763249
1.342443
1.3169512
1.3139544
1.3139544
1.3519017
1.30823
1.2144109
1.2991359
1.3136064
1.0769712
1.127201
1.28415
1.3297533
1.2841932
1.2801657
1.1387236
1.2716135
1.2921492
1.2144109
1.2791839
1.3202802
1.3231112
1.340448
1.3579849
1.3479781
1.1957015
1.3560429
1.1953487
1.1736294
1.1701996
1.0768284
1.2522461
1.2170678
1.2375048
1.2555295
1.2569702
1.1798817
1.3503916
1.3504242
1.4117801
1.4334408
1.356115
1.356115
1.3933866
1.1374903
1.2425421
1.0779648
1.1366237
1.1371305
1.4232974
1.3513428
1.1472865
1.4128169
1.1319917
1.141294
1.1325111
1.4119596
1.4092196
1.1364919
1.2665904
1.2665904
1.2665904
1.2665904
1.5875117
1.3210696
1.1316421
1.3621564
1.2665904
1.4232974
1.4224291
1.2654384
1.1285509
1.2654384
1.2899163
1.2637128
1.3751343
1.5514477
1.3696318
1.4104041
1.4954094
1.2546709
1.2549337
1.2549337
1.2641695
1.2545103
1.2381611
1.25564
1.2557813
1.255859
1.3553536
1.4911509
1.2557813
1.2557813
1.4964688
1.4962199
1.2875531
1.2037333
1.1138629
1.343406
1.2202448
1.3772138
1.2203166
1.2655362
1.3601865
1.3784112
1.2034712
1.4378612
1.2537506
1.2216784
1.2544454
1.4366605
1.2460155
1.3718873
1.2551303
1.3107384
1.2411284
1.3362504
1.1343645
1.3058187
1.188075
1.3985615
1.1893883
1.2060722
1.3238381
1.3225621
1.188075
1.3857541
1.2197661
1.3172656
1.448647
1.1875902
1.3221371
1.3221029
1.3221371
1.188075
1.4593989
1.4524499
1.2385982
1.318809
1.3187823
1.3893675
1.318809
1.3143444
1.1709862
1.3930278
1.3739976
1.1707526
1.1709862
1.296691
1.3010736
1.3010736
1.4519943
1.3739976
1.301086
1.1870557
1.3010798
1.4269371
1.429347
1.4427396
1.3010488
1.4420769
1.4515015
1.4417639
1.318809
1.1418533
1.1709862
1.16912
1.2304347
1.2253189
1.2341964
1.2416215
1.0477571
1.1094191
1.0796906
1.0344584
1.2423563
1.256869
1.439683
1.3794104
1.1781765
1.3014033
1.311594
1.311594
1.19169
1.2196999
1.1781765
1.1914763
1.1914763
1.4330893
1.1916025
1.1912627
1.2196999
1.1206805
1.2186931
1.1209217
1.2179109
1.1209217
1.2459656
1.2194823
1.2307034
1.2521385
1.1938459
1.2543929
1.1287227
1.1322278
1.120866
1.1855844
1.236837
1.1055888
1.1140654
1.120866
1.1696919
1.1852682
1.1208799
1.1208799
1.2503939
1.1208799
1.1167897
1.1296177
1.1852682
1.2393112
1.1208799
1.1211035
1.2503939
1.254335
1.1286417
1.2194284
1.1132
1.2453495
1.1936853
1.1936853
1.2108359
1.1936853
1.1936853
1.1286417
1.2561798
1.1286274
1.1926287
1.1957551
1.1615251
1.1852682
1.1286274
1.1625396
1.070359
1.1915734
1.1558715
1.070359
1.0685639
1.1246408
1.0685639
1.1246555
1.0649893
1.188481
1.1620128
1.0674328
1.1810739
1.2836759
1.3002465
1.2525413
1.2080235
1.2878857
1.2509812
1.2000225
1.2975628
1.1511714
1.2000225
1.151523
1.3626678
1.2000225
1.2473503
1.3047781
1.2286377
1.2908342
1.032895
1.2908132
1.094912
1.2358207
1.0664332
1.1872163
1.2484262
1.2600099
1.3072017
1.3640693
1.4364107
1.2399195
1.3573343
1.2392535
1.302111
1.2336361
1.3080572
1.1201986
1.3342775
1.1577373
1.184591
1.1659384
1.2438344
1.3100948
1.2782161
1.0899038
1.24648
1.3361946
1.2921631
1.3342226
1.2618704
1.2911954
1.2022454
1.4140084
1.4589034
1.2659132
1.3262961
1.1847397
1.2080951
1.3037615
1.3194723
1.3986896
1.4021475
1.3039565
1.3074331
1.0758432
1.1799455
1.3039565
1.4019859
1.1899799
1.4124382
1.2137806
1.408744
1.3219006
1.1803492
1.2135032
1.1928996
1.3255912
1.4387882
1.4135875
1.4251102
1.3880467
1.420059
1.4211679
1.2168455
1.3257368
1.2165682
1.4136592
1.2168455
1.3257186
1.4145621
1.4145621
1.2368466
1.3014895
1.3256639
1.1834594
1.3245943
1.2076496
1.2064704
1.2052624
1.3167422
1.2076496
1.2045784
1.4312876
1.4186891
1.2070934
1.2201393
1.3125112
1.2168455
1.2015276
1.3943421
1.3969004
1.2076496
1.2076496
1.100775
1.4294013
1.2076496
1.3167422
1.2168455
1.2061715
1.2595744
1.293799
1.2076496
1.2076496
1.2076321
1.3167422
1.3146143
1.1514078
1.4117957
1.2076496
1.2076496
1.3158085
1.2076496
1.1757156
1.2595744
1.4123242
1.2875029
1.3167422
1.2286224
1.3299465
1.2075278
1.2070934
1.2998238
1.1764412
1.2076496
1.1680486
1.2201393
1.3127664
1.3318363
1.379752
1.2076496
1.2076496
1.4028269
1.2813622
1.2537512
1.3167422
1.4186891
1.404717
1.3167422
1.1438919
1.4427156
1.441332
1.4062096
1.1438919
1.4111454
1.199329
1.2076496
1.2076496
1.2076496
1.2076496
1.3167422
1.2065567
1.1765393
1.3162752
1.3125112
1.4315635
1.4194515
1.4123242
1.3164718
1.2074395
1.1878651
1.207457
1.3089982
1.2032783
1.3125112
1.1764747
1.4073493
1.4102463
1.20758
1.2201393
1.3152684
1.3334763
1.3233149
1.3033136
1.4415164
1.2168455
1.3402424
1.1814181
1.437682
1.3408228
1.22931
1.22931
1.4333171
1.3403463
1.3031566
1.2778493
1.466287
1.4044435
1.2778493
1.473307
1.2778493
1.2778493
1.3405845
1.2778493
1.2812226
1.2823352
1.5155103
1.4043714
1.5096335
1.403337
1.4043714
1.4715616
1.3879745
1.5155103
1.5096335
1.2823718
1.2499106
1.2823718
1.4468778
1.3772421
1.3773551
1.3483598
1.4821465
1.3622953
1.481953
1.5256761
1.3582194
1.4987379
1.4431803
1.3737643
1.4509885
1.3561332
1.262753
1.3220515
1.2593595
1.2489445
1.2212526
1.2044485
1.2216544
1.1903807
1.0995507
1.220264
1.1296971
1.161085
1.1289868
1.1476742
1.109066
1.134799
1.0525877
1.1613333
1.1708924
1.1615877
1.053484
1.0424706
1.1615877
1.1707745
1.1774476
1.1532348
1.0543815
1.1630055
1.1615877
1.175596
1.1761013
1.1757351
1.1595548
1.041801
1.1615877
1.050934
1.1630055
1.1615721
1.161079
1.1713787
1.1700815
1.0543673
1.1105423
1.0420921
1.0543245
1.1615251
1.1380322
1.0543245
1.1588819
1.1534253
1.1615095
1.0418425
1.1617761
1.1797339
1.1615251
1.1613979
1.0543245
1.1691995
1.1458892
1.0543245
1.1534253
1.157465
1.0349706
1.1615251
1.1615251
1.0543101
1.1453927
1.1794884
1.1755167
1.1629283
1.1615251
1.1610165
1.1615251
1.2146109
1.1955333
1.1639236
1.2043049
1.2300668
1.1608776
1.1375955
1.1798339
1.2679291
1.1822269
1.1379892
1.1375884
1.1249396
1.1373953
1.1450346
1.179283
1.1375955
1.1379963
1.1863719
1.1847064
1.1375955
1.1861097
1.1375955
1.1845585
1.1750678
1.1375955
1.1371495
1.1462088
1.179303
1.1376314
1.179303
1.1375955
1.170853
1.179303
1.179303
1.179303
1.13761
1.13761
1.1745253
1.1300083
1.13601
1.13761
1.13761
1.1368093
1.163904
1.1847304
1.1847304
1.1847304
1.2237067
1.1591676
1.1983943
1.1312412
1.135303
1.1369638
1.1529065
1.1399889
1.1218859
1.13711
1.0388672
1.1570209
1.2348491
1.1332247
1.1937277
1.2027059
1.1569555
1.2037296
1.1400279
1.2631818
1.1486858
1.1214639
1.1339629
1.0324733
1.0307896
1.0312101
1.0307896
1.0307896
1.0307896
1.2180202
1.2254621
1.2697947
1.2254621
1.2254621
1.2254621
1.1678307
1.2226493
1.224679
1.1868391
1.2436497
1.2254621
1.2597561
1.2253369
1.2659246
1.264841
1.2254621
1.2254621
1.2697947
1.270246
1.2665772
1.2254621
1.1569632
1.2254542
1.1582038
1.1569632
1.1472077
1.054438
1.1256279
1.1785122
1.2030348
1.1795543
1.1790332
1.2132264
1.169733
1.2996053
1.296524
1.434181
1.3914602
1.296524
1.3563623
1.3118101
1.296524
1.2964281
1.3089716
1.3518305
1.3914602
1.2457956
1.3855169
1.392019
1.3202847
1.3876064
1.296524
1.4043773
1.3000414
1.3920295
1.206528
1.1821328
1.2888545
1.4089688
1.1689681
1.3218157
1.3114928
1.1695206
1.4714943
1.4705129
1.4693618
1.4124073
1.4718188
1.1685896
1.1687185
1.3363773
1.4710385
1.188481
1.1873899
1.3725964
1.290716
1.1831962
1.4487716
1.2907528
1.306765
1.306765
1.2994863
1.2608485
1.3911737
1.3892316
1.3583629
1.1491796
1.1497966
1.2608485
1.2608485
1.3912553
1.1491796
1.2608485
1.152153
1.2552519
1.2589123
1.2552288
1.1497966
1.1685201
1.3557433
1.3761379
1.1399217
1.1658423
1.2766322
1.1479758
1.1479758
1.1971917
1.1479758
1.1464114
1.2637569
1.3536057
1.1479758
1.2603285
1.1232697
1.3576183
1.1479758
1.2594433
1.1479758
1.146843
1.1511562
1.251489
1.3576349
1.1480031
1.1523331
1.2753935
1.392666
1.2599283
1.0517374
1.2599283
1.132297
1.0071199
1.2556782
1.132297
1.2644616
1.147805
1.2599283
1.3258344
1.4114467
1.217151
1.341055
1.217151
1.217151
1.2465342
1.217151
1.2171667
1.413069
1.3425481
1.4503584
1.217151
1.3425481
1.4503584
1.3446739
1.471886
1.4694737
1.2170389
1.208239
1.217151
1.4888313
1.3424155
1.2776535
1.4673218
1.3379512
1.450571
1.3430142
1.2135403
1.21778
1.215827
1.217332
1.3451375
1.2249849
1.3456857
1.450698
1.4134957
1.2188214
1.218689
1.2188214
1.2083933
1.2177527
1.2182872
1.218838
1.3438005
1.2188214
1.3436556
1.3422722
1.2824084
1.4703605
1.3367727
1.4512974
1.3389215
1.211364
1.2703371
1.3065236
1.3266684
1.2080766
1.2386556
1.332631
1.2558448
1.3566383
1.2691113
1.2493018
1.2163402
1.2630655
1.2630655
1.2004962
1.2413763
1.2488806
1.214337
1.248971
1.2518321
1.2181262
1.2141571
1.2137443
1.2090001
1.1485724
1.2970009
1.2138112
1.214337
1.2145592
1.214337
1.1157784
1.2146038
1.1705467
1.2714094
1.2579033
1.2579033
1.2628723
1.275862
1.2214888
1.207267
1.3183594
1.3333377
1.3557042
1.2074867
1.2453784
1.2426801
1.2494885
1.2764577
1.2109239
1.2929081
1.2219385
1.2579895
1.2238301
1.1650792
1.2178837
1.2214888
1.1937934
1.268934
1.2147733
1.2586117
1.2579895
1.2219304
1.1239765
1.1239765
1.1886727
1.1886727
1.2274418
1.108147
1.1234916
1.1876105
1.1928802
1.1295788
1.1903354
1.1887065
1.1882817
1.1233705
1.1234916
1.1881468
1.2224406
1.1276089
1.1881468
1.1888076
1.1882143
1.2569125
1.1234916
1.1244062
1.2207276
1.2224406
1.1602463
1.1235201
1.2496939
1.2406354
1.2224406
1.1234916
1.2574234
1.1881468
1.2224406
1.1254327
1.24161
1.2427536
1.189976
1.1275333
1.2249012
1.1256758
1.1905154
1.2583283
1.1244615
1.123734
1.1910425
1.1905154
1.1256758
1.2583283
1.2425857
1.1252217
1.1905154
1.1969639
1.1257044
1.2583674
1.2298418
1.242889
1.1996204
1.1903836
1.1921593
1.1295747
1.1738139
1.1901201
1.1905154
1.1072992
1.1905154
1.2221433
1.2168121
1.1738139
1.1640391
1.2096881
1.119241
1.1957377
1.2144386
1.1189164
1.2053183
1.1043968
1.213323
1.1003404
1.1823736
1.1976407
1.0974339
1.0978477
1.1688199
1.0742558
1.0968131
1.1973948
1.1186357
1.2075964
1.1218616
1.2088066
1.2125881
1.1938692
1.2105709
1.2098999
1.1788768
1.2099208
1.2153068
1.1991946
1.1060977
1.1826557
1.1961207
1.1680378
1.1666695
1.0807135
1.1926514
1.1208869
1.154736
1.1666695
1.1967835
1.2052474
1.1222383
1.077883
1.1797969
1.1714073
1.1217881
1.1222383
1.1805918
1.163524
1.1950828
1.1927013
1.1819651
1.1379254
1.1522503
1.2160046
1.2311964
1.1911793
1.1824415
1.212139
1.2033288
1.1940503
1.1357857
1.203604
1.2092533
1.187807
1.1536702
1.1842382
1.2180927
1.2592866
1.1583859
1.2322168
1.1884496
1.2049181
1.2487117
1.2250451
1.1876919
1.1876919
1.1364841
1.1995354
1.1876919
1.2103846
1.2195151
1.2075276
1.1944226
1.1872516
1.2194182
1.2390305
1.2043879
1.2318021
1.2318021
1.2195151
1.1872402
1.2195151
1.2644856
1.2194424
1.2133858
1.2240247
1.2195151
1.2318021
1.1780913
1.1872516
1.1870703
1.190562
1.2478305
1.2194908
1.2443875
1.2351291
1.2221967
1.1907833
1.2221967
1.138823
1.2221967
1.1873606
1.1385754
1.188036
1.1912262
1.2355465
1.2218604
1.1912262
1.2530122
1.2316512
1.1812837
1.2225333
1.1903408
1.2163963
1.2682666
1.2115339
1.2354834
1.1420565
1.1166462
1.1912262
1.1769099
1.2225333
1.1371359
1.1820431
1.1902301
1.2422456
1.2289077
1.2309331
1.1820431
1.2225333
1.2429323
1.2532996
1.1912262
1.2225333
1.189754
1.2094992
1.2225333
1.1820431
1.1912262
1.2225333
1.1912262
1.1910475
1.2624357
1.1919682
1.2532996
1.2225333
1.1912262
1.1654336
1.2225333
1.2217594
1.2355465
1.1892357
1.1908718
1.2355465
1.2591654
1.1912262
1.2439634
1.2350122
1.4546882
1.5176781
1.573856
1.4369234
1.3192426
1.5085435
1.4357797
1.3386068
1.3192426
1.4361169
1.4872545
1.4360912
1.491237
1.3184396
1.3183349
1.2215902
1.1910475
1.2217594
1.2356602
1.221845
1.1842157
1.2195135
1.145129
1.0989592
1.0455842
1.0977001
1.0557545
1.1837401
1.1803031
1.0843471
1.0547831
1.177379
1.1706991
1.1013497
1.1570245
1.0539607
1.0539607
1.0449332
1.0405405
1.0408005
1.1155244
1.0421703
1.0264299
1.054246
1.0421703
1.0541418
1.1577283
1.0418247
1.0418247
1.0411531
1.1161381
1.0421703
1.0541757
1.0421703
1.1155244
1.0285978
1.0538054
1.053972
1.0539607
1.054246
1.0539607
1.0537574
1.0249808
1.086262
1.130502
1.0425998
1.0910764
1.1156702
1.1158161
1.0846226
1.0425998
1.0425998
1.040884
1.0354128
1.2002344
1.0748231
1.0707482
1.0692146
1.0762211
1.0760446
1.0708462
1.0707482
1.1710843
1.1766804
1.1984193
1.3896644
1.2711734
1.217779
1.3661863
1.3848485
1.1422976
1.128023
1.3247769
1.2946278
1.2186062
1.2692413
1.291958
1.2609264
1.2801497
1.3661863
1.2275376
1.3201625
1.31782
1.1799059
1.2651405
1.344568
1.2878021
1.2635131
1.1936679
1.0596743
1.3318559
1.1939743
1.2662727
1.3319074
1.1317797
1.3380787
1.2731483
1.3316784
1.2015781
1.3211423
1.2015781
1.3193544
1.3194735
1.29252
1.2015781
1.292446
1.2684542
1.201454
1.2049669
1.2057817
1.3089838
1.2345853
1.1977881
1.205057
1.1891811
1.215018
1.0960093
1.2048776
1.2466269
1.19942
1.2326066
1.2230595
1.2497706
1.205057
1.2353697
1.2580591
1.1953994
1.1250081
1.1289929
1.1336898
1.267319
1.1955345
1.1289929
1.2626789
1.2456102
1.1461567
1.1958047
1.1289929
1.2580591
1.2046967
1.191491
1.1968863
1.2191039
1.1231606
1.1776946
1.1626487
1.1966158
1.131143
1.0987123
1.1489661
1.1942259
1.4680709
1.482275
1.194888
1.3468983
1.2922868
1.3838135
1.333558
1.4042138
1.4033091
1.161782
1.3018748
1.424866
1.2489445
1.2493705
1.3527454
1.1162182
1.2356099
1.3552848
1.2050394
1.2050394
1.3623075
1.4959105
1.1921515
1.0759975
1.3530433
1.3534026
1.4812235
1.3953438
1.203026
1.4931625
1.2083747
1.3536332
1.4932168
1.2028581
1.276731
1.2116137
1.2028792
1.4683495
1.4829895
1.0604335
1.183699
1.4726593
1.3988411
1.3939447
1.413248
1.4833642
1.324783
1.3148856
1.5244899
1.3201761
1.4267013
1.3146665
1.3432271
1.4135469
1.3146665
1.3146937
1.4044702
1.3127203
1.2275287
1.2615981
1.3114486
1.3937314
1.2275287
1.2515131
1.2563848
1.2515572
1.2515572
1.3604199
1.2540375
1.4084319
1.4564568
1.422364
1.422364
1.4691635
1.4606993
1.2283994
1.4056994
1.2515572
1.3462025
1.2515572
1.266743
1.301196
1.1479445
1.2509627
1.2111539
1.3142769
1.2660762
1.1958827
1.3045534
1.2959334
1.3055953
1.2468554
1.3231388
1.1859295
1.2468423
1.2127948
1.2470936
1.1581588
1.1549269
1.234373
1.330994
1.1549269
1.2489662
1.2393281
1.263799
1.194702
1.2383659
1.2392061
1.1543521
1.2389963
1.1549269
1.2700496
1.3191614
1.1549269
1.1552148
1.2388502
1.1438355
1.1438355
1.263799
1.2938391
1.1438355
1.2846713
1.2146758
1.276274
1.3160526
1.3115982
1.1015038
1.1015038
1.3008486
1.3141081
1.1015038
1.102723
1.3127185
1.3052762
1.3139678
1.1000093
1.1119539
1.2530915
1.1015038
1.2527103
1.2532862
1.254408
1.1014152
1.1327415
1.3192787
1.1301066
1.3278263
1.3015114
1.3152875
1.1180393
1.1254095
1.1320808
1.1526651
1.1327415
1.2573417
1.1327415
1.1314214
1.1326587
1.1327415
1.1347942
1.2245796
1.069981
1.3065664
1.1327415
1.242566
1.3072331
1.2425884
1.2502391
1.2480844
1.0426143
1.3147658
1.0699323
1.3028842
1.3066748
1.0691146
1.0765207
1.3110615
1.3128902
1.2857739
1.0750942
1.2942281
1.2591175
1.0756927
1.0760261
1.075113
1.0760717
1.0690038
1.0698202
1.0260752
1.0302553
1.0730853
1.1542507
1.1025833
1.0909641
1.0751972
1.0840772
1.1157713
1.1310627
1.0682204
1.0759907
1.0847496
1.0771822
1.0775422
1.1038204
1.0775422
1.1361973
1.1085639
1.1167943
1.1011248
1.0555913
1.0398568
1.1354132
1.0422566
1.1823251
1.1463939
1.14953
1.1819582
1.1820829
1.1775837
1.0979886
1.0996517
1.0952203
1.0999155
1.1577498
1.0705028
1.0747567
1.1467962
1.1291232
1.1365033
1.1119837
1.0898796
1.1808287
1.163078
1.083924
1.0838583
1.0838788
1.0806572
1.0808034
1.130521
1.1169776
1.0858918
1.0939034
1.087456
1.1379337
1.1709895
1.1781461
1.1391709
1.0884845
1.1039478
1.0999751
1.1475904
1.1030021
1.0691172
1.0728655
1.0963998
1.0958786
1.0710248
1.0907089
1.1016026
1.1024508
1.1666727
1.1882735
1.1764183
1.1024508
1.1029679
1.1025712
1.138391
1.1367024
1.1074296
1.1673552
1.0899837
1.0923512
1.0900502
1.1023126
1.0837152
1.0906278
1.104899
1.0675327
1.0999302
1.0920321
1.0901918
1.099028
1.105909
1.210996
1.2208083
1.2105896
1.265118
1.2110806
1.2110806
1.1628429
1.2148473
1.2110806
1.2912344
1.2179921
1.2110806
1.2647268
1.2438374
1.2067289
1.1757174
1.2179921
1.2222241
1.2179921
1.2110806
1.2148473
1.2110806
1.2110806
1.2179921
1.2069318
1.1869608
1.2110806
1.2122482
1.1756729
1.2438374
1.2179921
1.2179921
1.2092934
1.1816834
1.2222534
1.2910514
1.2179921
1.195978
1.2110806
1.2101982
1.211071
1.2699686
1.201251
1.2137836
1.213806
1.2054688
1.238608
1.213806
1.1720229
1.1769592
1.2074018
1.2158213
1.2369217
1.2033035
1.1891997
1.2095611
1.2051694
1.2054741
1.2360535
1.2051694
1.1479946
1.2053131
1.2834024
1.2051694
1.2105898
1.2369217
1.2109451
1.2051694
1.2051694
1.2109451
1.1263775
1.0960628
1.1361004
1.1691058
1.1893789
1.2022071
1.1647066
1.0967277
1.1257883
1.0967277
1.0736753
1.0659112
1.0661371
1.1263775
1.14327
1.200481
1.2006738
1.1435246
1.0955819
1.2006738
1.1595016
1.1095084
1.0955082
1.1095084
1.097562
1.1095084
1.1329381
1.1095084
1.1125462
1.1435246
1.1083095
1.1266209
1.1973786
1.1160975
1.0660063
1.1266209
1.1148453
1.1296034
1.1257073
1.167756
1.119241
1.1237669
1.1257073
1.119241
1.1179765
1.2194362
1.1185839
1.1143225
1.119241
1.1247365
1.2593533
1.2233262
1.1170319
1.175511
1.1247365
1.1247365
1.1185033
1.1073303
1.1624194
1.0980817
1.1758654
1.1587723
1.1184831
1.1257073
1.0953784
1.1214616
1.1214516
1.1286274
1.1247365
1.1286274
1.1055813
1.1286274
1.1214415
1.11998
1.1755294
1.1293172
1.1286274
1.1807114
1.1286274
1.1714382
1.1214616
1.1286274
1.1807114
1.1296034
1.1214616
1.1214616
1.1107613
1.1807114
1.119241
1.1449152
1.1131865
1.2440552
1.1201826
1.3448721
1.3095866
1.2735711
1.3533896
1.2229611
1.4032649
1.3531222
1.4261289
1.1319507
1.4189464
1.2735711
1.3452288
1.128069
1.4145466
1.132012
1.132012
1.1320273
1.344853
1.132012
1.132012
1.1327507
1.344853
1.1176127
1.3849142
1.1330596
1.3460852
1.1723701
1.3849142
1.131027
1.2362912
1.3769867
1.1325662
1.2738419
1.1339802
1.3864897
1.1339802
1.1352
1.4008964
1.1516637
1.1464676
1.4280024
1.1302781
1.1302781
1.3213503
1.345956
1.129632
1.1141691
1.3937736
1.1141691
1.1592401
1.1425993
1.3534349
1.1160064
1.3760855
1.416783
1.221251
1.1425993
1.1385108
1.3901316
1.3310286
1.4080887
1.1421052
1.2815523
1.4139968
1.3601874
1.2815523
1.3601874
1.3598701
1.1297959
1.1364945
1.345956
1.3459824
1.4219136
1.3459824
1.3983555
1.269317
1.4065796
1.3324869
1.3639402
1.4009207
1.3605831
1.3861101
1.130296
1.4009207
1.1292962
1.4216272
1.2876371
1.130296
1.1464676
1.114452
1.1464676
1.1464676
1.1295515
1.0837157
1.0837314
1.0552748
1.1286702
1.1383408
1.1296463
1.1296463
1.0837471
1.0837471
1.0688863
1.114452
1.0828087
1.114452
1.114452
1.1296463
1.0837471
1.1296463
1.082793
1.0697583
1.114452
1.0837471
1.0837471
1.1134727
1.129632
1.066155
1.0818404
1.0837471
1.1218735
1.0708328
1.0712706
1.0712827
1.0640872
1.129522
1.1159639
1.1305612
1.1295072
1.0712827
1.1007426
1.1007426
1.0712827
1.0431336
1.0431336
1.0429081
1.0641226
1.0710577
1.1144961
1.1166816
1.0696119
1.100959
1.1159497
1.1157236
1.0574137
1.1140434
1.0570444
1.1140434
1.0785248
1.1083122
1.0858488
1.1121279
1.1102175
1.0570444
1.1154833
1.107435
1.0880009
1.1748095
1.1159639
1.0880009
1.1159639
1.1396422
1.1159639
1.1141827
1.1159639
1.1678375
1.1121279
1.1149889
1.1083122
1.1121279
1.115455
1.1159639
1.1237473
1.0383708
1.1465027
1.0847454
1.0880009
1.1342378
1.0880215
1.0863707
1.1271529
1.0875927
1.1520867
1.1263272
1.1623809
1.1496814
1.1264784
1.1465027
1.1487689
1.1271529
1.0880009
1.1342378
1.101784
1.1342378
1.0880009
1.1262558
1.1160206
1.118362
1.149945
1.2292732
1.3833365
1.188121
1.3071012
1.3518215
1.2214259
1.4209533
1.4096439
1.32755
1.3196694
1.3152276
1.2954147
1.3690886
1.2224464
1.3156258
1.2189717
1.318775
1.2189717
1.1459516
1.2283441
1.3004395
1.2194703
1.2225552
1.3319691
1.1329176
1.3321141
1.3321141
1.1885307
1.4284747
1.2715318
1.1886202
1.4284747
1.3950437
1.2219833
1.3311723
1.3396573
1.1644824
1.2219833
1.1952319
1.4136403
1.1325248
1.3321141
1.3163928
1.3321141
1.1628236
1.3321141
1.228105
1.2763779
1.1573341
1.4242241
1.3397839
1.277915
1.331362
1.2242045
1.1305802
1.1305802
1.3072594
1.1294698
1.1330723
1.2889193
1.3010986
1.3010986
1.3010986
1.3301778
1.2944602
1.2714502
1.1304251
1.1305802
1.133127
1.2946122
1.2855712
1.3032663
1.2816774
1.331125
1.2816774
1.1282575
1.06809
1.3015633
1.1305802
1.135293
1.1463329
1.2004611
1.1067855
1.2849997
1.2830724
1.1755486
1.255461
1.0934378
1.0842505
1.1022724
1.2705694
1.0923927
1.2840604
1.1326684
1.2472802
1.0939714
1.2755316
1.2813022
1.0934378
1.0934378
1.0934378
1.0169358
1.2547821
1.2556705
1.2197384
1.2744938
1.1321862
1.0922714
1.2692335
1.2533187
1.1143631
1.2768909
1.0723828
1.2882
1.1115472
1.1949745
1.2606002
1.0773903
1.3006356
1.1010734
1.188109
1.2966839
1.3063719
1.3850557
1.2096503
1.1879381
1.3728477
1.1629882
1.1647232
1.3949385
1.3831413
1.20852
1.3969795
1.1647323
1.2838341
1.1681309
1.1647232
1.3919894
1.2794415
1.3807179
1.4012741
1.4175489
1.1612908
1.2801068
1.4151362
1.4058985
1.1612908
1.2801068
1.2799805
1.2807171
1.133018
1.341355
1.3480685
1.341355
1.4037257
1.4037467
1.3964627
1.2096797
1.342181
1.2687573
1.3275124
1.416655
1.346553
1.3369551
1.3223124
1.3516374
1.2020327
1.2020137
1.17114
1.3259535
1.3460442
1.4134533
1.4033744
1.2625921
1.376771
1.2027495
1.2034088
1.1539698
1.3300985
1.4012787
1.175018
1.1998512
1.3358027
1.4318312
1.4411988
1.4698225
1.4411988
1.2027967
1.3341938
1.2004732
1.200765
1.1068819
1.4042199
1.2034088
1.2711954
1.4400483
1.2123569
1.3357196
1.4008914
1.3357196
1.3356498
1.3314371
1.2012548
1.2082573
1.4375848
1.2087059
1.4343251
1.4085015
1.4375848
1.106049
1.3314434
1.3314884
1.4009347
1.4054065
1.2671081
1.3932718
1.3482114
1.3995833
1.2090088
1.2207087
1.3293576
1.3293513
1.4185061
1.3979785
1.2966268
1.1807479
1.3302696
1.2065073
1.0824357
1.2060325
1.1047119
1.1926256
1.3298786
1.3210651
1.3314434
1.3577579
1.1561404
1.2025392
1.2065073
1.3303999
1.2117726
1.206541
1.3569496
1.1993014
1.2082655
1.1046287
1.1529466
1.2440331
1.1049335
1.1579461
1.2137904
1.2187593
1.1032077
1.1988752
1.2088367
1.16735
1.1676005
1.1169981
1.2164906
1.105125
1.11681
1.1169981
1.1169891
1.2084156
1.2092843
1.1951175
1.2239941
1.2236589
1.1677669
1.2275547
1.1644324
1.423382
1.2084033
1.5381681
1.3624904
1.5002548
1.5556849
1.4639143
1.5231951
1.484848
1.4221102
1.2083893
1.3488865
1.4891123
1.4244579
1.4599056
1.4789912
1.2688707
1.2746559
1.2704738
1.2194011
1.3171607
1.3313198
1.457585
1.2585777
1.3534795
1.4835452
1.2107762
1.096684
1.215417
1.3294965
1.1960353
1.3430442
1.3449655
1.4231918
1.2791039
1.2791231
1.4172179
1.3861493
1.2435099
1.4172179
1.4858838
1.2961698
1.3156807
1.4663866
1.5216383
1.4929581
1.3809954
1.4656091
1.4519596
1.4656091
1.523717
1.3469371
1.3432596
1.4342068
1.4656091
1.3443359
1.4656091
1.343463
1.2974902
1.4656091
1.4932604
1.3453375
1.345096
1.2422884
1.4239962
1.4514741
1.4935812
1.2552662
1.4156934
1.2588134
1.3011731
1.3011731
1.2315124
1.3339559
1.2344157
1.2416803
1.2417097
1.2548867
1.2031965
1.1181123
1.2771363
1.3077582
1.325738
1.3321121
1.3374455
1.3068961
1.3348465
1.2654736
1.2551346
1.3344871
1.3984995
1.2852722
1.2820469
1.2303668
1.1457337
1.2857417
1.1662011
1.1633066
1.1200103
1.1658757
1.1755337
1.2931117
1.3049456
1.100756
1.165634
1.0762454
1.1725454
1.2917457
1.2963371
1.3006312
1.1289321
1.2910482
1.3105174
1.2843336
1.1646811
1.1501288
1.1667833
1.2569975
1.3085898
1.2766331
1.1654171
1.1949145
1.3092407
1.3367962
1.1425223
1.3248341
1.1584033
1.1890873
1.17852
1.133696
1.110342
1.1045134
1.1089064
1.1140577
1.1232975
1.1180423
1.1105807
1.0829284
1.089541
1.0991538
1.1185795
1.1658168
1.0861725
1.1245621
1.1458168
1.1586164
1.1135044
1.1322249
1.0799003
1.1084633
1.1177412
1.1470563
1.1273948
1.1184801
1.1761394
1.145606
1.2100464
1.213511
1.0689366
1.1471683
1.1592368
1.1629978
1.1797594
1.2024778
1.2164016
1.1615769
1.1849209
1.2067324
0.68740475
1.1621385
1.1113691
1.1888664
1.1125654
1.1905805
1.2046765
1.1888664
1.1125654
1.1129813
1.1188312
1.1989162
1.1126148
1.1508203
1.1126148
1.1126148
1.089819
1.0979661
1.0969439
1.0925353
1.0899855
1.0925194
1.0925359
1.0979233
1.092527
1.0925353
1.070402
1.1126939
1.1012553
1.1022202
1.1070977
1.0693654
1.069938
1.0573003
1.1172339
1.1280614
1.1202949
1.1299984
1.1236778
1.0768739
1.1182264
1.0817746
1.1172339
1.1172339
1.1236008
1.1253016
1.0801984
1.1172339
1.117229
1.1253387
1.1269305
1.0550334
1.1219691
1.0548788
1.0356207
1.1435218
1.1302036
1.0356207
1.1299984
1.0573003
1.0573003
1.1432908
1.0573003
1.0744202
1.0573003
1.0573003
1.1268286
1.1259108
1.0558996
1.0558996
1.0558751
1.1291841
1.1291841
1.0558873
1.1291841
1.0566753
1.1374278
1.0558996
1.0920849
1.154442
1.0505807
1.0706108
1.1293131
1.149376
1.1562314
1.1298914
1.056502
1.0686421
1.1297708
1.0753443
1.1432527
1.1546805
1.1596177
1.1605877
1.1616802
1.1454104
1.3117825
1.1916705
1.2184471
1.1899264
1.1973088
1.3285913
1.3118734
1.3286273
1.3793206
1.1899264
1.1899264
1.1100794
1.0889509
1.2420715
1.1330212
1.1872636
1.1464596
1.2422792
1.2515149
1.2186137
1.193392
1.1934198
1.1623017
1.1612799
1.1632857
1.074984
1.1572602
1.097079
1.1912403
1.1961389
1.0749023
1.12594
1.1260632
1.0955131
1.0455114
1.1683639
1.0706882
1.1183695
1.1391406
1.0707587
1.1535785
1.1160674
1.1166302
1.1156051
1.1905651
1.1130775
1.1160585
1.1160674
1.1282078
1.1160674
1.1263381
1.1083387
1.1288158
1.0694277
1.0722852
1.1216965
1.0948815
1.1382314
1.0613644
1.0458502
1.0910546
1.1237519
1.0426211
1.1253303
1.0712806
1.0711732
1.0712806
1.062311
1.1262777
1.0712806
1.0712806
1.0672491
1.0712806
1.0722576
1.0712806
1.0658656
1.069866
1.0490029
1.1069906
1.0481917
1.0727739
1.0840356
1.0556358
1.1167266
1.125348
1.0957417
1.1127588
1.1165696
1.1333613
1.1269746
1.1280497
1.1188748
1.1147312
1.1203166
1.1219906
1.0502815
1.0433916
1.1271548
1.0434128
1.0445944
1.1203599
1.0420686
1.0420686
1.1246668
1.1285719
1.0420686
1.087892
1.0730475
1.1199574
1.0203334
1.1208662
1.0433077
1.0430602
1.0429049
1.0429881
1.1081518
1.0325103
1.0325946
1.0338074
1.121966
1.1312083
1.1219733
1.1317649
1.13405
1.044978
1.1219733
1.0417094
1.1114209
1.1227359
1.1224601
1.121212
1.1288822
1.1226404
1.1456411
1.0949768
1.1934384
1.15152
1.1438936
1.1215739
1.1436259
1.1218433
1.1467245
1.1436259
1.1598741
1.1217637
1.199681
1.1217726
1.127738
1.2164274
1.1762826
1.1764055
1.1799635
1.1762826
1.1215475
1.1403613
1.1294231
1.1232854
1.0911487
1.1531694
1.1849042
1.1356429
1.2136285
1.1835306
1.1309593
1.1154613
1.1702238
1.1218692
1.1582956
1.134174
1.1294231
1.1294231
1.1537534
1.1292936
1.1294231
1.1537707
1.1857554
1.1489345
1.1793009
1.1855516
1.223623
1.1796446
1.1487862
1.171559
1.1715428
1.1715428
1.1796446
1.2646465
1.2022026
1.2014202
1.1519674
1.223623
1.1901476
1.1715428
1.1715428
1.1789578
1.1796446
1.2022026
1.2022026
1.1721548
1.1675158
1.1603326
1.2209663
1.2116343
1.20487
1.2181016
1.1420114
1.1711164
1.1711164
1.2466856
1.1711164
1.1541549
1.169169
1.117815
1.1650709
1.19944
1.1143947
1.0939595
1.1711797
1.1690712
1.1711797
1.1711797
1.166266
1.1267027
1.1289752
1.177996
1.1675489
1.1976669
1.1690624
1.2618579
1.1761057
1.230528
1.2273333
1.1761057
1.0985074
1.2402619
1.2810788
1.2223543
1.2279605
1.2291335
1.1314166
1.133118
1.173956
1.1415328
1.1675555
1.1904318
1.1653357
1.2755799
1.1958036
1.225968
1.2385579
1.2419871
1.2303274
1.1238618
1.0959476
1.066809
1.1240041
1.1527278
1.1527278
1.1482044
1.1527278
1.1527278
1.209096
1.1866536
1.3005438
1.2095158
1.2272667
1.252502
1.1721764
1.1948792
1.1721764
1.0768938
1.195152
1.2197713
1.1972399
1.280878
1.1948792
1.1678528
1.1948792
1.1870219
1.229144
1.2979053
1.229144
1.1386001
1.1706169
1.1831962
1.0667355
1.2302576
1.1948792
1.2289467
1.1721156
1.041629
1.0769825
1.226449
1.1498414
1.220306
1.2236603
1.1721156
1.0771478
1.0504427
1.1709087
1.1670437
1.120633
1.1181953
1.0995597
1.1189649
1.1340423
1.1221135
1.2131554
1.1980922
1.1993492
1.1870369
1.1592783
1.1668078
1.1721156
1.1213706
1.1221135
1.2131522
1.1723218
1.1219175
1.2134188
1.1610699
1.1129682
1.2168671
1.1221135
1.122063
1.1196254
1.216791
1.1723218
1.1221135
1.2168671
1.1985264
1.1711583
1.2044852
1.1164987
1.1209995
1.171497
1.1213706
1.1060473
1.1164604
1.2107638
1.1213706
1.1559274
1.2156968
1.2289467
1.2143545
1.1684127
1.260765
1.2463857
1.216083
1.2180784
1.2232434
1.216083
1.2783235
1.2273344
1.1810367
1.1794081
1.1584567
1.2183079
1.2289099
1.2294738
1.1810924
1.1698875
1.1807765
1.2194738
1.2294004
1.2651067
1.2246046
1.1970739
1.1297181
1.247161
1.1948622
1.128617
1.1948622
1.1886015
1.1297181
1.0698167
1.2294004
1.1948622
1.2294004
1.2561642
1.2294738
1.2561642
1.1297181
1.2641288
1.1297324
1.1297181
1.1297467
1.1948622
1.1926119
1.247161
1.1315498
1.1277667
1.2294004
1.220643
1.1296034
1.1297181
1.1948622
1.1297324
1.1332757
1.1294738
1.2119675
1.1272798
1.1922867
1.1948622
1.1297181
1.178101
1.1142511
1.2134272
1.2119675
1.1998165
1.1142511
1.2142649
1.1510042
1.2470092
1.1142511
1.2244643
1.1616348
1.206477
1.2130642
1.1865661
1.1626836
1.2623917
1.2652886
1.2168646
1.213758
1.2822802
1.2652886
1.2277651
1.2651314
1.2277651
1.2276517
1.2560675
1.2277489
1.260755
1.2277489
1.1221741
1.2277489
1.2269236
1.2665772
1.2207636
1.2275144
1.1722945
1.2653083
1.3479506
1.2625666
1.2277489
1.2653083
1.2745305
1.2740004
1.2787873
1.24718
1.2277489
1.2653083
1.2277489
1.2740004
1.322206
1.2271925
1.2277489
1.2277489
1.2653083
1.2813914
1.2656239
1.2277246
1.2277489
1.2227323
1.2740004
1.3230122
1.282262
1.2062148
1.247218
1.1700779
1.227522
1.2651657
1.2277489
1.2277489
1.1294022
1.1949131
1.2264136
1.2165511
1.2277651
1.3480955
1.2277651
1.2801061
1.348665
1.2275383
1.2275383
1.2645707
1.2276034
1.2637067
1.2637067
1.2266971
1.2266971
1.1643363
1.2274734
1.2563857
1.2733365
1.270662
1.264336
1.1621358
1.2173367
1.2278303
1.2269399
1.2718592
1.124502
1.1458459
1.1983284
1.157918
1.2154087
1.1220186
1.1568377
1.1296034
1.1585397
1.1920159
1.1925805
0.44276473
1.1572809
1.1585397
1.2194595
1.2073954
1.213323
1.213323
1.2130176
1.2605724
1.2455676
1.1778973
1.2128888
1.2451258
1.2143142
1.2134542
1.2418745
1.1894498
1.1814181
1.2783928
1.2435495
1.213115
1.2062317
1.2646791
1.2090791
1.2010992
1.2461764
1.1926336
1.2130675
1.266052
1.2168406
1.2232171
1.2219568
1.2168792
1.2168792
1.3015255
1.2154018
1.2168792
1.2249054
1.2235792
1.1937362
1.2038869
1.1807969
1.2228703
1.2178473
1.1894876
1.2159344
1.2490287
1.1903323
1.1667807
1.1666881
1.1073573
1.167388
1.1944633
1.1011643
1.156663
1.2153223
1.1729634
1.108255
1.216889
1.108255
1.2001346
1.1474887
1.168
1.2131075
1.1683315
1.1001235
1.1073573
1.1081426
1.108255
1.1683675
1.107806
1.1605319
1.0468953
1.0502007
1.0532743
1.0533853
1.0410212
1.0452855
1.0535878
1.1416626
1.138699
1.050045
1.1571144
1.0716318
1.1418607
1.1547124
1.1477402
1.1520573
1.1673888
1.1416274
1.0709623
1.0716118
1.1418607
1.0716318
1.143958
1.077026
1.122164
1.0772033
1.0772033
1.1458266
1.1569866
1.0772033
1.1464568
1.1589888
1.0772033
1.1466104
1.1320096
1.1465912
1.144493
1.1466104
1.1465238
1.156269
1.1458266
1.1466104
1.1463038
1.0580252
1.1431402
1.1563092
1.0765424
1.0582374
1.1458266
1.0765424
1.1458266
1.0657796
1.1457304
1.0713012
1.0765424
1.145817
1.1562339
1.0765424
1.1561998
1.0765424
1.1214211
1.1585208
1.158034
1.1512042
1.0763649
1.0763649
1.0763649
1.1563246
1.0661101
1.144493
1.0763649
1.1212595
1.1456728
1.1576333
1.1457112
1.1582962
1.1616969
1.1454769
1.1580645
1.1656587
1.0763649
1.1456728
1.1562339
1.0683095
1.0760348
1.1648428
1.1564721
1.1617761
1.0529739
1.0744337
1.1457112
1.1634041
1.1457015
1.0764092
1.0764092
1.1370705
1.0764092
1.1457112
1.1529647
1.1560026
1.076366
1.1464951
1.0770704
1.0770483
1.1642466
1.0504382
1.1588349
1.1582046
1.1593626
1.1642329
1.186973
1.197088
1.197088
1.2143219
1.1719593
1.2651217
1.2714403
1.2709773
1.1926756
1.2099575
1.225157
1.2786591
1.2240967
1.2222944
1.2169186
1.2078007
1.2650019
1.190772
1.2240967
1.2742954
1.1576978
1.1576978
1.2394595
1.2486031
1.2240967
1.2610091
1.2786957
1.2650019
1.2781113
1.2681746
1.260716
1.2242277
1.2605406
1.2278138
1.3461868
1.2788622
1.3361775
1.3200976
1.2599732
1.2605406
1.2203693
1.2605406
1.2242277
1.1567827
1.2170516
1.196015
1.2242277
1.2714058
1.119241
1.2242277
1.2203555
1.2233262
1.2788622
1.2242277
1.2605406
1.2242277
1.2131176
1.2605406
1.2605406
1.2172192
1.2242277
1.1905025
1.2789339
1.2239662
1.2240967
1.2709773
1.2708852
1.222211
1.2605406
1.2170516
1.2614418
1.2237406
1.2279569
1.2605406
1.3099229
1.2242277
1.3464304
1.2579653
1.2099575
1.2242277
1.2720828
1.2605406
1.2605406
1.2242277
1.2464442
1.2242277
1.2242277
1.2203693
1.2650921
1.2260019
1.2355294
1.2650921
1.2742954
1.2278465
1.2684679
1.1947263
1.2963307
1.1724039
1.3212638
1.2676418
1.2650921
1.2278384
1.2239941
1.2166501
1.2256032
1.2183561
1.2276117
1.1957997
1.2651118
1.2742685
1.213486
1.2824267
1.2277082
1.2742685
1.2278465
1.2651314
1.3233149
1.2478905
