3.001461
6.432899
6.460191
3.654958
3.6791866
5.868713
1.61382
5.184704
5.884719
5.8850303
5.892304
5.892304
5.929017
6.117531
0.33449948
6.0110703
5.751336
5.7308507
3.9574926
6.1633673
6.609699
6.6279864
3.5265465
6.338222
6.1499324
6.6525135
6.33514
1.4719359
3.1124082
3.2673056
2.9215698
2.9216056
3.0547967
3.2674885
0.7965261
3.109694
3.1265075
3.1116083
3.1121495
3.1270618
3.1467783
3.1498945
3.1430302
1.7728958
3.1527383
3.0946727
3.1530578
0.36274457
3.093673
3.0942097
3.093673
3.0942097
3.0942097
3.0942447
2.9240198
3.0983481
3.0956328
3.0525203
3.1024535
3.1024425
3.1466966
3.1007183
3.1197646
3.1226468
3.1369703
1.3788397
3.065544
3.1336465
3.1009846
3.1403983
3.1012497
3.1375284
3.1441312
3.0993066
3.155932
3.1497743
3.1301918
0.22844675
3.1149795
3.1341574
3.1341574
3.069635
3.1342385
3.1142411
3.111841
0.5378504
3.0679111
2.6008177
3.0757806
3.068596
3.0758142
3.0876384
3.0908566
3.0880606
3.0162568
3.0917726
3.0939784
3.0084598
3.104998
3.0201054
3.109785
