2.0645123
2.4989388
0.57472175
0.57437646
0.16236049
0.5100949
0.11262712
0.29568052
0.45053887
0.46183375
0.34106886
0.107027695
0.09634501
0.16834532
0.22756521
0.1980142
0.18437901
0.15429167
0.13532677
0.22490777
0.10907187
0.17437129
0.17437129
0.17486542
0.100023106
0.16336276
0.16340692
0.17148218
0.20908137
0.2358802
0.22372654
0.15790723
0.15063095
0.09874258
0.1151361
0.14354962
0.22462241
0.21382625
0.221872
0.22210494
0.10943463
0.18331093
0.22649054
0.24771081
0.14448501
0.12756407
0.18533765
0.1842502
0.14512981
0.20406793
0.18383658
0.18624477
0.22067767
0.20406793
0.23262529
0.30875197
0.09909455
0.105209626
0.10700513
0.099762395
0.10707353
0.10836105
0.11670572
0.10120004
0.07132876
0.12492237
0.116430715
0.12065803
0.11889301
0.11037482
0.10094941
0.12158247
0.107117355
0.09587744
0.10011923
0.12007668
0.120197564
0.10531406
0.097827256
0.10944907
0.12016729
0.12496243
0.09891155
0.12164804
0.09785066
0.100202866
0.103756666
0.100202866
0.120197564
0.12076867
0.118302956
0.123947196
0.12645689
0.103959315
0.12581594
0.120258085
0.103966
0.10364645
0.10383383
0.107229516
0.10831904
0.103966
0.103966
0.11095578
0.10879399
0.113924816
0.116482034
0.12593435
0.12723483
0.12723483
0.10366584
0.121004
0.1202954
0.12769295
0.1406409
0.11111251
0.10394011
0.12543713
0.22814068
0.124304615
0.22814068
0.12958977
0.28171074
0.27145126
0.18270683
0.1628992
0.2627419
0.2627419
0.13552442
0.20453621
0.26186803
0.26269662
0.27154988
0.27170375
0.2640953
0.26914877
0.27115735
0.17971778
0.18010144
0.2616675
0.18010144
0.27115735
0.27201173
0.23761564
0.24629062
0.27286813
0.32053158
0.14261705
0.22225007
0.22203179
0.32393017
0.30136377
0.3165269
0.3165269
0.3165269
0.11137307
0.21231067
0.3001052
0.31932262
0.3273434
0.21430588
0.3274747
0.29752082
0.32005978
0.3165269
0.14239156
0.27052614
0.31033352
0.32014787
0.2310826
0.23913069
0.104105614
0.25035626
0.21010219
0.27331945
0.2842954
0.31440717
0.34374177
0.28604192
0.32407615
0.23323828
0.23939629
0.35187846
0.10819477
0.10394179
0.33417466
0.33219233
0.31605056
0.102968946
0.108500324
0.32783294
0.3302881
0.30254006
0.32930452
0.27519473
0.27395165
0.20094125
0.33140573
0.10813569
0.2727137
0.33140573
