0.37699288
1.0248805
3.0840824
3.0840824
3.1204073
3.120507
3.121205
3.131378
0.2047367
2.981617
1.3648441
2.9005423
2.6855998
2.9005423
2.9406912
2.9763718
2.997484
3.005598
3.0096736
2.9276147
2.9712815
2.9705956
3.0012152
2.9138582
3.0094156
3.0318313
3.0724885
3.0588293
3.0274913
3.0659392
3.0550258
3.0377357
3.0376148
3.0551057
3.0462408
3.0667593
3.065505
0.19380562
3.0370576
3.0288224
3.0297544
3.0252616
3.0371037
3.0371172
3.025777
3.0211926
0.70293546
3.0408692
3.0284114
3.019096
3.0372536
3.0210254
3.0202122
3.0343769
3.0372634
3.0407515
3.0339851
3.0356603
3.0310345
3.0390253
3.0387018
3.0371315
3.0324688
1.1435591
3.020187
3.0202122
1.1440954
2.3709838
3.0897264
3.08975
3.1181483
3.0261161
3.1287153
3.120482
3.0671136
3.0935774
3.1255333
3.1403205
3.1379137
3.0945117
3.1424608
3.1316397
3.0287917
3.1331413
3.1577609
3.0585551
3.1277914
3.181224
3.1145618
3.1849039
0.35743135
3.171932
3.1627178
3.0603416
3.0275853
3.171932
3.1041744
3.1789088
3.2095003
3.0172377
3.0047362
