0.9690313
0.92240953
0.54874367
0.9399603
0.92069435
0.9837986
0.5473071
0.5937257
0.9186386
0.9839784
0.9814067
0.9005048
0.9252965
0.92069435
0.9270008
0.915943
0.90062433
0.9843104
0.90241283
0.6593507
0.6935447
0.90063125
0.88557
0.78368
0.89993775
0.54724985
0.87979645
0.80801755
0.8793166
0.9207363
0.992372
0.63486314
0.85864806
0.82218367
0.9821951
0.98709226
0.9872311
0.9948393
0.9324702
1.0310893
0.84622467
1.022244
1.0292472
1.1047004
0.61883014
0.5338505
1.004607
0.91202796
0.966913
0.91223884
0.99112797
0.9124366
0.9543564
0.94793713
0.91215247
0.9718876
0.94793713
1.0069686
0.9200727
0.9415269
0.9960983
0.9153134
0.9229653
0.861716
0.88126254
0.90391207
0.99665254
1.0103904
0.7459203
1.002211
0.90591365
0.91108716
0.9682756
0.9911778
0.97878057
1.0177119
0.9483888
1.0012424
1.0016428
0.84606385
0.9849954
0.9587686
0.93250716
0.8578897
0.86825347
0.9061862
0.90168613
0.863172
0.90594965
0.71487975
0.90603375
0.91711724
0.869478
0.9782258
0.92271966
0.94044787
0.95956665
0.85891837
0.8206123
0.8206123
0.9791579
0.91158086
0.9817201
0.90070754
0.9233598
0.9608833
0.99676925
0.9835758
1.0042127
0.96069634
0.92315066
0.98407394
1.0076921
0.92334324
0.7451155
0.9708005
0.97150594
0.98305094
0.95804185
0.97747993
0.9933274
0.9908049
1.0123135
0.9995657
1.0013479
0.96733505
0.9430927
0.954284
1.0124501
1.0110649
0.9187472
0.94547904
0.9187472
0.97844076
0.89676875
0.91852754
0.91873074
0.908403
0.9344134
0.91913676
0.91084343
0.9079835
0.9190595
0.9343825
0.9299739
0.92166406
0.9340588
0.8103792
0.89782625
0.7519804
0.82523763
0.84324425
0.9770327
0.75200564
0.8037684
0.91826075
0.7567446
0.8488655
0.84998626
0.87437016
0.7582928
0.7581026
0.75251824
0.8373011
0.8739175
0.8916852
0.87405604
0.90380406
0.9033994
0.88610715
0.99593705
0.8764204
0.897582
0.8797534
0.8916041
0.97883093
0.9413044
0.96295226
0.9685715
1.0355599
0.9718533
1.0424671
1.0637305
1.0724894
1.0298557
0.93190354
1.0924102
1.0696337
1.0240433
1.0235869
1.0657663
1.0739129
0.9109564
1.070745
0.94159347
0.9851287
0.59049565
1.0003809
0.9784752
0.985397
0.9921355
1.0413022
0.94260037
1.0330321
1.0514474
0.81779146
0.9447805
0.94554615
0.9610252
1.0160178
1.0241567
0.99205714
0.88931525
0.9860135
0.727531
1.0079232
0.9923907
0.99557114
1.0542067
0.9499014
0.6775507
0.98062277
1.0201967
0.9815698
1.0706304
0.99059117
1.0424415
0.9875942
1.0157081
1.0505289
1.0594256
0.73066086
0.9251625
0.63821745
1.011937
0.9513249
0.92786133
0.96252555
0.9508093
0.97011197
0.98171395
0.89808506
0.73494637
0.9790173
0.9790173
0.99653727
1.0505625
0.904101
0.7017545
0.5708833
0.880703
0.89507186
0.89142805
0.88959014
0.9224903
0.7729505
0.96753675
1.0117592
0.99690694
1.0281051
1.0169797
0.9912125
0.99566036
0.99793154
1.0338432
0.98563045
0.86651635
0.9865707
0.9867918
0.96321416
0.9988312
1.0036945
1.042106
0.9858111
1.0015209
0.98563045
0.9856706
1.0466326
1.0637193
1.0760027
0.8486275
0.9874622
1.0696766
1.0692701
1.1226066
1.1657495
1.0086945
0.99675447
1.000664
0.9679331
0.96809155
0.7971896
1.0314578
1.0831006
0.8807765
1.0983189
1.0911463
1.0855838
1.1602565
1.0221136
1.0139153
0.99934334
0.40248427
0.91739255
1.0226586
0.9196105
0.9897495
1.0097762
1.003887
1.0239117
1.0211221
0.99037397
0.84301794
1.0200636
0.72907585
0.6128159
0.9812512
0.9812512
1.0245243
1.0245243
1.0243813
0.8993357
1.0256722
0.8407871
1.0761076
1.0006081
1.2291284
0.6183574
1.0536331
1.052271
0.4806456
0.63113266
0.6320529
0.52421683
0.9556372
0.9712709
0.97243345
0.84445435
0.8579543
0.89515996
0.90407264
0.9303439
0.9558683
0.9554062
0.9688697
0.97530895
0.68329024
0.9052762
0.88968736
0.8954376
0.90851176
0.86728936
0.98615605
0.9943912
0.78473985
0.6183293
0.98597825
0.985478
0.9685278
0.48148954
0.8256514
0.97036433
0.9477414
0.57755876
0.88271433
0.75621754
0.75148237
0.83193284
0.7595742
0.9168491
0.7591578
0.9011163
0.90112585
0.78806525
0.84846395
0.92565674
0.8234734
0.8187374
0.751243
0.795307
0.87384576
0.6750094
0.90186566
0.7907834
0.92214835
0.84635955
0.8119086
0.8166939
0.8200637
0.7697497
0.9169644
0.7145633
0.88123083
0.7746178
0.7656051
0.8779211
0.8945391
0.5859717
0.7121596
0.7111748
0.7128903
0.70918506
0.7062044
0.71215147
0.70429325
0.6719571
0.6736604
0.71778667
0.6736604
0.7183114
0.6901323
0.7202983
0.712222
0.6560771
0.71203953
0.6739872
0.59732324
0.68934554
0.687931
0.68944496
0.7215045
0.7163145
0.68934554
0.7063028
0.23367314
0.7049264
0.7049264
0.67064667
0.6690287
0.68962127
0.7207891
0.7244762
0.7421873
0.7603485
0.87851423
0.7202302
0.8814859
0.87102866
0.65557694
0.88131106
0.8936172
0.8969094
0.3790424
0.70855224
0.8961679
0.89321566
0.8640828
0.70778793
0.7704296
0.89536214
0.89474547
0.7800443
0.74667495
0.77986073
0.86002064
0.74622375
0.74789387
0.77074516
0.6064361
0.7580831
0.7394712
0.7737961
0.77905947
0.7645187
0.7757165
0.77394736
0.68340206
0.7741142
0.77372825
0.7745233
0.7797697
0.77442497
0.77924615
0.7800953
0.7644315
0.77075094
0.77478325
0.78098255
0.7663053
0.7784019
0.7179938
0.7818703
0.78270924
0.7910251
0.59593254
0.6489111
0.5263779
0.71024203
0.7117668
0.71430194
0.75722235
0.7519066
0.76394653
0.77650046
0.77660817
0.77671486
0.777366
0.78467435
0.79232574
0.78476477
0.8406363
