0.68900263
10.617119
10.077148
10.1037655
10.001322
6.569156
6.3363185
6.585199
10.072041
3.3392322
9.678599
9.664186
5.5363855
7.4678144
7.459972
4.1222434
7.4641767
7.3274336
6.0146594
7.463282
1.4653336
4.4960666
2.6759703
7.4369993
7.483059
7.4948473
2.6540372
7.4342923
2.127669
4.5544934
7.468203
5.2714577
7.3442726
7.4619517
2.8874693
6.2510858
7.375153
5.7009797
7.4483886
7.72294
2.5017793
6.073173
6.074127
6.073826
5.3765473
6.0396805
1.5883659
5.951849
5.164783
5.951714
1.5509881
1.2412002
1.4501379
5.1605115
5.164306
5.1773415
2.689501
5.3173895
5.1776395
5.316981
5.344152
5.349207
5.3279195
5.2780924
1.733649
5.665201
1.9171474
5.263227
5.2967134
5.2621193
5.3134823
5.1861153
5.297614
1.3547026
5.344545
1.2881539
1.4112493
1.8684154
1.2875764
0.064475745
1.2771207
1.2726208
1.258289
1.2772403
1.2827587
1.5519552
1.3307518
1.3171334
1.3341702
1.5128348
1.3216275
1.3363425
1.3363425
1.3373914
1.5288696
1.5657884
1.725358
1.7859765
1.546924
1.8004103
1.8004103
1.8060977
1.7655314
1.806325
2.0027907
2.163226
1.5652558
2.1857445
1.5652558
1.5652558
2.2060518
1.8230007
2.2330375
2.260099
2.2533739
2.128701
2.2668753
1.3891959
2.2557847
2.058915
2.269479
2.2433734
2.3435125
1.5786963
1.9596373
2.1512969
2.366888
1.6244559
2.223457
1.9643587
2.2144902
1.9156829
2.2001054
1.915334
2.3007786
2.219076
1.5962182
1.4712259
1.9146369
1.9656595
2.205685
2.2254498
2.2325854
2.240688
2.2320743
2.1782653
2.1994712
2.4921072
1.7287241
2.481128
2.0043938
2.0043938
2.4042003
2.6052728
2.573612
2.0029974
2.8078063
2.6005144
2.7875288
2.3988168
1.880894
1.778884
2.0196245
2.599775
2.600738
2.0611186
2.5930424
2.3645794
2.1496136
2.1623309
1.8446827
2.3671665
2.5120006
2.4783053
2.5991569
2.4894009
2.603486
3.059513
3.2657895
3.2398345
3.2640455
3.0625315
3.2082326
3.2012966
3.2364388
3.2114835
3.038586
3.0572543
3.2352822
2.997324
3.131995
3.2440226
2.603486
3.131995
3.206942
2.603486
2.7460985
2.2744145
2.394071
2.8750904
1.9979224
2.109051
2.1104007
1.9364965
2.2411947
2.3133423
2.3138783
2.3406508
2.3138783
2.2685974
2.33412
2.3271022
2.2552834
1.619611
2.294352
1.620158
1.6288335
1.3801826
1.3820289
1.3730053
1.3820289
1.3511584
1.3842913
1.3164623
1.3330294
1.397612
1.4016653
1.402247
1.402247
1.402247
1.4708403
1.3681477
1.499567
1.6471232
1.2694459
1.6511503
1.5634362
1.5044925
1.6961279
1.701476
1.4689819
1.5997666
1.700264
1.700264
2.163596
2.0591488
1.7435325
1.8758376
2.042859
1.6853799
2.0920265
2.1031237
2.1397538
1.7542685
1.9362792
2.0034714
1.9883109
2.007399
2.1720223
1.7662545
2.0841243
1.7855632
1.7784184
2.1756725
2.10652
1.7777013
1.7986417
1.7746195
1.7736617
1.92423
2.0189037
2.0020714
2.0127435
1.8237951
1.8359601
1.9755082
1.9777411
2.1094768
2.0538466
2.2062805
2.053681
2.0538466
1.8984709
2.3023968
2.6139398
2.5038307
2.6004574
2.6130812
2.559397
2.557232
2.0111644
2.5813491
2.563288
1.6047757
2.2892077
2.0118668
1.8937651
2.3538136
2.3694358
2.353318
2.1916513
2.3995411
1.9240817
2.164096
1.9129516
1.9129516
2.5708795
2.212665
2.2902334
2.2044733
2.5876281
2.4223046
2.3827257
2.1813846
2.369546
2.563964
2.1270707
2.3243234
2.3550658
1.910002
2.4443557
2.369851
2.1794734
1.9135865
2.0076227
2.038459
2.0429597
1.6164716
1.8462918
2.1968725
2.1968725
2.2230818
2.0731912
1.9378674
2.1399336
2.1344151
1.8823028
1.7703745
1.8657653
1.6661057
2.1342356
1.6569225
1.6934603
1.8342222
1.9432197
1.9587046
2.1501677
2.043224
2.261665
1.9095339
1.9096743
2.2404714
1.9086919
2.1634674
2.072221
2.2501156
1.9008601
2.0826564
2.0147986
1.7523128
1.4779347
1.8197641
1.8381964
2.025151
2.1010218
1.7437336
1.8889292
2.262261
1.976359
2.0609472
2.4273255
2.0625796
2.1010218
2.3380127
1.8499254
1.8455924
1.8499254
2.1008413
2.2548373
2.3491547
1.8506558
1.9483764
2.0638022
2.0668387
2.2640603
2.2632015
1.8664072
2.1228619
1.9740574
2.2960901
2.2508035
2.2968547
1.7691556
2.1156695
2.4187493
2.2936707
1.8442062
2.386227
2.0311208
2.1029234
1.5734605
2.2907338
1.8435854
2.203286
2.106465
2.114896
2.0955253
2.1152499
2.3068724
1.8487531
2.2930226
2.3826888
2.114352
2.459143
1.4942225
1.8392577
2.1994267
2.8863509
2.8270557
2.9349952
2.1946845
2.4113693
2.888096
2.1752691
1.9561335
2.087596
1.898783
2.0855563
2.087596
1.7809302
2.10951
2.083605
1.7673066
2.2060432
2.4642103
2.211022
2.5627754
2.6720016
2.5627754
2.2645655
2.2658546
1.9906478
2.2829096
2.271214
2.4370592
2.2182837
2.530821
1.9465559
2.1017036
1.7543746
2.4269419
2.3775294
2.2607327
2.2281377
2.0473397
2.0665975
2.4261456
1.7755792
2.5191915
2.4482753
1.9002364
1.9983207
1.6365722
2.0639274
2.1209018
1.6077739
2.0994878
2.0365112
1.6327544
2.1820402
2.1602516
2.1903691
2.0775704
1.5585338
1.4938853
1.8981035
2.0405934
1.500465
1.4766408
1.5775552
1.5699203
1.5782094
1.8348804
1.7917178
1.6049877
1.9816556
1.9816556
1.9814893
1.8632034
2.4008856
1.7771072
2.0443575
2.3976412
2.1343186
1.8544182
1.8544182
1.8544182
2.5068505
2.3073404
2.290545
2.128002
2.308898
1.8544182
1.8448853
2.3559325
1.9974462
2.428989
2.2626367
2.1332116
2.0823555
2.2972178
1.8469679
2.391174
2.4544313
2.0828745
2.0776834
2.449364
2.0828745
2.4544466
1.8247359
2.2636435
2.2845497
2.2598014
2.4569545
2.4663825
2.6486216
2.6198866
2.2845497
2.4577
2.2845497
2.5677068
2.1687164
1.7800171
2.1909046
1.2652494
2.0768864
1.8860241
1.896601
1.6776264
2.2350957
2.190265
1.9708744
1.837616
1.837616
2.0561235
2.224641
2.230029
2.4100006
1.8670446
2.4103706
2.4100006
1.5989076
2.2336884
2.233814
1.681243
2.3545637
2.41291
2.4483135
2.1621425
2.6132467
2.2335114
2.6117573
1.610569
2.206335
2.067748
2.093187
2.2065969
2.2129445
1.9834328
2.0401754
2.2150936
2.2285151
1.8080056
2.1855378
1.7604333
2.0112927
1.9932935
1.7604333
1.9958684
1.7621092
2.303811
2.165001
1.5017598
2.3483741
2.0135674
2.339242
2.337519
2.2529354
2.337519
2.2529354
2.1678827
1.99373
2.2544048
2.2573586
1.6172622
1.7765213
1.7840208
1.9539286
1.8286425
1.8937837
2.180882
1.8642066
1.843449
1.6959656
1.9620508
1.7416172
1.881252
2.0267785
1.9210823
1.898179
1.9161588
1.9166636
2.018802
2.0553818
1.9161588
1.6067421
1.7454585
1.6068982
2.0370657
2.054502
2.0122492
2.0076602
2.0324419
1.647708
1.7421912
1.9688944
2.0515747
2.0515747
2.443456
2.3715832
1.9730328
2.5046356
2.510036
2.5326471
1.8094267
1.9605153
2.533744
2.109921
2.5080845
2.5396101
2.1210496
3.0300102
2.8310208
2.1240416
2.364682
2.7065718
2.7065718
2.8149078
2.8958821
1.3933012
2.9208896
2.3900692
2.508932
2.1325753
2.5163054
1.9769092
2.1327336
1.8094267
1.7920152
1.8053327
1.8054645
1.8075753
2.419042
1.8050431
1.9748472
2.1262476
2.2659554
2.340563
1.8997519
2.1164885
2.3421679
2.391203
2.3975484
2.0557976
2.3156989
2.3689146
2.3550525
2.4401956
2.4229467
2.353737
1.7643495
2.4396565
1.9223944
1.7898593
2.0780373
2.0794168
2.0794168
2.0892901
2.4529028
2.4546847
2.4513853
2.470319
2.427724
2.6572416
2.1528802
2.58017
1.8985296
2.4272974
2.4289706
2.5644486
2.587213
2.6328864
2.6546738
1.9069705
2.468805
1.8972446
2.1031978
2.4589424
1.8288691
2.5808108
2.6749508
2.2453961
2.5011146
2.6025126
2.1062655
2.497192
1.9106212
2.4432013
2.0933511
2.6339974
1.8265518
2.4657376
1.9062073
2.1091814
2.1609101
2.6921244
2.117022
2.3860033
2.439307
2.4370384
2.266244
2.5840304
1.9111693
2.1134918
1.9111693
1.9089224
2.10218
2.1482728
2.3830655
2.580881
2.624887
2.6719928
2.6705341
2.5920866
2.181851
2.2511573
2.4509242
2.5069983
1.8823079
1.846039
1.8689009
2.2319071
2.7339127
2.1516774
2.0594065
2.7007515
1.9579048
1.9032177
2.562872
2.6503031
1.9390861
2.7446399
2.741901
1.7900381
2.5124779
1.9587057
2.5129874
2.3620522
2.3420098
2.404441
2.4005396
1.9628602
2.4569285
2.4901617
2.4147205
2.4447308
2.4678845
1.7904915
2.3311427
2.3442767
2.5226557
2.44294
2.563748
2.5071192
2.556852
2.2441654
2.5371983
2.7210357
2.6029823
2.72094
1.9432532
2.1293297
2.012269
1.4855152
1.7463272
1.5041708
2.1224654
2.1453307
2.2334313
2.2037568
1.597341
2.2225497
2.3509429
2.3581245
1.917309
2.358229
2.1626697
1.666985
2.384813
2.4645672
2.397044
2.4610548
2.470964
2.8637822
2.551134
2.141858
1.997189
2.3539972
2.458611
2.4449043
2.4506683
1.7567227
2.4968836
2.280856
2.4587753
2.443541
2.4353209
2.497954
2.534963
2.523811
2.5242553
2.11625
2.5745163
2.11625
2.4645557
2.468043
2.4681249
2.507283
1.7782583
2.497445
2.4923792
2.3461092
2.3476768
1.8142705
2.4874606
2.4942355
2.533847
2.4500806
2.5763135
1.8159212
2.5165403
2.0695093
2.5171013
2.5237544
2.3198094
1.7874389
2.0511367
1.9716808
2.0488293
1.4374521
1.968355
2.0688365
1.5079798
2.0132325
2.0692842
1.7901334
2.1400225
2.0512567
2.126425
2.1448095
2.0982077
1.4983829
2.0132174
1.9044061
2.0135767
1.9045342
2.1066964
2.1003623
2.008581
2.1240203
1.948706
2.0358555
1.482695
1.972039
1.7360542
2.0345354
2.0348544
1.9877234
1.9917251
1.4645429
2.0868962
2.4934602
1.9325805
2.3857098
2.2826414
2.284374
2.0845988
2.2278013
2.3293395
1.9776344
2.130686
2.2670743
2.2988188
2.367978
2.33353
2.15938
2.5207345
2.5934253
2.535397
2.4525516
2.15938
2.4917464
2.225363
2.3391683
2.44506
2.5265799
2.0855837
2.2270236
1.815349
2.0365696
1.9629291
2.0434625
2.045185
1.1409072
2.068976
1.7897211
1.668209
2.0658813
1.7922713
1.2559707
1.4825368
2.0706892
2.0173724
1.961002
2.003791
1.669974
2.0681639
2.070633
2.0700932
2.0729094
2.0740416
2.046341
1.7627953
1.8601332
2.1841307
2.1943402
1.8236636
2.201653
2.142844
1.3953004
2.1437225
2.0317934
2.2590234
2.0317934
2.2534177
2.142844
1.4704572
1.5123988
1.4703187
2.257299
2.1437225
2.2311099
2.287944
2.260523
2.1418643
1.9420625
2.4764228
2.4082193
2.3382657
1.5395327
1.8638759
1.9416343
1.7756311
1.7296606
1.8993266
1.4130094
1.7302828
1.2773836
1.2773836
1.5546409
1.4794388
1.765732
1.6781759
1.8163046
1.3020326
1.7197212
1.7305743
1.8152324
1.8717444
1.9092948
1.964991
1.4598371
2.220629
2.185594
1.8540365
1.5555018
1.9145167
2.285692
2.250284
1.6069715
1.616584
1.8858141
2.128257
2.1415465
2.1286776
2.173012
1.92431
2.3070164
1.8557664
1.5776801
2.2375028
1.92431
2.3043697
2.1888204
2.0743334
1.5542753
2.1894283
1.5903248
1.7979238
2.134994
2.0672276
1.7905523
1.4560295
1.5770851
1.6899384
1.6899384
2.0586553
2.178107
2.1477525
1.3692929
1.5399247
1.7313561
2.0297763
1.7223016
1.2737867
2.0271592
2.0101113
1.3824186
1.9772986
1.6254214
1.9750984
1.9775339
1.5059848
1.6218482
1.6218313
1.7890153
1.7424462
2.0486476
2.133931
2.1030102
1.4280317
1.8122172
1.9370534
1.4284648
2.071163
2.0101001
1.6932983
1.3704523
1.3968464
1.2180352
1.9188478
1.9180894
1.7281432
1.7919804
1.8685266
1.9037304
1.237554
1.2942251
1.4415332
2.025779
2.077786
2.1241226
2.1149628
2.1208189
1.4413685
1.8056141
1.3959216
1.4956853
2.0355775
1.9890667
1.4956853
2.0349424
1.7892123
2.025015
1.497571
1.7671834
2.190664
2.0943124
2.1375527
1.9915012
2.1745849
2.0638506
2.0638583
2.166144
1.4179921
1.4828181
1.640164
2.071124
1.4956853
1.4956853
1.4668761
1.489232
1.7058794
1.9549538
1.4001487
1.9595875
2.090646
1.4002054
1.8056784
2.0621328
1.4956266
2.050131
2.145338
1.4956266
2.0830414
1.4468315
2.1374502
2.13708
2.0321498
2.042607
2.0973802
1.478109
1.4790417
2.0364604
1.4821264
1.9416153
1.695718
1.8380023
1.7672096
1.7775851
1.9603689
2.0683718
1.4490665
1.7543664
2.1691945
1.4271538
1.4996789
2.0696754
1.5884299
2.0867743
1.4555594
2.0855064
2.0988243
1.7176056
2.1055765
2.0430553
1.484862
1.8266349
1.8264475
1.7585295
1.8182231
2.1874278
2.210555
2.0724494
1.8205006
2.2101707
1.4958163
1.5309304
1.53057
2.0912724
2.26218
1.9827743
1.4786723
1.4270004
1.7111303
2.0569022
1.4277724
2.0167909
2.0163903
2.069903
1.4878037
1.470499
1.8623188
1.2899883
1.9859804
1.6535844
1.9917736
1.9983488
1.9859804
2.015147
2.1539986
2.1994565
1.5051292
2.2256324
2.087958
2.138595
2.1536965
2.1170883
2.1170883
1.8151661
2.1146412
2.0974755
2.2502794
2.252926
1.9236835
1.9369345
1.884292
1.3437095
1.8886501
1.9076799
1.8794984
1.9274973
1.929802
1.929802
1.7538086
1.4074951
1.1206796
1.6258551
1.8079573
1.6677932
1.6677977
1.5961714
1.6456212
2.0133367
1.4112725
2.3072224
1.6698935
1.7934536
1.4089063
1.7937188
1.7942683
1.7942683
2.0128882
1.9990305
1.5655615
1.7934536
1.9848062
1.9012191
1.2628921
1.9848062
1.8131222
1.8441724
1.8103641
1.3756329
1.3756893
1.7970381
1.7816386
1.706642
1.6664574
1.7082921
1.6808661
1.3684456
1.7267008
1.6093082
1.7677158
1.8187696
1.756666
1.8950006
1.2485135
1.5790596
1.6180438
1.8671691
1.6192149
1.7190763
1.2745266
1.7507154
1.8327849
1.8079423
1.8344318
1.8616861
1.8616861
1.8427012
1.7913944
1.9725707
1.8973619
1.366908
1.929463
1.886805
1.9572176
1.2597681
1.9208983
1.8586801
1.8110096
1.8295624
1.7618724
1.1947433
1.9258436
1.9878993
2.0077994
1.821338
2.0222166
1.9795275
1.9301487
1.821338
1.930317
1.7690504
2.0423315
1.2627381
1.9316667
1.986694
1.5963441
1.9304174
1.9956989
1.8152876
1.9187059
1.7972028
1.8597292
1.7745703
1.6792312
1.9301177
1.8398638
1.8294199
1.590179
1.7485105
1.379614
1.6818556
1.9243597
1.7512363
1.8889349
1.8676094
1.8683789
1.8411691
1.8401519
1.8651825
1.9318086
1.7513336
1.7497821
1.8649989
1.3203726
1.268972
1.3200455
1.2983531
1.8393389
1.8693451
1.859766
1.8130397
1.6752149
1.3201544
1.9222182
1.8393389
1.9344797
1.9344797
1.8894196
1.7494411
1.7494411
1.7525346
1.3185489
1.8341218
1.7365396
1.8397005
1.8398955
2.1259396
1.6399518
1.574358
1.632231
1.6425408
1.7285208
2.0691638
2.0145478
1.9588128
2.0621586
1.9214257
2.2393837
2.2260077
2.306927
2.2763543
1.4907162
1.2090548
2.2763543
1.4911262
1.8523469
2.275879
2.246109
2.2458742
1.4710422
2.2367246
2.0666037
1.8689255
1.8755317
1.8529062
1.8539726
1.8657895
1.8401048
1.8383493
1.6694863
1.2109891
1.2183455
1.8469517
1.8469151
1.8469151
1.7491031
1.2222544
1.2109891
1.6753103
1.7491064
1.5693681
1.697465
1.6674389
1.7516924
1.7516924
1.7488754
1.6697614
1.8466333
1.8445476
1.8463099
1.7246909
1.2108277
1.614797
1.207056
1.6141155
1.6142725
1.2176646
1.1264697
1.7907752
1.1778694
1.1745107
1.1793344
1.7668022
1.696188
1.7605929
1.7896042
1.7920535
1.8032153
1.8413109
1.8445661
1.7069077
1.7904083
1.8463693
1.8463693
1.851004
1.7450428
1.8071591
1.8721049
1.7674859
1.744473
1.7590339
1.6506109
1.8219287
1.8124696
1.8282139
1.8571157
1.2773901
1.8129673
1.8315842
1.7858636
1.4209472
1.7193569
1.2604113
1.7746865
1.5954087
1.7511238
1.8364627
1.2697037
1.7143048
1.7287692
1.3166702
1.7085885
1.565778
1.694183
1.6584568
1.7348104
1.5783305
1.6705853
1.7004201
1.3582718
1.2957278
1.8005159
1.7052429
1.7650203
1.805321
1.7627031
1.283663
1.7941228
1.2593515
1.157298
1.1974066
1.2136419
1.2894616
1.2959763
1.2661935
1.2245526
1.3099047
1.3160414
1.2916604
1.2259434
1.8344946
1.7199513
1.7182896
1.3710428
1.6903938
1.2026733
1.5973794
1.6478658
1.5834723
1.5833665
1.7622869
1.7622907
1.7841455
1.1906435
1.764314
1.7628444
1.2428148
1.1982247
1.7638109
1.7168953
1.1607091
1.1629812
1.7540133
1.7622257
1.1631593
1.421504
1.7157931
1.7041357
1.1719608
1.5832897
1.7263849
1.1571445
1.3211538
1.69274
1.1721795
1.406923
1.581808
1.581808
1.6688184
1.7670499
1.7623332
1.1553503
1.7883316
1.2170491
1.7623571
1.2277529
1.7490597
1.7578987
1.7608945
1.2181705
1.6956306
1.7830969
1.2324368
1.2181705
1.4238309
1.1530443
1.2620009
1.6044087
1.2109932
1.5404819
1.6266026
1.628437
1.6173631
1.6286749
1.3035898
1.0677929
1.6291541
1.0813326
1.6288618
1.6197352
1.288681
1.6961895
1.102639
1.6388128
1.0873867
1.65152
1.1854507
1.6515083
1.6640121
1.7675452
1.655614
1.7489305
1.7838099
1.1832122
1.2104129
1.2002653
1.6355711
1.7670553
1.7906309
1.773628
1.8797826
1.804778
1.8275435
1.8033117
1.7505397
1.802986
1.866749
1.6438885
1.6666472
1.6804318
1.5813776
1.5371022
1.6615585
1.406503
1.5169322
1.6546566
1.6771473
1.8916384
1.1543812
1.2534597
1.878973
1.9043857
1.9043857
1.2537049
1.0492166
1.2501199
1.3072307
1.3364887
1.3364887
1.1485832
1.1270772
1.3513364
1.3656247
1.1961738
1.3486968
1.3839703
1.3860648
1.401543
1.2694412
1.3996726
1.2694412
1.4001595
1.4000007
1.26359
1.3314898
1.3316344
1.39529
1.2687011
1.4015597
1.143557
1.2719425
1.3671107
1.4039943
1.4031059
1.4031059
1.403471
1.1690946
1.4038391
1.4073468
1.1723008
1.4210293
1.4254872
1.425626
1.5707026
1.3223256
1.4360434
1.4732355
1.5393075
1.3225815
1.5561428
1.4732355
1.5663257
1.3227649
1.5692873
1.5712161
1.3211541
1.4255278
1.3228747
1.4328332
1.219913
1.4729499
1.2043784
1.3227649
1.418296
1.4757166
1.4507872
1.5215617
1.3158066
1.5241513
1.4974226
1.421169
1.143442
1.3214486
1.4252847
1.2944235
1.417809
1.4723982
1.4729562
1.453002
1.4562346
1.2819526
1.4025755
1.4453893
1.4538475
1.3453866
1.4950528
1.2576486
1.4954365
1.4754387
1.495623
1.4962534
1.4849999
1.4042864
1.4859866
1.5141268
1.5321624
1.3110638
1.739068
1.8432964
1.8188828
1.733637
1.2470851
1.2844298
1.7955056
1.8181499
1.2543515
1.6869295
1.6920401
1.8206193
1.8727398
1.8840688
1.8434461
1.8718293
1.8540555
1.2877809
1.7608181
1.670816
1.3000169
1.7399676
1.758296
1.8352916
1.7069803
1.8355763
1.2278465
1.2769219
1.835291
1.8222289
1.835291
1.5106425
1.2811738
1.8180356
1.6372739
1.6893798
1.6890277
1.6471591
1.7059633
1.6369714
1.1962528
1.2626836
1.6472734
1.6468045
1.6468338
1.6587209
1.658421
1.7003051
1.6459353
1.7030348
1.7982544
1.7266377
1.308424
1.4886891
1.8774933
1.3668503
1.2600123
1.676888
1.7671986
1.3616734
1.7639894
1.3479767
1.7468817
1.3447282
1.6649483
1.7617319
1.3442891
1.6794362
1.7631515
2.0018883
1.345517
1.3476114
1.3444121
1.347917
1.3323065
1.346162
1.2277082
1.2992101
1.2666771
1.227163
1.2537577
1.1627902
1.2441893
1.2621777
1.2239131
1.2661991
1.2807689
1.3208917
1.3202423
1.2226695
1.2260282
1.2188376
1.2664112
1.2664112
1.2719483
1.2297052
1.3715378
1.2664112
1.3460717
1.2269596
1.1211959
1.2820624
1.3209038
1.2775213
1.2652683
1.2721293
1.3740789
1.2798984
1.2716517
1.2801158
1.2719483
1.2712252
1.2652484
1.2638234
1.276612
1.2769364
1.2477759
1.2778019
1.1069232
1.3262584
1.2094576
1.2059902
1.2496296
1.3246014
1.3392138
1.3457131
1.3614141
1.4225489
1.2392008
1.3515908
1.1568375
1.4672574
1.1682576
1.2564267
1.403772
1.345016
1.2620445
1.4186797
1.477864
1.5719061
1.6019237
1.5170869
1.3471167
1.4677035
1.5358613
1.4702011
1.6074075
1.4842514
1.6283141
1.4791207
1.2218558
1.3610432
1.4324265
1.3461444
1.0746509
1.4840271
1.5016084
1.4975071
1.2790463
1.4516786
1.3576229
1.6188055
1.5000293
1.4999908
1.5202802
1.4950284
1.4997153
1.6215044
1.5559752
1.615334
1.460865
1.4861745
1.5384458
1.5587685
1.5091486
1.5189462
1.4550928
1.5241419
1.5133951
1.5327357
1.5146532
1.517299
1.5221967
1.5280828
1.138538
1.507738
1.5145031
1.6835074
1.6840402
1.6847988
1.7001561
1.6915675
1.3959479
2.083565
2.0882502
1.6667523
2.001608
1.7013054
0.11817595
1.3579357
1.2846596
1.2852118
1.3362947
1.3362947
1.3520328
1.3561424
1.3448974
1.3394927
1.15446
1.3404368
1.3365376
1.0941979
1.350287
1.133557
1.4185909
1.3960292
1.379608
1.411981
1.327663
1.3882241
1.4145527
1.4194955
1.3856331
1.4104527
1.4106843
1.3913897
1.4254944
1.4146285
1.1297706
1.3837553
1.4052776
1.3834358
1.3400726
1.4052625
1.1297706
1.1297706
1.2496204
1.4123847
1.4068024
1.2440187
1.244221
1.4435664
1.4687067
1.2486181
1.422638
1.364787
1.4159294
1.4051192
1.4541826
1.3465074
1.3465071
1.3888006
1.4649924
1.4300805
1.2528586
1.433557
1.3998389
1.2534693
1.2542825
1.4590191
1.4120684
1.4663962
1.4156682
1.3925484
1.3699754
1.2602429
1.4786115
1.2603709
1.2691042
1.4520183
1.3467089
1.4947232
1.4606957
1.3866411
1.3511857
1.437027
1.4729525
1.4851707
1.4901053
1.5003417
1.2923042
1.4113044
1.3619913
1.4888598
1.5130978
1.4835198
1.4824997
1.3016453
1.5429902
1.5491121
1.4833666
1.4106688
1.5474983
1.4714513
1.3522177
1.4762462
1.4562654
1.4303459
1.2346431
1.4776288
1.4776738
1.3948965
1.2415972
1.4778084
1.3937813
1.4154983
1.3492169
1.414026
1.4724373
1.4862949
1.4184706
1.2406737
1.333386
1.3084794
1.2521522
1.4222736
1.2821337
1.4043987
1.3089435
1.4045086
1.4049792
1.3213503
1.4802326
1.4802326
1.4425845
1.4824501
1.4425845
1.4425845
1.4837319
1.449304
1.1947263
1.3407007
1.3400898
1.34079
1.4824324
1.5076469
1.485152
1.4187361
1.5073555
1.5452532
1.5094155
1.5090773
1.4250112
1.4719064
1.4250112
1.4158226
1.4046874
1.571579
1.5620614
1.5272237
1.4248488
1.5421773
1.1802309
1.1803266
1.3712558
1.3799309
1.5319986
1.5299847
1.5320139
1.2819455
1.6356419
1.3076338
1.711053
1.7590207
1.7413821
1.8335323
1.2773097
1.2740744
1.7407954
1.8267295
1.6933551
1.28294
1.7617822
1.8381233
1.7802393
1.6900188
1.6731256
1.8695829
1.2627169
1.8611914
1.6900188
1.8512644
1.2587956
1.8424149
1.2508796
1.2470998
1.6624147
1.2468858
1.2324835
1.8051698
1.7420177
1.3033974
1.8472162
1.2640632
1.8021702
1.8509078
1.8443916
1.836432
1.7583153
1.6911706
1.8047168
2.0833545
1.5265357
2.0633755
1.9709988
1.466882
2.0631526
2.0631526
1.3867719
2.0296206
2.0497391
1.5278348
1.5205638
1.8231375
2.0479484
1.6764954
1.3422256
2.0519133
1.6565162
2.0382714
1.3721266
1.9495692
2.0352197
1.3524305
1.3682215
1.6797673
1.9317422
1.6049671
2.0301054
2.020945
1.9097499
1.3870741
2.0440426
1.7558188
1.40212
2.1341183
1.9641687
2.148215
1.2604488
1.9709733
1.9083328
2.1411054
1.9412063
1.9731758
1.9433123
1.9714531
1.4255836
1.9244955
1.279069
1.9297113
1.2619345
1.9236574
1.923636
1.9240396
1.2627532
1.9191443
1.9205574
1.9314222
1.258649
1.9738965
1.7521824
1.57568
1.5683769
2.029992
1.3194475
1.7347776
1.1195067
1.7340567
1.7299486
1.1733582
1.6329201
1.573426
1.2036363
1.5492418
1.5545334
1.1247928
1.6508954
1.4244602
1.7188714
1.7315984
1.7867769
1.78709
1.7634735
1.7664368
1.7949485
1.5097057
1.2411106
1.2396283
1.6323227
1.6754603
1.6782167
1.6782404
1.2428253
1.7428876
1.31065
1.8753201
1.3125217
1.8690989
1.873707
1.8623395
1.866854
1.7334524
1.9179993
1.7392011
1.3111756
1.6516018
1.3056842
1.2978314
1.8584554
1.8345568
1.8590697
1.3838421
1.8701932
1.955931
1.8746014
1.9669269
1.9799966
1.9639608
1.9622478
1.2997801
1.9553308
2.0717683
2.078549
1.3941625
1.9787425
1.9623216
1.895563
1.8916281
1.3718097
1.697648
2.1017954
2.0903208
2.1053658
1.4047403
2.031853
2.118445
2.1215038
2.1084397
1.7889781
1.3746287
1.9301481
1.9641451
1.4373939
1.6592567
1.7694354
1.7039487
1.70874
1.7039487
1.7748945
1.7022477
1.7945728
1.9181007
1.9957135
1.8870925
2.1318233
1.7953352
2.1725926
1.4347746
2.1264238
1.4813906
1.4151161
1.9852673
1.9988645
2.1059897
1.4919811
1.3820382
1.7937269
1.8141834
1.421975
1.5193574
1.593301
1.8265516
1.8373047
1.9136399
1.7648778
1.7684492
1.8440489
1.8694452
1.2996421
1.8954777
1.8303922
1.741397
1.7954618
1.7954618
1.7425797
1.8904454
1.8846636
1.8327378
1.34261
1.3182902
1.6644092
1.6446803
1.3409225
1.2919675
1.3425028
1.4277695
1.418058
1.2067021
1.3456433
1.1903676
1.5437517
1.1735882
1.5045203
1.4776541
1.4766409
1.302285
1.4111322
1.1269288
1.4971116
1.1975254
1.1082726
1.1864932
1.3892115
1.2956387
1.3887589
1.197729
1.385603
1.218506
1.35918
1.2546873
1.2377863
1.3319693
1.2085644
1.3842549
1.280046
1.1992902
1.2396774
1.2406734
1.3854874
1.2249542
1.3036233
1.2164431
1.3065782
1.4032391
1.4159771
1.2865896
1.4352728
1.4435253
1.3736244
1.4594383
1.3025382
1.4533433
1.3084898
1.3835481
1.4527208
1.2059686
1.4531386
1.4420813
1.1620597
1.2925259
1.2928246
1.25382
1.5066304
1.5262079
1.4386684
1.4378433
1.5423977
1.5426852
1.5483845
1.236495
1.3216103
1.6473823
1.5751601
1.4630588
1.4993997
1.5323904
1.5031655
1.5742112
1.4800589
1.4290296
1.5089878
1.5889319
1.5560453
1.5752198
1.577074
1.2582142
1.2579817
1.2560413
1.2571813
1.3221437
1.221904
1.4040558
1.4145461
1.2459853
1.3388575
1.2532544
1.2540313
1.1502799
1.2596658
1.3020673
1.1514707
1.2634836
1.3961229
1.4051387
1.4444302
1.2043191
1.170703
1.3837495
1.2266216
1.1342835
1.1940365
1.2283014
1.2121812
1.2673414
1.4002211
1.5466362
1.3473428
1.3751107
1.4067807
1.3068081
1.4045196
1.4064326
1.4060568
1.4067699
1.4504098
1.4845477
1.4079376
1.3539568
1.2113358
1.4766192
1.3373775
1.4137403
1.476061
1.5013607
1.3368587
1.481772
1.4227597
1.5009148
1.5712544
1.4467137
1.4315747
1.4607974
1.498825
1.484949
1.506954
1.5020452
1.5512336
1.593122
1.2464494
1.2645221
1.590929
1.5967834
1.5982503
1.4213
1.4324961
1.5929934
1.5997087
1.6016719
1.6183242
1.4988012
1.3004642
1.4501694
1.4655942
1.449158
1.4991661
1.5232038
1.5293202
1.5704471
1.2435327
1.5444317
1.460722
1.5933939
1.5728837
1.5827825
1.2099624
1.4958537
1.4003034
1.4901042
1.3758143
1.5369463
1.5467433
1.4861174
1.521581
1.3239392
1.4769337
1.474132
1.4240054
1.5829043
1.6063932
1.2669404
1.5261208
1.2734499
1.5052496
1.5136592
1.3192351
1.5340835
1.457927
1.540399
1.5741091
1.528278
1.4900459
1.4789445
1.4792439
1.3147413
1.4606342
1.3143643
1.4568049
1.4568049
1.4568049
1.3700504
1.2750008
1.4026588
1.433533
1.5160404
1.4020233
1.4297872
1.3704631
1.488242
1.501419
1.4978392
1.4054757
1.4875977
1.3682991
1.3984696
1.3862015
1.4610238
1.4402369
1.5447805
1.5276195
1.5530871
1.553867
1.247671
1.5200504
1.480641
1.468679
1.5854126
1.589669
1.4483078
1.5131379
1.5077854
1.4522105
1.3322594
1.5559366
1.5337195
1.3322594
1.4521842
1.520104
1.5919238
1.5900992
1.5885925
2.1782327
1.5201648
1.5396763
1.7604567
1.4967097
1.8703148
2.11689
1.6698967
1.7422439
1.4073707
1.8903602
1.4074571
1.6950539
2.1012468
2.1056004
1.6974736
1.8144405
1.8900937
1.8929102
1.4091895
1.5364734
1.3008193
1.2355678
1.5060723
1.3382609
1.5268131
1.613095
1.2386128
1.5404731
1.7643186
1.6468416
1.7947233
1.6641562
1.739784
1.7452662
1.7626692
1.8215656
1.8284546
1.815065
1.7738137
1.7853429
1.8151792
1.651895
1.8375193
1.7826715
1.8304152
1.8371283
1.1521451
1.8539392
1.8257402
1.1942976
1.8437812
1.8588333
1.1783967
1.162007
1.2548757
1.8275375
1.6362836
1.1607541
1.7834179
1.7553263
1.7617803
1.7750236
1.664836
1.7819594
1.4338624
1.7833332
1.7322537
1.6903775
1.37019
1.6718879
1.6759875
1.5874797
1.8512777
1.2203296
1.7078295
1.6671432
1.6186887
1.7427753
1.0638523
1.5887778
1.5963496
1.6723555
1.6772872
1.6920494
1.2167447
1.6435583
1.7144748
1.4325596
1.6431886
1.6776087
1.6320506
1.7203711
1.7097087
1.6202991
1.715787
1.7105463
1.6897885
1.6965456
1.6846231
1.6864833
1.7693199
2.0389338
2.0696952
1.7305294
1.9605092
1.3954955
1.4658067
1.4535004
1.600606
1.3451282
1.4929631
1.4668883
1.4871109
1.3042407
1.5555612
1.5277842
1.5368525
1.5705473
1.6059976
1.6059976
1.4956906
1.4615765
1.305315
1.4673623
1.3524938
1.2091335
1.4229164
1.4631737
1.4605027
1.3818972
1.346218
1.3403953
1.3839644
1.3840708
1.4008557
1.2472003
1.3787585
1.4494711
1.4711409
1.247111
1.4587237
1.3488908
1.3013705
1.5044746
1.4744065
1.4682602
1.2165779
1.4732133
1.3013705
1.4904695
1.479384
1.4096355
1.2912896
1.4792594
1.2647527
1.2881349
1.5532675
1.5011046
1.5014138
1.5108296
1.4240917
1.8491238
1.8602481
1.8676082
1.8352686
1.7693028
1.674639
1.8019533
1.7976847
1.7758094
1.2145861
1.6903329
1.8032794
1.2064582
1.8194073
1.6339159
1.8263341
1.8129268
1.8153493
1.7905833
1.6279066
1.6267476
1.6151167
1.7780796
1.7969804
1.6926727
1.7062852
1.1782839
1.7780796
1.6151167
1.7062722
1.6878263
1.4485343
1.7092315
1.2266802
1.7811356
1.4788698
1.1894944
1.218245
1.1104356
1.214126
1.1017802
1.1193701
1.2171025
1.1086731
1.2172941
1.2580465
1.2139829
1.2653086
1.2239662
1.2764213
1.2787548
1.2652494
1.2764213
1.2013723
1.2633792
1.1581978
1.1443585
1.1444789
1.2016609
1.3508478
1.1236815
1.3662198
1.3662198
1.1466526
1.2510031
1.4040072
1.1589888
1.2064571
1.132071
1.4016628
1.2712507
1.2716347
1.4066653
1.4073198
1.4031129
1.3473786
1.4381503
1.4226587
1.5462625
1.3430078
1.5628794
1.5672545
1.5154558
1.3281858
1.5364527
1.5568031
1.5538957
1.4718168
1.5799229
1.4627461
1.5161314
1.5633574
1.5345651
1.5505599
1.437628
1.508769
1.4995588
1.570141
1.5370361
1.3270041
1.4423871
1.458266
1.4796156
1.115221
1.4949628
1.5227406
1.3290513
1.5416181
1.3276123
1.4467521
1.5272726
1.4549135
1.5282117
1.3953648
1.5214219
1.3368441
1.3891553
1.5202122
1.3232211
1.492461
1.4962025
1.4285408
1.5630839
1.3608395
1.3080946
1.4809384
1.4449648
1.4285408
1.3089005
1.486746
1.4282868
1.4839193
1.5436305
1.4961876
1.4785948
1.5010808
1.5157536
1.5023867
1.5489309
1.3130696
1.2510861
1.4613135
1.471259
1.4998653
1.5002645
1.4215773
1.4951627
1.4998
1.4947304
1.4619185
1.4806904
1.5417731
1.3403959
1.4551016
1.5256504
1.586186
1.496346
1.397769
1.5392432
1.3413333
1.371818
1.4197811
1.4950367
1.5563473
1.5467657
1.4231793
1.5645407
1.3209736
1.4716412
1.5083419
1.5292106
1.4418026
1.4442139
1.4746994
1.452777
1.3177608
1.5180378
1.4972157
1.3835963
1.366584
1.3969151
1.2919352
1.4972684
1.3179649
1.4646333
1.4195789
1.46512
1.299545
1.2806237
1.4161597
1.4161597
1.2755901
1.4161597
1.4961238
1.419035
1.4560888
1.4935644
1.1828725
1.2125771
1.4173352
1.2127166
1.3916601
1.398402
1.2863387
1.4336631
1.3350008
1.4336605
1.2538973
1.300258
1.4359032
1.4359032
1.1815954
1.2865734
1.4359244
1.4361193
1.4719422
1.3931876
1.474395
1.2094592
1.4068748
1.2090017
1.402354
1.4385093
1.4297456
1.441306
1.4056332
1.4717543
1.4803014
1.4982302
1.481995
1.4807606
1.5923172
1.469632
1.5485958
1.4859599
1.4813224
1.36207
1.5740024
1.614391
1.5923462
1.376629
1.260089
1.3625808
1.2349957
1.317032
1.3461539
1.1532243
1.3465849
1.3304201
1.3501937
1.1518048
1.3525364
1.3498757
1.3552041
1.3790599
1.3874388
1.3515193
1.3687719
1.2026907
1.3777411
1.2190858
1.3917754
1.3643647
1.3589133
1.4067259
1.3749075
1.1100489
1.3872197
1.370911
1.3760555
1.43762
1.3005964
1.126973
1.3680253
1.3715471
1.4024551
1.3879458
1.4160455
1.4469509
1.4181856
1.397004
1.2243439
1.3766748
1.1848568
1.3946655
1.393231
1.3935955
1.6724712
1.2649653
1.2650177
1.3121386
1.5099283
1.3230826
1.2576991
1.3125203
1.6720412
1.2599466
1.3124546
1.2640891
1.256314
1.2642037
1.2940067
1.2838918
1.0484558
1.3124983
1.3123747
1.1085202
1.3126297
1.3150231
1.3943647
1.3795379
1.3075279
1.3908584
1.2531976
1.3617204
1.1086315
1.315067
1.315067
1.3888632
1.1218115
1.3941181
1.3890101
1.3943154
1.3629214
1.3723671
1.4012372
1.3242913
1.3906187
1.1215065
1.3727962
1.3599937
1.4823798
1.4685111
1.3291647
1.3597846
1.3621812
1.5754144
1.3331976
1.4994993
1.2349839
1.3884734
1.5041
1.4741904
1.3170967
1.4321674
1.4993314
1.3628616
1.4800365
1.4996969
1.6079502
1.3769071
1.3698435
1.3751335
1.3767681
1.3768791
1.6175632
1.6176859
1.5831488
1.6339428
1.4889219
1.3683091
1.491372
1.591156
1.373986
1.5679686
1.6039349
1.5439693
1.5564668
1.3220147
1.5006802
1.3669269
1.5006802
1.6353984
1.7091496
1.9877561
2.300528
2.1953588
2.3942769
1.9955993
1.9875635
1.6465596
1.9919096
2.2546582
2.2784157
1.9919096
1.6010431
1.8602241
1.304591
1.9512761
1.9084357
1.3038733
1.7439091
1.7027546
1.9076636
2.294524
1.9076636
1.5635306
1.5638254
1.5638254
2.1702945
2.308461
1.554432
1.895601
1.9137017
1.5006199
1.513405
1.3695273
1.3997219
1.2265631
1.4139347
1.3656248
1.2265631
1.250493
1.4046007
1.3008851
1.3792199
1.3837677
1.3907268
1.3195453
1.3567728
1.4135492
1.4213616
1.2917804
1.376172
1.245152
1.3913751
1.3816981
1.3266413
1.3967514
1.4123768
1.3992108
1.3049806
1.2880052
1.3538307
1.4095945
1.2621742
1.4109089
1.2380753
1.2797194
1.4864609
1.5212457
1.270863
1.3896606
1.4920517
1.2789435
1.3743416
1.3743416
1.3896606
1.2789435
1.4110277
1.4487784
1.488332
1.5948482
1.4812902
1.485837
1.5117061
1.4915555
1.4672452
1.5364344
1.4581748
1.4897875
1.479661
1.3482995
1.4587761
1.4951428
1.4979424
1.4983379
1.5080942
1.5052446
1.3319464
1.4492943
1.4680822
1.4694365
1.4663054
1.6125927
1.6126469
1.2781814
1.7468098
1.6918309
1.7438989
1.7915441
1.6833727
1.2875642
1.7369183
1.8104848
1.7915441
1.7059143
1.6764632
1.7101778
1.7925525
1.7394698
1.7991171
1.7367555
1.8200048
1.7866211
1.8399299
1.6494629
1.6501682
1.8251641
1.8062757
1.3592072
1.721892
1.795642
1.8153229
1.812721
1.2121114
1.7897323
1.1326585
1.6685411
1.7983228
1.7952986
1.7957246
1.7943273
1.3587233
1.3621451
1.3621451
1.2594979
1.760411
1.537238
1.8144965
1.8868927
1.8491032
1.8524007
1.2814548
1.7766602
1.6817788
1.7681777
1.682988
1.8488631
1.9481518
1.6758081
1.772023
1.7657939
1.7729944
1.7712438
1.7678062
1.7698709
1.7722496
1.7654372
1.7722496
1.4001616
1.7758286
1.7970748
1.8337563
1.8219151
1.8337529
1.8221368
1.2496144
1.793435
1.7748652
1.6358058
1.723985
1.5038342
1.7662175
1.7699572
1.7699572
1.7036068
1.8125753
1.8135967
1.4400291
1.2690936
1.5310463
1.7133247
1.8127279
1.8050733
1.8303721
1.8169062
1.8042847
1.663937
1.845351
1.1972808
1.8045557
1.8039088
1.8247945
1.8691925
1.246225
1.8735968
1.2107723
1.8721089
1.8260041
1.7245445
1.806544
1.824134
1.6793485
1.8182997
1.852571
1.7751075
1.8639774
1.8566288
1.8445385
1.3084979
1.4909686
1.414737
1.2048477
1.4713722
1.4705572
1.4663169
1.3677344
1.3262453
1.2550002
1.2814509
1.3993543
1.5015445
1.4951426
1.4786118
1.4884281
1.4766704
1.5381873
1.4074197
1.2814509
1.4747237
1.4757743
1.2886302
1.4057101
1.4274224
1.4925792
1.495493
1.5469187
1.5460852
1.4541098
1.5471554
1.5722749
1.6383232
1.4791229
1.4390312
1.5089741
1.5557178
1.5097265
1.4792085
1.5021435
1.4933358
1.5647366
1.4311397
1.4568986
1.4296668
1.4876959
1.5474966
1.5528181
1.4942638
1.5657512
1.381639
1.4131031
1.5078028
1.4379646
1.5345373
1.2375755
1.5796976
1.5777068
1.4629648
1.3299254
1.5001663
1.388186
1.3935909
1.2823387
1.2478728
1.4207419
1.2284943
1.3827652
1.382812
1.3226006
1.503583
1.4872127
1.2653245
1.3236024
1.4214194
1.4252205
1.2711172
1.4799644
1.3754393
1.2653245
1.4030885
1.4219697
1.4344244
1.466479
1.4219697
1.4750547
1.4774278
1.4873741
1.4214385
1.377075
1.5156705
1.547112
1.554357
1.5571263
1.4999875
1.3291357
1.5737157
1.4783294
1.5984007
1.4922067
1.6230513
1.2205551
1.2750127
1.4911923
1.4772247
1.4993649
1.5317459
1.2730753
1.3039887
1.5002717
1.3241578
1.5113487
1.5009081
1.3241578
1.5701466
1.5469977
1.5656842
1.2732495
1.4386244
1.4445224
1.4348221
1.4424565
1.4445224
1.4281392
1.4445224
1.3459
1.4415116
1.5037727
1.5037727
1.6557109
1.7528223
1.7528223
1.7526159
1.6557109
1.2307624
1.5048938
1.7536483
1.5534089
1.3733147
1.6513202
1.3733147
1.3733147
1.3835856
1.5781937
1.5866941
1.2815745
1.3902119
1.2525793
1.2661604
1.5070283
1.3764923
1.5170587
1.528032
1.52607
1.5444242
1.5457386
1.1662037
1.125921
1.464835
1.2702831
1.431924
1.5250047
1.4215115
1.3457861
1.4227291
1.4188228
1.5109276
1.5036296
1.409571
1.4418049
1.5029874
1.5070413
1.3143183
1.4483193
1.4629917
1.3468083
1.4957857
1.3467
1.2585942
1.56741
1.3354325
1.2445216
1.3472419
1.3893858
1.5018178
1.5089732
1.5111444
1.5111444
1.5076752
1.4620254
1.4834745
1.3688047
1.2520374
1.432448
1.4665711
1.4665711
1.4665711
1.4665711
1.4750075
1.2207974
1.2194141
1.3395792
1.3001257
1.408378
1.4802035
1.2640073
1.4342633
1.4873414
1.4888436
1.3682591
1.5157117
1.5724363
1.5724363
1.4660559
1.5253637
1.5149418
1.3316041
1.338734
1.4675015
1.489149
1.2970487
1.4112583
1.4115056
1.369959
1.3151501
1.2554035
1.3460393
1.3689282
1.4088883
1.1472895
1.3811841
1.4826702
1.5126578
1.1620702
1.3498145
1.4164476
1.4192232
1.4191954
1.3058596
1.4192232
1.5038229
1.4192232
1.3058859
1.4192232
1.4600934
1.4183848
1.3917032
1.4215438
1.5529805
1.5671983
1.6288413
1.6440182
1.8601218
1.896251
2.212376
1.8560135
2.1015642
1.5015346
1.6037049
2.3025112
1.5455326
2.3012204
2.2336829
1.632819
1.9974279
1.5065502
2.2239354
2.260488
2.293
2.3160596
1.6152356
2.212476
2.1131349
1.6220571
2.0160642
2.1234384
2.264357
2.0486138
2.2441065
2.2440126
1.5083162
1.8221955
2.0994577
2.0462742
2.0462408
1.401958
2.0706573
2.0653954
2.0923111
1.3879861
1.3562428
2.0415251
1.8444958
1.844986
2.0415251
1.9476961
2.2328162
1.8461665
1.8463521
2.2438571
2.2290003
2.1551535
2.2403378
1.4611822
1.4613234
2.232732
1.8106978
2.2401068
2.2403378
2.2109103
2.2403529
2.2867436
1.6060195
1.979455
2.2344816
2.2023752
1.4906645
2.0977829
2.132606
2.0150223
1.4506984
1.4606847
1.596308
2.1040227
1.4435445
2.0490735
1.9814988
1.3892173
1.9848664
1.6786352
2.0059495
2.0726044
1.4710844
2.0457332
2.0666273
1.4167185
1.9437222
1.9921402
2.0847576
1.715022
1.479381
2.0405354
2.1426277
2.0571847
2.2082295
1.5279356
2.0281396
2.027297
2.050973
2.047352
1.9610946
1.3749079
2.0454905
1.670377
2.0349994
1.3711815
1.3741878
2.0480013
2.0216906
2.0337808
1.6722864
1.9741848
2.0628047
1.4875274
2.052839
1.4073706
1.4474174
1.6916004
1.1700562
1.694618
1.7579645
1.6531976
1.2699566
1.7035273
1.778507
1.7270253
1.7110935
1.6699541
1.7325122
1.7103426
1.7180616
1.7490435
1.5018306
1.726015
1.7099868
1.3773551
1.6682634
1.71132
1.7546805
1.7909904
1.6706018
1.71132
1.711355
1.7538093
1.2236699
1.6470553
1.997495
2.0167623
1.6470553
2.320493
1.6470553
2.3107638
2.3195982
1.9040818
2.2702618
2.146015
2.1395159
2.2971625
1.9155674
2.2569556
1.2556342
2.0764883
1.5904704
2.301033
2.3583298
2.145592
2.1457555
2.1925864
2.2568507
1.6170512
2.2552865
2.2534313
2.2006214
2.2549722
1.5154784
2.2421718
1.8702694
2.0336359
1.6298351
2.0799077
2.2525518
1.6839811
2.1054597
2.1805413
2.184163
2.0715964
1.9107935
1.4977599
2.2412136
2.0927103
2.1210709
1.857932
2.2232492
2.29491
1.5040632
1.6703187
1.5058576
2.1798797
2.1829562
1.5085336
1.5358433
1.4368613
1.319406
1.3310202
1.3010268
1.3504021
1.435496
1.454652
1.4241515
1.1962777
1.1963391
1.3508483
1.3615209
1.4649717
1.2270887
1.4649717
1.4810975
1.4835786
1.3263558
1.4632938
1.4825716
1.346813
1.4826996
1.490984
1.3360171
1.4865886
1.4928614
1.3010739
1.5616679
1.4935033
1.3369905
1.5304528
1.5078859
1.3826659
1.4608296
1.5227427
1.388788
1.4671388
1.4960816
1.5333521
1.3523966
1.393687
1.4728342
1.255857
1.5121211
1.3779768
1.5001061
1.255857
1.4835668
1.5184151
1.5166298
1.5039043
1.4800916
1.4967409
1.4455777
1.256853
1.5016805
1.2622036
1.2516913
1.3662797
1.5111954
1.5257845
1.489026
1.5171726
1.5038984
1.4713736
1.5147989
1.3719995
1.5771066
1.5929748
1.4219198
1.4217725
1.5921828
1.5720285
1.5592111
1.5924326
1.603107
1.4701875
1.5226028
1.3122319
1.4689752
1.3099214
1.5785248
1.5690174
1.5607184
1.2588578
1.2584518
1.2588578
1.2550209
1.2615069
1.4814949
1.5327159
1.5149384
1.5329957
1.5385562
1.4900866
1.5383793
1.5710616
1.3631691
1.4935658
1.3373208
1.2607439
1.4106095
1.4724231
1.4778159
1.4712137
1.493786
1.5366327
1.4387193
1.489451
1.5005118
1.5051185
1.2608104
1.5036298
1.5940164
1.3601091
1.5940164
1.4857285
1.2599553
1.2608104
1.2608104
1.5947504
1.2611378
1.4172946
1.5145329
1.3114173
1.2845153
1.5923051
1.5667324
1.4906853
1.4838926
1.3614146
1.4838926
1.5600979
1.4818176
1.6124872
1.6272227
1.3614146
1.4775418
1.5378634
1.4857285
1.6001879
1.4859884
1.3629493
1.4857285
1.3563702
1.4593704
1.490286
1.5196452
1.4912885
1.527192
1.4291174
1.5627859
1.3609567
2.3422766
2.2992897
2.173289
2.2934237
1.6158675
1.9650799
1.9490917
2.3069084
2.3851209
1.6143603
1.4689269
1.6132091
1.5411605
1.9655219
2.1712892
2.1741097
2.3408253
1.6147431
2.0784466
1.6147431
1.9655219
2.3166487
1.5573864
2.2394366
2.2833908
2.1725662
1.5607907
1.9006264
1.9089541
1.9668136
1.5072192
2.0081217
1.9179741
2.2442226
2.1570113
1.4992619
1.4889448
1.9594731
2.0301578
2.120465
2.124477
1.911557
2.191952
1.5962459
1.9139712
1.9101057
1.9139712
1.9108484
1.5438106
2.1231089
1.7638664
2.1709337
2.1791642
1.4170991
2.0019379
1.9916482
1.6336687
1.635066
1.573627
1.2887895
1.1529808
1.1529603
1.3520596
1.3523856
1.3523234
1.3525513
1.2209309
1.2208521
1.2754601
1.195776
1.2209052
1.4095751
1.2513386
1.2619406
1.2553039
1.233887
1.2582101
1.2334272
1.2420597
1.233887
1.0599302
1.2521123
1.2622589
1.2638624
1.2621382
1.2638624
1.2639824
1.2475764
1.2716832
1.1052351
1.1016304
1.3377978
1.2800163
1.2716949
1.0979632
1.1055884
1.2825718
1.2880638
1.095559
1.1505947
1.3447304
1.39821
1.4403826
1.4694587
1.4673927
1.4307097
1.1941414
1.3188989
1.3231493
1.2043461
1.3309375
1.3227533
1.468804
1.3949142
1.3222065
1.3935255
1.4233781
1.346035
1.2882578
1.4315906
1.4196675
1.3478745
1.4966561
1.4961259
1.45753
1.496389
1.4967033
1.2374349
1.2163553
1.4967157
1.5512775
1.46056
1.491438
1.5434779
1.5610002
1.5838785
1.5917621
1.5010085
1.5142417
1.521796
1.5692157
1.2698964
1.42115
1.5598233
1.596838
1.6006262
1.56131
1.562555
1.5617732
1.6024789
1.2713209
1.4294994
1.596838
1.42286
1.2711523
1.4718587
1.5163945
1.5827425
1.5791501
1.5675505
1.4992981
1.3642
1.431266
1.5103046
1.539104
1.462005
1.524091
1.605566
1.6305438
1.5879914
1.5162339
1.5665473
1.3424903
1.5537819
1.5544981
1.5039313
1.536942
1.594125
1.4552053
1.4965833
1.5277437
1.418078
1.4260691
1.4239337
1.3183091
1.5044636
1.5410758
1.4168736
1.5551281
1.5196687
1.1981418
1.3169972
1.500288
1.501281
1.348497
1.507469
1.502879
1.5067778
1.4664478
1.5075821
1.5065099
1.1466104
1.3949276
1.493527
1.4676167
1.4273336
1.4958612
1.5454409
1.4145123
1.4553697
1.5117083
1.5467049
1.4553697
1.3164619
1.4355439
1.1979083
1.1672088
1.1965524
1.4437413
1.3485987
1.3630716
1.4583411
1.6066854
1.5994692
1.3733608
1.4973935
1.4971157
1.4971157
1.3740321
1.457229
1.3544601
1.461264
1.4704205
1.4896225
1.4966928
1.4397047
1.5401042
1.4962565
1.5595093
1.5375117
1.4178592
1.5576396
1.5650275
1.5115862
1.5072247
1.4375931
1.5057151
1.4924148
1.6078606
1.4958814
1.5614443
1.5539864
1.4849831
1.4867346
1.5458992
1.4846117
1.366106
1.3669274
1.4867821
1.572629
1.6134678
1.6201992
1.373542
1.4990999
1.3491687
1.4695414
1.2201825
1.5999386
1.6131324
1.4995131
1.561813
1.5375756
1.5682377
1.3465194
1.4995131
1.5343798
1.5711051
1.6084284
1.4810168
1.4653827
1.5020282
1.5024332
1.5207969
1.4407817
1.5046593
1.511107
1.4623936
1.3469473
1.3917061
1.4621406
1.4661496
1.5478696
1.3171299
1.5397588
1.4546572
1.5699843
1.4939165
1.5396243
1.4677355
1.4002513
1.4772952
1.5377686
1.4384391
1.4741116
1.4958956
1.5191188
1.5008453
1.4651847
1.4651847
1.5367564
1.4812075
1.5361685
1.2769464
1.2771224
1.3286322
1.4992001
1.4446353
1.4124943
1.4914674
1.4830618
1.4665608
1.4172617
1.3602387
1.2462878
1.2462687
1.4910066
1.4915501
1.4940116
1.495161
1.4785248
1.4345168
1.5312831
1.5428946
1.2720251
1.5451508
1.5440377
1.5141011
1.4987435
1.5807586
1.3340229
1.4551784
1.5388747
1.5097203
1.3480731
1.5113308
1.5128961
1.3479779
1.3132541
1.4110504
1.5248148
1.352477
1.4859759
1.4878856
1.4891647
1.410382
1.4089682
1.4200734
1.3476223
1.3408898
1.4056655
1.4199452
1.2052028
1.4130359
1.3395752
1.4198172
1.1820503
1.4350808
1.433106
1.4094508
1.2103776
2.0766103
2.1287043
1.5050344
2.0428438
2.164862
2.065954
2.179261
2.1634607
2.195803
2.1994154
1.4240468
1.7972615
2.1990526
2.0980706
2.1381886
1.7958628
2.0759058
2.1353297
1.6885997
2.0748506
1.4681463
1.6454524
2.2574644
2.1787925
2.183817
1.6364421
1.5666707
1.5873382
1.6418396
1.5019035
1.4666731
1.4970727
1.3712674
1.367113
1.5137995
1.5031068
1.513727
1.5403234
1.5031068
1.5289148
1.2763947
1.5236338
1.2778493
1.2778493
1.5239625
1.5052612
1.2690914
1.4599415
1.3978312
1.4551626
1.504529
1.3994169
1.5375726
1.4759531
1.395287
1.3199764
1.504529
1.5023779
1.5206131
1.4614798
1.5403855
1.6129998
1.6023947
1.2513115
1.2561382
1.3638577
1.3486686
1.4161925
1.4996889
1.2762951
1.5980242
1.6127384
1.6123279
1.6127058
1.6132615
1.2966254
1.6003199
1.2779455
1.5766879
1.401828
1.567116
1.2450176
1.4024265
1.4019551
1.4976313
1.4854727
1.2924222
1.3870516
1.4831812
1.4695708
1.4409914
1.4532973
1.33513
1.3112061
1.4700136
1.4478756
1.4547315
1.3910451
1.285362
1.4603412
1.4867966
1.2688564
1.5219843
1.2601854
1.244646
1.4342632
1.3994503
1.3180325
1.4128048
1.458198
1.4695618
1.5349836
1.3018489
1.2670995
1.3260686
1.3290945
1.2166529
1.3308408
1.2533861
1.2533861
1.2871199
1.2258683
1.2866846
1.2221322
1.1881666
1.1860496
1.1881704
1.2049818
1.187026
1.2354658
1.3304186
1.3227209
1.3323277
1.3714159
1.2286501
1.347534
1.3310364
1.4049153
1.4572245
1.385395
1.4015924
1.2451191
1.3626553
1.3438842
1.3650185
1.409787
1.356878
1.4076884
1.3468955
1.410869
1.2438248
1.241634
1.3274031
1.3259273
1.3764206
1.0766295
1.2275972
1.1633216
1.3452086
1.1725498
1.3552747
1.340454
1.3730427
1.3817729
1.3914078
1.3621079
1.3065673
1.457201
1.3583944
1.4034398
1.2613106
1.4388835
1.465448
1.5842779
1.586378
1.5030515
1.4593687
1.4534956
1.3494469
1.2635733
1.3846714
1.2506692
1.3846618
1.3846618
1.3874582
1.3627217
1.37289
1.266486
1.3292595
1.3981601
1.2195626
1.3888496
1.4111707
1.424759
1.3714361
1.722128
1.7370998
1.6764089
1.6469234
1.6471281
1.7730625
1.9686193
1.8513583
1.3732512
1.1692353
1.6615171
1.6594949
1.9252849
1.3294477
1.6170176
1.3300723
1.2597617
1.9252849
1.9252781
1.4161487
1.638766
1.3300269
1.4163775
1.4144928
1.4163775
1.3321134
1.4088695
1.3356917
1.3544309
1.2635087
1.3128803
1.1976986
1.3655494
1.3277619
1.3108335
1.2952733
1.2679892
1.3858769
1.2826875
1.384163
1.3387065
1.3836575
1.4215133
1.4006196
1.4295728
1.436036
1.4027599
1.2678887
1.4235797
1.4431982
1.4933733
1.3728771
1.4958329
1.4802345
1.4894866
1.3533587
1.2701026
1.4212762
1.4041848
1.4212264
1.4041848
1.3541924
1.4368398
1.2741143
1.4041848
1.3541924
1.4387193
1.4469491
1.2511537
1.347338
1.268358
1.292118
1.3078772
1.3047727
1.3370905
1.3482537
1.3950722
1.4558817
1.4313756
1.2956805
1.3631836
1.2681439
1.2663621
1.3988194
1.3102944
1.3105488
1.0926226
1.2296948
1.3485303
1.4445994
1.4725652
1.468317
1.4445994
1.3908584
1.3259776
1.3752551
1.4225205
1.3790028
1.3878841
1.4811176
1.2625933
1.3876774
1.3031826
1.0865275
1.4741912
1.4705344
1.2294989
1.388313
1.4743464
1.2528574
1.3269918
1.4101647
1.4725575
1.4748356
1.4199443
1.3984282
1.3880742
1.4199443
1.4640956
1.2570521
1.4703201
1.442314
1.4748943
1.2605877
1.6074358
1.5865514
1.5803084
1.5627859
1.3417681
1.4922067
1.5213389
1.4984374
1.5577202
1.5529784
1.3395287
1.56518
1.3336669
1.3395287
1.5693951
1.5165787
1.579981
1.5477031
1.4846257
1.336071
1.3892791
1.4648252
1.5076
1.4376485
1.4941186
1.3194256
1.5761527
1.5745069
1.4746369
1.4917425
1.3177449
1.4746368
1.5741624
1.5697227
1.5999606
1.238533
1.2366775
1.2790905
1.2797308
1.4863949
1.4832929
1.4223827
1.3232212
1.5622066
1.4119978
1.4887931
1.488493
1.4692461
1.3972007
1.500857
1.2160629
1.1023405
1.3533629
1.4609385
1.3140366
1.4552007
1.2120866
1.4811522
1.4611213
1.4222573
1.4911295
1.321992
1.5008601
1.5011367
1.5013034
1.3216258
1.3181002
1.4949396
1.4225956
1.4175973
1.4860862
1.1419456
1.2233105
1.2936857
1.5841291
1.5342071
1.3214823
1.5469108
1.5667071
1.5672935
1.5840338
1.5850791
1.4975234
1.3214823
1.3214823
1.495775
1.5018306
1.5201986
1.4210293
1.593122
1.6040912
1.593122
1.6122333
1.5663267
1.4976301
1.5105546
1.5927563
1.4409977
1.5565237
1.5872147
1.5614341
1.6077449
1.2702832
1.49414
1.580543
1.561253
1.5982269
1.59849
1.3169917
1.5921414
1.4931682
1.5846883
1.4287909
1.5940819
1.5173118
1.5011712
1.2702832
1.4716946
1.4870542
1.5846883
1.5876181
1.6085331
1.6077449
1.2758615
1.4166408
1.4114739
1.4970044
1.5230479
1.2575245
1.5238603
1.4599216
1.3172688
1.3225086
1.5116488
1.4699619
1.2459087
1.3662896
1.2636871
1.5066495
1.2688018
1.3372301
1.4004956
1.4023603
1.4310781
1.432401
1.4619459
1.5542594
1.2735393
1.2735611
1.268932
1.2631075
1.2688235
1.2983057
1.265151
1.3721828
1.2639719
1.4321485
1.4201207
1.3493556
1.432838
1.3605654
1.4325653
1.4342195
1.3915116
1.3996925
1.4221747
1.4652193
1.3832842
1.5006485
1.5444574
1.478918
1.6210916
1.6210916
1.6139641
1.479034
1.4780067
1.3919563
1.4011488
1.5762858
1.6210916
1.5753555
1.4700601
1.5951807
1.3719367
1.6106008
1.5358735
1.4815899
1.5646907
1.4966893
1.4965328
1.4966896
1.4823385
1.4664134
1.5186249
1.5281163
1.4966933
1.4863712
1.5223986
1.5615021
1.3388546
1.5744499
1.4991982
1.5647453
1.5647266
1.5728564
1.5373058
1.3326783
1.3452877
1.5851389
1.553278
1.488527
1.3152219
1.4730031
1.5138929
1.5799711
1.3645037
1.4801708
1.480686
1.6153908
1.5936795
1.525425
1.57381
1.5011637
1.5757707
1.4812902
1.4815378
1.3575239
1.3306042
1.3445745
1.5223498
1.4543672
1.5547285
1.4949601
1.533653
1.5311515
1.552765
1.4578712
1.405563
1.4442145
1.4600058
1.603501
1.9675273
1.3328311
1.2446553
1.603501
1.3538603
1.7280631
1.6988506
1.5239618
1.5973804
1.7240075
1.1013917
1.3535521
1.637338
1.5530968
1.6338047
1.6978238
1.8206983
1.6958678
1.7010983
1.6673108
1.8021854
1.8801017
1.8833469
1.8903576
1.8907834
1.3705077
2.0010982
1.7843729
1.8464795
1.9881072
1.2476418
1.9595139
1.9712225
1.9819818
1.7843729
1.8907834
1.5872803
2.0024369
1.2557272
1.7843729
1.8022501
1.84767
1.84767
1.8833469
1.9865739
2.4153
1.6373644
2.418109
2.4215715
2.4078841
2.4162493
2.4215715
2.3987324
2.3062146
2.3851209
2.2272835
1.9850419
1.94119
2.301628
2.2823513
2.1832917
2.2051456
2.2760067
2.2867885
1.644625
2.289102
2.308772
1.4894195
1.9994936
2.2866063
1.6056516
1.6389828
1.4975436
1.3751297
1.3751297
1.4979705
1.4989922
1.4979705
1.3753512
1.3204765
1.4195447
1.4966971
1.5016277
1.4928812
1.37507
1.1926119
1.5397402
1.4705248
1.3469208
1.5397402
1.6132911
1.4663463
1.4987359
1.4970323
1.5277839
1.5638449
1.4662807
1.2628057
1.5996646
1.4920125
1.484513
1.494193
1.5219967
1.5941689
1.3386284
1.4730749
1.5362554
1.5405279
1.2923442
1.4920024
1.3863375
1.4198213
1.4260436
1.4962602
1.4192761
1.4438354
1.4585385
1.4586539
1.1862603
1.4446164
1.2870986
1.1858032
1.4621838
1.2886103
1.4623907
1.4713655
1.5332973
1.440049
1.3202751
1.2907695
1.4401407
1.2565941
1.520646
1.5206602
1.3856982
1.2949682
1.4670533
1.4739618
1.5181919
1.528579
1.4689989
1.5275066
1.3886987
1.4392003
1.3090774
1.1887007
1.4392786
1.4071102
1.4137295
1.3799342
1.1584119
1.3802181
1.3550712
1.1458634
1.134838
1.317798
1.340253
1.3552988
1.3602606
1.3799342
1.506285
1.5102369
1.2971103
1.2840623
1.4137295
1.4613779
1.3885188
1.4420955
1.1979032
1.4484268
1.2750508
1.1499931
1.5037608
1.4572573
1.550214
1.5745299
1.5116943
1.3125243
1.4347862
1.4292116
1.4292116
1.428953
1.5527673
1.5625224
1.5673707
1.5008808
1.3066002
1.3497603
1.4788688
1.3125699
1.336113
1.5334105
1.5030174
1.4309598
1.5078353
1.4350896
1.5026509
1.502536
1.4329998
1.4350896
1.4350896
1.5120621
1.2105995
1.5026509
1.4230702
1.5005419
1.5005419
1.5026509
1.4027132
1.5098338
1.509683
1.4994826
1.5101371
1.379618
1.5122567
1.4765215
1.4396737
1.5043596
1.5024973
1.434281
1.2498941
1.2624153
1.4765215
1.5041782
1.5421768
1.5526772
1.3069974
1.3182021
1.3583822
1.318112
1.3182021
1.5092493
1.5580305
1.5611823
1.446284
1.4742694
1.5691274
1.545864
1.4917111
1.2110772
1.5434179
1.4247332
1.4402559
1.697669
1.7011944
1.6763786
1.7130054
1.7035345
1.6963483
1.6390961
1.5150566
1.658978
1.7179414
1.7222412
1.5870582
1.5150566
1.641535
1.5154117
1.7126085
1.8018045
1.7795676
1.7972418
1.7559531
1.5000188
1.630338
1.6457453
1.716381
1.5154512
1.6434149
1.7859541
1.7416413
1.7757645
1.7533839
1.6309801
1.4996673
1.7526808
1.6775575
1.8024052
1.8405368
1.7530735
1.6895335
1.7006675
1.7822222
1.7502071
1.7910992
1.7928567
1.7103461
1.7447352
1.6741168
1.5138184
1.7737548
1.7161071
1.7170209
1.7058432
1.7814102
1.7905985
1.7603571
1.5136577
1.7780312
1.7804362
1.7787119
1.5116202
1.6959722
1.798274
1.7607154
1.7807975
1.6449053
1.5136577
1.7129632
1.7154853
1.5775896
1.4942166
1.7893119
1.7604018
1.7899519
1.5141368
1.6914577
1.62881
1.7052045
1.7228044
1.7503847
1.7503847
1.4703703
1.4413735
1.6740481
1.6751018
1.7416885
1.6740481
1.7114949
1.74755
1.7478002
1.4725347
1.6023096
1.5618109
1.7186167
1.5112667
1.6009861
1.6051521
1.4760537
1.5651805
1.6039436
1.6073251
1.5378511
1.5550519
1.3718867
1.3813034
1.3425198
1.5371855
1.5077766
1.3813034
1.5461496
1.5732214
1.3811638
1.3797479
1.5882549
1.6202917
1.5879351
1.5965027
1.5145136
1.5462179
1.5836563
1.562078
1.5839214
1.6226968
1.6439639
2.2911043
2.2944314
2.0388253
2.3048534
2.3899536
2.0802815
2.0805228
1.5997313
1.5840011
2.161741
2.290453
2.039419
2.2906578
2.2906578
2.5195475
2.0818741
2.4176407
2.319789
2.4029138
2.3313885
2.412919
2.4983222
2.5065188
2.5076659
2.4677308
2.3602035
2.2557943
1.7653887
2.0947
2.1408997
2.385434
2.5184305
2.5772948
2.5855088
2.4106116
2.4223714
2.4106116
2.8200502
1.9949719
2.7260432
2.742403
2.7050242
2.6708186
1.9083436
2.259895
2.4316676
1.9203581
2.4878528
2.506855
1.9011291
2.2008426
2.2939794
2.4021497
2.064371
2.625057
2.0782602
2.1578867
2.4236407
2.1548595
1.6721903
2.1941566
2.1601875
2.17767
2.1834605
2.1828206
1.6971964
2.0419621
1.9104769
1.7280589
2.0536945
2.1028235
2.2072682
2.1028235
1.7784967
2.2054975
2.211199
1.752385
1.7684754
2.2062755
1.7684754
1.9461861
2.0119576
2.0246265
1.7871615
1.7865583
1.7680187
1.7847507
1.782098
2.012773
2.266038
2.3580337
2.3620594
2.5883367
2.382592
2.7771287
2.7875383
3.3679628
2.5511603
3.0884118
2.9659317
2.7872422
2.7721827
2.5854611
2.7717035
3.5506897
2.5059345
3.7020106
2.9098809
3.378192
2.7121747
2.7266898
3.233389
2.726235
2.7275994
2.158667
2.6255918
3.0553546
2.6466837
3.2779438
2.324582
2.3218532
2.3243835
2.3260865
2.9987385
2.7302175
2.7734058
2.0716968
2.5711422
2.5881703
2.999969
2.6764245
2.9094768
2.0427456
2.2280343
2.9066322
3.1742642
2.885151
2.9097292
3.1408455
2.5558338
3.126101
2.7664382
2.7623763
3.178904
2.7581103
2.7581103
3.068803
3.077347
2.15018
2.311908
3.2325604
2.2828035
2.5878344
3.0164092
2.582923
2.7770278
2.5848389
2.5815787
1.9218372
2.3022563
2.7052412
3.1346564
2.5815787
1.9207237
2.2772
2.670918
2.3035972
2.9696329
2.9926517
2.5578187
2.1212564
2.5085838
2.2683764
2.6261039
2.5463061
2.389437
2.5481288
2.4480884
1.9642401
2.267988
2.2569842
2.4436958
2.240802
2.3360932
2.493126
2.410869
2.2984705
2.4074178
2.4122036
2.1611428
1.8965604
1.7867306
1.776801
2.055789
1.8378878
2.3331187
2.3331187
1.7882683
2.1438563
1.974397
1.7771397
2.171366
1.9833857
2.284296
1.8094717
2.2964134
2.2887926
2.3926766
2.296484
2.367524
2.3690429
2.3690429
1.906738
1.6644164
1.6959224
1.6767137
2.2703822
2.3318121
2.0033948
2.3570714
2.3225243
2.0656023
2.0922587
2.3225243
2.0560975
1.9834942
2.1863906
1.7488017
1.7811639
2.0238733
1.7618029
2.2887826
2.2982345
2.2975245
2.332944
1.7136574
2.0632446
1.6586919
2.3575995
1.5991784
1.8681128
2.2690032
1.8008891
1.8303068
1.9084951
1.8011892
1.8304757
1.8105505
1.9122379
2.220626
2.2203512
2.369269
1.8423414
2.3284187
2.4159698
2.4560847
2.6230257
2.4471154
2.51763
2.3197544
1.89534
1.872422
2.1728246
2.0941474
2.1178613
2.1794045
1.4097549
1.8544128
2.0361652
1.8733087
1.8463053
1.7292807
1.9449548
1.7753657
2.0225542
2.0201583
1.5621184
1.5198551
1.7215478
1.5565168
1.859706
1.7915739
1.9063748
1.915429
1.6534638
1.5908353
1.4257371
1.5919596
1.2657164
1.5663661
1.5663661
1.5660602
1.5646712
1.7284862
1.6953361
1.7228643
1.7881702
1.665394
1.3898027
1.7841278
1.7245895
1.7883756
1.7545133
1.3902119
1.7879002
1.6788696
1.9373981
2.089639
2.003195
1.9315978
2.0857604
2.0065315
1.5631499
2.0770526
1.7927084
2.083825
2.0997057
1.8377198
1.9345565
1.9773973
1.9752144
1.9752144
2.005803
2.005803
1.533954
2.0157056
2.052801
2.085089
1.7794497
2.096491
2.1888096
2.25802
2.164604
2.0226545
1.9301112
2.1639762
1.8002135
1.6834735
1.9358327
1.5321844
1.523938
1.3160964
1.5588168
1.584637
1.5458535
1.5883834
1.5267007
2.06858
2.2701735
2.0245836
2.0613806
2.1669042
2.1669629
2.2181313
2.1669042
2.1869133
2.1676936
2.0453084
2.2458427
2.2871854
2.2297797
1.6679395
2.0565476
2.064724
2.064941
2.0487185
2.0498307
2.0923576
2.0811167
2.186563
2.1812148
2.1879687
1.5613185
1.8711866
2.090449
2.1145394
2.0021052
2.1126952
2.0521247
2.1810656
1.837101
1.8394743
1.962015
2.0576756
2.0602007
1.5302176
2.1173325
1.9276898
2.0865862
2.1463256
1.5544491
1.9542354
2.1601226
2.1588297
2.0915427
2.1844563
2.4662998
2.1158812
2.396332
2.3782864
1.7754588
2.0820706
2.5400586
2.4845126
2.5812352
1.7957567
2.1474757
2.1419535
2.1446412
1.7212037
1.7344621
2.1416442
2.1191976
2.3977427
1.7909727
2.3624508
2.0328698
1.6985141
1.9825401
2.0453837
1.8131015
1.9134098
2.1802838
2.1833792
2.217037
1.8730707
1.8711373
1.8712039
2.1866486
2.1196609
2.213904
1.8718957
2.08284
2.144553
2.2021687
2.2194538
2.1809287
2.182141
1.6253089
1.8717369
1.8717369
1.731352
1.731352
1.7472657
1.845761
1.731352
1.4653732
1.4259001
1.7963035
1.870134
1.8840173
1.9453874
1.982935
2.0219176
2.1200254
1.9591839
2.2154715
2.193839
2.1247232
2.212437
1.6827888
2.2807992
1.9342145
1.9585536
2.0991602
2.0895452
2.104404
1.3689607
1.3413981
1.3698382
1.341717
2.1835685
1.3689607
2.1834471
2.319565
1.3154672
1.2172372
1.1152188
1.3618548
1.3621849
1.255839
1.3159059
1.2568917
1.3155086
1.362355
1.3613046
1.3472276
1.368395
1.360541
1.3700308
1.4571451
1.4756033
1.4819678
1.4989393
1.5662649
1.3555573
1.5811874
1.4758899
1.615222
1.3678353
1.3537369
1.3538436
1.484124
1.3276653
1.4890449
1.3538436
1.4860075
1.5213275
1.3494266
1.46633
1.4732732
1.4751487
1.5785819
1.2158417
1.4896253
1.3650421
1.3099808
1.6160065
1.6157067
1.6333134
2.1877508
2.2275035
1.5416098
1.5023297
1.8302627
1.3075542
1.8300819
1.7845303
1.7983092
1.8607045
1.9921054
2.335949
2.2316294
2.1112332
2.1114366
2.3300724
2.2664745
2.3350296
2.3324249
1.9338133
2.193234
1.9388288
2.1533208
2.324267
2.29839
2.3052678
2.3244426
2.2296877
1.9384319
2.123785
2.2396398
2.2622218
2.40694
2.4177508
2.0325785
2.0177462
1.5997123
2.3430188
1.5997123
1.6732129
2.5188391
2.519666
2.0177462
2.0200553
1.9656479
2.0345592
2.3707192
1.6287756
1.5271943
2.381139
1.5176339
1.5018826
2.306692
2.304693
2.312156
2.1891873
1.5363944
1.980366
2.0429554
1.8880031
2.0706024
1.7010274
2.2630312
1.8871336
1.9026015
1.8878975
1.8583378
1.9078822
1.9098406
1.5514313
1.6310159
1.8856096
2.2362044
2.208913
2.2618291
1.5623287
1.8782738
1.8773149
1.8773149
2.2082927
2.0748088
1.8743438
1.969921
1.8728415
2.070741
2.259415
2.2299318
2.242119
1.48677
2.1044884
1.8825837
2.0974076
1.5087454
2.1148083
2.0909483
1.4824312
2.339117
2.1847854
2.2388332
2.3439279
2.2398942
2.2946439
1.8402522
1.7035097
1.8307247
1.7679551
1.2593459
1.760743
1.78156
1.8011036
1.8162868
1.8756744
1.8762228
1.878747
1.9133173
1.8674854
1.277116
1.8005574
1.8866097
1.9002721
1.8584665
1.259254
1.8234717
1.8408943
1.2018406
1.8532882
1.6971716
1.8351231
1.8867174
1.8495538
1.8665209
1.768901
1.8130503
1.2723745
1.256235
1.733848
1.2552129
1.8090808
1.2596945
1.6882155
1.6893616
1.6717033
1.6848116
1.676848
1.1212867
1.1982336
1.5511836
1.634495
1.1984874
1.5519829
1.6380252
1.2866646
1.5669589
1.6700091
1.675801
1.2124088
1.1995386
1.575922
1.608744
1.6458724
1.1741428
1.5804123
1.5612695
1.6615367
1.6761346
1.6861341
1.2924904
1.6941332
1.5288415
1.6909413
1.6909413
1.3916953
1.680806
1.5615815
1.678165
1.818471
1.2952929
1.6857104
1.6868771
1.7840303
1.6859434
1.8333555
1.8309331
1.2430371
1.7886167
1.6835111
1.8291451
1.594436
1.7000723
1.1910247
1.684146
1.2640258
1.6772773
1.8126804
1.6274021
1.3046066
1.8579347
1.1816432
1.3049306
1.3437533
1.2619932
1.1742009
1.3374151
1.3448954
1.3928847
1.2932144
1.5473965
1.674735
1.6883413
1.6483393
1.6346322
1.6339489
1.6338241
1.6339278
1.6559803
1.6685531
1.6814008
1.6575763
1.7403111
1.7372435
1.7000681
1.0976487
1.691358
1.691358
1.7549902
1.6539893
1.7601427
1.0976487
1.684989
1.3072627
1.7610707
1.7459882
1.7601427
1.1130146
1.1078435
1.127176
1.6159046
1.6222818
1.5698707
1.5905788
1.1209869
1.5690196
1.6089141
1.661915
1.66233
1.2481797
1.6092155
1.1356225
1.6442777
1.5800605
1.6577386
1.6670649
1.3688346
1.6684694
1.6468247
1.6209832
1.6800597
1.6740429
1.6796736
1.7044102
1.756656
1.8034661
1.7964392
1.8034306
1.2389401
1.8066407
1.6453651
1.6276296
1.6628247
1.823407
1.812525
1.8519336
1.1000913
1.7358434
1.5090749
1.2406474
1.8135394
1.2397586
1.6589452
1.6988678
1.7360212
1.7402604
1.8623303
1.2407516
1.8393227
1.8135706
1.8394204
1.2407516
1.1872337
1.1939201
1.2480377
1.5269437
1.5538244
1.5159584
1.336502
1.5977072
1.206848
1.6708893
1.794441
1.8030086
1.2668848
1.707819
1.708094
1.7438322
1.6345115
1.2152988
1.6995845
1.211941
1.611542
1.2290115
1.7809547
1.7927033
1.7791871
1.7815535
1.7899215
1.8021424
1.809373
1.6329371
1.8200946
1.2356604
1.6233356
1.7122096
1.226507
1.4897116
1.4984298
1.4634392
1.5623131
1.5829774
1.4984298
1.5842482
1.4496636
1.2826707
1.4428546
1.3417586
1.1925597
1.2453012
1.4457629
1.4598953
1.5131155
1.5806316
1.5838594
1.5004691
1.5827578
1.4964566
1.4964566
1.5343777
1.4964566
1.5841256
1.4646654
1.4604914
1.5542644
1.5400084
1.2765224
1.4461658
1.5478853
1.4263471
1.5234967
1.5461167
1.4263471
1.5613693
1.5107027
1.2634487
1.4235132
1.445288
1.4855745
1.3805975
1.3473634
1.3090117
1.4855874
1.2957952
1.459858
1.5004046
1.4516357
1.3073447
1.4611193
1.500264
1.5026351
1.359353
1.4994353
1.5196002
1.4989341
1.4897424
1.4860352
1.5136812
1.4531249
1.561774
1.561774
1.561432
1.5549899
1.5902592
1.5316931
1.5392611
1.5461909
1.2600654
1.5222147
1.4712183
1.346421
1.5210412
1.4999111
1.2646656
1.4158854
1.4408174
1.5065084
1.2870636
1.5192528
1.2874221
1.490888
1.2744714
1.4771689
1.4990752
1.2972295
1.3011339
1.4189171
1.5251852
1.1972033
1.5171239
1.5021994
1.5533355
1.3006988
1.2972295
1.4856193
1.2436429
1.3549937
1.3241402
1.4064696
1.2930785
1.4812876
1.5225502
1.427589
1.2656261
1.3895922
1.5272914
1.2662181
1.5243526
1.2648717
1.4901896
1.5018325
1.4719656
1.3852475
1.4856029
1.2184026
1.5084122
1.5108913
1.2648427
1.2655336
1.2805953
1.51978
1.5003632
1.463716
1.3940781
1.5298793
1.39501
1.5309196
1.4889569
1.5645742
1.2555991
1.5848374
1.5267622
1.586791
1.5838785
1.51077
1.2565315
1.5408045
1.563634
1.5638812
1.4970051
1.5408617
1.5836966
1.5838785
1.5521783
1.4905378
1.6063364
1.6198758
1.5371094
1.4970325
1.4139961
1.4126508
1.2806523
1.3942664
1.4139996
1.393732
1.5019118
1.3696488
1.5858965
1.5797869
1.5809829
1.4923738
1.5153456
1.5732671
1.4924479
1.3225482
1.4769529
1.4699988
1.4765356
1.4308159
1.5301697
1.5316806
1.5017926
1.5101886
1.5903339
1.6063151
1.7044286
1.632387
1.21495
1.564127
2.015497
2.015497
1.4405264
1.6086019
1.881369
1.5755793
1.5603
1.3994361
1.4336704
1.4401581
1.4401581
1.3486588
1.3313954
1.4783839
1.4189242
1.4026221
1.3512784
1.4401581
1.3454643
1.4294982
1.4195975
1.2344627
1.4276947
1.4151938
1.4276947
1.5756958
1.5521499
1.5756958
1.5584031
1.4599607
1.513511
1.5343857
1.5338943
1.5818057
1.3286732
1.5670933
1.3286732
1.3286732
1.1969053
1.5790987
1.4470491
1.5673707
1.3250635
1.5088536
1.5440056
1.5657172
1.4247384
1.5444088
1.529768
1.3320572
1.5807245
1.4536861
1.5056688
1.5616527
1.5298549
1.5630865
1.492317
1.439707
1.4959522
1.455612
1.4431505
1.4557472
1.4158746
1.3516489
1.2162232
1.575294
1.4994316
1.5469629
1.519724
1.5947456
1.5334557
1.3064876
1.568598
1.4516357
1.5427486
1.5516933
1.563549
1.3541291
1.5838354
1.5743539
1.4665073
1.4697828
1.5083752
1.2513022
1.2834976
1.4482671
1.4765556
1.4578477
1.4769653
1.2543917
1.3557831
1.2720493
1.4236658
1.260628
1.3519769
1.4700885
1.4993539
1.4866047
1.521517
1.2809322
1.5164238
1.584594
1.461154
1.420233
1.3323234
1.4819589
1.3501672
1.4577214
1.4167876
1.4945966
1.5669321
1.4796196
1.3575243
1.4980063
1.6006136
1.467918
1.3432997
1.2618983
1.2260182
1.2845709
1.2460912
1.3184612
1.347187
1.4631734
1.4607983
1.5003159
1.5291836
1.5015028
1.4970065
1.61059
1.6108322
1.6327978
1.5383375
1.5383706
1.6168361
2.181222
1.9842296
2.301703
2.3017704
1.9579865
1.5464518
2.171701
1.7940199
1.2225773
2.0374987
2.0101633
2.0602338
2.00135
1.3427852
1.7715966
2.0191016
2.0279102
2.0717156
2.0386772
2.0734975
1.4342272
2.0131063
1.8786179
1.8789576
2.1885033
2.0804057
2.2928083
2.2928274
2.30048
1.8905305
1.8782442
2.2908928
1.8759577
1.9303133
1.9300791
1.8238504
1.7437029
1.8481383
1.8238353
1.6620506
1.6850711
1.8436418
1.6903709
1.2426047
1.6558686
1.7756783
1.7756783
1.1964884
1.7371509
1.7853361
1.8063104
1.8822958
1.8261899
1.9078621
1.8261398
1.8982129
1.9025884
1.8471984
1.8711047
1.9153867
1.306322
1.8467277
1.8814633
1.8032079
1.4910864
1.7827744
1.8453226
1.8446409
1.3024954
1.2560941
1.792069
1.6210779
1.7966222
1.2502519
1.7544647
1.8122102
1.7277738
1.7687918
1.6412663
1.751111
1.5716873
1.5995632
1.7542391
1.8289917
1.7506131
1.563788
1.1471378
1.7741274
1.7837651
1.5503974
1.5506766
1.7348179
1.7357799
1.8151551
1.7887385
1.7806021
1.2806376
1.5308815
1.061887
1.7637668
1.2867818
1.85884
1.8136764
1.7832386
1.8454272
1.8098484
1.6847044
1.6847044
1.1668208
1.8091292
1.2865841
1.8151551
1.819091
1.8477625
1.7576201
1.7645018
1.7763811
1.6687053
1.7486603
1.8703468
1.929013
1.9534783
1.9535352
1.9610472
1.2380393
1.909105
1.5959952
1.6334231
1.7758265
1.6650124
1.9098226
1.9628603
1.983607
1.8542755
1.860549
1.9533442
1.8799082
1.860549
1.3634046
1.9533442
1.8879731
1.6276938
1.860549
1.8598955
1.9215832
1.812152
1.95296
1.952196
1.9197177
1.6283457
1.7941078
1.2846549
1.7091852
1.257498
1.6682423
1.7000536
1.7179885
1.7001315
1.7001315
1.7926863
1.7001315
1.7943512
1.7943512
1.7669643
1.2592561
1.6523414
1.7001315
1.7435391
1.667141
1.7509626
1.2586292
1.7715855
1.7715855
1.7243683
1.7085289
1.7519037
1.2608345
1.7891508
1.7678287
1.6476067
1.7705612
1.7753209
1.8163594
1.1378083
1.7189624
1.7894881
1.7893316
1.75524
1.7567507
1.7868253
1.799939
1.7854384
1.1258111
1.3703258
1.2814947
1.273505
1.1936685
1.2731519
1.2180617
1.260087
1.2247424
1.2299999
1.246467
1.2455826
1.276748
1.2766242
1.2250731
1.2766242
1.2695291
1.2706805
1.2512006
1.2921882
1.268762
1.2703472
1.2710148
1.2772776
1.2706805
1.2499651
1.2504833
1.2673901
1.2822984
1.3774643
1.3644161
1.397081
1.3914742
1.3240651
1.226149
1.2635665
1.3829983
1.2682959
1.2349057
1.2706318
1.3654486
1.3644695
1.3628073
1.2054421
1.2566388
1.2562186
1.2613019
1.2431997
1.2064562
1.2764696
1.2876552
1.1155912
1.2964765
1.1723132
1.2233071
1.2239412
1.2276638
1.1309814
1.136753
1.1343682
1.1063076
1.1693181
1.1706772
1.1297289
1.1192943
1.1309297
1.1350598
1.2371609
1.3072864
1.3978163
1.2393385
1.2688278
1.4089193
1.268762
1.5249269
1.6039546
1.6119709
1.5062267
1.2726511
1.5131632
1.2915449
1.2915449
1.3487861
1.3486813
1.2521955
1.2148823
1.256849
1.3487731
1.5516659
1.5524588
1.4830953
1.5003892
1.3985717
1.4157708
1.345674
1.4982792
1.5254658
1.4517511
1.3295783
1.4793185
1.5144547
1.4793185
1.2157186
1.3260272
1.5178698
1.501239
1.5534779
1.5367684
1.3698277
1.3558347
1.5850964
1.3289632
1.3542969
1.5200114
1.5279398
1.3530228
1.5345165
1.2690089
1.3892633
1.3872534
1.3711481
1.3892314
1.3812406
1.3669207
1.3651253
1.3995893
1.4738693
1.4695809
1.3884479
1.4601907
1.4020278
1.5150373
1.5123217
1.5669656
1.5983084
1.7604839
1.7598526
1.7777649
2.0986392
2.0679457
1.9192196
1.3815681
1.3891208
1.41527
1.6805116
1.6455545
1.7295793
1.7796199
1.7295793
1.2572712
1.2606553
1.787617
1.6455545
1.6758505
1.7295793
1.2235935
1.6843126
1.7062044
1.6865274
1.6443437
1.4226719
1.5013571
1.7051364
1.7578346
1.7797264
1.2600311
1.2624334
1.7322258
1.7240049
1.2607341
1.2620077
1.6479475
1.7458066
1.7330073
1.8349802
1.7069215
1.3101311
1.6989676
1.7064174
1.7064174
1.676017
1.7331738
1.8204672
1.830823
1.6466954
1.870588
1.7250419
1.2654687
1.6713673
1.8597351
1.7963704
1.3630605
1.309525
1.8982432
1.8003986
1.7678988
1.767004
1.1572192
1.7988598
1.3232046
1.7675362
1.2898488
1.7931693
1.7953179
1.835149
1.8208573
1.8320117
1.8438259
1.8438762
1.3179735
1.8559631
1.3249187
1.7546307
1.8676208
1.7546307
1.8687288
1.2163587
1.6759768
1.8601295
1.8655297
1.7986103
1.8534127
1.8653299
1.6678
1.7592139
1.8523875
1.6714388
1.8527845
1.2260182
1.2149563
1.8403921
1.2149956
1.8655297
1.5822577
1.3757457
1.8584197
1.8785253
1.9306623
1.3758022
1.9679404
1.8570068
1.7669964
1.8931832
1.8359421
1.3017037
1.8104289
1.8931832
1.8574725
1.8931832
1.930097
1.7939823
1.8091375
1.9479959
1.9646374
2.0671825
2.1425805
1.644563
2.3746943
2.316844
1.9972663
1.644563
1.644563
1.4996686
1.3757457
1.9359967
1.644594
1.9720043
1.9368073
1.9386467
1.7575139
1.9269193
1.2436928
1.36173
1.9627872
1.9544711
1.8671854
1.7871921
1.8654476
1.965634
1.5734876
1.9691715
1.2464141
1.9634026
1.9027401
1.8554349
1.9575506
1.247264
1.9720789
1.776632
1.858557
1.985532
1.9743537
1.7698294
1.8687445
1.9231673
1.9519273
1.9537784
1.8598368
1.7645128
1.8687445
1.8515521
1.9788908
1.9864188
1.2458899
1.9864188
1.7698294
1.9576917
1.9695593
1.975541
1.9667832
1.7725608
1.0110942
1.7844434
1.6112133
1.7941262
1.796714
1.4139404
1.7331336
1.7331675
1.7725608
1.7459577
1.6966211
1.7585894
1.7453626
1.449688
1.6974174
1.6995561
1.6933463
1.6995561
1.6995897
1.0709243
1.682745
1.4156158
1.2680272
1.6770265
1.6484612
1.6454133
1.6155758
1.6676915
1.6898603
1.6941594
1.7591298
1.3668574
1.8164649
1.3668294
1.8442178
1.84266
1.85096
1.8614254
1.9044296
1.9162605
1.8204135
1.3146652
1.7392337
1.8289472
1.309275
1.7336247
1.7398111
1.742052
1.309275
1.7183462
1.6546066
1.6508486
1.3213643
1.7804724
1.835611
1.2409904
1.8745097
1.8512735
1.874494
1.2877666
1.5402442
1.7784308
1.8498205
1.3144042
1.3144042
1.8679541
1.8529263
1.9101132
1.8528112
1.9102062
1.310642
1.7511396
1.8071917
1.8274969
1.1200846
1.9225168
1.8659593
1.3029562
1.8657974
1.8281959
1.3029562
1.7830014
1.8281959
1.8281959
1.1589452
1.2673956
1.4274263
1.4298371
1.4828398
1.262492
1.7618134
1.8105913
1.2515641
1.7012291
1.7546242
1.7942737
1.2471055
1.758333
1.7939525
1.2461008
1.6379213
1.6382166
1.7586385
1.6512522
1.2750144
1.7512864
1.5202519
1.7556248
1.710104
1.7557517
1.7496586
1.2164772
1.7092255
1.5606594
1.581174
1.7557517
1.7558372
1.8017507
1.7976657
1.7594253
1.8216219
1.266855
1.7566059
1.7348958
1.7325482
1.8261635
1.6440475
1.6011462
1.640814
1.6706749
1.6545095
1.6655477
1.5926479
1.124827
1.2484092
1.572777
1.1585065
1.336861
1.336861
1.3455138
1.5626926
1.5608376
1.5633639
1.178786
1.5633532
1.5633639
1.5634608
1.6462317
1.7004749
1.7484763
1.7621565
1.2511286
1.2078375
1.2020605
1.7466853
1.7340631
1.3077692
1.5574714
1.5977786
1.3068964
1.7346728
1.8109838
1.7464902
1.8469588
1.8486297
1.8663927
1.8151151
1.7872243
1.8322103
1.830671
1.8674774
1.9561436
1.3608929
1.2659582
1.3766608
1.2811517
1.3574452
1.6230361
1.5964494
1.6230361
1.5443636
1.6141338
1.6053035
1.4977674
1.5399369
1.4657004
1.5014856
1.5494856
1.605096
1.5494856
1.5067343
1.4606149
1.5959032
1.5827898
1.3470132
1.5328208
1.3337697
1.4178194
1.3891704
1.4940395
1.4984547
1.2221063
1.459613
1.5338541
1.2371836
1.5082326
1.5039555
1.5231748
1.5536287
1.2937725
1.5923442
1.4985964
1.6064956
1.6139216
1.5817422
1.6169441
1.6252494
1.5326741
1.2854016
1.5930161
1.5845164
1.5329976
1.591606
1.4555444
1.4870975
1.4604177
1.5902141
1.6049072
1.3481046
1.4703467
1.5932065
1.4625336
1.4083735
1.4321983
1.3530283
1.3891388
1.5849723
1.4702101
1.4717909
1.5036644
1.4648198
1.5433555
1.5448133
1.5434316
1.4047072
1.4573671
1.4614034
1.3359876
1.3359876
1.4335598
1.4335598
1.4525434
1.3347191
1.4518563
1.3587419
1.3103808
1.3107083
1.3748189
1.268296
1.2932599
1.3437681
1.239846
1.3427325
1.3494964
1.2182977
1.3686169
1.377161
1.4191692
1.341387
1.4344716
1.3862355
1.329356
1.3707672
1.3903766
1.254172
1.3164628
1.3609436
1.2440237
1.4101822
1.4460971
1.4134941
1.4118937
1.4001875
1.5327282
1.5358074
1.567485
1.1455247
1.7146958
1.5407825
1.7090968
1.715284
1.7250376
1.2359568
1.7410403
1.737214
1.7386425
1.7710068
1.7386692
1.3192016
1.5053004
1.6870742
1.562409
1.5901088
1.6276025
1.3253144
1.3043742
1.3869262
1.6252583
1.7466308
1.2990415
1.7390332
1.7850568
1.7874744
1.4674231
1.3728629
1.4672835
1.4679816
1.4702437
1.7759433
1.7691222
1.7753531
1.7668087
1.7797133
1.8255551
1.2444268
1.2652229
1.7476587
1.1820399
1.7729108
1.228277
1.7776827
1.755378
1.7648278
1.753937
1.7786373
1.7650077
1.7536267
1.7932311
2.6814916
1.2710882
2.4288971
2.6322954
2.6564596
2.6676795
2.669917
2.6224928
1.2471893
2.368912
1.2368137
2.3688245
2.5924256
2.6239479
2.655957
2.7606971
2.397016
2.7930827
2.7777815
1.2417195
2.7761018
2.657022
1.2705005
2.4939232
2.5416605
1.2421315
2.673024
2.682324
2.598324
2.6738307
2.8200104
2.7607272
2.8293958
2.8206549
2.7014117
2.6976604
2.8200588
2.750647
2.838055
1.8901842
1.8930509
2.6856124
2.7707915
2.7029417
2.7970705
2.6709328
2.6766777
2.8417854
2.57317
1.2800617
2.7867925
2.6719627
1.217333
1.2101567
1.2215643
1.2399899
1.3769299
1.2622381
1.3818796
1.387864
1.3092328
1.3759887
1.3794045
1.3834864
1.3886635
1.4013425
1.3855926
1.4024158
1.1851386
1.1851386
1.1851386
1.2292421
1.3905115
1.3954443
1.4707516
1.4108537
1.4627439
1.4195814
1.472808
1.474881
1.486654
1.3197339
1.4316452
1.4775223
1.2312654
1.3546517
1.4744625
1.2423626
1.3414714
1.3523142
1.3465416
1.4867767
1.4863421
1.4549986
1.3782741
1.3800911
1.4272466
1.4864107
1.5007404
1.488521
1.4965883
1.5137103
1.523638
1.5240662
1.5099417
1.2586989
1.2563866
1.379959
1.2446091
1.3648415
1.3412198
1.4618351
1.5005852
1.5065929
1.4881089
1.530386
1.453862
1.5331192
1.4460282
1.533351
1.3489864
1.2807162
1.5068092
1.2956326
1.3949229
1.5270735
1.2586406
1.455653
1.3953869
1.383651
1.3732452
1.5059124
1.2796296
1.4604024
1.4662957
1.5066035
1.442934
1.388426
1.3698609
1.4891963
1.3267683
1.5307649
1.5318812
1.3341669
1.5582008
1.4502004
1.4158092
1.4391257
1.3302275
1.4438148
1.5787424
1.4428422
1.4438055
1.4430522
1.4622791
1.3637468
1.4708056
1.4356205
1.3711913
1.4167134
1.4364809
1.5481956
1.4359171
1.5454572
1.4174645
1.236906
1.4289067
1.3280104
1.455518
1.4710401
1.5471505
1.5539671
1.4679615
1.5262115
1.4684005
1.404474
1.4715618
1.3306229
1.2124459
1.452817
1.4360732
1.440814
1.3942374
1.4164505
1.3072106
1.2941728
1.2983041
1.3482531
1.4310745
1.4590272
1.5389699
1.307639
1.4311111
1.4740548
1.5389699
1.4765887
1.5644832
1.474828
1.5233135
1.5644832
1.5653327
1.5690358
1.575855
1.3255395
1.3551973
1.4682369
1.5234255
1.3596091
1.3331572
1.4313853
1.5339278
1.4774948
1.493638
1.49459
1.5201213
1.4143454
1.5761328
1.5472741
1.3706751
1.573298
1.5717938
1.4039965
1.5746851
1.5756583
1.2740079
1.2577252
1.4769067
1.2590133
1.5679784
1.2564983
1.553124
1.4038572
1.565328
1.5745527
1.5564473
1.548507
1.5352293
1.601273
1.5377375
1.4600357
1.355128
2.1994472
2.2297277
2.2613058
2.261752
1.5455616
2.396642
2.296579
1.6294503
1.981268
2.3045733
2.1884215
1.9802656
1.9976878
2.1277335
2.17171
2.183544
2.2234437
2.1731617
2.0311117
1.5021904
1.464532
2.0967116
2.139997
2.1975358
1.4847063
1.5970824
2.131236
1.9861312
2.1733873
1.9658529
2.1427956
2.2159157
2.276311
2.2746964
1.8794984
1.6406876
1.9647915
1.9145051
2.1444187
2.1915762
1.5139943
1.8385745
2.0336459
1.4016398
2.2365415
1.8888253
1.5572284
2.0856454
2.147819
2.0791774
1.4901139
1.6523172
1.4598043
1.7914118
1.3078166
1.8599039
1.7886257
1.7066166
1.7077588
1.8265387
1.8824058
1.7116611
1.8673335
1.8371234
1.3080153
1.75366
1.3080153
1.75366
1.8061507
1.7116611
1.8812808
1.8319266
1.2170426
1.6451032
1.6908505
1.757394
1.8663914
1.8761526
1.7536656
1.3106837
1.1872882
1.864753
1.8859164
1.8784525
1.8760748
1.8635851
1.8405553
1.2336979
1.239584
1.2670966
1.7452354
1.2920098
1.2705885
1.5402508
1.2952679
1.4996517
1.4896885
1.5483727
1.5598398
1.2565271
1.5833986
1.7626582
1.7658473
1.7658473
1.1018587
1.6191235
1.6284673
1.1562874
1.6804756
1.6238439
1.6335734
1.7548857
1.3484527
1.2812141
1.7343756
1.1877632
1.7389878
1.7516024
1.7516024
1.441704
1.7621408
1.4583082
1.1527772
1.604531
1.7657726
1.7548746
2.170686
1.5359858
1.5177733
1.2712264
1.5217885
1.4754529
1.4635806
1.4623162
1.477281
1.4926509
1.4655197
1.5125287
1.5265802
1.3503023
1.5505764
1.3606168
1.5115429
1.5535911
1.3571582
1.2185297
1.4830403
1.5507156
1.5507156
1.3302177
1.5504078
1.6030663
1.5270753
1.570415
1.5829669
1.6068738
1.3737985
1.5712161
1.6003203
1.601371
1.6080483
1.4728212
1.4986414
1.5306692
1.5321306
1.5911968
1.5970893
1.5416421
1.4519039
1.4553353
1.321882
1.4728212
1.4917918
1.4808885
1.42395
1.4995123
1.2225136
1.5725313
1.5149269
1.2950774
1.5933716
1.4781795
1.4452125
1.5424927
1.5118148
1.4909289
1.5586139
1.5661212
1.5431257
1.5787618
1.4913187
1.4913145
1.3405191
1.415501
1.4018599
1.3682457
1.6347904
1.5361562
1.4910463
1.4913187
1.5052347
1.633509
1.5884773
1.2663977
1.3753326
1.49028
1.5068787
1.3744458
1.5079582
1.5653634
1.5463016
1.5017779
1.3757765
1.3545243
1.4978404
1.6172894
1.403054
1.5843955
1.3755544
1.4957441
1.5099845
1.4992086
1.5728234
1.2482761
1.5091046
1.5307618
1.5305767
1.481846
1.4565148
1.5212953
1.499559
1.5272437
1.1030579
1.4853243
1.4927503
1.5078584
1.5176336
1.386416
1.3788667
1.5070759
1.5080098
1.5249146
1.5212953
1.2643625
1.4520413
1.5117953
1.4387435
1.2648846
1.3854783
1.5254658
1.5290545
1.3873953
1.5018306
1.2648846
1.2822436
1.4930407
1.3230081
1.268303
1.370433
1.248041
1.3722184
1.3556594
1.3611337
1.268379
1.2088276
1.2801746
1.2802112
1.374903
1.3468964
1.2720983
1.3592185
1.3225495
1.2235804
1.3223436
1.2803231
1.2801884
1.3714342
1.2261994
1.3205163
1.3085029
1.4596658
1.4053982
1.4625003
1.3854392
1.4979229
1.5987303
1.5020114
1.3763523
1.5460733
1.5704451
1.5007771
1.3080299
1.3488026
1.4719919
1.5273482
1.5660676
1.4984655
1.3446126
1.6108004
1.610951
1.603979
1.2905239
1.5273482
1.4504089
1.5623614
1.4535456
1.5998994
1.5994848
1.5146447
1.4278358
1.4524994
1.3031404
1.5266124
1.5084418
1.4798343
1.5555959
1.57519
1.458746
1.4587805
1.4884647
1.25012
1.467757
1.2714375
1.216076
1.4650298
1.4028865
1.4892604
1.5732374
1.5985173
1.4242971
1.4960517
1.5815688
1.2588903
1.5231563
1.5099819
1.5286487
1.2924534
1.6000296
1.6278865
1.5280331
1.6312981
1.3919919
1.597445
1.4798031
1.3155317
1.6149614
1.3490877
1.6088197
1.3745674
1.4986646
1.5449296
1.4720302
1.6361922
1.6237075
1.537226
1.5018871
1.5431502
1.5067165
1.4984741
1.5889698
1.5397353
1.3329387
1.368391
1.5868931
1.5659933
1.5361025
1.4914192
0.71630764
1.4115268
1.4118506
1.4170414
1.4183469
1.279874
1.3452427
1.4280658
1.4240681
1.133862
1.4169303
1.3485978
1.4357942
1.3831033
1.4285723
1.2413176
1.414104
1.2667087
1.3853452
1.3814185
1.4216157
1.4273098
1.4142027
1.451903
1.3726457
1.1019068
1.2627503
1.1351814
1.3996527
1.3459864
1.2460414
1.3856001
1.355279
1.1135689
1.4225868
1.3898249
1.3849338
1.2070756
1.3865459
1.4291239
1.2005688
1.3551555
1.2626985
1.3721206
1.1891894
1.0659605
1.2955678
1.3514097
1.3486174
1.3297156
1.3556099
1.4173989
1.3852242
1.4174879
1.3357973
1.3830763
1.3373265
1.4316632
1.3305382
1.37767
1.3999814
1.2068588
1.2679145
1.377601
1.3491158
1.3826829
1.4008722
1.2528635
1.2640916
1.0599006
1.2353727
1.2377763
1.3146032
1.2872136
1.1909497
1.0348781
1.0698894
1.1860476
1.0405267
1.2009816
1.1566175
1.240391
1.0711144
1.2690191
1.2806518
1.2848341
1.279902
1.280262
1.2768745
1.2835172
1.2828285
1.2768745
1.0698365
1.2539176
1.2848232
1.0717319
1.2537793
1.0770763
1.2692989
1.2850001
1.0769936
1.2852607
1.2849361
1.2651002
1.287733
1.2301489
1.2728097
1.2821615
1.2508724
1.2728024
1.2825704
1.2809392
1.284602
1.0771812
1.2719425
1.2843208
1.2573507
1.2824391
1.2286091
1.280196
1.2874478
1.2821039
1.2854029
1.2825909
1.2876188
1.2815129
1.2116144
1.3621609
1.3623189
1.3647386
1.3865455
1.4022787
1.386881
1.3481011
1.3440273
1.7961711
1.7932279
1.8262508
1.9069623
1.4980034
1.6397812
1.5817679
1.7924609
1.3493016
1.4519765
1.291615
1.4897295
1.220049
1.2983696
1.3320081
1.3314228
1.3034191
1.3310233
1.3314478
1.2661216
1.2263542
1.3487296
1.218425
1.3487296
1.3487296
1.3396335
1.4080017
1.1408027
0.8842307
1.2232748
1.4088398
1.1255338
1.401694
1.4586651
1.4777137
1.5608873
1.3733147
1.7614436
1.6578398
1.5335367
1.5335367
1.5337118
1.3792204
1.5535029
1.5595745
1.4357071
1.6201202
1.5853939
1.6024742
1.3578098
1.307944
1.4527417
1.4615921
1.4650147
1.1805261
1.4948795
1.4754108
1.3294488
1.3148466
1.4409295
1.3190963
1.4152209
1.4210533
1.5269196
1.2064323
1.4998899
1.4132065
1.4106921
1.3699002
1.455665
1.476521
1.5544419
1.3252664
1.4273053
1.4353082
1.4314455
1.3161769
1.3838651
1.3814429
1.4547065
1.3150992
1.4376079
1.464984
1.3927798
1.2942536
1.3373703
1.4599845
1.4589846
1.4554515
1.2362093
1.4983828
1.4902474
0.74045664
1.4116845
1.4684714
1.4684714
1.4754362
1.4715297
1.4928052
1.4929434
1.3620613
1.2522377
1.3208271
1.3051379
1.2151937
1.2767739
1.2079351
1.2924471
1.3222489
1.3206205
1.3189452
1.2923665
1.1254117
1.1227771
1.2940816
1.306311
1.3145283
1.2895302
1.2755382
1.288632
1.288632
1.2378645
1.2880956
1.2456089
1.2709144
1.1921668
1.276993
1.2990825
1.3047278
1.3345871
1.3628038
1.3033179
1.3656181
1.3656181
1.2384708
1.3705734
1.3785346
1.2481887
1.3786074
1.3568642
1.1365987
1.0957981
1.3601677
1.2345251
1.1303172
1.3091831
1.4058933
1.3398889
1.3075166
1.4495082
1.2430263
1.3932726
1.309984
1.2396164
1.308374
1.5541131
1.5245695
1.56058
1.1603376
1.5107644
1.5746373
1.338604
1.3092582
1.529837
1.5115023
1.5520623
1.501648
1.6283457
1.1839174
1.3452868
1.2677629
1.2680873
1.2797409
1.2737056
1.28168
1.22087
1.2737056
1.306861
1.3244553
1.3244553
1.3244553
1.1299193
1.2636731
1.2737056
1.2737056
1.1221437
1.2737056
1.2655251
1.2276677
1.2817503
1.3491781
1.3733732
1.2737056
1.2276677
1.2708169
1.2818246
1.2710931
1.2940717
1.3090512
1.2239267
1.2785494
1.3628397
1.2163996
1.2668413
1.2744067
1.2693803
1.3267461
1.26097
1.223025
1.3009357
1.3008175
1.2018859
1.2266842
1.2144215
1.2560836
1.3352398
1.0945779
1.2050831
1.2710953
1.2249751
1.2710953
1.2710953
1.2525389
1.2346656
1.1644024
1.2066197
1.2314838
1.1758136
1.2105627
1.2224487
1.1897347
1.1839894
1.1886393
1.1560738
1.1885604
1.1765949
1.1764798
1.1911579
1.2208419
1.1356031
1.2257859
1.2277339
1.191044
1.2355881
1.2389904
1.1682225
1.1467483
1.208872
1.215212
1.2656976
1.2668203
1.1682588
1.1682588
1.256517
1.20747
1.2352499
1.26633
1.2674081
1.1429089
1.2572219
1.267194
1.2538675
1.2151152
1.4987339
1.257924
1.4893855
1.5055563
1.4554536
1.5129102
1.5026335
1.3865092
1.457289
1.2714534
1.484219
1.2255923
1.5141333
1.4422734
1.4401891
1.2584798
1.2198386
1.4027885
1.4690231
1.5749346
1.339084
1.3501859
1.4871789
1.4358743
1.4370482
1.492215
1.5203522
1.5059856
1.3258611
1.4407103
1.3258338
1.3262961
1.4372289
1.4372917
1.4368345
1.3295695
1.4392743
1.3198843
1.4480462
1.3829131
1.1982462
1.4507174
1.4524435
1.5193344
1.518736
1.1031374
1.4960068
1.3888729
1.4546995
1.2012897
1.4268064
1.4376462
1.2916313
1.4524786
1.3567437
1.3457943
1.4674311
1.2705607
1.4539291
1.4580961
1.3830261
1.2313724
1.2370613
1.384311
1.4595443
1.2928222
1.3871793
1.3871793
1.2549087
1.4998473
1.4722608
1.4255245
1.4509392
1.4565691
1.3483311
1.3676739
1.4326092
1.4380676
1.4984851
1.5867429
1.5902381
1.5766252
1.5140643
1.4768515
1.5393991
1.5860806
1.5263057
1.5097048
1.3974847
1.5253745
1.385508
1.458932
1.3424149
1.5792594
1.5075253
1.5796736
1.5926684
1.5571886
1.5600011
1.5780318
1.4912136
1.5028784
1.5593576
1.4447929
1.4442923
1.4433519
1.3974847
1.3156344
1.461386
1.2001578
1.4732183
1.4247459
1.177986
1.375021
1.4859561
1.4355584
1.3228015
1.5489184
1.5644436
1.452582
1.4154117
1.517303
1.4243712
1.5447682
1.3749949
1.4214561
1.5078679
1.3088874
1.5556643
2.4159334
2.7866323
1.2646791
2.7509847
2.6873474
2.7529292
2.7075646
2.6876142
1.1940684
2.6455307
2.6852884
2.751194
1.569648
2.6891184
2.6891184
2.7758055
2.8844504
2.8208506
2.8533242
1.3773514
2.7532432
2.7551723
2.8444164
2.681625
1.3447546
2.7207496
2.5888608
1.3090513
1.284338
1.172949
1.6826115
1.1979839
1.20186
1.0938872
2.4734423
2.4949868
1.0711371
1.6208842
2.4771748
2.4638941
1.1808884
1.2191721
1.5955812
2.385872
2.3875692
1.1358141
2.3702774
1.1404655
1.1336827
2.3376117
2.3666599
2.3675814
2.3666599
2.3428636
2.3666599
2.3676686
2.4469213
1.3356705
1.3382337
1.2080005
2.5742056
2.566509
2.577667
2.572329
2.5785975
1.4025325
2.3679044
2.3394105
2.3891897
1.130318
1.0952567
2.3762217
2.3698566
2.3754218
2.438589
2.5743632
2.6453946
2.5959833
2.5942895
2.660727
1.3273238
2.6202786
2.555923
2.3704395
2.578342
2.6202786
2.6202786
2.4402828
2.5892115
2.612677
2.5494175
2.6463494
2.6476796
1.1424159
2.6615486
2.613771
2.6846428
2.4226866
2.6020668
1.1395068
2.640739
1.3828017
2.3908014
2.6240447
1.2524521
1.4069632
1.4658688
1.2461047
1.4897655
1.4056113
1.1917996
1.4061706
1.5536389
1.2772446
1.4391383
1.4052856
1.4502764
1.4009637
1.4414378
1.4041529
1.2065045
1.311268
1.3707285
1.407389
1.4329442
1.4043049
1.4053696
1.1405535
1.4029723
1.3284719
1.2086499
1.2061256
1.2061256
1.4073048
1.4082034
1.43765
1.4419804
1.2195874
1.4352763
1.4496481
1.3233006
1.4431154
1.4497174
1.4474654
1.2144943
1.3234258
1.4489489
1.3234258
1.3887314
1.4136924
1.3677491
1.226673
1.4115881
1.4207804
1.4223297
1.4245412
1.4212489
1.435111
1.4470322
1.4490209
1.4520473
1.5221324
1.3151461
1.3964288
1.4345008
1.4513587
1.4049908
1.4053026
1.4475802
1.3142239
1.249347
1.3016684
1.4149222
1.4513934
1.3221364
1.4055415
1.4513934
1.4512542
1.3824201
1.2128347
1.3975686
1.4911687
1.5492895
1.2226822
1.2226822
1.4768348
1.5565921
1.5546752
1.3804961
1.4926591
1.4895256
1.4902118
1.5576038
1.3276606
1.5782809
1.5802294
1.4667146
1.5769595
1.297605
1.5763538
1.4897486
1.5745426
1.5763538
1.5272812
1.5757443
1.4667146
1.5300981
1.5264107
1.3458409
1.1687392
1.4490807
1.3582131
1.4361763
1.5341185
1.4953749
1.4926816
1.4844325
1.1848639
1.4460852
1.5272368
1.5270475
1.4760333
1.524513
1.4535726
1.5278043
1.4851207
1.530143
1.3702823
1.5442615
1.5370985
1.5461932
1.4887915
1.4673142
1.5274103
1.5172528
1.5652709
1.4918976
1.5500088
1.4205526
1.5500088
1.3780069
1.4906362
1.4730475
1.5058587
1.4435769
1.2482371
1.4348607
1.4787863
1.5198711
1.5267729
1.4354038
1.5121367
1.5165405
1.5707747
1.5696948
1.3210582
1.5277407
1.3291867
1.228068
1.3292949
1.3290888
1.3270466
1.4453378
1.3426534
1.3295435
1.3824605
1.35623
1.3374801
1.4453378
1.5374857
1.5239117
1.5461912
1.3292949
1.4453378
1.3292949
1.5675826
1.5490546
1.4572928
1.5376635
1.5705595
1.4430412
1.5603303
1.3184777
1.3426534
1.5010647
1.4620711
1.3859465
1.4469506
1.536004
1.3548322
1.4995596
1.4303182
1.432172
1.4560292
1.221006
1.2592586
1.4473023
1.466169
1.5008572
1.2361708
1.5553997
1.4527464
1.3204627
1.3245382
1.4201473
1.4466642
1.2232888
1.3772906
1.340596
1.340596
1.3709192
1.1495037
1.2739136
1.347686
1.2352196
1.3474324
1.4390808
1.4547621
1.4476666
1.2034421
1.3696012
1.3478459
1.2357627
1.4547443
1.4675621
1.4671391
1.4141424
1.246418
1.4692475
1.4325252
1.4069486
1.4611137
1.41698
1.44763
1.2408795
1.3400898
1.4036263
1.4078772
1.2364671
1.1293592
1.4599676
1.3771728
1.3609397
1.4152471
1.2719547
1.4301121
1.4602238
1.4089843
1.3590194
1.4108603
1.4281796
1.3761457
1.403626
1.3764862
1.440562
1.2901456
1.3760518
1.406702
1.406579
1.3703598
1.3968148
1.1157483
1.1315681
1.3829437
1.3582258
1.3805252
1.3907359
1.3913817
1.3913817
1.3913817
1.1235809
1.1064273
1.3078916
1.3320305
1.4088787
1.3965602
1.1240556
1.1091663
1.1053536
1.2560941
1.2531453
1.0662426
1.0662426
1.3134187
1.3181788
1.3169476
1.2852138
1.2554244
1.2691731
1.3233745
1.3392568
1.3252873
1.3323418
1.3191621
1.3401505
1.0683291
1.346182
1.3130186
1.0651295
1.3198673
1.3230491
1.3197691
1.321523
1.1699649
1.3223386
1.3197691
1.3516287
1.2474447
1.315075
1.3859309
1.3938632
1.361035
1.3439668
1.4571617
1.3409116
1.4539958
1.2503424
1.2571324
1.3346276
1.3354115
1.4714272
1.3351303
1.4441909
1.43608
1.2505172
1.2196939
1.3435314
1.4084768
1.4122391
1.2504915
1.4010259
1.4616365
1.4440274
1.4376185
1.4208151
1.4052424
1.4134545
1.1192374
1.26358
1.4740613
1.4815819
1.4376185
1.4327765
1.26358
1.1728587
1.4377998
1.263788
1.4435093
1.3977401
1.4284104
1.4216204
1.250537
1.2477363
1.4589833
1.234972
1.2541294
1.2355294
1.37011
1.3790188
1.5494682
1.4799503
1.6218133
1.4799503
1.4998218
1.6145971
1.4992102
1.62332
1.2814947
1.6118348
1.5008718
1.6247561
1.5888875
1.4961324
1.4961324
1.5010779
1.441243
1.4943472
1.5375897
1.5178124
1.5171481
1.5454044
1.5667288
1.5095173
1.6034449
1.5667288
1.6223862
1.4971067
1.6223862
1.5667288
1.5420314
1.3735906
1.3771048
1.4969757
1.5013044
1.3722342
1.6070576
1.6257156
1.6165795
1.9549613
2.0945635
2.1738138
1.4210293
2.175619
2.039512
2.3079066
1.8745071
2.1913555
2.2786646
2.2558713
2.0945635
2.20498
1.5667288
1.5712544
2.1754358
1.5662451
2.094288
1.5667288
2.2419195
2.190905
1.8860362
1.8818513
1.3133287
1.3133287
1.8630599
1.3133287
1.7443358
1.7636184
1.5023417
1.8845247
1.8541063
1.8627324
1.8860031
1.3063923
1.3137244
1.7932639
1.826265
1.884327
1.2671797
1.8927783
1.720157
1.8406821
1.848523
1.2020437
1.2571619
1.280376
1.1974354
1.1830353
1.2871515
1.1830353
1.2091026
1.1626732
1.2031417
1.2225846
1.200565
1.0673788
1.1973476
1.1740611
1.2228988
1.2242593
1.1329461
1.20948
1.1985637
1.2224687
1.2225724
1.2439955
1.2778174
1.2795863
1.4118122
1.4368223
1.4164002
1.2778435
1.2867383
1.2819693
1.5468031
1.8839518
1.5528828
1.9499507
1.7510741
2.15575
2.1701264
1.9499793
2.1136014
2.110081
1.750705
1.761445
1.4912002
1.9465617
2.1677432
1.7507145
1.4151812
1.9404173
1.4232404
1.4094402
1.4909436
1.2805939
1.4900613
1.1610821
1.4151902
1.5682092
1.7258153
1.3042027
1.1601588
1.7002127
1.7225407
1.1883934
1.3847504
1.4134701
1.4097419
1.3623347
1.406542
1.4002924
1.2878233
1.4065564
1.4002924
1.3678665
1.3103769
1.368194
1.3033115
1.336588
1.2679613
1.3049232
1.3049232
1.3929238
1.2334536
1.2687413
1.2801579
1.2863177
1.2865157
1.2845638
1.2865157
1.2842227
1.323827
1.383164
1.319747
1.2796208
1.3677119
1.3364578
1.4107362
1.4109757
1.2083142
1.353884
1.2084718
1.0758843
1.0969981
1.3145466
1.3466213
1.3139423
1.3181788
1.3474518
1.0723648
1.3474518
1.3535717
1.336678
1.3832108
1.4057949
1.3414248
1.3828398
1.2928343
1.2766114
1.2277429
1.3317024
1.3677051
1.3407178
1.2871971
1.4608557
1.3507856
1.11426
1.062714
1.2662505
1.1151901
1.2870126
1.4452863
1.3764883
1.4410008
1.4451482
1.3762543
1.4201825
1.4202889
1.319083
1.3865682
1.3650441
1.4081688
1.3415158
1.4601386
1.3422989
1.3763366
1.411275
1.468636
1.4368145
1.4142668
1.4067241
1.3508214
1.4810631
1.4325228
1.4930673
1.4051164
1.189639
1.4186189
1.4375957
1.4337609
1.4109279
1.2410293
1.3163335
1.3074833
1.2160622
1.3993946
1.5098604
1.2353381
1.5035214
1.3975515
1.5120876
1.5476786
1.441731
1.5708779
1.5128063
1.5126624
1.5113475
1.5126624
1.1647638
1.4193394
1.2017146
1.3795162
1.5098054
1.5120374
1.5796894
1.6016817
1.5760157
1.583763
1.412746
1.460163
1.4685445
1.6020683
2.1539295
2.3363826
2.2245054
2.264433
1.6010094
1.897125
1.6097856
2.1513007
2.1513007
2.1523051
2.1890883
1.537823
1.8654082
1.5314989
1.9652088
1.5361181
2.126845
2.2026591
2.259354
2.273145
2.190622
1.6105764
2.1558523
1.9179164
2.16213
2.1845293
2.2458344
2.0373132
2.2518635
2.228633
2.0609894
1.5268507
2.184379
2.1767275
2.2242322
2.2589397
1.5279878
2.1767275
2.2118938
2.1752832
1.8843374
1.5277348
1.4790282
1.7471086
1.7585741
1.7586128
1.5788853
1.7459204
1.4191824
1.7586259
1.7776548
1.7614162
1.7916031
1.7971212
1.1868172
1.7684476
1.623836
1.7493048
1.3270262
1.148007
1.725873
1.5802672
1.7486672
1.6326972
1.7252024
1.7517215
1.752627
1.7529914
1.2847681
1.7040198
1.7161255
1.6119921
1.7419469
1.3344489
1.8222584
1.8412182
1.8514637
1.8017691
1.6971749
1.7321454
1.1454825
1.8014287
1.308748
1.8021647
1.7474526
1.2461016
1.1949294
1.7147717
1.500987
1.6268088
1.6569127
1.7236925
1.8279021
1.7472012
1.8131969
1.813862
1.8308585
1.2444406
1.8357592
1.2733748
1.4986056
1.8166382
1.656429
1.8209535
1.5727727
1.8123676
1.3326579
1.6979845
1.631768
1.8449421
1.187155
1.8433304
1.1720113
1.8232615
1.7745248
1.8724033
1.2853792
1.8567448
1.5873748
1.8780186
1.8655483
1.9288007
1.7395297
1.8401351
1.8877208
1.7415953
1.8703195
1.7989208
1.7964474
1.8821301
1.8696799
1.834964
1.8980631
1.8667719
1.9056058
1.6405947
1.8373922
1.8839817
1.8843522
1.3202798
1.660443
1.834806
1.5844183
1.8714681
1.903026
1.904977
1.9968922
1.3760909
1.8130897
1.9397349
1.8093425
1.8130897
1.8601248
1.80092
1.3633238
1.8130897
1.8115406
1.7975655
1.9879386
1.8601289
1.8684204
1.808914
1.8454267
1.9333006
1.8882251
1.3735691
1.8021264
1.2798668
1.3717902
1.344081
1.6702309
1.7780117
1.6931893
1.722547
1.794583
1.9421953
1.3336647
1.766037
1.8310258
1.7642806
1.7643087
1.8657285
1.3338834
1.8543963
1.9497268
1.8746276
1.8657285
1.9532069
1.859932
1.6207068
1.9462725
1.7969469
1.8593678
2.016923
1.9888283
1.3552693
2.0176325
1.3096747
2.0244935
1.3138345
1.9874485
2.0177667
2.020526
1.3484892
2.0748682
1.9669383
1.7497416
1.598286
2.061855
2.0601056
1.3406762
1.4055969
1.3447905
1.3752601
1.4081932
2.0369554
2.0278206
1.9938692
1.9851179
2.1148944
2.059536
2.1314466
2.1859143
2.0081742
1.8411484
2.2041657
2.2461953
2.2391975
1.4998983
1.4720943
1.6316485
1.4072845
2.1764436
2.1686685
2.0844228
1.5435424
2.2654636
2.0707176
2.3180351
2.3180351
1.6393778
2.3175566
1.4552759
1.5369604
1.611507
2.392615
1.6267236
1.6333786
1.9965681
2.2962055
2.0614913
2.2558882
1.6322422
2.2894807
2.3209214
2.3157191
2.2937524
2.3889177
1.6212943
1.5861773
2.163797
1.6333052
1.4451984
2.2733154
1.4439683
1.781954
2.0425887
2.1541286
2.1541286
1.8180158
2.2333364
2.24893
1.7687571
2.2519033
2.0642543
2.154189
2.2333364
1.816536
2.1717815
1.7775974
1.9707971
1.6062946
2.1789625
1.6340315
1.7780015
2.2338223
2.1880498
2.2338223
2.2338223
1.5871255
2.1948307
2.2795339
1.6323334
2.306274
2.3140996
1.4912947
2.415045
2.4138832
2.1350765
1.9955882
2.2595758
2.3379219
2.2796335
2.067226
2.326086
1.9089897
2.1316485
2.3378031
1.5757877
2.056468
1.613158
2.2354672
2.2332695
1.9212306
1.5021713
2.1388667
2.0557187
2.2238998
1.8682002
2.221396
2.1169493
1.8071067
1.8028705
1.8031839
1.8180522
1.861423
1.6971351
2.2392175
2.2324696
1.8751742
1.5525208
1.6349115
1.4376817
1.9150316
1.4043182
2.0663636
2.0697434
2.0965185
2.1544793
2.0533683
2.074639
2.1488328
1.7599548
1.9901828
1.7986333
1.4199768
1.9724375
1.4205719
1.4205719
2.146586
2.1815712
2.1407235
1.8304964
2.198698
2.2389045
2.038279
2.2340436
2.033458
2.1724436
1.506586
2.1849945
1.5109048
1.2945913
1.3779095
1.3794056
1.2758988
1.4595413
1.4022324
1.3986139
1.2941033
1.2941033
1.2974672
1.4400808
1.3796636
1.3785517
1.4594592
1.41501
1.4029158
1.4555557
1.3733354
1.3923053
1.2873659
1.4640392
1.4220294
1.4308517
1.2681746
1.2681746
1.4172735
1.2681746
1.3792917
1.2458879
1.261926
1.2681746
1.4963014
1.4995031
1.4377471
1.3787934
1.4377356
1.2375425
1.5054637
1.1580586
1.304962
1.3792917
1.4103241
1.3732152
1.4243757
1.4309498
1.3690394
1.2190378
1.3439653
1.4199142
1.2211555
1.2759176
1.3754563
1.442483
1.4408519
1.3543493
1.263012
1.3525279
1.3057282
1.4043231
1.4221603
1.2704542
1.3704464
1.387776
1.4757795
1.3911777
1.330888
1.3804712
1.2543076
1.2742954
1.4039054
1.4351436
1.4163455
1.4142083
1.4730344
1.4472321
1.485152
1.5018306
1.5020452
1.2278465
1.3617303
1.501533
1.5016693
1.227322
1.2278465
1.3542637
1.4814184
1.2132269
1.2258459
1.5009164
1.461929
1.2257171
1.4243319
1.4982867
1.2256008
1.459693
1.4243969
1.193853
1.4243969
1.3529654
1.4225922
1.2163575
1.4614034
1.4243969
1.4196476
1.4960885
1.4197524
1.4960885
1.4961255
1.4194908
1.5050477
1.9314101
1.1927471
1.4232807
1.4856317
1.4231514
1.4856586
1.1941319
1.5047791
1.5047791
1.5044332
1.1706735
1.465026
1.1947433
1.1947433
1.1944691
1.3660318
1.1947433
1.4595053
1.3376712
1.4989098
1.5050975
1.5955896
1.262421
1.2578808
1.4227108
1.4988564
1.4989237
1.5955896
1.594125
1.24718
1.1907918
1.4185195
1.3770111
1.4582951
1.457291
1.1941001
1.424453
1.4573979
1.4556344
1.4568987
1.3120041
1.4235625
1.3846111
1.307364
1.4381304
1.3120041
1.1856989
1.4478165
1.4382954
1.1973425
1.4194533
1.3532172
1.4870228
1.3826451
1.2539132
1.2785562
1.487758
1.4814699
1.2539132
1.3864913
1.4869614
1.4637464
1.419203
1.463254
1.4148598
1.3868256
1.4841331
1.5088755
1.4945905
1.5035086
1.4945047
1.5115649
1.5077145
1.5118201
1.501934
1.4696499
1.1610945
1.4748636
1.1348976
1.3906817
1.3609104
1.1831758
1.4284028
1.4335729
1.4671031
1.5420272
1.5468713
1.5468804
1.5426961
1.0830201
1.2776492
1.5422125
1.5562906
1.3103496
1.5468403
1.5464946
1.1519651
1.2650985
1.5475721
1.5370486
1.5559273
1.278629
1.551905
1.5469323
1.551905
1.5728543
1.5770751
1.3153254
1.3396826
1.6060483
1.3143474
1.103067
1.2087997
1.5969108
1.5572108
1.7777277
1.8185155
1.8084195
1.9737347
1.5772015
1.7808725
1.2594322
1.7615356
1.7732838
1.7736872
1.7829065
1.3628392
1.7595905
1.8619852
1.9251771
1.3424706
1.9459066
1.7650008
1.9487522
1.3424706
1.8428898
1.8412186
1.8774748
1.7615005
1.8619591
1.7579457
1.8619852
1.3664484
1.8491584
1.9474237
1.9483591
1.9530338
1.3416026
1.8635662
1.7690718
1.9497693
1.3416026
1.8475732
1.9020952
1.6847198
1.7654567
1.776704
1.8588986
1.8021208
1.3763543
1.9811426
1.8113977
1.7996773
1.8704864
1.8465557
1.8825747
1.3756893
1.6666299
1.3740028
1.8438054
1.2488712
1.6644399
1.7778519
1.2516552
1.6803646
1.7873318
1.7737076
1.6405745
1.7196306
1.684119
1.7805003
1.7248286
1.7639966
1.7807482
1.6965742
1.7309942
1.357943
1.3408079
1.0955998
1.6478791
1.2605582
1.6476073
1.7008113
1.7280253
1.7491515
1.7295723
2.0370672
1.3884145
1.4382277
1.9405442
1.9867501
2.0244083
1.9405442
1.9377296
2.0369256
1.6523577
1.9867501
1.9528965
1.9446974
1.3968297
1.6701933
1.4177176
1.6608406
1.9405721
1.6608406
1.3801143
1.5871595
1.52684
1.5513422
1.6810585
1.9274989
1.9788688
2.0372415
1.6864094
1.952943
1.6505157
2.049639
1.680794
2.049639
1.5031719
1.5599009
1.3800695
1.7313826
1.7532206
1.6594635
1.6826371
1.7244139
1.686429
1.7066144
1.6564251
1.7401221
1.2859132
1.6370759
1.6626068
1.6601735
1.6339685
1.6450977
1.746602
1.6703601
1.7421324
1.7194302
1.6933224
1.6939547
1.5705975
1.7188878
1.7561513
1.7992542
1.7003546
1.2671098
1.6307844
1.656659
1.673878
1.7143593
1.2671098
1.7937946
1.7825438
1.2668958
1.6593876
1.6976521
1.7275501
1.656261
1.7609938
1.656261
1.651946
1.7174001
1.7174001
1.7822297
1.7473456
1.7224289
1.2828624
1.2430061
1.6845213
1.6638654
1.5097027
1.6874247
1.6670955
1.2788808
1.7341433
1.3223289
1.774547
1.3354899
1.8145254
1.3357726
1.7287556
1.9163877
1.8170393
1.9162031
1.7829005
1.327903
1.8925483
1.3274922
1.758961
1.2237523
1.8087449
1.8347626
1.7243569
1.2388111
1.866489
1.8107718
1.8052197
1.7360222
1.2370182
1.5956018
1.2172045
1.1662881
1.7622805
1.7326126
1.7461917
1.7620597
1.7861747
1.6525619
1.2172034
1.4131972
1.763993
1.81247
2.023972
1.9987123
1.7545817
2.038547
2.038578
2.000653
1.6820856
1.7805763
2.0650966
2.0383642
2.0683198
1.9778126
1.9436061
1.6821835
1.3316146
1.5747002
1.6358585
1.2075261
1.5766541
1.6701005
1.6963146
1.6965479
1.6978325
1.6700209
1.7567196
1.7822442
1.784981
1.7805496
1.7896705
1.7496996
1.8035796
1.6993244
1.7898701
1.7588456
1.7624979
1.8312764
1.8831537
1.8858908
1.8486605
1.2089199
1.6379822
1.6559297
1.6559299
1.5691583
1.2280948
1.6719455
1.2294958
1.6777132
1.7137855
1.7453989
1.7515148
1.7535996
1.766604
1.7457414
1.7297461
1.9276737
1.9396769
1.8840965
1.7171859
1.8925571
1.8925571
1.3419722
1.7891383
1.6774977
1.8494589
1.3169007
1.3705077
1.9061321
1.9061321
1.3006233
1.7777902
1.7959439
1.305551
1.7780025
1.7814684
1.7914262
1.8126154
1.8606969
1.6699547
1.3632432
1.861204
1.6693352
1.3428693
1.8602027
1.2175828
1.6729515
1.7678554
1.2239535
1.8595175
1.6918905
1.8605646
1.8878825
1.8541458
1.6671425
1.7838119
1.887988
1.8605452
1.8605626
1.8605626
1.700675
1.8294951
1.7932379
1.7995602
1.8109332
1.83668
1.7935294
1.8369056
1.8369579
1.8148499
1.6719724
1.8345169
1.2183236
1.6723208
1.8199348
1.4893347
1.198642
1.8538713
1.6661384
1.860662
1.6661384
1.8125207
1.829128
1.829128
1.2651303
1.7601546
1.6392605
1.5049409
1.249344
1.6586176
1.2517643
1.2516612
1.2189001
1.183253
1.156468
1.2189001
1.1942092
1.1566333
1.2015773
1.2388366
1.2180642
1.150536
1.1861786
1.1890168
1.2435263
1.2387137
1.2189504
1.2686337
1.2157552
1.2550544
1.2197505
1.2275212
1.2235131
1.2160795
1.1982528
1.2649245
1.1579494
1.1717571
1.2037803
1.21707
1.2538985
1.2668875
1.2223356
1.2505692
