0.30480105
0.20450108
0.3132993
0.32535097
0.1074288
0.093797185
0.15759642
0.33946115
0.38515076
0.19616465
0.22382806
0.24087115
0.3163747
0.2357526
0.117651016
0.08608642
0.09023451
0.080536634
0.08455387
0.084551
0.08642847
0.07984181
0.08455387
0.08885932
0.11503843
0.14374235
0.07876157
0.08525606
0.08546924
0.08482214
0.08928694
0.085873745
0.057183176
0.12244873
0.09941398
0.08931416
0.08636815
0.089431
0.10036742
0.10073162
0.078516476
0.07369936
0.0860801
0.09545237
0.09973902
0.098170064
0.073961526
0.10364986
0.100353315
0.09088894
0.09995083
0.100353315
0.07998424
0.09088894
0.07374256
0.073961526
0.100353315
0.10029134
0.116806485
0.055675518
0.099551
0.08234528
0.08282087
0.10054403
0.09916701
0.10916222
0.11197389
0.057638668
0.10246304
0.092073016
0.0636806
0.0636806
0.1250294
0.052424833
0.14428084
0.0636806
0.07960841
0.0956632
0.08237672
0.08299036
0.07106526
0.08482061
0.068347625
0.092540726
0.067362286
0.08833324
0.068347625
0.06729414
0.08354298
0.0803479
0.087532885
0.089625135
0.087532885
0.08241408
0.094274394
0.08627177
0.08210223
0.06700215
0.0689511
0.09760828
0.10172087
0.068347625
0.094274394
0.100587584
0.09813667
0.08241408
0.08286942
0.06723232
0.09155603
0.07990729
0.08785487
0.07889578
0.08195366
0.05575514
0.08203719
0.06796651
0.07718843
0.08284396
0.09069594
0.068141334
0.08071153
0.09069594
0.08027042
0.080373794
0.08052323
0.091288835
0.0681993
0.08152382
0.091377646
0.05391259
0.06844066
0.08040363
0.080373794
0.084974
0.09159277
0.0855235
0.103106394
0.089747675
0.08163933
0.08177032
0.07438504
0.072854154
0.08561621
0.08581982
0.09689126
0.085168615
0.10848248
0.09518067
0.07920711
0.082528435
0.09548859
0.084860295
0.07053206
0.10836765
0.10186072
0.13242532
0.10019605
0.18387318
0.27618358
0.19957756
0.18861476
0.22691
0.23950824
0.09818019
0.09652164
0.07094951
0.1966979
0.08846999
0.0973884
0.12950163
0.08862811
0.11018355
0.07265138
0.081448786
0.07436571
0.074056275
0.07436571
0.12054367
0.061967462
0.080971405
0.06530872
0.12109915
0.133304
0.06541991
0.13000347
0.15686251
0.13505913
0.13531278
0.12534288
0.08923905
0.0892031
0.08049967
0.15859562
0.16290574
0.1646695
0.15348008
0.18505244
0.17129388
0.17857876
0.21294582
0.20899753
0.15798359
0.19094834
0.21779522
0.22120596
0.15847427
0.21900629
0.294334
0.2168514
0.2892241
0.10261625
0.2542801
0.10884598
0.17860182
0.24709874
0.29741028
0.09920029
0.29015136
0.22245266
0.28228185
0.19282643
0.28645438
0.23989114
0.35621142
0.14884828
0.09267115
0.11326572
0.123874016
0.08850178
0.11242026
0.08383187
0.12541799
0.112525366
0.12257629
0.124042355
0.12374207
0.084656045
0.1235285
0.104975246
0.1496399
0.14531231
0.15155545
0.13852747
0.13852747
0.13812444
0.13671736
0.08654455
0.07962336
0.07185
0.07445787
0.10966557
0.08758
0.089617
0.09758778
0.109747805
0.119036846
0.093355834
0.09120603
0.10277679
0.117708765
0.1633583
0.16175221
0.16350074
0.0950384
0.16350074
0.16984504
0.10315175
0.09934608
0.08632883
0.113204636
0.11300072
0.17877702
0.16027954
0.20663765
0.20819585
0.16013171
0.1689225
0.18968232
0.08857153
0.14777553
0.20804895
0.22495827
0.22030842
0.08947985
0.15970266
0.22495827
0.08954228
0.08951089
0.115999214
0.19025715
0.10100681
0.0920607
0.08615244
0.09079093
0.09207388
0.11238455
0.10605087
0.10774491
0.097210154
0.1568026
0.10471399
0.10737011
0.10809854
0.14703514
0.09200808
0.13512266
0.15287961
0.14684078
0.15951057
0.15287961
0.116120435
0.15836285
0.10396391
0.09201246
0.10337635
0.113216646
0.098448366
0.15898398
0.088811144
0.18130782
0.15049267
0.09045191
0.08383623
0.13531278
0.1047687
0.16557625
0.17346573
0.15049267
0.09788847
0.13210316
0.17346573
0.14166853
0.17346573
0.18625161
0.07407883
0.07407883
0.1981926
0.0728794
0.07167957
0.06680641
0.07407883
0.19266747
0.07891486
0.12827078
0.10068672
0.18988658
0.12929276
0.11915844
0.064447574
0.1439585
0.08102332
0.11412923
0.08847981
0.13195926
0.1520425
0.13129568
0.15130603
0.16371767
0.119983286
0.16795927
0.15815407
0.1715946
0.18721035
0.16890544
0.17223407
0.1908057
0.12198983
0.1277129
0.16149649
0.19264975
0.1257386
0.19290307
0.09618635
0.123138055
0.1273075
0.12297954
0.08437648
0.17020257
0.17339909
0.12297954
0.12297954
0.07780509
0.1227871
0.08536764
0.105662934
0.19507214
0.123138055
0.12378322
0.18134987
0.19411333
0.1365578
0.1709558
0.11391048
0.1362471
0.106336296
0.08406595
0.09083735
0.16306007
0.18175812
0.17066309
0.16025774
0.08377191
0.08870881
0.12324909
0.10919461
0.11922161
0.12663747
0.13397993
0.14099327
0.111016795
0.11099277
0.08950639
0.15235512
0.103190236
0.09791013
0.08511704
0.11214024
0.11214024
0.10323516
0.10139885
0.08953727
0.10970692
0.109342024
0.109179035
0.111786
0.0676549
0.07513587
0.10404629
0.10336672
0.09599725
0.09260771
0.110530585
0.08950714
0.103622474
0.08701216
0.103316896
0.10441843
0.10358861
0.10729413
0.10884381
0.08751869
0.11221534
0.16368619
0.13941479
0.17260966
0.10961091
0.11536728
0.097242914
0.14041445
0.1539236
0.18880388
0.18242623
0.13895087
0.1904666
0.09570023
0.13994402
0.13848765
0.101372756
0.18738195
0.19682395
0.11530397
0.15451464
0.16493809
0.08743114
0.08861181
0.08164797
0.09257652
0.09257652
0.09241
0.08166313
0.08601385
0.08927575
0.08883935
0.08857378
0.08329806
0.088614844
0.086280026
0.09023223
0.08512658
0.1463367
0.18032211
0.13907158
0.08969124
0.08726324
0.08746321
0.15757215
0.18265598
0.0840626
0.103975855
0.1563537
0.12249284
0.09923114
0.15632254
0.15297796
0.17864941
0.18767637
0.21031822
0.12707417
0.22871652
0.117806
0.08592898
