0.37235898
2.8376856
2.937538
2.9278686
2.9504108
2.9508305
2.83725
2.9278169
2.621427
2.8374403
2.837636
2.925386
2.9296231
2.8368309
2.926363
2.9108677
2.92781
2.8380418
2.679975
2.9244192
2.0225952
2.8380418
2.8364327
2.841664
2.86039
2.8737779
2.528196
2.8382955
2.932784
2.516123
2.8308592
2.820917
2.8603742
2.8174727
2.8567991
2.818071
2.8604412
2.4505084
2.5744362
2.7084703
2.7157512
2.6919136
2.6919136
2.5328524
2.46047
2.5570102
2.5983412
2.4548016
2.5464196
2.6049495
2.4473965
2.5837731
2.620585
2.5203915
2.5338633
2.6746123
2.5998383
2.586392
2.6940117
2.610972
2.6967838
2.4383354
2.6114874
2.7207727
2.6114874
2.9099894
2.602865
2.7783358
2.7871878
2.488237
2.6637726
2.6650374
2.6905103
2.7221203
2.6269531
2.4726589
2.6835644
2.749339
2.9130025
2.4455945
2.42397
2.2504692
2.408759
2.4152265
2.4078393
2.4291513
2.4202926
2.41506
2.3845046
2.4156055
2.4192743
2.4214664
2.4200487
2.440778
2.4470992
2.4941063
2.4839382
2.4806626
2.4896874
2.473211
2.4738548
2.5722954
2.4878922
2.5240545
1.3165748
2.557981
2.5510352
2.5405982
2.5662568
2.483051
2.5449107
2.5768242
2.5759175
2.517185
2.5905426
2.3421474
2.5982127
2.5294907
2.5534937
2.596466
2.615358
2.5470605
2.6159205
2.6228507
2.5140984
2.5051641
2.6007228
2.5140038
2.561529
2.603584
2.5621984
2.633353
2.512992
2.561529
2.6063592
2.5140026
2.561627
2.6334417
2.5766714
2.6395586
2.6366432
2.504307
2.5978198
2.5141149
2.5005696
2.6007228
2.613845
2.4986668
2.5080433
2.516251
2.5425193
1.4431294
2.585303
2.586316
2.5523393
2.56954
2.6061418
2.5178785
2.5178785
2.5184574
2.56954
2.594786
2.586296
0.92128783
2.639127
2.56954
2.5318902
2.56954
2.6086056
2.651791
2.653003
2.5521126
2.6048007
2.6533878
2.8649962
2.6078207
0.5069687
2.7925446
2.7305143
2.7774847
2.792866
2.5148833
2.7969937
2.7872655
2.7792506
2.7789154
2.7981281
2.5101573
2.7810752
2.7317014
0.13374867
2.7059286
2.7060497
2.7060497
2.6223314
2.7291238
2.654372
2.7291238
2.7060497
2.7109847
2.606995
2.640331
2.6546097
2.6138034
2.7110803
2.2352061
2.6474023
2.6560457
2.6541772
2.4512568
2.6494377
2.657185
2.6571653
2.6611545
2.6925046
2.710612
2.7139926
2.7139926
2.7134714
2.713053
2.7007463
2.7030227
2.7451997
2.7309723
2.690674
2.9050512
2.5871913
3.2797039
3.0761657
3.5410872
2.588093
2.3586965
3.026802
2.584719
2.6969407
2.9030704
2.729008
3.267956
3.5046012
2.5870347
2.3817697
2.3634152
2.358402
2.3604822
0.8262786
2.3597124
2.3597124
2.3586066
2.3585465
1.0066843
2.3585465
2.3597124
2.3585465
2.3596961
2.3581777
2.3585465
2.3585465
2.3595655
2.3585465
2.359464
2.3595655
2.359786
2.359786
2.359786
2.3597696
2.362106
2.3695176
2.450784
2.5454285
2.585021
2.517294
2.3597124
2.4610043
2.4887612
2.4781723
2.585198
2.58539
2.5870967
2.7867308
2.0133927
2.6614184
2.6479528
2.7074885
2.7773707
2.7298613
2.7237377
2.7181854
2.6493778
2.6493778
2.710996
2.8153656
2.6647768
2.6493778
2.7237377
2.7297902
2.6479528
2.615598
2.5748425
2.6546412
1.063178
2.6402707
2.4787724
2.817464
2.460921
0.48545116
2.5977037
2.597704
1.6990459
2.4906807
2.5878565
2.5878565
2.5863438
2.5860453
2.584882
2.5866177
1.7015606
2.5853453
2.5908883
2.5909266
2.5909266
2.5909266
2.592751
2.592643
2.6234145
2.6331682
2.5918863
0.12729743
0.19186962
0.1252617
0.619443
0.617582
0.5752914
0.13475549
0.14320648
0.26935673
0.26854113
0.2055101
0.20565283
0.1342223
0.14042605
0.15445225
0.14708562
0.15845738
0.18834805
0.15693282
0.15673865
0.15619573
0.15697841
0.14708562
0.15693282
0.19719565
0.20536704
0.21994445
0.22312409
0.12789448
0.13001598
0.16320215
0.13001598
0.18636505
0.15368912
0.15494272
0.13003401
0.15427317
0.1140188
0.1255291
0.15444395
0.17990635
0.16712476
0.14150085
0.15456876
0.17154443
0.1699353
0.15366289
0.16069157
0.1654512
0.13727641
0.12610807
0.15324087
0.10976145
0.1269196
0.15324087
0.14536422
0.11217178
0.11595458
0.14436534
0.15104546
0.149545
0.14908093
0.14949688
0.14437303
0.1421196
0.1440746
0.1515639
0.14211115
0.14437303
0.1416367
0.15195706
0.15133187
0.14092906
0.14210731
0.14411233
0.14343585
0.1497167
0.1500004
0.1421098
0.13999973
0.14950144
0.14957662
0.11553006
0.14851663
0.14426757
0.1491138
0.1491138
0.14238916
0.12969127
0.13037875
0.14411253
0.15000756
0.14978288
0.14310965
0.14204475
0.15450868
0.1483087
0.14203398
0.14025421
0.14022385
0.14743873
0.14651686
0.15554313
0.14029577
0.14339985
0.15681869
0.14029577
0.14278652
0.1473294
0.15045601
0.15730478
0.15287334
0.16041236
0.1427785
0.14068697
0.15453278
0.1552407
0.15531021
0.1674967
0.1447324
0.13808608
0.13808608
0.18335241
0.18579875
0.14573626
0.14584087
0.18064448
0.13413782
0.14684883
0.13096938
0.14589329
0.17836456
0.20291337
0.14589329
0.13411169
0.1820823
0.14023182
0.16019958
0.19026089
0.1603233
0.16122548
0.14598076
0.1485706
0.14540115
0.15494606
0.15077196
0.18623811
0.15494606
0.17223413
0.16177486
0.17623638
0.15018733
0.13408333
0.18154432
0.1437334
0.13486505
0.14789237
0.14789237
0.17176348
0.14537872
0.17150068
0.14137006
0.13486505
0.15436971
0.17142542
0.15683843
0.18206507
0.14325975
0.15327986
0.14267671
0.18995187
0.13667554
0.13571022
0.1562642
0.160436
0.15688343
0.18995187
0.15724747
0.14191264
0.14940628
0.14955708
0.18476163
0.14346507
0.14577416
0.14362346
0.16177021
0.16472094
0.14491713
0.16455963
0.15478238
0.14456287
0.15716845
0.14306003
0.14133814
0.14396739
0.1439543
0.1410465
0.14164528
0.14353329
0.14550686
0.14257123
0.14249367
0.13552727
0.14942755
0.15056373
0.14986788
0.14937492
0.14893751
0.14940743
0.14288837
0.14942755
0.150272
0.14565425
0.1497943
0.1497366
0.1507115
0.15052477
0.14941445
0.14877567
0.14212072
0.14853607
0.12809949
0.25910902
0.15611641
0.14311442
0.14892085
0.15453368
0.14856231
0.13084614
0.13063136
0.15703465
0.13327982
0.15689637
0.13034257
0.13300657
0.1415452
0.15929106
0.15696546
0.1483567
0.12780268
0.117087536
0.14776844
0.14207856
0.15200134
0.15762252
0.14811191
0.14268996
0.16162401
0.15685426
0.15751019
0.13296059
0.19706047
0.13774076
0.19033937
0.14793274
0.19886526
0.14016917
0.14783388
0.13924256
0.13779274
0.16640414
0.16059259
0.13843589
0.13924256
0.15304467
0.15024105
0.14279838
0.14271443
0.14279838
0.15026999
0.15437688
0.14645194
0.1534639
0.14276204
0.13648659
0.15365507
0.15212637
0.14645194
0.15359586
0.15011248
0.14500195
0.15252088
0.15373902
0.15407453
0.14298552
0.14298552
0.14310706
0.14700927
0.1292452
0.13589011
0.12731743
0.14648284
0.14649008
0.13207322
0.14810765
0.15171579
0.14810765
0.1449006
0.15180236
0.1517467
0.15162341
0.15204938
0.15182188
0.14505151
0.14552149
0.14261174
0.15491267
0.1443978
0.14642167
0.14642128
0.13643724
0.14265287
0.14272398
0.14614494
0.14629981
0.1465015
0.14644486
0.14646848
0.14629981
0.14299391
0.14480142
0.14480142
0.14642128
0.14577201
0.14487453
0.11783552
0.14131434
0.13636431
0.14643116
0.13353407
0.13565786
0.14064385
0.1500068
0.1395763
0.13604985
0.16423337
0.13565786
0.13467908
0.14458168
0.13388862
0.13565786
0.14005269
0.14069341
0.13559778
0.14073713
0.12688977
0.14069341
0.14002305
0.12804401
0.13340062
0.13501067
0.13559778
0.13559778
0.14073713
0.15384273
0.14629231
0.14002305
0.1519325
0.15190138
0.1519325
0.14997767
0.1519325
0.13961883
0.13650547
0.14833373
0.14503565
0.15199478
0.14011718
0.14503565
0.13629815
0.14411187
0.1460636
0.1430707
0.15207823
0.15496077
0.15202801
0.14311703
0.15487364
0.15487364
0.14900675
0.14900675
0.14948697
0.15182574
0.15496077
0.15394218
0.15496077
0.1425507
0.15716499
0.15862446
0.1545007
0.1545007
0.14278683
0.15416388
0.15441597
0.16672406
0.12799865
0.1462448
0.15459019
0.15587257
0.1545007
0.15440209
0.13027088
0.16170356
0.13032517
0.15457611
0.20792334
0.12834318
0.3010628
0.23776574
0.21283546
0.14328137
0.20995784
0.23858148
0.2390759
0.2100094
0.18653831
0.2390759
0.23622492
0.23710573
0.23522371
0.11423989
0.2036156
0.20959689
0.21183787
0.22388737
0.22383054
0.23131771
0.23895217
0.18618591
0.23858148
0.2100094
0.23988056
0.16881306
0.19487956
0.15487364
0.23963207
0.23963207
0.24137345
0.2118272
0.16137876
0.21230006
0.21230006
0.16492403
0.2107955
0.24003513
0.23947753
0.21058759
0.23777846
0.18610314
0.18670489
0.23765554
0.22460213
0.2567796
0.23776351
0.22659063
0.14718653
0.06810226
0.12677611
0.14169462
0.11347994
0.113982745
0.14169462
0.14169462
0.141598
0.14157665
0.14167875
0.14163019
0.1413243
0.14169462
0.14169462
0.1430042
0.14336494
0.14230017
0.14227381
0.1424987
0.14322528
0.14322528
0.14329931
0.143241
0.14227381
0.14169462
0.14329931
0.1417619
0.1430042
0.14169462
0.14275558
0.1429323
0.14327577
0.142096
0.14242816
0.14327995
0.14183305
0.1423101
0.1423659
0.14295684
0.14242816
0.1424882
0.14276277
0.13442531
0.14275748
0.14163442
0.14316514
0.11835536
0.14252543
0.14290711
0.14290711
0.12515457
0.14252543
0.14256652
0.14265157
0.14308286
0.1363456
0.14113203
0.143055
0.1432896
0.14251179
0.1527826
0.15410054
0.14338113
0.15048122
0.14194016
0.14129083
0.14281179
0.16025172
0.1325263
0.14052443
0.14067596
0.13222371
0.14074181
0.13841376
0.13974853
0.13648894
0.1336585
0.14052297
0.13918255
0.13974853
0.14002585
0.15329514
0.112943135
0.14314988
0.15329514
0.14074181
0.15113495
0.13974853
0.13643701
0.15125118
0.14311473
0.1526022
0.15323023
0.1432905
0.14926055
0.13611606
0.13564469
0.15342514
0.15329514
0.14923699
0.15368365
0.1358191
0.1423827
0.1356427
0.13270196
0.13458349
0.1595797
0.11416769
0.14395835
0.13458349
0.13857512
0.13661878
0.143948
0.14395835
0.14345789
0.14394441
0.14395835
0.14395724
0.14383955
0.1395778
0.14349088
0.14380251
0.14191246
0.14404544
0.14408702
0.14408891
0.144091
0.14408976
0.1449741
0.16110195
0.21055846
0.13982126
0.1538197
0.1538197
0.24259728
0.1538197
0.24275644
0.14615613
0.24259728
0.14965236
0.21580027
0.19851921
0.17325403
0.12758146
0.1303346
0.1303346
0.15146083
0.19655037
0.15138459
0.14294367
0.13145998
0.14268996
0.11317532
0.14332081
0.14917985
0.14964011
0.15027297
0.13461934
0.14238778
0.14878328
0.14964011
0.14443061
0.14238778
0.14962791
0.14238778
0.1472265
0.14964011
0.14259952
0.14268996
0.1486625
0.1477578
0.14378901
0.14355403
0.14399898
0.14754705
0.14962791
0.14962791
0.14344028
0.14410865
0.14344028
0.15661128
0.15358664
0.13566887
0.15358664
0.14559567
0.15273438
0.15358664
0.13566887
0.13566887
0.15042081
0.14235944
0.14344028
0.1493762
0.13492183
0.14071897
0.14101325
0.14402561
0.14842069
0.14842069
0.14400445
0.14888822
0.14402561
0.14919083
0.14391786
0.14311294
0.14369479
0.14391786
0.14865187
0.14842069
0.1493451
0.14474016
0.14938802
0.14939986
0.14322267
0.1441423
0.14411344
0.14959617
0.14865187
0.14873762
