2.760486
6.889549
3.8040051
4.8158097
3.8156087
4.1992936
5.0936093
2.639989
1.2019873
1.1160575
1.0981387
1.1074481
1.1148715
1.0815302
1.1056095
1.0815302
1.1114448
1.0815302
1.0260336
1.0260336
1.1160389
1.1627825
1.1602501
1.2118647
1.281423
1.4216031
1.1968144
1.3411322
1.4292278
1.4291928
1.4640806
1.2204558
1.466544
1.2290463
1.47222
1.4995321
1.3790848
1.5045347
1.5228058
1.379956
1.4870899
1.2769661
1.3809719
1.4924641
1.4947077
1.4708946
1.5108366
1.4416199
1.5071956
1.35377
1.4732918
1.5590012
1.5412496
1.3494954
1.4602786
1.3611647
1.2772409
1.5355296
1.5937186
1.4769319
1.5150784
1.5451678
1.222707
1.1789632
1.3864951
1.3915462
1.3504314
1.0954032
1.3857559
1.3982563
1.4021577
1.3806604
1.4345452
1.2163005
1.2182999
1.4944345
1.509847
1.3992842
1.5113502
1.348041
1.4737082
1.5132567
1.4870324
1.4997466
1.2400192
1.4999766
1.5108305
1.4995325
1.5118754
1.5093945
1.4766629
1.4806496
1.2678342
1.5260056
1.5283599
1.5190643
1.5239505
1.5177515
1.5004941
1.5222657
1.5225228
1.5033977
1.4823307
1.4978427
1.5192523
1.4260472
1.5216606
1.4837416
1.5069047
1.2513801
1.4906759
1.5029246
1.2275754
1.4270048
1.2559373
1.5168616
1.5171016
1.500969
1.3185842
1.319829
1.3183706
1.4246427
1.4749743
1.4749743
1.20112
1.319759
1.3294832
1.499198
1.521509
1.4815159
1.5692172
1.5108718
1.4608059
1.4994936
1.5452981
1.5929132
1.519904
1.3320342
1.5860279
1.568723
1.3337371
1.3222014
1.5014094
1.4945012
1.3440638
1.402576
1.4449936
1.4807389
1.5139798
1.5258459
1.5258459
1.5585165
1.4366684
1.4965156
1.4394461
1.4790374
1.5065198
1.2827728
1.2649494
1.2900774
1.4875238
1.2648629
1.3678188
1.2758834
1.5572529
1.6018217
1.2685668
1.2685668
1.2022698
1.2662573
1.1271193
1.1310779
1.197201
1.205835
1.1305536
1.1310779
1.1228772
1.1965877
1.2812953
1.4721857
1.5367504
1.5415158
1.5272812
1.5160271
1.22931
1.4033127
1.282445
1.4721857
1.5387459
1.4721857
1.5283953
1.5440646
1.2812953
1.3991822
1.526692
1.2812953
1.4033127
1.2812953
1.2486778
1.5171239
1.2789347
1.5101769
1.4677275
1.385554
1.4812409
1.5337561
1.526692
1.509847
1.4976181
1.5129989
1.5158995
1.4675683
1.4032948
1.4066178
1.4466914
1.5032314
1.2726685
1.511601
1.3940458
1.5268835
1.3905767
1.5221082
1.27658
1.3940458
1.4619553
1.4622132
1.3920093
1.4951167
1.5088699
1.4715095
1.4383905
1.5089103
1.4985727
1.3360671
1.4623284
1.4501464
1.5087392
1.2723879
1.4601923
1.2759601
1.2734964
1.4330678
1.4590153
1.4620429
1.4973494
1.4239665
1.3919548
1.4676163
1.5180415
1.2770611
1.4939156
1.4996045
1.2707559
1.4642692
1.466499
1.4673368
1.4322308
1.1998215
1.4237937
1.4553972
1.4673368
1.3347774
1.3343006
1.1998861
1.3881493
1.3357522
1.2095037
1.2145822
1.123655
1.4504325
1.458861
1.2291625
1.3118281
1.1586393
1.302764
1.3118438
1.3089075
1.4644245
1.4236395
1.3801659
1.4185594
1.4262252
1.4513342
1.2712771
1.2671411
1.3369038
1.2994376
1.4338685
1.4338685
1.4628097
1.4914725
1.4987205
1.3713361
1.2518315
1.4779036
1.4622546
1.487871
1.4871422
1.514893
1.3617818
1.482424
1.3751082
1.5011322
1.436556
1.5103278
1.341259
1.5410309
1.5405816
1.5336508
1.3965089
1.4921458
1.4676163
1.3982674
1.3826183
1.3986946
1.4676163
1.5397996
1.27658
1.5322235
1.5267025
1.5417807
1.3702157
1.27658
1.276362
1.5411643
1.4659592
1.2811317
1.2539035
1.2793916
1.227986
1.2499659
1.2778201
1.3022915
1.3513173
1.2239603
1.1812692
1.2574893
1.1311139
1.2652494
1.1296034
1.281863
1.218292
1.2183236
1.2809931
1.2801244
1.2815704
1.1809157
1.0990856
1.1788013
1.217825
1.2546601
1.217825
1.2304246
1.2493626
1.2546601
1.2287679
1.1496584
1.1809157
1.2183236
1.268523
1.2732552
1.2776902
1.2291625
1.2291625
1.2277406
1.5155779
1.5282532
1.540702
1.2822984
1.5426763
1.4726057
1.5424345
1.5227481
1.5272166
1.5380512
1.2776902
1.4295446
1.5428393
1.584307
1.4285773
1.6240014
1.5404428
1.5428393
1.6187757
1.3702157
1.4911727
1.4911934
1.472903
1.493214
1.4920192
1.4982667
1.4211
1.4665854
1.432587
1.576151
1.6161169
1.5816973
1.6320024
1.4862744
1.3667789
1.5293533
1.489055
1.5142044
1.487283
1.3667789
1.5020114
1.489055
1.4846191
1.5580574
1.6024387
1.6283824
1.5759571
1.3653582
1.3941818
1.485974
1.3901005
1.4624398
1.4664674
1.4951035
1.269552
1.3937559
1.3509619
1.1770449
1.3673198
1.3660415
1.3725336
1.3560263
1.249189
1.3777304
1.32955
1.3799863
1.3502806
1.3742923
1.1595024
1.2463863
1.2917266
1.303089
1.3187801
1.3827555
1.263535
1.2102314
1.3776408
1.3857734
1.3859032
1.2945302
1.2929274
1.4535177
1.5048597
1.4707032
1.2945302
1.4068542
1.4068542
1.5222869
1.4208075
1.2947291
1.2946285
1.4206169
1.2915324
1.2891346
1.2955338
1.420864
1.2963307
1.2955338
1.4387882
1.2923282
1.3552992
1.3571988
1.5109823
1.51576
1.2857914
1.4387733
1.2821102
1.3165314
1.524556
1.2963054
1.2767363
1.1501669
1.3623264
1.4198523
1.3483251
1.5398037
1.5449305
1.4216858
1.2676619
1.5503532
1.3565305
1.593723
1.4888942
1.4134703
1.423286
1.3544292
1.4321321
1.4708575
1.4141284
1.4853402
1.4898062
1.4141212
1.3430021
1.4133084
1.4093072
1.1879153
1.2796943
1.1573737
1.4071866
1.1606604
1.3213259
1.1573737
1.3729709
1.1573737
1.2196686
1.3729709
1.4082268
1.2124193
1.1573737
1.2124329
1.407627
1.219832
1.4652214
1.4749504
1.4463258
1.4082268
1.4843708
1.3365957
1.3176701
1.4819022
1.2104583
1.4658045
1.4818696
1.4819022
1.4531426
1.216912
1.414827
1.3800908
1.1612289
1.3405479
1.4142503
1.4153886
1.4065653
1.4176911
1.4247615
1.2813039
1.3949051
1.3964283
1.1484846
1.4325839
1.4140556
1.4225836
1.2753818
1.3621156
1.4743869
1.475157
1.2156734
1.493285
1.4913212
1.4131097
1.43987
1.5026661
1.4500042
1.2378606
1.231579
1.246727
1.2128521
1.2122761
1.4655484
1.4708163
1.4709146
1.4079862
1.3684043
1.2387036
1.4457955
1.4770354
1.2728745
1.270964
1.4372218
1.4779927
1.2728949
1.4671265
1.5082415
1.4552739
1.3446431
1.5080746
1.3877908
1.4656421
1.3672363
1.506831
1.3413241
1.5616237
1.5316969
1.497376
1.3142517
1.4997343
1.4675837
1.4787519
1.5256987
1.5318063
1.4025049
1.5411851
1.6081954
1.5966734
1.6171093
1.4798702
1.5722126
1.5080084
1.5847336
1.5662117
1.4599715
1.4365973
1.3885257
1.5381497
1.539528
1.0567789
1.6260344
1.623454
1.6261977
1.6243453
1.0792184
1.6900195
1.6900195
1.7121731
1.6236311
1.625708
1.7123518
1.1426905
1.1692152
1.1434743
1.1287278
1.5416355
1.7128452
1.6900195
1.7128766
1.7125329
1.648629
1.7595922
1.6255132
1.7611521
1.6373963
1.7144835
1.7259572
1.6535305
1.5832511
1.7957947
1.839148
1.1887273
1.2210429
1.7163209
1.7520016
1.8500476
1.7480599
1.930338
1.8461653
1.8838258
1.9109772
1.918472
1.8076618
1.9261082
1.8453184
1.7609491
1.3427678
1.7628345
1.7114285
1.8015836
1.8061463
1.3419253
1.8414298
1.828144
1.8378245
1.8385552
1.7698625
1.7361408
1.7272083
1.7521669
1.7745732
1.7756798
1.7659881
1.1546808
1.7270318
1.7758706
1.222938
1.6618559
1.7606591
1.7627958
1.2943106
1.3316216
1.739887
1.5779159
1.5886465
1.1707468
1.7570915
1.1569986
1.0755736
1.5418957
1.5780122
1.5598792
1.0664523
1.5593735
1.5534313
1.5580316
1.5580943
1.6605141
1.693494
1.0816064
1.6079298
1.5890125
1.6462331
1.6334354
1.7532574
1.7532574
1.6061013
1.3157152
1.3198208
1.8328886
1.8996471
1.872369
1.8877627
1.6986921
1.880686
1.8955868
1.8577832
1.872369
1.8607875
1.7625504
1.882574
1.3163545
1.3737787
1.8647861
1.5496743
1.756507
1.5668793
1.5669688
1.315446
1.3719908
1.224938
1.224938
1.3163817
1.2927043
1.2223601
1.1957098
1.250216
1.1953529
1.2191947
1.2191947
1.2714864
1.248184
1.2725501
1.2064056
1.2105926
1.262647
1.2069293
1.2605594
1.2088025
1.2656777
1.2825191
1.3009263
1.2728462
1.3032881
1.3088616
1.2404882
1.2868751
1.1927826
1.2891096
1.3051271
1.288896
1.2244662
1.2627038
1.227529
1.2808387
1.1847636
1.2623748
1.2808387
1.3356396
1.2249391
1.2800527
1.2615227
1.3407135
1.2801018
1.3078707
1.1875746
1.2998198
1.2617762
1.2627198
1.1875746
1.29895
1.2353112
1.234512
1.2832294
1.3407135
1.3089317
1.3077632
1.2027646
1.2800527
1.3086525
0.2835256
1.2619451
1.1793851
1.1693368
1.2634442
1.2659109
1.2908031
1.2391893
1.2124971
1.154829
1.184605
1.1583658
1.1623096
1.1933527
1.2004082
1.201512
1.1569959
1.1585228
1.1890484
1.1871306
1.110978
1.1953619
1.201512
1.1622211
1.1779335
1.1970097
1.1971095
1.1955156
1.2046484
1.1198454
1.1826513
1.1991377
1.1992456
1.1624013
1.1986585
1.1993027
1.0750827
1.1678755
1.1769205
1.1762134
1.2008331
1.1563996
1.2079682
1.2553391
1.179366
1.2564878
1.2673682
1.2676105
1.2553391
1.197109
1.2235504
1.2691445
1.2055373
1.2098699
1.2449899
1.2487537
1.2685388
1.1417598
1.3161991
1.4707923
1.2878532
1.5177985
1.5105103
1.5134431
1.2318267
1.3817972
1.2776026
1.2785245
1.2777503
1.4315553
1.4835484
1.3925998
1.3170887
1.4486518
1.5341918
1.471495
1.5380651
1.5312986
1.5331569
1.2943062
1.4177788
1.3202261
1.161087
1.4058586
1.5183656
1.5222013
1.2863607
1.2906938
1.2947257
1.3882905
1.3974577
1.4534242
1.3109251
1.4487592
1.2108865
1.4049697
1.2946755
1.4331065
1.420059
1.2105469
1.223756
1.4308715
1.3223138
1.1970428
1.3213577
1.3213577
1.3228077
1.296807
1.3203802
1.2639543
1.1586577
1.451217
1.21016
1.318764
1.4201959
1.440354
1.420444
1.4500703
1.4487971
1.2232058
1.4274087
1.2108172
1.4277561
1.427418
1.4495785
1.427418
1.2247895
1.279348
1.125689
1.0904397
1.0347778
1.2676275
1.2794329
1.2804213
1.2448181
1.3048999
1.290721
1.1239882
1.1638966
1.246006
1.243922
1.1484559
1.382941
1.4068942
1.408049
1.4103622
1.2727051
1.409819
1.4091444
1.3521495
1.4354926
1.4898558
1.2876362
1.3273761
1.3886173
1.3917515
1.3982229
1.4185135
1.4896463
1.4896879
1.5207839
1.5298446
1.5385547
1.5301224
1.53116
1.5342344
1.5340812
1.4976771
1.2265452
1.4035021
1.3439066
1.4551011
1.2839248
1.4629092
1.4251646
1.3056767
1.4167593
1.529659
1.5228137
1.5414337
1.4885069
1.5293798
1.5508561
1.3730364
1.5436255
1.4631155
1.2988725
1.529764
1.499813
1.362301
1.5404453
1.5415509
1.5549176
1.3148957
1.435881
1.4285773
1.3418251
1.4164056
1.3964982
1.501992
1.3879966
1.4205033
1.4208496
1.4735699
1.3987335
1.3926679
1.5049164
1.2927651
1.3840485
1.3865627
