5.0459948
3.7909575
3.8482056
0.05684976
0.08633079
0.06828134
0.028666193
0.050664715
0.050664715
0.08015665
0.08078844
0.07888956
0.08558921
0.037398595
0.057990037
0.04193973
0.049463686
0.044484068
0.06474653
0.05325407
0.03846895
0.069309674
0.07385386
0.06633324
0.07038344
0.08273147
0.07596624
0.061400034
0.08273147
0.08273147
0.08380802
0.06885608
0.08412459
0.08627988
0.07918061
0.08091964
0.0840976
0.12366172
0.15306684
0.16562311
0.1691438
0.15769319
0.14605327
0.13694921
0.13694921
0.21359794
0.22781745
0.1407146
0.12758645
0.08131778
0.136811
0.12363377
0.18199013
0.1838417
0.14003645
0.1951869
0.13415456
0.116027676
0.19133845
0.16573133
0.12878314
0.12815686
0.12833534
0.117354326
0.13415456
0.15527008
0.19205666
0.1801925
0.1951869
0.12905218
0.13506961
0.1951869
0.18007833
0.12734707
0.19773623
0.20464113
0.1371514
0.18349521
0.1928955
0.17342147
0.15337977
0.08953921
0.09460529
0.1370614
0.09232807
0.14497212
0.09266946
0.13725317
0.13420291
0.14497212
0.13734941
0.09211087
0.09023584
0.09323477
0.097597055
0.097597055
0.1176825
0.13065195
0.09293175
0.14885272
0.24081329
0.14885272
0.3186482
0.14835076
0.22114854
0.3055469
0.22301367
0.23453994
0.26371053
0.11905079
0.16215155
0.26430494
0.23900205
0.31791806
0.18150489
0.13812949
0.24335222
0.24791752
0.18654251
0.22741394
0.2710001
0.17899129
0.121242225
0.26781014
0.34619683
0.17520969
0.2191914
0.16202381
0.14168562
0.1977446
0.20335522
0.1313347
0.14241248
0.12754266
0.12754266
0.13974781
0.12049356
0.114274226
0.10519378
0.11533767
0.1780767
0.17107224
0.118914865
0.17766094
0.115272194
0.09428608
0.17107224
0.14568165
0.123455815
0.14436346
0.22606944
0.24355131
0.23385872
0.18380584
0.19547348
0.1952353
0.18768169
0.15237182
0.19499658
0.18547022
0.1804021
0.1828547
0.21116465
0.14996247
0.1425337
0.14204875
0.18392053
0.258667
0.18392053
0.18300562
0.19917472
0.1563481
0.22329503
0.18392053
0.18392053
0.21203725
0.21505263
0.22021794
0.19917472
0.2676208
0.1425337
0.18392053
0.14259452
0.09193042
0.26732975
0.49881172
0.1425337
0.84885794
0.74625164
0.97721523
0.97835565
0.18392053
0.8397678
0.12637183
0.17071898
0.7111336
0.7133781
0.91694903
0.7127331
0.9108994
0.7240113
0.9108994
0.7136985
0.17690761
0.87498206
0.87498206
0.88648504
0.7127331
0.7525131
0.6362871
0.17825456
0.80701417
0.8097112
0.13846757
0.6299797
0.8124621
0.11125817
0.7988219
0.14899981
0.5700778
0.057567555
0.07055798
0.5774388
0.5744482
0.5640522
0.57613707
0.57613707
0.5755888
0.57515466
0.54928637
0.56292427
0.5732635
0.5732635
0.5744482
0.5732635
0.56067216
0.5715339
0.57586294
0.084136695
0.5732635
0.5732635
0.5762961
0.5732635
0.5767307
0.5767307
0.5813119
0.154714
0.54759395
0.08318776
0.6587918
0.6043374
0.6628067
0.9466137
0.8505644
1.0422972
0.6820729
0.6798032
0.6804125
0.68231064
0.07363
0.58664143
0.6068597
0.6358679
0.29056433
0.05685102
0.5889505
0.6655538
0.58664143
0.5889505
0.5889505
0.6800405
0.6768595
0.6030755
0.6800058
0.6030755
0.6030755
0.6320608
0.55820036
0.6175045
0.629956
0.09711773
0.5738558
0.6444864
0.7720407
0.14547056
0.7653217
0.6927705
0.14559323
0.09715634
0.6489405
0.68581456
0.68960804
0.33935264
0.6897658
0.12918852
0.18835941
0.17379455
0.17379455
0.17203346
0.1633398
0.09414291
0.1470252
0.1470252
0.0850271
0.095265925
0.19212097
0.13758245
0.13309225
0.17028408
0.184644
0.085796416
0.19023433
0.16174258
0.18789251
0.17379455
0.18097006
0.13777214
0.1695579
0.0850271
0.19164822
0.19200324
0.17601378
0.18830658
0.14837573
0.18988085
0.13520876
0.17335318
0.17340885
0.18789251
0.18210196
0.20197506
0.19084968
0.18853958
0.18483837
0.16331623
0.17400171
0.16783981
0.17313094
0.17346232
0.167026
0.14718956
0.17291066
0.08979427
0.16908859
0.16908859
0.16908859
0.17346232
0.084744
0.16908859
0.16908859
0.1231857
0.08239308
0.06426947
0.084744
0.16908859
0.16876268
0.11960696
0.16638167
0.16908859
0.16822246
0.17017423
0.17017423
0.18312114
0.24872498
0.24142581
0.18389101
0.17017423
0.22210705
0.12319183
0.17017423
0.17456885
0.25031483
0.17017423
0.17017423
0.17003845
0.2158786
0.1598496
0.13074738
0.17017423
0.18445186
0.16526367
0.16329543
0.17644125
0.21407887
0.2486949
0.25182417
0.17151277
0.21470371
0.24189906
0.24122226
0.1827613
0.24070346
0.12620431
0.18111585
0.20083655
0.15918887
0.15430377
0.22150202
0.1893701
0.2179012
0.16156723
0.24310838
0.15070261
0.18970473
0.15458025
0.17156488
0.16965592
0.16835
0.05817385
0.12729862
0.12383527
0.12570369
0.14500701
0.14764515
0.14515144
0.08376179
0.16662355
0.14764205
0.08582669
0.08787816
0.118359506
0.09158634
0.13162552
0.09114786
0.18798539
0.18810174
0.093318805
0.17316052
0.17360152
0.18075778
0.13461672
0.17360152
0.18075778
0.15985137
0.09436982
0.1878691
0.18781038
0.16037445
0.09329153
0.1331406
0.18075778
0.18075778
0.18089986
0.093401656
0.18824774
0.18089986
0.18044691
0.15998168
0.18046114
0.13473125
0.18455045
0.18686317
0.1812679
0.10495687
0.16241944
0.1776643
0.1881586
0.18862377
0.093634315
0.09253923
0.18446282
0.18219317
0.18400422
0.18769416
0.18309487
0.18783996
0.19208938
0.1042974
0.08550334
0.16445167
0.16968028
0.18468675
0.10519624
0.1812112
0.108809836
0.1812112
0.1791198
0.1809272
0.08913076
0.18138155
0.18138155
0.17420907
0.18722561
0.16881038
0.15067567
0.10277109
0.09413377
0.09184914
0.091686346
0.091686346
0.091686346
0.070265144
0.10243499
0.07038414
0.09386904
0.17259012
0.20445244
0.18495202
0.20249143
0.102736615
0.14592446
