1.5995848
2.0999606
2.0982053
2.1481972
1.376308
2.3013852
2.1218739
2.257477
2.0409074
2.310698
2.2421424
1.3416919
2.5267744
2.5267744
2.5218368
1.8349725
2.2196302
0.1520801
1.4254061
1.6773851
1.731407
0.5963217
1.558876
1.2039962
1.4399407
1.2183083
1.2059846
1.6860405
0.6641485
1.3264484
1.3274546
1.3314024
1.6137531
1.8059106
1.1624922
1.863654
1.8720591
1.7834806
1.3797473
1.800646
1.7053317
1.4959967
1.872585
1.8872303
1.6341517
1.2764705
1.2804918
1.6905847
1.7904844
1.7909983
1.9094772
1.9196811
1.6984627
1.1243837
1.8716443
1.0767488
1.7034568
1.8040283
1.8075657
0.3142579
1.8760037
1.9115113
1.7931957
1.7978274
1.9267238
1.4235427
1.794856
1.9131083
1.6658417
1.6658417
1.4246404
1.6658417
0.8143771
1.1191673
1.1639249
1.1574692
1.1191673
1.1704005
1.0692443
1.1679701
1.1648992
1.1704005
1.1328113
1.1701982
1.0222836
1.1717837
1.1726792
1.3823862
1.3338915
1.3897914
1.3896047
1.3868896
1.425925
1.387113
1.4522599
0.9325767
1.4525386
1.4533731
1.3432229
1.2335773
1.3389685
0.9557449
1.4005823
1.3833421
1.4434628
1.4019216
1.4582291
1.4523755
1.382574
0.37889698
1.2763343
1.3506266
1.3314941
1.3314941
1.3332387
1.3827602
1.3836509
1.3879641
1.3879641
1.3412026
1.381769
1.3896664
1.3945727
1.3945727
1.3911052
1.3963288
1.2047758
1.4180739
1.3129086
1.3131689
1.4219007
1.2047758
1.3108171
1.4190444
1.2047758
1.4262836
1.4262836
1.3689408
1.4118255
1.3070024
1.4572115
1.35268
1.3337455
1.4211861
1.3318062
1.3657289
1.397906
1.4232694
1.5068631
1.420188
1.3924091
1.4199617
1.4452325
1.5506868
1.5572413
1.5298576
1.4407736
1.5352321
1.5632814
1.5613731
1.5613731
1.5683764
1.5637052
1.5660397
0.10108247
1.4252683
1.3192916
1.3192916
1.3871254
1.2098488
1.3044066
1.196668
1.3023235
1.3040111
1.4169374
1.3577807
1.4146452
1.4148704
1.6583065
1.9102575
1.7836909
1.6553538
1.6584853
1.6823514
1.7240024
1.4313315
1.7797413
1.7847158
1.82589
1.8687044
1.667176
1.411135
1.855961
1.8491977
1.9224899
1.8194196
1.928815
1.9211911
1.8207151
1.4343812
1.6348063
