1.6722403
3.2373774
1.3788271
2.5565853
2.5565853
2.5560796
2.5572245
1.1039504
2.537394
2.541832
2.5384014
2.5101795
2.5412018
2.485244
2.4974222
1.2283986
2.4735692
1.0944419
2.5115194
2.5128205
2.5046656
2.5062983
2.504088
1.1030723
2.3843026
1.4597565
1.064921
2.3927767
2.4133983
1.0449536
1.0465337
2.413034
2.4120207
2.4130497
2.3922045
2.409061
2.4112892
2.4122834
2.4122834
2.390966
1.0457009
1.9477856
2.3522599
2.381547
2.392358
2.3842204
1.2511122
1.0445733
2.3913429
2.4107614
2.3907728
1.2105746
2.394901
1.2069924
2.5214388
1.0915235
2.5006444
1.0855811
0.8117883
0.3611874
0.12441938
0.1311088
0.1359525
0.1021879
0.14737618
0.15442868
0.09931628
0.10906696
0.107452124
0.10752089
0.106904164
0.14060782
0.16832684
0.100456804
0.10034009
0.113470316
0.16829
0.20169224
0.13621336
0.15113184
0.1511718
0.15498097
0.11368159
0.14228547
0.10598648
0.10407671
0.104646705
0.104646705
0.15440938
0.12919088
0.12524825
0.12698422
0.12371828
0.12457629
0.12615158
0.098393254
0.117698096
0.11331241
0.12636025
0.13088277
0.10334277
0.1277197
0.13944227
0.13944227
0.13785163
0.11190487
0.13813882
0.13752271
0.13945778
0.14031771
0.10843978
0.14496088
0.10843978
0.10843978
0.10396967
0.13366127
0.14550814
0.14572561
0.12483795
0.116792835
0.09934243
0.10034513
0.10014389
0.10034164
0.09986232
0.10906048
0.10898563
0.10207964
0.10875648
0.1068554
0.09478535
0.10207964
0.108683385
0.10875648
0.10682378
0.10906048
0.1084623
0.10207964
0.1079004
0.1049147
0.10875648
0.09953714
0.10207964
0.100707136
0.10906048
0.11003054
0.11005158
0.109374076
0.11223357
0.11223357
0.09623053
0.10929748
0.10945704
0.10359886
0.099391565
0.10327866
0.10359886
0.10623753
0.10623753
0.10048553
0.10237771
0.109870665
0.09991382
0.109374076
0.10875648
0.10875648
0.1081806
0.10237771
0.10143588
0.0979187
0.10909037
0.119506724
0.14255624
0.10480251
0.09702852
0.11538529
0.14572942
0.15131302
0.0928911
0.14984393
0.122137524
0.10418255
0.10409348
0.104211904
0.1060718
0.10609409
0.099245034
0.10299232
0.09919772
0.09926244
0.09913767
0.10680506
0.104426116
0.11297774
0.1129518
0.12641627
0.12641627
0.11063667
0.11063667
0.12651642
0.120552264
