0.21251024
0.33983657
1.4753082
0.6508851
0.6511589
1.8200448
0.31007352
0.6723552
0.6829213
0.6188484
0.6149786
0.6436775
0.65086365
0.638924
0.63810134
0.6307193
0.62601876
0.6215765
0.6426366
0.6465284
0.65324926
0.6461628
0.6530024
0.6532663
0.6527055
0.6532853
0.6465831
0.65330434
0.6459092
0.6512406
0.649052
0.64429927
0.61155236
0.6474703
0.65330434
0.65344155
0.6767792
0.65651894
0.67812914
0.67824376
0.6870609
0.73214716
0.67936116
0.6851184
0.7176422
0.7348462
0.74282277
0.60400087
0.6450255
0.73539335
0.7456947
0.9522381
0.9645953
0.91797215
0.91493595
0.9009193
0.40317842
0.99197596
1.0109982
0.96246994
0.8448892
0.84456635
0.75623983
0.8441693
0.7920012
0.7956194
0.7616058
0.8272747
0.75631946
0.76765746
0.7609132
0.84237427
0.8436993
0.62291825
0.6192594
0.77704585
0.8126619
0.81657606
0.8172194
0.84863573
0.91835487
0.91835487
0.8980652
0.8931714
0.82040834
0.857261
0.95134383
0.81386703
0.8814136
0.95565695
0.9645868
0.58107454
0.7336362
0.812375
0.8780033
0.89749026
0.9149782
0.88028234
0.8086096
0.775213
0.87101847
0.90327775
0.9092651
0.6965074
0.7843857
0.76206005
0.78196526
0.7824605
0.6720729
0.73706156
0.71021336
0.7792447
0.7809785
0.7933596
0.78340614
0.793437
0.7911235
0.8429364
0.8347039
0.74886733
0.6171094
0.7268317
0.82806236
0.7707014
0.7512937
0.79086876
0.85778034
0.86088675
0.8601376
0.8538975
0.8649911
0.8668595
0.8758171
0.9746634
0.6213148
0.7636344
0.97736114
0.9782513
0.92168534
0.7603141
0.8483835
0.85114276
0.98986447
0.84884185
1.0029323
0.9615749
1.0051033
0.99825686
0.9226311
0.8446337
0.9923748
0.9324888
1.0219281
0.986013
0.99505615
0.9806461
0.9586315
0.94008166
1.0116912
0.90447503
1.0094514
1.0507072
1.0797943
0.7523404
0.9038113
1.0681349
1.0503955
0.80242497
0.9890855
1.0923402
1.0899639
1.0559899
0.75679135
0.9113704
0.9212751
1.0369303
0.7567936
1.0314474
1.0130095
0.96536326
0.8868508
0.97608674
1.0438184
1.0025601
0.7460964
1.0438184
0.7827461
1.0362229
1.0613589
1.01992
0.6766875
0.69759274
0.74812967
0.9818305
1.052079
1.0264369
1.0157359
1.069895
1.0304629
0.7549167
0.76392114
0.52149653
1.0782193
1.0864731
1.0172378
0.76350254
0.92956346
1.048935
0.754548
0.92934906
0.79198116
0.9660215
0.7868399
0.79198116
0.68746394
0.73274094
0.75602823
0.84216857
0.8338088
0.8414015
0.82691544
0.8376945
0.9769096
0.966781
0.7867859
0.97640926
0.86767745
0.9831654
0.76577026
0.8741784
0.9279777
0.9838662
0.8413755
0.9835972
0.99105954
1.0010896
0.9862947
1.0022687
0.8739237
1.0023667
0.9872756
1.0674653
1.0819521
1.0002664
0.99039
1.0003144
0.993064
1.0739182
0.9740295
0.99105954
1.0899595
1.0743427
0.63434756
1.072868
1.0705895
1.0520141
1.1328617
1.0726988
1.1333178
1.0646018
1.0896089
1.0397676
0.5686851
1.0640508
1.0970132
1.0197088
1.0097877
0.40201882
0.9230636
0.84976834
0.9230636
0.57640177
0.9465551
0.9442887
0.9468237
0.9468237
1.0042182
1.0412849
1.0827678
1.0311599
1.0312535
1.0388416
1.0448272
1.0304123
1.110498
1.0452844
1.0325602
1.0161576
1.0182527
0.9959352
0.9598077
0.87843484
0.6215806
0.9628682
0.9381181
0.83241075
1.1009938
0.9616978
0.9501226
0.7241469
1.0444552
1.0322654
1.0620697
0.98282987
1.0127063
1.0136691
0.8685766
0.94592595
0.9935112
1.0088346
0.94243085
1.0085425
0.85140073
0.8668186
0.8665798
0.5919698
0.9468237
1.0143245
0.898775
0.8831854
0.8988296
0.88607216
0.8988296
0.8560424
0.8988296
0.8997055
0.65864897
0.65864897
0.918574
0.8807082
0.8988432
0.89121443
0.8988432
0.8987527
0.87282497
0.36498475
0.8515999
0.587371
0.8715617
0.55687386
0.8845495
0.8997467
0.9778934
0.8997467
0.89945155
0.91710377
0.96936923
0.7624069
0.95807195
0.9174833
0.95632964
0.91912407
0.91951925
0.9172254
0.95954484
0.75469726
0.9163602
0.74722743
0.9638986
0.97200054
0.90003353
0.8916291
0.9718442
0.8719762
0.86518127
0.8481982
0.8747773
0.8747773
0.9694079
0.9564335
0.9723423
0.96333694
0.95035934
0.8747773
0.9644921
0.946703
0.8524741
0.874506
0.879616
0.94258136
0.86853904
0.9643559
0.97760826
1.0018348
1.0018348
0.99487996
0.94236225
0.9955731
0.9991793
0.8967087
0.99641514
0.9231584
1.029931
1.0083362
1.0666589
0.9403849
0.9897575
0.9911068
1.0271522
0.9300697
1.0053054
1.0019854
0.9350689
1.0570303
1.0577509
1.0540534
1.0059057
0.62190384
1.001953
1.0194184
0.9835206
0.71965045
0.8535024
0.9213926
0.7406603
0.82862276
0.92229426
0.7304921
0.8469316
0.74525297
0.9383051
0.7484272
0.9670838
0.85728955
0.84459853
0.73692834
0.9921543
0.7497514
0.76483965
0.7461753
0.927272
0.9929604
0.7477657
0.9004963
0.86483026
0.98384416
0.74778944
0.98385906
0.98385906
0.94431406
0.99023277
0.6040022
0.86194295
0.7477657
0.97982365
0.9427925
0.7419668
0.94903773
0.9496534
0.83384925
0.80170786
0.73088384
0.60531926
0.83953136
0.840018
0.8257958
0.8238772
0.8395458
0.7822232
0.7471579
0.839484
0.839484
0.8396908
0.8269223
0.7462633
0.87266856
0.8408087
0.9122504
0.8472887
0.86144495
0.81619304
0.9495132
0.9520483
0.9694803
0.98240334
0.9778234
0.7138793
0.98267835
0.72823405
0.7101461
0.70707333
0.7418303
0.88069445
0.88943857
0.81387347
0.81387347
0.966954
0.966954
0.9654261
0.95666
0.968487
0.9684674
0.99952185
1.0064015
0.91922253
0.92195547
0.7450256
0.844977
0.8325014
0.85360706
0.8183453
0.8509559
0.97525734
0.85112447
0.9732042
0.9602237
0.9753517
0.82861316
0.9634414
0.9847571
0.9486059
0.9042793
1.016621
1.0278997
0.94181734
0.9403021
0.89518505
0.92441154
0.8366766
0.96860135
0.9962708
1.0149468
1.0149468
0.91742796
1.0078158
0.9122844
0.9990035
1.001577
1.0018171
0.99376273
0.96573246
0.98985934
0.98985934
0.9461041
0.9912698
0.89972574
0.86609524
0.9540616
0.9929753
0.904952
0.9766585
0.74807096
0.984992
1.0035062
0.9135729
0.9213627
0.88993514
0.9513921
0.73704815
0.96547514
0.67577934
0.9787506
0.9871949
0.9647212
0.7023643
0.8603498
0.9767465
0.9245472
0.93399507
0.9548363
0.9477362
0.7624651
0.9248452
0.79271936
0.7330223
0.9239848
0.9617245
0.93136925
0.9485631
0.9336385
0.9873038
1.0081701
1.0396702
0.9838465
0.8160694
0.98210233
0.9879278
0.9879476
0.8928545
0.98778003
0.9419104
1.0493217
1.0438403
1.0472723
1.0815467
0.9426962
0.9793497
0.9880004
1.0768862
1.0793992
0.9871099
0.62348044
0.6875346
0.76441956
0.7764786
0.8480696
0.72288066
0.68756545
0.67041427
0.67101794
0.7247121
0.8333079
0.7331817
0.7639741
0.81037605
0.80282384
0.8333079
0.8330539
0.6508635
0.65279204
0.7026834
0.7027314
0.83350986
0.6522136
0.81047904
0.9240756
0.80750483
0.81047904
0.7944567
0.74695843
0.811452
0.7860566
0.7743688
0.5709236
0.7861273
0.7864179
0.8044742
0.7775858
0.84998024
0.82707334
0.88010603
0.88857627
0.8871146
0.93691164
0.91180736
0.90575606
0.9234713
0.9858967
0.9849815
0.9857865
1.0001389
0.6217313
0.9012425
0.9189893
0.92169493
0.9061624
0.8898576
0.91318005
0.9083436
0.90599513
0.8276838
0.7493531
0.91774607
0.87408787
0.93053144
0.95077163
0.96448016
0.863634
0.9419836
0.9764947
0.82995397
0.8595652
0.8623682
0.86246675
0.86288947
0.9419836
0.9779099
0.974653
0.8299349
0.8691857
0.8625136
0.97525907
0.82943696
0.9102507
0.9744397
0.9733342
0.8724818
0.9377361
0.5925064
0.9764137
0.667729
0.98054755
0.5742276
0.9152548
0.8676109
0.9201432
0.91712075
0.8812771
0.87771755
0.93234205
0.9974809
0.9998117
0.8899336
0.90492386
0.98097444
0.9413603
0.8901294
1.000616
0.989448
0.9147883
1.0369911
0.6244495
0.5836855
0.6221967
0.9076654
0.86739457
0.9025835
0.9051127
0.89515805
0.91753536
0.965967
0.972129
0.9303276
1.0363642
1.0362794
1.0363642
1.0718982
1.0048019
1.0718982
1.027472
0.9597682
1.0146441
1.1641926
1.1640131
1.0891184
1.0823467
1.0636698
0.642459
0.7373054
0.95761484
0.95797396
0.889165
0.75841653
0.8741755
0.8157292
0.94890046
0.86355567
0.9637119
0.8191646
0.9424777
0.948041
0.81916016
0.8809756
0.90546995
0.8481805
0.9409067
0.7221409
0.8731787
0.9693843
1.0108968
1.0076866
0.93914974
0.93854
0.93854
0.9385246
0.9373244
0.92926025
0.93838745
0.93344593
0.9373127
0.81075805
0.97308034
0.9933894
0.93896055
0.936521
1.0096357
1.0109273
0.93906087
0.9468735
0.94377863
0.9380035
0.94221455
0.9778778
0.8089835
0.8559867
0.8474983
0.9306312
0.74880016
0.82141143
0.82137644
0.8214772
0.8205172
0.9317682
0.8886161
0.9751173
0.59092635
0.711522
0.5588229
0.7516834
0.8333402
0.8483612
0.9462411
0.96444446
0.45314
0.72093296
0.9869252
0.768167
0.75147104
0.88963073
0.90427876
0.8975343
0.90526414
0.9586589
0.90515447
0.929636
0.9669946
0.97822803
0.9781862
0.9762416
0.90980375
0.975582
0.97672915
0.98697954
1.0322406
0.86598665
0.9812166
0.98140734
1.0964748
0.56942034
0.5726739
0.5719002
0.5778637
0.590825
0.7372487
0.7572917
0.74106973
0.8469116
0.5885409
0.7279493
0.74059224
0.8527169
0.78846985
0.92567486
0.84276825
0.97417593
0.6206751
0.9633242
1.0025792
1.0263538
1.0287602
1.0721673
1.0287192
1.0895585
0.9990652
1.0014908
1.0689619
1.0898335
1.0665783
0.9804607
1.0202771
1.0666549
1.1334176
0.97250974
1.0424066
1.084314
0.9947345
1.1341825
1.0841901
1.147016
0.9649617
0.9534528
0.9534528
1.0619224
1.1032401
0.9925632
0.7406383
0.9688288
0.878709
1.0495126
0.6749835
0.97660065
1.0021919
1.0140761
1.0679102
0.9847801
0.84882087
0.91544265
0.91672546
0.8482314
0.79482746
0.9164069
0.98153406
0.98190427
0.52831936
1.0702591
0.97646296
0.9193464
1.0707718
1.0722854
1.050011
0.95543414
1.0879984
0.92655647
1.0121148
0.95508486
1.0062301
1.0090051
1.0068542
0.7488548
1.013847
0.9624237
1.0074321
1.0139513
0.9748444
0.8479081
0.9280579
1.0139904
0.811014
0.8263452
0.8478998
1.0155703
0.96574634
0.9272894
0.7488548
0.9162199
0.9162199
0.8067884
0.821645
0.9006674
0.91694915
0.7141645
0.7393828
0.7068378
0.73958945
0.7564863
0.7349765
0.73551095
0.92312586
0.7355265
0.9186677
0.7818076
0.70795274
0.7878264
0.73554957
0.8919693
0.9076087
0.90759456
0.9076087
0.91209316
0.7339365
0.8370061
0.87294596
0.6926923
0.9080621
0.9183373
0.9246812
0.9231404
0.7275768
0.91310287
0.7877744
0.8039317
0.7891049
0.7891049
0.77922094
0.78443974
0.72449774
0.7941792
0.7791285
0.7867514
0.79202
0.7244522
0.72332966
0.7566133
0.7628483
0.78678083
0.79626256
0.7970881
0.8474804
0.8203334
0.8447669
0.8321353
0.79710907
0.8202415
0.8447589
0.79710907
0.7684669
0.8485995
0.84826237
0.8485474
0.84853894
0.78751326
0.7972694
0.847648
0.8202328
0.84841454
0.84849805
0.954532
0.84122235
0.8597309
0.7514496
0.9545438
1.0027863
0.9545438
0.97813433
0.84136444
0.932371
0.84116393
0.9541738
0.7634236
0.9541738
0.8737533
