3.0185263
0.22371796
0.3095736
0.31959936
0.3310948
0.32951197
0.35313916
0.36637536
0.34861395
0.30102608
0.3263229
0.33946937
0.3509961
0.30874276
0.37431717
0.38058224
0.38052255
0.38082165
0.38340083
0.34415442
0.37071952
0.379359
0.3441086
0.31766808
0.37084082
0.35234064
0.3806178
0.40659612
0.3341911
0.39302343
0.338201
0.3917308
0.39311537
0.39288864
0.39252973
0.3931308
0.39189288
0.36886433
0.37406114
0.3688608
0.39830855
0.39830855
0.39841434
0.39345786
0.39799243
0.40228695
0.40231243
0.402671
0.42369333
0.44823214
0.4418944
0.50132245
0.42352042
0.45108223
0.47463617
0.42348918
0.4753398
0.423862
0.44302857
0.37299663
0.41716802
0.49239698
0.37299353
0.49405646
0.49370617
0.45358956
0.47188118
0.45435992
0.47457743
0.4889877
0.45478186
0.48275784
0.44971657
0.42760783
0.4926583
0.4497912
0.46012118
0.52107006
0.52400345
0.4228098
0.44971657
0.44971657
0.4089212
0.39031136
0.4022428
0.42510176
0.44609737
0.43367228
0.31344295
0.39613745
0.39610833
0.38915595
0.36766765
0.37384796
0.40006056
0.4127581
0.38718477
0.4140592
0.38541785
0.37569565
0.42950827
0.33735663
0.39177707
0.33739015
0.4190952
0.48127156
0.4876052
0.38997594
0.3876299
0.39032224
0.40352842
0.45070586
0.48823082
0.47053447
0.3372934
0.4760904
0.33552352
0.46977204
0.47623804
0.46969506
0.47551066
0.48042336
0.39509642
0.33838144
0.39849812
0.39130598
0.39530587
0.4007559
0.398788
0.40110385
0.38779095
0.39210242
0.4010538
0.38803065
0.39594698
0.37910068
0.38040718
0.39705226
0.39705428
0.36858955
0.38779062
0.3814763
0.42479616
0.3678721
0.38847277
0.3814763
0.43816996
0.43431014
0.40151143
0.39253923
0.39343834
0.36804193
0.4229844
0.42933336
0.40226033
0.40302965
0.40597278
0.3691619
0.394554
0.39675325
0.40008312
0.39519057
0.37727562
0.37787437
0.40227124
0.40187195
0.38985166
0.36793512
0.41183156
0.3531927
0.36472034
0.39220682
0.38405377
0.39243636
0.3660738
0.39591902
0.41281334
0.392441
0.3660749
0.422092
0.40136385
0.39018872
0.41829568
0.38596472
0.36534587
0.4234186
0.31753626
0.38852704
0.36607644
0.38149118
0.39273742
0.4213517
0.47448945
0.4310744
0.3862467
0.43759316
0.4164533
0.43798894
0.41901755
0.41821
0.41882756
0.4331352
0.41211566
0.4176955
0.4120438
0.42029142
0.4142009
0.47075006
0.41749236
0.4705027
0.45653903
0.43049228
0.4788646
0.51723146
0.5244012
0.430915
0.3688071
0.42617524
0.5059321
0.5074299
0.5146433
0.51723146
0.40206307
0.30510086
0.5417615
0.5059321
0.51408845
0.39022
0.36863095
0.47614178
0.5059321
0.5142825
0.4033878
0.51413333
0.40342623
0.49487323
0.51284397
0.47606063
0.39834014
0.510677
0.40372488
0.5049349
0.40382007
0.411956
0.494744
0.494744
0.49544826
0.39590862
0.43748266
0.5120247
0.51531386
0.40372846
0.41857785
0.5042076
0.55666
0.5755776
0.555415
0.5560343
0.38462242
0.5199796
0.5565232
0.6030776
0.40465122
0.5563245
0.4241532
0.5704556
0.58318555
0.5552344
0.5738645
0.55059975
0.45363286
0.5477921
0.5480299
0.39252475
0.42642352
0.41979158
0.4237448
0.4671048
0.53652173
0.55285025
0.41591495
0.5666627
0.5507426
0.41613132
0.43566477
0.55122036
0.58445305
0.37746102
0.56699324
0.41497302
0.4142379
0.42700225
0.53375083
0.4127614
0.50478286
0.5025934
0.40582308
0.50551695
0.49465883
0.40582308
0.36073023
0.44985086
0.48273703
0.5275219
0.52748185
0.45575956
0.52769077
0.52150255
0.55243343
0.41238242
0.44698432
0.4457638
0.443932
0.5513705
0.55167496
0.43569377
0.53191876
0.5519091
0.55396694
0.5537939
0.4637706
0.54857016
0.54857016
0.56602895
0.36833623
0.56462026
0.55793196
0.5512566
0.5401275
0.69790107
0.57182306
0.7305491
0.65497965
0.7305491
0.56281465
0.3682755
0.65961033
0.7280468
0.36827433
0.72634894
0.27084175
0.56281465
0.56281465
0.5163796
0.54089147
0.4909964
0.550594
0.3789425
0.51490706
0.43358317
0.5582638
0.53270054
0.5179881
0.5582638
0.39112034
0.39282763
0.413921
0.41223326
0.41395393
0.36471465
0.41559002
0.41109663
0.4358882
0.40171394
0.4529431
0.40209302
0.4298545
0.49064142
0.40773293
0.39130765
0.37704778
0.3935065
0.5504585
0.38818392
0.5185952
0.5756294
0.6033437
0.37717313
0.5794008
0.5973119
0.46079472
0.5963972
0.39400175
0.5906051
0.59699434
0.37973344
0.5965412
0.5565844
0.39307868
0.4092751
0.39497364
0.54705286
0.5761856
0.4828756
0.54340404
0.37854818
0.41473708
0.41196722
0.41580084
0.39803103
0.42512134
0.40211102
0.396256
0.41500044
0.47865865
0.40634802
0.39875773
0.38844225
0.4126954
0.3962815
0.39627436
0.40874663
0.3971452
0.40016776
0.54356223
0.5446774
0.45206982
0.4869255
0.49661744
0.48509526
0.40841967
0.3586378
0.5331655
0.53262645
0.5407092
0.2712513
0.51769197
0.37003145
0.3974231
0.55218154
0.40614435
0.5329999
0.4384036
0.3893052
0.6877056
0.67408246
0.5004831
0.39247885
0.56940395
0.39281103
0.5704497
0.43715554
0.45188734
0.592905
0.4886652
0.6792226
0.6160921
0.5754767
0.67798537
0.4028294
0.4028294
0.46825212
0.46825212
0.4021412
0.29009268
0.3927109
0.6086765
0.5518075
0.40372023
0.50455016
0.5711264
0.6093045
0.6059056
0.5824421
0.52797246
0.66672367
0.4621212
0.6665967
0.54947776
0.60477066
0.6140319
0.6349639
0.54947776
0.40443546
0.5882434
0.6336892
0.6265483
0.66672367
0.46237066
0.66672367
0.60661
0.54947776
0.66131073
0.66621596
0.6658743
0.6665483
0.60988873
0.5533792
0.40415674
0.4343789
0.4002172
0.48395658
0.67387545
0.67278117
0.5844446
0.68656284
0.68656284
0.6264998
0.6887195
0.6684799
0.6909919
0.5768248
0.6961522
0.47943276
0.70069087
0.39959693
0.6771663
0.67875016
0.50193566
0.73190093
0.709255
0.7327468
0.69758
0.73591113
0.39115363
0.49287772
0.60531723
0.55265516
0.4819476
0.51916945
0.64415675
0.7137084
0.39304915
0.41730967
0.7195644
0.49242502
0.56398755
0.6375879
0.64812666
0.6159775
0.56401265
0.5041164
0.5317523
0.5690106
0.615808
0.6085569
0.6818707
0.61756486
0.5401724
0.69091946
0.5401724
0.64809793
0.60569364
0.64666986
0.61721355
0.6068861
0.5154279
0.47504216
0.608892
0.57646847
0.55004424
0.6047725
0.61038685
0.62652296
0.6265232
0.63315713
0.49460098
0.52829033
0.57636285
0.64382243
0.6456457
0.52829033
0.5283536
0.49420813
0.60860765
0.61187786
0.49460098
0.62167925
0.5622296
0.31910512
0.63428855
0.6343731
0.5755831
0.59542334
0.6040855
0.57330024
0.55450124
0.5031813
0.6149783
0.5222776
0.63389206
0.6511778
0.65575886
0.54926986
0.6176098
0.6435928
0.6454603
0.62810165
0.49614254
0.59948605
0.5300536
0.53012544
0.6369807
0.6357898
0.5035173
0.5296211
0.63638467
0.5772712
0.643486
0.5300536
0.577384
0.5300536
0.6253022
0.62900454
0.49849293
0.6454147
0.57862943
0.57695997
0.49791616
0.6417955
0.49845412
0.6253022
0.64423364
0.632835
0.5316158
0.6106513
0.5300536
0.6098123
0.5781754
0.6278543
0.5306301
0.602078
0.6359478
0.5264543
0.5264601
0.6020225
0.5719499
0.60874134
0.494642
0.6266108
0.6411491
0.6430385
0.61548597
0.63579965
0.53131616
0.5787562
0.538094
0.64243734
0.64513505
0.4953166
0.63417387
0.6450116
0.63005394
0.5380044
0.5975246
0.6451646
0.6290006
0.6533419
0.65080684
0.5942111
0.6620968
0.48834977
0.5379525
0.6533419
0.5379525
0.5942111
0.6533419
0.4882563
0.53786314
0.5379655
0.49159443
0.5379525
0.64160997
0.2862919
0.5942111
0.48834977
0.63020474
0.48817694
0.6533419
0.64332473
0.6516895
0.5379525
0.46880496
0.4953213
0.6607779
0.6662532
0.6297277
0.59567064
0.5942365
0.6533419
0.58237946
0.4883263
0.6478404
0.49116212
0.611581
0.66169214
0.4915693
0.62867624
0.6542711
0.5368882
0.6290082
0.6634217
0.49119562
0.62822556
0.6438874
0.64888287
0.5369631
0.5427647
0.5938705
0.61352766
0.6521085
0.498815
0.65191066
0.49721593
0.6197268
0.65545225
0.48599502
0.5418826
0.5760218
0.57952315
0.6974191
0.7347235
0.66770816
0.7349328
0.47807205
0.6489935
0.474649
0.6551435
0.6548205
0.48198855
0.72252584
0.6407514
0.6597433
0.72150975
0.47479793
0.6504959
0.4750555
0.5327841
0.6601891
0.48457795
0.6581269
0.6184307
0.6298314
0.47473624
0.536408
0.48286605
0.48288715
0.5007564
0.5993477
0.5791724
0.5703938
0.576034
0.5759197
0.5675676
0.4818931
0.5756659
0.4902026
0.50047755
0.58317226
0.59337735
0.5010329
0.47421008
0.5975982
0.47529978
0.47667626
0.5869234
0.47435138
0.5826825
0.5977695
0.607638
0.5877656
0.5709322
0.47383833
0.47376385
0.57751584
0.47793797
0.47383833
0.59981984
0.47983438
0.54599845
0.48051968
0.50200844
0.593198
0.5540468
0.47444937
0.48765957
0.5874318
0.5875246
0.80850196
0.4852117
0.70402294
0.74095464
0.71515614
0.4863187
0.6578268
0.6528728
0.4916214
0.62703145
0.62703145
0.7294899
0.7303667
0.6535558
0.65754163
0.7304454
0.58348584
0.73020625
0.62709516
0.7298889
0.73041546
0.7304454
0.73076093
0.63558435
0.7423159
0.7423159
0.71719134
0.74194944
0.7396722
0.6200962
0.6436311
0.7385352
0.6018609
0.77371484
0.7748814
0.77789557
0.8341628
0.82629794
0.8428171
0.84384364
0.85593253
0.8808349
1.005817
1.0379568
1.028408
0.9600662
0.9599945
0.9509752
1.0390999
0.96003026
1.017488
1.0100085
0.55446184
1.0207973
0.5320087
1.0173321
1.0152667
1.024448
1.0293932
1.0772127
1.0007365
1.0201262
1.0700935
1.0316557
1.0859153
1.1250814
1.0869299
1.1202368
1.0794157
1.014652
1.0113999
1.0956786
1.0956786
1.0705237
1.0113999
1.01059
1.0705237
1.0702553
1.0023307
1.0144482
1.0570313
1.0323682
1.0296609
1.0326022
0.925771
0.98841536
1.0016456
0.925771
0.925771
0.925771
0.96320695
0.92778605
1.0004104
1.0139172
1.0162576
1.037232
0.92198443
0.5177125
0.9988566
1.0008864
0.9697122
0.99130595
0.94265336
0.9434477
1.0083339
1.01466
0.98337835
0.84114677
0.8555959
0.97704613
0.9055841
0.7815972
0.99981046
1.0083283
0.9631546
0.84018034
0.8144589
0.944455
0.87403923
0.8349811
0.8930951
0.956394
0.94294304
0.8629625
0.8706648
0.97528774
0.85744107
0.85736203
0.82784045
0.97783357
0.8601964
0.8573568
0.8185259
0.97022545
0.91304564
0.9411417
0.93962353
0.85414386
0.8418951
0.8418951
0.69757664
0.90135294
0.97716314
0.64656436
0.9795407
0.9022016
0.9039007
0.9889134
0.9039007
0.9990699
0.7125394
1.023445
0.9639062
0.7280292
0.9657363
0.9657108
0.75905716
0.7283029
0.87372655
0.882636
0.8143593
0.8781595
0.8651393
0.7591767
0.7591617
0.72108316
0.8724926
0.6283299
0.7606168
0.62774605
0.75667924
0.76142555
0.75604707
0.75854206
0.6716254
0.7150538
0.6881819
0.6903697
0.73008716
0.73258173
0.8546211
0.75872076
0.85663164
0.7420025
0.7901459
0.8428415
0.8436208
0.87509924
0.8746913
0.73677003
0.7409379
0.7675236
0.76264405
0.8417876
0.9108034
0.752828
0.76433927
0.76512265
0.6391005
0.7901554
0.9059552
0.89544743
0.9169252
0.9169408
0.7359542
0.69818515
0.7182046
0.8826062
0.9093132
0.90353
1.0650808
0.9069069
0.9719507
0.90837795
1.0720596
1.0162039
0.8415543
0.49724
0.98865634
1.0464419
1.0018032
0.84867364
0.9776008
