23.57807
20.695917
20.608938
4.7290974
7.5590334
3.930106
3.3064814
3.8940136
2.4846067
2.9323869
2.864204
0.28089958
2.511076
2.7543175
2.6989286
2.8488889
2.9709759
2.8643842
3.0030754
2.8786612
3.030716
2.8609376
1.441234
2.8724875
2.9457612
3.030957
3.1085649
0.18577804
3.057055
2.9323096
2.841198
2.841198
2.8100913
2.8155923
2.9323096
2.3585236
2.9217303
2.8269107
2.9127116
2.962265
2.6330466
3.1514726
2.87384
2.962265
2.9340029
3.0597613
3.437958
3.7715454
0.5531481
3.839552
3.5166504
3.4227164
3.1181557
3.1022425
3.8301265
0.28261688
3.4303331
3.3948004
3.1900158
1.1141715
3.3919358
3.3919358
3.3919358
2.706755
3.132541
0.4442422
2.9726458
3.0064423
3.2184308
2.9726458
2.9430287
3.3740864
3.1821494
3.6230063
3.6168213
3.722796
3.110219
3.4402769
3.6273122
3.9866722
0.5595221
0.8210328
0.21563937
0.08234068
0.08159851
0.08231688
0.08194752
0.08255552
0.08213677
0.082654074
0.08199701
0.08281324
0.081925236
0.08871289
0.08278665
0.081911266
0.091910325
0.08353078
0.10903246
0.0961812
0.08726141
