5.575914
1.7486975
6.3961253
6.1292257
4.7627907
6.2332125
8.587794
4.871797
4.756757
5.251841
5.6343026
4.9143853
5.677989
4.921175
5.091678
5.1347413
5.166886
5.134245
5.1229286
5.13029
5.1268454
5.3652606
5.2800827
5.381275
5.033777
5.2410197
5.4012556
5.0759
5.0655217
5.0938687
5.370488
5.143865
5.301746
4.7350416
4.7170606
4.734077
4.737024
4.6607604
4.713256
4.7235208
4.737024
4.648541
4.7059407
4.723217
4.7119946
4.713256
4.7130632
4.630612
4.7004204
4.7206235
4.723261
4.7203827
4.7332582
4.7332582
4.712683
4.737152
4.737024
5.20935
5.145262
4.8120604
5.1870866
4.8366995
5.0272474
4.740268
4.738108
0.19540168
4.653629
5.0511694
4.776124
4.7634535
5.0136213
4.772886
4.447518
5.1368628
5.0662737
4.577625
5.093932
5.28359
5.1558743
5.236004
4.7559166
5.211902
5.0243244
5.004769
4.596503
4.9832582
5.005162
5.0876293
5.0057316
5.2519455
5.1190295
5.247328
5.2165112
5.190421
5.251656
5.005262
5.0304985
5.2217846
5.005262
5.005262
4.012101
