4.5308547
18.535967
9.249853
4.913225
1.9931948
5.0257683
5.0275545
5.0257683
5.026485
5.027276
5.0255375
5.026873
0.28465924
3.775535
3.7709541
3.7751663
3.775336
3.7653153
3.775455
3.7765517
3.7233472
3.7873714
3.7312028
3.7757638
3.7858958
3.7312794
3.72741
3.729997
3.7480783
3.7416759
3.8374693
3.8227663
3.747285
3.7871387
3.8498738
3.6240153
3.844751
3.753518
3.7511103
3.732775
3.8118224
4.006794
3.7812455
3.7092118
3.7633393
3.678305
3.714512
3.7296648
3.7252104
3.72416
3.7285953
3.72416
3.7271624
3.6793988
3.7229316
3.6937957
3.7524135
3.7301528
3.6793988
3.73153
3.6761267
3.676814
3.7491236
3.705218
3.7300768
3.682318
3.6827402
3.7404432
3.755174
3.7945101
3.8045263
3.748119
3.5914986
3.7703602
3.6822586
3.7660177
3.7368827
3.7903125
3.805833
3.748311
3.7599864
3.706734
3.68308
3.773998
3.7962952
3.7441084
3.8062303
3.7906742
3.7445579
3.921107
3.7441084
3.595515
3.595515
4.099474
4.055184
4.0936265
4.049075
3.769757
3.7445579
3.7049024
3.7461352
3.9241126
4.178616
3.7698846
4.042701
3.7443328
3.7443328
3.9248624
3.7443328
4.0722337
3.7400763
3.6811967
3.6974742
3.595515
3.742308
3.7261639
3.685534
3.866258
3.8685963
3.5958135
4.0386734
3.980692
3.4669535
4.00672
3.9792202
3.6162128
4.020042
3.7785141
3.7142663
3.982605
3.9951878
3.7833517
3.9204404
3.8749428
3.6017685
3.7135305
3.8751495
3.7444088
3.786923
4.006428
3.828884
3.8929193
3.772697
3.615803
3.5955038
3.7718134
3.8016233
4.0660157
3.8541746
4.0097504
4.072022
3.7007208
3.616976
4.0142055
3.746434
4.0145726
3.7718134
3.678071
3.986575
3.6787603
3.7480993
3.6781015
3.6236389
3.6709964
3.7404063
3.740564
3.7244537
3.664649
3.7422342
3.7408915
3.7439623
3.7196987
3.7346191
3.744346
3.7346191
3.7472289
3.7249837
3.7249837
3.7344007
3.7208364
3.7453237
3.7440631
3.7406304
3.5959518
3.744594
3.7444382
3.5855646
3.745988
3.7460525
3.2752678
3.726369
3.7257128
3.7283087
3.9338639
3.7779777
3.7291043
3.5666664
3.646384
3.6697264
3.6476414
3.6476414
3.6214626
3.6702378
3.6476989
3.6585324
3.6700454
3.6702378
3.6641936
3.6471567
3.6486115
3.7135944
3.7193964
3.711871
3.7296083
3.741873
3.730927
3.74975
3.4335911
3.713585
3.7493827
3.739095
3.7500622
3.546544
3.546544
3.3209462
3.6605072
3.6595616
3.5795124
3.7237074
3.7639997
3.7240067
3.5531147
3.9327755
3.570188
3.6530614
3.7190921
3.841567
3.5540452
3.566731
3.8295338
3.7066872
3.835136
3.8417497
3.9386168
3.6861851
3.6567507
3.5520835
3.424152
3.674389
3.6421368
3.6196816
3.658386
3.2516515
3.816357
3.8666759
3.867273
3.873201
3.9619608
4.1227612
3.5762138
4.0150547
4.1928015
4.1954374
3.7459338
3.5761962
3.7480745
4.199841
3.7463863
3.8059185
3.5908196
3.758912
3.7349205
3.8416
3.3430166
3.723579
3.73222
3.7462506
3.682666
3.729462
3.654457
3.7409275
3.651349
3.7403414
3.719184
3.7269194
3.7492127
3.6291604
3.629437
3.806332
3.5882092
3.7252076
3.756704
3.7686229
3.7606995
3.7601564
3.8506799
3.5731673
3.5821276
3.587454
4.0338435
3.5683029
3.7449749
4.1264763
3.9348464
4.124051
3.6201186
3.550439
3.647969
3.7243204
3.744348
3.744348
3.7218268
3.7245762
3.72242
3.5880451
3.7291522
3.747732
3.721508
3.7746234
3.7745962
3.7437358
3.7428894
3.7756207
3.79203
3.9321485
3.8157744
3.608507
3.9770846
3.5737004
3.6647997
3.8946028
3.601236
3.6732838
3.5885363
3.4023619
3.5857856
3.951931
3.6462739
3.5869622
3.617436
3.8295872
3.959454
3.5846121
3.5952427
3.8355956
4.0123386
3.6787078
3.8331282
3.4368227
3.5844007
3.7487628
3.6254325
3.9311352
3.570825
3.7330332
3.7451417
3.8138597
3.5925665
4.008281
3.9154088
4.1225896
4.1516
4.0596256
3.7127964
3.6567292
3.4978251
3.6628518
3.6631913
3.648577
4.1721663
4.018922
3.8912742
4.021185
4.172206
4.0027175
4.0136805
3.7429965
3.554435
4.1516
3.5869474
3.7294447
3.5761096
3.5492055
3.5749507
3.5761096
3.578442
3.7287972
3.7283404
4.1236224
3.7393937
3.7391946
3.5920115
3.9324682
3.8806474
4.2897053
4.2846484
3.8825402
3.5917158
3.884017
4.275206
3.9064736
3.8338559
3.583957
3.5848927
3.7387176
3.6953132
3.8606336
3.9408114
4.0809445
1.2600008
4.0484266
3.4610047
3.7387743
4.03917
4.03917
3.782061
3.799123
3.602247
3.4306622
3.776361
3.6578984
3.952825
3.9530437
3.9530437
3.948617
3.8574114
4.1339974
4.1024346
3.58998
3.6007638
4.071556
4.1052566
3.7349591
3.8046553
3.7547462
3.800792
3.7547462
3.7807796
3.7313209
3.6774554
3.749146
3.5906072
3.732019
3.782096
3.732019
3.7831404
3.5898259
3.7492552
3.765908
3.7707865
3.6962535
3.7311838
3.7348328
3.734815
3.3899264
3.678142
3.6962492
3.589914
3.6925466
3.7558537
3.6936414
3.7510426
3.7518158
3.6563714
3.761979
3.7918963
3.7777617
3.8034468
3.782464
3.7896354
3.655156
3.693382
3.7944357
3.7989051
3.6935277
3.7691298
3.8034468
3.7813227
3.7840781
3.7453597
3.6027212
3.7373042
3.663109
3.7962117
3.7195256
3.7051988
3.7369144
3.8423052
3.6653962
3.6653986
3.757271
3.773312
3.6653903
3.8414488
3.6641986
3.7459137
3.7701194
3.8514493
3.833056
3.6680934
3.7729235
3.7729235
3.770643
3.7729487
3.6970804
3.7720897
3.7650747
3.7699878
3.6210833
3.7869596
3.7513528
3.8121755
3.7948248
3.916352
3.7858045
3.6725845
3.6625712
3.6692142
3.6677508
3.773973
3.86607
3.6679578
3.6643806
3.671634
3.6793282
3.6665494
3.7423446
3.8176477
3.8768685
3.896694
3.659323
3.770522
3.8583934
3.9026644
3.2987993
4.0096197
4.128278
3.2987993
3.78208
3.8449512
4.1280303
3.4248967
3.7859387
3.4182396
3.4177907
3.7880218
4.361383
3.387487
3.7679186
3.7821627
3.785953
3.8365695
3.8574052
3.6095958
3.8325212
3.720427
3.3488927
3.624757
3.7821627
3.466694
4.0660176
3.748722
4.433758
4.433758
4.4288983
4.433453
3.521936
3.9178493
3.7735145
3.7814236
4.4320927
3.4265175
4.487182
4.480625
4.4868684
3.8086402
3.4286366
3.2171803
3.8088865
3.8008008
3.820478
3.7330444
3.783312
3.8147242
3.8158357
3.777896
3.8274796
4.449998
3.3461883
3.4747899
3.8217263
3.8244748
3.806378
3.7631032
3.610448
3.226186
3.5711014
3.5765674
3.7773035
3.4370778
3.451529
3.599398
3.4719865
3.4626906
3.7339613
3.8004677
3.284952
3.6216035
3.623323
3.6261914
3.4722233
3.2871103
3.745383
3.287134
3.4344516
3.470901
3.4194117
3.4765167
3.4193604
3.5055478
3.4927702
3.2852275
3.4671953
3.280416
3.414587
3.471759
3.3795104
3.4025443
3.4025443
3.233969
3.2703419
3.420807
3.267877
3.461305
3.4030385
3.4284353
3.4422462
3.3984365
3.2694452
3.25031
3.2533915
3.426119
3.2522871
3.364615
3.4275155
3.5291362
3.6079545
3.6079545
3.5881226
3.2550032
3.235835
3.2442107
3.2359266
3.2442362
3.2442362
3.272399
3.2650075
3.1980135
3.2119062
3.2956533
3.3156807
3.642945
3.428878
4.1709824
4.275017
3.89771
3.2088094
3.3456714
3.3540864
3.4173932
3.854146
3.4173932
3.360427
3.2740202
3.262926
3.422899
3.4255507
3.438983
3.438983
3.496147
3.496147
3.2805943
3.302951
3.4141428
3.2700188
3.5124044
3.2677214
3.4168775
3.4508567
3.492716
3.5289886
3.5289886
3.458669
3.496147
3.496147
3.3844805
3.430089
3.5289886
3.4217799
3.496147
3.5289886
3.4959912
3.458669
3.3028498
3.4959912
3.3862553
3.4013898
3.3849597
1.6506965
3.3656385
3.280501
3.315694
3.5040767
3.3736835
3.2993011
3.2811797
3.2339225
3.2880354
3.3664038
3.3664038
3.3831873
3.3328216
3.2550275
3.245475
3.2838786
3.4149933
3.416666
3.3952982
3.2505481
3.2675292
3.2482944
3.2649188
3.3774867
3.3833518
3.3066857
3.6253252
3.507338
3.349566
3.351779
3.351779
3.3343728
3.487179
3.417896
3.4308028
3.3484604
3.4812372
3.4052339
3.3823621
3.4474404
3.4606812
3.4884956
3.3884637
3.4386635
3.386143
3.3766224
3.6300178
3.3336868
3.4283898
3.455837
3.2263072
3.4266834
3.272504
3.2659645
3.5942798
3.2639947
3.264898
3.264882
3.2653785
3.256372
3.4216702
3.7150996
3.5633998
3.4557319
3.3974085
3.2548842
3.4062884
3.381407
3.4146936
3.454693
3.452896
3.329341
3.4028468
3.409582
3.355664
3.3558598
3.6448796
3.3555598
3.3558598
3.474761
3.6042404
3.6215932
3.5655205
3.2817261
3.3784714
3.2820663
3.2817261
3.2817261
3.3791037
3.379315
3.2696376
3.3435278
3.3441572
3.3784714
3.2765417
3.2840767
3.2840767
3.283695
3.2849367
3.2816286
3.2737763
3.274486
3.3782604
3.275997
3.2747834
3.274486
3.3381836
3.3581839
3.3613195
3.304036
3.3293412
3.389969
3.3935504
3.397275
3.3566833
3.3498719
3.4484344
3.4393005
3.4396675
3.4406784
3.5127158
3.4665368
3.4668913
3.4665368
3.3949866
3.4618034
3.5127158
3.5127158
3.4506238
3.4659395
3.4397259
3.4761827
3.4507048
3.4507048
3.4162562
3.4642475
3.4643867
3.4316425
3.4172966
3.4639196
3.4021056
3.4321966
3.4856985
3.4321966
3.4330995
3.4326456
3.4146216
3.4499385
3.3624868
3.3118224
3.3155742
3.4259133
3.4046626
3.4586537
3.4267612
3.4586174
3.46855
3.2854643
3.3263521
3.3866973
3.4321795
3.3350413
3.2803946
3.49712
3.3528445
3.3500457
3.5163953
3.3494117
3.5498886
3.44073
3.5670352
3.5680792
3.554837
3.350392
3.2864075
3.47988
3.36524
3.558545
3.5656648
3.3500085
3.547332
3.5009818
3.36524
3.5659654
3.5669057
3.3206298
3.4069984
3.4683688
3.350406
3.283868
3.338615
3.338615
3.338615
3.2950459
3.238862
3.2937129
3.2941155
3.2098465
3.280372
3.3048522
3.3632972
0.039869957
3.2935944
3.3655262
3.3808072
3.250631
3.2862287
3.2951872
3.2952154
3.470417
3.4950068
3.4972937
3.469179
3.2869778
3.6064057
3.7644928
3.4722986
3.436072
3.437864
3.2869778
3.2858887
3.6439257
3.7972925
3.8269794
3.4094799
3.4293995
3.2157521
3.4092927
3.3152313
3.2847002
3.2087111
3.2847056
3.212955
3.390403
3.24618
3.4270911
3.3931797
3.4296486
3.2084284
3.4615817
4.3171577
4.0456495
3.2091858
3.2113311
3.2115302
3.2091858
3.295692
3.2229273
3.475596
3.4787488
3.222808
3.2786734
3.2830055
3.2845492
3.283774
3.277957
3.2840562
3.2862659
3.2867272
3.2843623
3.2862055
3.2864597
3.280703
3.2840593
3.2864509
3.3979077
3.370026
3.4331875
3.4614213
3.397584
3.4459238
3.4150498
3.4166274
3.3961651
3.3961651
3.3960595
3.4258296
3.3961651
3.3963964
3.4250588
3.3961651
3.381995
3.3960595
3.4625902
3.3959398
3.463908
3.4332256
3.4372125
3.2482486
3.4147391
3.3967097
3.4248633
