16.43446
16.509668
6.625531
15.887451
4.8547087
9.257267
3.9743626
4.355093
4.1914744
3.7304761
3.8142245
3.838421
4.18659
4.455315
4.7429895
4.4709687
4.636507
4.2999754
4.3867836
3.612261
4.7004356
4.656764
4.069567
4.7012525
4.4821935
3.6110828
3.785294
3.7245104
3.9152927
3.9180214
3.6064727
3.7313986
3.753126
3.6783576
3.7238617
3.73847
3.73994
3.722329
3.576051
3.875943
3.8910048
3.8896542
3.9031768
3.8778286
3.897769
3.7304885
3.8707778
3.7294955
3.6808016
3.7717462
3.8982117
3.7711306
3.7717462
3.8978834
3.729193
3.7701755
3.8881774
3.8964882
4.1079063
3.7709675
3.7717462
3.8978834
3.7828784
3.7295105
3.897769
3.884667
3.7642927
3.7704802
3.7219915
3.5636039
3.870875
3.871165
3.736558
3.88022
3.7226567
2.80005
3.8476894
3.7222724
3.7219915
3.7221253
3.7221131
3.7225406
3.72215
3.7216403
3.7208698
3.7209017
3.6830509
3.8252404
3.7230773
3.8193595
3.8095253
3.5722203
3.8098004
3.6251748
3.590729
3.6570067
3.8658366
3.6892843
3.6894176
3.7739189
3.9088237
3.8946273
3.671245
3.6563532
3.654984
3.6558528
3.6409667
3.670971
3.6655405
3.6629994
3.6632586
3.5618534
3.6459796
3.6575365
3.6019244
3.6352274
3.6652973
3.6656678
3.6644614
3.6691988
3.668783
3.6431768
3.801744
3.5628996
3.7319205
3.6392953
3.5631967
3.665654
3.664795
3.6667194
3.6631815
3.669397
3.7693765
3.7245169
3.7638602
3.6649802
3.7689507
3.7627437
3.7629082
3.7405543
3.7440977
3.7193701
3.8243833
3.7641418
3.8068907
3.654807
3.6658282
3.6433089
3.6628718
3.6668267
3.6995518
3.72767
3.5825694
3.7202995
3.6785793
3.6499135
3.7031326
3.6787891
3.6768322
3.6967342
3.6743343
3.7229426
3.7064922
3.699004
3.7145789
3.7164664
3.7229426
3.6804996
3.6992326
3.7604914
3.78171
3.743029
3.8447871
3.8711538
3.7940655
3.8487043
3.7908156
3.5747073
3.729248
3.733673
3.820108
3.919273
4.243304
4.7053213
3.8688836
3.4060438
4.541381
4.284479
4.1022334
3.7327077
3.783232
3.7904205
3.7456188
3.5885463
3.6161885
3.4894757
3.6895413
3.8284824
3.8380654
4.027191
3.4905303
