4.1784205
6.5855126
7.0287566
8.622534
5.7321925
6.2864532
4.6378393
6.286657
3.0607922
5.8595376
0.20813075
0.32385275
0.26694372
0.32237014
0.21216923
0.26694372
0.11146179
0.12909073
0.10969798
0.12432302
0.22419608
0.14026283
0.16844562
0.1522811
0.24776736
0.11110313
0.109262414
0.119501315
0.12565102
0.13372073
0.1269788
0.124841586
0.12965094
0.12213183
0.13165365
0.12544286
0.13000378
0.121759504
0.12533018
0.12656307
0.12695074
0.12561297
0.12561297
0.12695074
0.12475635
0.13118836
0.13734706
0.13840435
0.12706149
0.12556282
0.12695074
0.12706149
0.12929773
0.14037599
0.13056521
0.14041811
0.12706149
0.1238098
0.12701975
0.13193434
0.14016734
0.1447042
0.14362279
0.11065719
0.15497379
0.16692
0.119090036
0.14915432
0.121538125
0.14378494
0.119746834
0.11956494
0.15491894
0.117655635
0.12013555
0.10998293
0.12732677
0.11702848
0.14029692
0.14029692
0.1138447
0.122737326
0.13471417
0.13471417
0.14174451
0.13801947
0.14301991
0.15282618
0.1433352
0.15341939
0.12960248
0.1407105
0.13542506
0.14716393
0.10991166
0.13470997
0.1561409
0.11159603
0.1250143
0.1562331
0.10909797
