0.44478226
0.60341793
0.59952664
0.6516282
0.26585674
0.04759727
0.5534552
0.57413286
0.032759886
0.4254657
0.45506412
0.3908979
0.015163338
0.41507557
0.44935217
0.4597268
0.14587462
0.02659158
0.05721357
0.02051638
0.014029282
0.014065939
0.014688365
0.027896132
0.028051622
0.02714955
0.025196776
0.026780214
0.016642714
0.018311674
0.03331252
0.02845573
0.028465012
0.03010935
0.015228485
0.03361779
0.03454375
0.016106825
0.030749287
0.0054756193
0.0060355742
0.01805304
0.016016647
0.018139198
0.031573664
0.013131337
0.014548889
0.013482397
0.013482397
0.013495948
0.013377739
0.018305635
0.01771932
0.016426653
0.013279443
0.013373911
0.030180413
0.061733324
0.04646382
0.013874206
0.017511787
0.025992388
0.027618913
0.026883332
0.06244098
0.047653332
0.03826334
0.066550024
0.0390792
0.066550024
0.04056883
0.064049326
0.053927608
0.06493497
0.052309368
0.014743553
0.02101533
0.02101533
0.020947395
0.01713151
0.014675307
0.013015122
0.013376424
0.018632997
0.013015122
0.015641741
0.021117628
0.022550276
0.0033659737
0.02580265
0.019328043
0.02389048
0.0177484
0.101065606
0.07178349
0.087153606
0.037596043
0.08855207
0.029490579
0.07863593
0.034680437
0.07206427
0.07206427
0.032921523
0.014750703
0.026335772
0.030017503
0.047085125
0.07206427
0.023486491
0.0206276
0.06137071
0.03814249
0.07703191
0.06741198
0.028915925
0.07264693
0.05319382
0.05092414
0.15336014
0.16389632
0.17288077
0.05683999
0.012932512
0.17188089
0.012861236
0.012993842
0.012873801
0.012993842
0.012993842
0.012907167
0.013069026
0.013259763
0.013259763
0.012764912
0.013025137
0.013512204
0.0127756735
0.01348286
0.013427273
0.01357219
0.0127756735
0.013587207
0.013259763
0.01359077
0.012973577
0.013556589
0.0077772345
0.013427273
0.013526108
0.013025137
0.0127756735
0.013260502
0.01357219
0.013006416
0.013025137
0.013259763
0.013512204
0.012828819
0.012770961
0.01320319
0.012999948
0.013272766
0.015031327
0.07410153
0.014819531
0.015584094
0.015499263
0.016948361
0.017071309
0.015447862
0.016606769
0.01543584
0.0155637
0.019852407
0.017541934
0.023381691
0.012961874
0.04160771
0.038562506
0.022760313
0.042201202
0.023690727
0.05781894
0.018332811
0.022051737
0.043121018
0.013013504
0.022699894
0.022737097
0.021824088
0.02714158
0.019155258
0.012860192
0.018253883
0.013780424
0.03470115
0.051281992
0.015660297
0.03010878
0.013841231
0.019010812
0.019689042
0.01813281
0.026005872
0.024077684
0.029315224
0.03292292
0.030893626
0.005149964
0.029315224
0.029494546
0.030313043
0.03041342
0.040121667
0.0312722
0.025970105
0.01756231
0.039378103
0.12885758
0.12899405
0.0153155625
0.12883985
0.059736267
0.1377641
0.20575108
0.07039641
0.06929769
0.085237965
0.013909862
0.06995223
0.17349339
0.05778711
0.17092462
0.01370106
0.012863447
0.014031277
0.013282092
0.014031277
0.013832495
0.014665125
0.015736448
0.015907058
0.017291326
0.017297305
0.018280512
0.015778556
0.017650178
0.037599225
0.0375693
0.017291326
0.03898167
0.027395235
0.018335534
0.024758028
0.0140451025
0.060486786
0.012917478
0.070328414
0.012868666
0.012878944
0.012878944
0.014552137
0.016335629
0.03247872
0.0351081
0.013989876
0.013516427
0.015137226
0.017090557
0.021986404
0.028033668
0.014579411
0.01297951
0.016101407
0.013277849
0.013412412
0.013017734
0.013359795
0.021534143
0.013072161
0.015412255
0.01738281
0.017619323
0.015370968
0.013343776
0.015250131
0.014308609
0.012824856
0.014733011
0.012779201
0.008898909
0.013456422
0.013110044
0.013456422
0.013296714
0.013445278
0.012788724
0.013462836
0.013462836
0.013402047
0.013437542
0.013105169
0.013304748
0.013105169
0.013061358
0.013069284
0.013126332
0.0127944555
0.013405372
0.013519608
0.013751529
0.012763069
0.012768578
0.01368957
0.01276268
0.015490218
0.018716995
0.01321891
0.018544683
0.015086461
0.099184565
0.013762784
0.04558684
0.02038318
0.1598421
0.0135347815
0.04600615
0.09489204
0.220093
0.012985004
0.24052662
0.2433677
0.030608777
0.018544683
0.013141234
0.018544683
0.19752514
0.10770737
0.24346283
0.09110111
0.24203917
0.012832975
0.013141234
0.01294362
0.013104041
0.013104041
0.013413583
0.012809174
0.012898734
0.013349399
0.013047118
0.013455053
0.0135196885
0.014217925
0.017030038
0.020407254
0.014228484
0.016018895
0.017525347
0.015976211
0.018998617
0.014946722
0.013523312
0.024371253
0.013792085
0.020274015
0.025407912
0.013523312
0.021074846
0.021263514
0.013990171
0.015288309
0.01913279
0.016124407
0.01889268
0.018988846
0.013153728
0.01913279
0.013190636
0.015937181
0.002337306
0.018688975
0.01365887
0.013705967
0.013705967
0.014641134
0.014475263
0.013108533
0.013701502
0.015187789
0.01855245
0.015609134
0.018503046
0.030711139
0.013689005
0.013701059
0.013725335
0.014565801
0.017225254
0.013434188
0.013587207
0.016862022
0.016978106
0.004602968
0.016195705
0.018007759
0.015095681
0.018061759
0.04319043
0.053773306
0.012764062
0.016006133
0.053028587
0.012782541
0.017969744
0.013198043
0.027407503
0.0275084
0.028249964
0.056535006
0.043754194
0.050374042
0.018032493
0.10733688
0.10302421
0.10656918
0.10549359
0.10684352
0.043240175
0.016356412
0.038946256
0.038946256
0.040979564
0.09685114
0.0919855
0.039365347
0.10708249
0.016433068
0.10636727
0.039095182
0.0391276
0.039095182
0.039095182
0.039751776
0.078742325
0.012973464
0.06455232
0.037990965
0.07681156
0.09337547
0.07075952
0.0437656
0.042560328
0.042560328
0.09206228
0.03405737
0.01832299
0.051983666
0.100000665
0.04022467
0.09001433
0.040257804
0.042560328
0.0437656
0.042394217
9.18292E-4
0.051688287
0.042017017
0.030723203
0.050349407
0.050349407
0.05171377
0.061813943
0.0177912
0.043906815
0.04600615
0.06276601
0.0858338
0.03507541
0.06220547
0.03507541
0.10776731
0.087170385
0.09796919
0.09796919
0.10026764
0.11509587
0.033139024
0.11559463
0.034567744
0.0686283
0.03507541
0.016227849
0.03487994
0.06866996
0.09443807
0.03062855
0.0327046
0.014275363
0.031084104
