0.12610571
7.4489436
7.228498
5.3559003
5.2402935
4.8103886
5.0369043
5.0365825
4.9990797
4.7747827
4.9880757
4.9983172
4.9983172
4.9857855
4.9860654
5.0357137
4.987531
4.98863
4.8075304
4.722935
4.7629156
4.803362
4.929941
5.1081753
5.8527737
4.933244
5.0429163
0.045047626
4.644544
4.684503
4.760423
4.5618134
4.6167
4.641746
4.643795
4.668155
4.6830797
4.7093215
5.04429
5.0516496
5.0657983
4.8666987
4.9414315
4.758572
5.044817
4.757576
4.8846273
4.662241
4.6270943
4.688607
4.808151
4.663557
4.6567674
4.758967
4.6390543
5.0629845
4.6358075
4.5686445
4.93275
4.7247977
4.8648148
3.7612882
3.7179272
4.900377
4.8873153
5.2047544
3.8770218
5.003453
5.2047544
4.699169
3.9752145
4.7627106
5.06164
5.030292
5.040214
4.7538457
4.5580573
4.142759
4.773841
5.0614195
5.028473
4.73534
5.0721655
5.1556826
5.151502
5.091718
5.084122
5.049092
5.0343843
5.1376553
5.1376553
5.1373997
5.0211225
5.0211225
3.9243345
4.9208255
5.0211134
5.027661
5.1376553
4.750282
4.5577917
5.0734572
5.13709
5.143045
4.939496
5.0223327
5.0324726
5.081704
4.958544
5.0258613
4.3134594
5.1427946
4.834579
5.1422987
5.0527005
5.2091236
5.2197347
2.4331887
4.7553387
5.092736
5.11446
5.22608
5.149793
5.262711
5.373759
5.298167
5.2815256
5.358546
4.840851
5.0187654
4.8366394
4.9099307
4.7364726
4.667043
4.8125925
4.8512425
4.825403
4.8092785
4.7351255
4.740234
4.733231
4.8090878
4.825403
5.0381274
4.921342
4.8253875
4.6731772
4.794668
4.9023547
4.884201
4.8312006
4.8037024
4.738179
4.749092
4.927021
4.9278197
4.7828026
4.876026
4.823562
4.9089694
4.84876
4.664387
4.739727
4.7850623
4.6771493
4.798697
4.7865386
4.828672
4.9243546
4.714387
4.677886
4.809083
4.7192655
4.587807
4.5717134
4.8782635
4.7988644
4.7190022
4.623943
4.8422704
4.8411126
4.8422704
4.814916
4.6996737
4.746756
4.6205144
3.148921
4.8915772
5.2030053
5.1995835
4.8920684
4.668261
4.8886676
5.2030053
4.6994386
4.724502
4.855803
4.8569646
4.7704735
4.870098
4.770012
