3.6722937
4.212982
4.312701
4.7113705
4.7758675
3.1378167
4.946653
3.6664693
3.4336717
4.440956
4.347736
3.961565
3.955261
4.66375
5.4597006
3.3624177
5.835034
3.9855394
4.5616555
3.5969462
3.3311198
5.0047665
3.5068402
4.2346797
5.3852863
5.4421334
5.59332
5.7883315
3.0975862
5.7877903
5.841737
3.7903647
5.7617106
5.774743
3.062549
3.9282827
3.6790805
4.0120234
4.054942
4.147896
3.5311232
2.8413322
2.0581574
2.6441898
2.6593583
2.8085701
1.5335767
1.6100411
2.9354162
1.5212749
2.708332
1.7453864
2.9303155
2.7223516
2.9303155
2.7235923
2.995661
1.5186164
2.8425603
2.7235923
2.8512597
2.8512597
2.9238417
2.6195154
2.957444
2.936056
2.9822817
3.2389445
1.6104362
2.9451416
2.9796996
2.9880674
2.9870067
2.9870067
2.9879878
2.9989867
2.9855585
2.9978094
1.606644
3.05067
1.558423
3.1973484
3.267717
2.9981797
3.278114
3.2723656
2.2068927
2.8505764
3.278546
2.1621675
1.6099423
1.6753931
1.6775229
2.9866445
1.5975211
2.969462
3.2643588
3.0805364
1.5318606
3.2022128
3.0987194
3.2124724
2.716627
2.785761
3.2027273
2.9365356
1.5794513
3.202172
2.9192095
1.5733039
1.573421
2.2119243
1.3830575
2.7584426
2.7108293
2.7761707
2.5481343
2.6663642
2.8129165
1.259093
2.5831232
2.7839541
2.6871998
2.8235488
2.5831232
2.8215106
2.8235488
2.5831232
1.4563847
2.7544878
2.7707815
2.7614338
2.7721071
2.8052502
2.738222
1.4010444
2.8022416
2.8072782
2.935131
1.4471601
2.7945976
2.8007703
1.9366934
2.8005648
2.7987454
2.8227036
2.8663833
2.8181741
2.8486583
1.4286923
1.7958114
2.6413527
2.595112
1.7451276
2.6255603
2.625116
2.6251786
2.6251786
1.7466742
2.6210082
2.6233582
1.4979029
2.6067321
2.608519
2.570095
2.6079109
2.6122894
2.554801
1.3749988
1.6001872
1.3285015
1.9952677
1.7609193
1.9950969
1.6618216
1.6402539
1.7337731
2.0548596
2.0143862
1.6700569
2.0485013
1.8948163
2.1416597
1.7400746
1.9425747
1.822735
1.6777102
1.6880692
1.5888654
2.1503756
1.9971071
2.1460497
2.13565
2.1509416
1.8684945
1.6749665
2.140148
2.1252675
2.3027685
2.0040836
2.3297703
2.3759358
2.0167527
2.3019605
2.35131
1.8156431
2.3517962
1.7784994
2.087292
2.3509738
2.2961314
2.3413637
2.079284
1.9884489
1.8246971
1.7773573
2.3397129
1.7376279
1.8219378
1.7286125
1.9386173
1.6173415
1.6253645
1.891147
1.9281905
1.6194216
1.9737711
1.9906154
1.5856318
1.5462871
1.7098707
2.0599043
1.5795197
1.7110994
2.0042927
2.0044386
2.143988
2.2034113
2.2887645
2.094587
2.2662005
2.1225452
2.2707915
1.9498367
2.258675
2.2997012
2.3142529
2.313943
2.2895446
1.8155591
2.1467621
2.484828
2.4034286
2.4536247
2.1172466
1.7400836
2.3026795
2.0045323
2.1107612
2.3022993
2.4077983
2.4007661
2.3024435
1.9011903
2.1527712
2.0779414
2.0792406
2.371697
2.4049935
1.6035933
2.0000558
1.8415688
1.9907966
1.6030143
1.8440262
1.9991335
1.9991976
2.0583482
1.8415688
2.0741715
1.5530567
1.1647704
2.071706
2.0739899
1.9902799
1.9177682
2.0743284
1.2329056
1.6035137
1.775329
1.6057229
1.8475775
2.1434116
2.163784
1.9915036
1.95492
2.1436827
1.8421088
1.5958761
1.6034137
1.6796459
1.7478905
1.6197546
1.3825502
1.6041837
1.747415
1.6727781
1.6335161
1.6902689
1.818697
1.6615579
1.9435667
1.8007332
2.0842185
1.9110805
2.08205
1.8532412
2.086843
2.1203208
2.1453497
1.9929907
1.7796246
1.9309616
2.0401783
1.7146288
2.1779597
1.7794503
1.7820637
2.1831267
2.1326158
2.1998293
2.1254237
1.8808833
2.1180844
2.203667
1.7676265
1.9266149
2.12281
2.210515
2.1624532
2.2577462
2.2474632
1.7743979
2.1693304
1.9461311
2.1854022
2.270883
1.784598
2.1251972
1.7317495
2.1587262
2.2013116
2.2013116
2.0579333
2.0154352
2.167464
2.193854
1.9904959
1.7751365
1.7744281
1.4970677
1.9177855
1.9276541
1.8018063
1.8816843
1.9379377
1.9368026
1.959862
2.0177631
2.1096065
2.1039917
2.0831194
1.6792786
2.0489154
2.1152415
2.126238
1.9766916
2.026958
2.1263957
2.039554
1.9766916
1.804593
2.0489154
2.120897
1.6449559
2.0406325
2.033664
2.1090877
2.0925527
1.8034232
1.7861742
2.0997944
2.056347
1.7826569
1.7930245
2.1039917
2.1823425
2.2052026
2.157792
2.2732477
1.9997711
2.3097486
2.256811
2.316074
2.425634
2.4290373
2.2764666
2.1722498
2.3337245
1.6509352
2.3300695
2.3963807
2.6780105
2.6777563
2.2357109
1.9833572
2.3998244
2.3495433
1.7180474
1.9975064
2.2150855
2.3237138
1.7480434
2.1982439
2.3810365
2.3959754
2.0006776
2.3718731
2.192311
2.4262097
2.192311
2.419703
2.3796618
2.192105
2.3941755
2.4272993
2.418725
2.17144
2.4272993
1.4505651
2.4397502
2.3839784
1.5611492
2.1986687
2.3103163
2.2557514
1.8509715
2.4053593
2.431887
2.1144066
2.2019742
2.432767
2.43847
2.673953
2.7073197
2.8595843
2.2187603
2.3399673
2.2590637
2.0528378
1.2848136
2.451237
2.4394863
1.7195706
2.854708
2.889044
2.8473456
2.454304
2.5539465
2.5529776
2.7416806
1.6470283
1.6481512
2.8834429
2.9352417
1.5670121
2.7533193
2.8797271
1.3567617
2.7077243
2.8681
2.7900536
1.6255473
1.3565454
2.2546072
2.2429945
2.2103171
2.2549047
2.254111
2.2551033
1.4585395
2.4129095
2.4396837
2.496843
1.4513633
1.1208332
1.3676642
2.015321
1.4947257
2.2838876
2.3741803
