0.93533254
5.577145
1.8890824
7.46494
5.699868
7.028733
7.280642
7.0957065
7.4453263
7.5769835
6.1479387
5.0128
3.9391923
5.9481874
7.6856227
7.8563404
8.310264
7.9370127
7.774078
2.873172
2.1912005
6.578279
6.063648
7.1052217
6.5776925
7.0583444
6.0126143
6.026564
5.6820602
6.778527
6.5142107
2.038962
6.224574
6.5397344
6.0113516
7.1246076
6.499216
7.2219687
7.2437816
7.18635
6.271858
2.086701
5.9656415
3.4535208
6.4192567
6.1056666
2.0221918
6.2435203
5.9090085
6.358499
5.8860536
3.518834
1.6639217
1.7248698
1.5291705
1.7045714
1.7190806
1.5961485
1.7170453
1.726047
1.7332273
1.9635917
1.7051958
2.0257285
2.0070386
2.0439003
1.9613466
2.02754
1.8730592
2.0435727
1.7211502
1.6502727
2.0413277
2.007908
2.0600393
1.9752905
2.0264452
1.6602865
1.7924014
1.9539124
1.9019923
1.6962054
2.05873
1.9703953
1.7962865
2.003558
1.6573682
1.9385688
1.9385688
1.9467328
1.6951238
1.5388833
1.7652452
1.888408
1.6960579
1.9601672
2.0626392
1.7520804
1.9370904
1.6817039
2.0361598
2.0528677
1.6866194
1.6478693
1.6866194
1.6866194
1.383041
1.9286166
1.9236976
1.927901
1.5483563
1.6388345
1.6562833
1.7924619
1.9284208
1.9242263
1.923247
1.9279088
1.7137464
1.9277209
1.8523427
1.9369804
1.9287448
1.7723638
1.9910847
2.0143294
2.1051571
2.0368695
1.70924
1.8601351
2.0591133
1.6643867
2.370621
2.3722272
2.3897648
2.223855
2.4642122
2.6454515
2.7727091
1.9989293
2.0568895
2.2145138
2.5376039
2.1568682
2.2362938
1.6429476
1.7905469
2.3460321
2.3831642
2.4026225
1.9873134
2.225994
1.9198143
1.8282368
1.7564379
2.3691304
2.217824
1.8616972
2.591717
2.4807827
2.45647
2.5998685
2.0876703
2.4583864
2.481021
2.51526
1.8986963
2.5265799
2.0215323
1.7937359
1.7970119
2.0635626
2.3026476
2.2412894
2.2291143
2.2818785
2.3033028
2.2414832
2.3238053
2.3137136
2.2085829
2.3915265
2.332922
2.2507055
2.424819
2.1441984
2.3617208
2.0085251
2.1374974
2.2601948
2.1882668
1.9413239
2.2548227
2.3224235
2.2556028
1.7134056
1.8964205
2.2296262
1.7107873
1.727929
1.907267
