5.5076323
5.518544
5.4888535
0.089825585
0.27454004
0.029290998
0.18185173
0.04487046
0.06549156
0.04693351
0.04050679
0.042643648
0.0410091
0.04236142
0.043215558
0.043707382
0.0438751
0.050679967
0.042656105
0.04186258
0.038320474
0.038780753
0.050731976
0.06444169
0.038421478
0.056685664
0.056685664
0.05180945
0.056685664
0.038774554
0.05570697
0.053701915
0.05168918
0.0466503
0.054527447
0.05168918
0.039238334
0.039136425
0.03911378
0.05168918
0.038774554
0.037726738
0.035130568
0.034853674
0.034996152
0.052595206
0.059580527
0.06054149
0.054049853
0.04225843
0.066628285
0.06629058
0.038367573
0.012965552
0.04225843
0.058291662
0.0349296
0.06489803
0.06672829
0.07363874
0.045015216
0.04497435
0.05942783
0.0616023
0.05304836
0.069585614
0.05595458
0.028026782
0.034547914
0.044480782
0.027749747
0.05923923
0.0628796
0.06815531
0.05740386
0.048907675
0.049136303
0.04457171
0.062730685
0.045146994
0.042594235
0.04372058
0.059941627
0.039323866
0.04555435
0.04034957
0.04694916
0.059956588
0.038845066
0.06504858
0.06370086
0.027846564
0.02801135
0.042863727
0.04821582
0.050589878
0.04208078
0.05297312
0.062052157
0.03988013
0.05485499
