0.8600378
2.44347
2.7077267
2.671423
2.5546403
2.5540032
2.5046158
2.5546956
2.5520563
2.5440378
2.512151
2.5825796
2.422651
0.6841211
0.8490497
2.4856298
2.4867203
2.3653803
2.4862778
2.4870036
2.523718
2.521352
2.735692
2.7365453
2.7986383
2.8100462
2.7987428
2.8093145
2.7954164
2.7957456
2.8091428
2.7957358
2.8121114
2.8460693
2.8151798
2.8122597
2.8729339
2.7955754
2.8589623
2.8810658
2.8631725
2.819719
2.7954066
2.8748426
2.7954066
2.7954066
2.8542445
2.8729339
2.8083692
2.8549984
2.8568962
2.85414
2.7954066
2.7954488
2.85414
2.7954066
2.819706
2.819719
2.8515964
0.48829305
2.8426752
2.8017013
2.8454118
2.8473883
2.8693068
2.8558726
2.8584301
2.836401
2.858106
2.822055
2.8523843
2.823665
2.8456366
2.823485
2.855329
2.8523843
2.9671223
2.640137
2.884211
2.9671223
2.8589478
2.9093778
2.8589332
2.908625
2.8650198
2.875738
2.9673157
2.9113483
2.5832014
2.9149234
2.9148893
2.9279194
2.8571627
2.8545313
2.9147904
2.612374
3.0028682
2.9288554
3.0500336
3.0930703
3.090837
2.9087493
2.503313
2.8604326
2.9001691
2.8417568
2.8507187
2.8586087
0.9066526
2.848503
2.8392382
2.8465445
2.844715
2.8484666
2.848534
2.8321168
2.838312
2.8132813
2.8629057
2.85323
2.864277
2.8820243
2.884211
2.883932
2.9088128
2.837631
2.883932
2.9359393
2.9359393
2.8526883
2.8687391
2.896999
2.9359393
2.8687391
2.93571
2.9134843
2.751326
2.8683488
2.8687391
2.9357185
2.9091892
2.8817463
2.8517392
2.91855
2.9214525
2.8169382
2.845511
2.8522449
2.8528998
2.8119795
2.384018
2.9567516
2.92984
2.9365082
2.817056
2.847499
2.818622
2.9644358
2.8256524
2.8495252
1.8487759
2.818103
2.9418204
2.8313797
2.6445074
2.8528244
2.9197125
2.9161823
2.8528244
2.8647628
2.9192677
1.4194115
2.9264991
2.8425887
2.92512
2.919351
2.9161823
2.848901
2.9178076
2.8587801
2.9225883
2.8580089
2.919351
2.8587801
1.6685808
2.8442647
2.8772564
2.0277627
2.3210702
2.3099887
2.319925
2.3026738
1.7099513
2.0567963
2.3086462
2.315394
2.2826176
2.3257737
1.0368454
1.6894089
2.2014668
2.3113852
1.991432
2.3126652
2.3239236
2.2649558
2.3032975
2.220262
2.3118684
2.3205495
2.3220887
2.079207
2.3218746
2.04796
2.306016
2.2337978
2.2640002
2.0685654
2.1213477
2.2323942
2.1838582
2.1696594
2.1467977
2.1071706
2.1403294
2.135442
2.1919227
0.99377316
2.1068008
2.1077387
2.1065507
2.10755
2.1339436
2.093724
2.0997357
1.8979877
1.8548589
2.1346104
1.3453182
1.3864113
1.4299233
0.64575726
1.3472055
1.3264949
1.334239
1.1863834
1.3429441
1.347236
1.3173257
1.2879736
1.3283374
1.3273292
1.3349186
1.1984949
1.1558009
1.3664649
1.3028599
1.3313892
1.1556339
1.1138844
1.1556256
1.2963834
1.3622785
1.3334228
1.3012644
1.1557734
1.349082
1.3035213
1.300845
1.3589332
1.1555136
1.155503
1.342847
1.3576045
1.3161606
1.3638284
1.3343153
1.5282992
1.3676237
1.4872075
1.530242
1.4436393
1.4791758
1.5288604
1.155503
1.248581
1.4681107
1.3945471
1.5319707
0.92619485
1.4387938
1.3840283
1.4239047
1.4387938
1.4115016
1.4377812
1.4116443
0.3089946
1.3923296
1.3778876
1.3353853
1.3366132
1.3847125
1.3581035
1.390509
1.3883986
1.390769
1.341292
1.3908659
1.3770373
1.3701419
1.372594
1.1737708
1.3781216
1.392222
1.4370469
1.3309411
1.4523548
1.4198527
1.4250253
1.4396988
1.2594067
1.3872585
1.4617922
1.763243
1.440919
1.4968882
1.4368483
1.3775407
1.2373224
1.3111187
1.1901661
1.3141932
1.2855108
1.4430436
1.6497896
1.5229003
1.276997
1.2914605
1.2930669
1.6043444
0.8541154
1.5984219
1.4242417
1.5024928
1.6518788
1.5737603
1.6745833
1.830147
1.8277828
1.8484623
1.8436197
1.8446397
1.823337
1.5262401
0.7007929
1.8186047
1.8485686
1.8485719
1.6935452
1.4411197
1.8188527
1.8676441
1.8047304
1.4407585
1.4095689
1.2426469
1.3970615
1.531293
1.5376558
1.8390925
0.8548768
1.8295311
1.8284844
1.8328904
1.8365048
1.4769613
0.77958536
1.839383
1.8402467
0.46811622
0.63867575
0.68728346
0.4090498
0.5804245
0.7397551
0.69257855
0.70407385
0.41123775
0.39219257
0.66744334
0.7397551
0.7401867
0.49696842
0.60461867
0.69244665
0.39262795
0.6520132
0.35983983
0.6547377
0.3926357
0.68854505
0.34898296
0.6920511
0.5661294
0.5775652
0.39320582
0.62797016
0.65952444
0.62797016
0.65431297
0.592661
0.48054203
0.4023722
0.6870652
0.6651515
0.48132938
0.6929314
0.5161566
0.63942105
0.6225642
0.63942105
0.3930143
0.51972264
0.3814796
0.70547897
0.38341075
0.63973665
0.6297973
0.6297973
0.635784
0.634726
0.40624127
0.5996886
0.6297973
0.3984867
0.4281953
0.43429902
0.63023084
0.5085681
0.5177429
0.57947934
0.40057343
0.59684694
0.4724429
0.49935657
0.50345546
0.5170028
0.62086993
0.4493341
0.61207825
0.56150776
0.5018024
0.6322417
0.49159646
0.49159646
0.5666942
0.6003376
0.6213538
0.6217114
0.49189168
0.56057894
0.60139906
0.63732356
0.64635825
0.582591
0.6385961
0.6070132
0.65511143
0.65138143
0.572875
0.64721584
0.63879097
0.62437636
0.49089643
0.53294766
0.58434594
0.6485563
0.53294766
0.58543056
0.53294766
0.53020847
0.5850668
0.4911211
0.52298516
0.58482176
0.6480209
0.53278005
0.53185034
0.58653516
0.63773793
0.51225966
0.6415326
0.6413056
0.6411247
0.65497446
0.65497446
0.65466577
0.65503407
0.63311607
0.6334153
