0.3436258
2.50948
2.5103889
2.478326
2.5092897
2.425511
2.4845304
1.5991411
2.4095194
2.507382
2.5107155
2.4769676
2.4203806
2.4913073
2.4171903
2.508252
2.4243255
2.4864402
2.2780838
2.4885285
2.5037656
2.517783
2.5128348
1.8202742
2.5232096
2.5147707
2.517487
2.5946548
2.594629
2.6640098
2.6643
2.6517594
2.7338135
2.7503726
2.9310324
2.8524482
2.7575643
2.595564
2.7603664
2.6444268
2.7559857
2.7559857
2.7192473
2.752682
2.6515033
2.64466
2.6734412
2.7311049
2.7560964
2.7526913
2.7094274
2.7630885
2.7508717
2.759791
2.773678
2.752954
2.768534
2.7551987
2.7267437
2.7653584
2.7695735
2.4844534
2.7454286
2.7511299
2.749786
2.692089
2.7567291
2.7501917
2.7659652
2.7726128
2.880905
2.8994515
2.8910253
2.8676229
2.8486342
0.23606463
2.5882082
2.5882354
2.5882082
2.585158
2.5877218
2.585158
2.5877793
2.5842216
2.5882082
2.5882354
2.66158
2.5891473
2.66158
2.5891473
2.588361
2.66158
2.68357
2.570318
1.1900054
2.6765327
2.5906558
2.616571
2.6620908
2.5995822
2.5905588
2.66158
2.3750122
2.4914234
2.6199605
2.5346718
2.5930712
2.5928066
2.6833606
2.6829917
2.6844795
2.707951
2.711698
2.7097604
2.7266119
2.5951576
2.683031
2.7098122
2.4492111
3.255403
2.7555223
2.6625352
2.7551808
1.0854051
2.7018826
2.590489
2.5039427
2.7018826
2.5912733
2.7132072
2.7174234
2.5125678
2.596587
2.417471
2.5907195
2.4171572
2.5523555
2.5525544
2.437135
2.5793257
2.6146789
2.5752301
2.4371202
2.4558935
2.5964472
2.5708988
2.7028973
2.4550297
2.7451143
2.702656
2.7485101
2.4370978
2.5994313
2.556912
2.401082
2.4370978
2.5677164
2.57119
2.569921
2.6000135
2.5997257
2.4566336
2.5509517
2.4566364
2.5844333
2.660985
2.8248239
2.8750331
2.5252419
2.5842688
0.73767555
2.5884044
2.5849133
1.5030026
1.7258072
1.7258072
2.58696
2.5849133
2.5879934
2.5884044
2.5868168
2.5886564
2.5886674
2.588433
2.588855
2.5886962
2.5886369
2.5876842
2.5886962
2.587664
2.5876842
2.5232587
2.523456
2.5848613
2.588318
2.5855186
2.5886137
2.5886183
2.765061
2.4294553
2.445609
2.6516767
2.6783333
2.794176
2.8040257
2.758501
2.6946974
2.6954443
1.873454
2.5492206
2.398176
2.7175922
2.2279775
2.5401196
2.818894
0.8570552
2.8050694
2.8104408
2.8147898
2.8105967
2.8145432
2.8083422
2.8191493
2.8186188
2.8149314
2.1555622
2.8146105
2.8192298
2.804073
2.8040633
2.8105967
2.8042374
0.49299616
2.7983196
2.810508
2.810552
2.8141067
2.8144853
2.8146248
1.8606536
2.8037908
0.4921239
2.8063593
2.8104699
2.8056161
2.8104455
2.8000214
2.8082635
0.10639466
2.8099682
2.8102505
2.8092053
2.8097234
2.3934813
2.8099713
0.45288846
2.808214
2.8103213
2.8095202
2.7999659
2.8102505
2.7990792
2.8003576
2.7999659
2.8069775
2.8100266
2.8086684
2.8103173
2.8105
2.8105
2.814864
2.8254943
2.8493984
2.8493984
2.8484204
2.8492742
2.8493216
2.8149645
2.8147323
2.81704
2.8482392
2.854126
2.816532
2.84407
2.8511028
2.814521
2.8432252
2.8323205
2.854146
2.8362002
2.8206618
2.8325624
2.8330889
2.8534064
2.8123322
2.8561504
2.8221455
2.857255
2.7294266
2.8475232
2.851094
2.8550205
2.8167646
2.827029
2.8709
2.871537
3.0854096
2.446405
2.8150952
3.0889509
2.8639138
2.9885747
2.9663718
3.2238827
3.232898
2.122686
2.8626668
2.566582
2.6924527
2.6954792
2.7291484
2.124583
3.0180628
2.56622
2.725513
2.602952
2.6572971
2.5520787
2.5497766
2.362966
2.3639998
2.41889
2.3627348
2.6753614
2.3858626
2.3875916
2.6753614
1.0836029
2.5662837
0.10832357
2.6585884
2.3614192
2.3853378
2.390211
2.3627694
2.3843613
2.6646323
2.65149
2.6603837
2.6705759
2.3808606
2.5747406
2.5737615
2.571345
2.4074724
2.5631025
2.5723212
2.3848815
2.5039074
2.4829743
2.3935115
2.385965
3.4211257
2.7853262
2.7853262
2.391135
2.950061
2.8105073
2.8105419
2.5650337
2.1384132
2.691396
2.733557
2.3952806
2.7820404
2.8267581
2.7164197
2.831147
2.867007
2.9144485
2.915336
2.8551238
2.8465507
2.915169
2.854644
2.8945382
2.9041822
2.9191732
1.4786652
1.8556652
2.229014
2.2219582
2.7967913
2.8476648
2.8115795
2.8600264
2.8463027
2.8503332
2.47058
2.846719
2.7554586
2.8601124
2.9158454
2.9605024
3.3358474
2.8300006
3.337622
2.8628945
2.9422445
2.8870683
2.9377558
2.9761226
2.9149036
2.97401
2.1227655
2.7103744
2.691502
3.23046
2.6112208
2.6351433
2.8604033
3.2637892
2.4817755
2.6747696
2.676697
2.9613483
2.982648
3.238957
2.6747696
2.6747696
2.6747696
2.9781263
2.6747696
2.3632774
3.1743016
3.2194908
3.3564143
3.304873
2.7421553
2.9730058
2.6932805
2.861585
1.739349
2.6139374
2.6139374
2.4247243
2.610932
2.6604629
2.610932
2.652507
2.6443713
2.654966
1.0399135
2.946766
3.0788789
2.6297512
2.653977
2.6732757
2.753991
3.0014005
2.8083217
3.0947127
2.8050811
2.6786397
2.7846472
2.981465
2.682737
2.7862275
2.775365
2.6364326
2.7886143
2.578016
2.5871172
2.9208484
2.6616719
2.8468857
0.13653094
2.7089949
2.422198
2.679719
2.6141126
2.7146516
2.7280695
2.6869142
2.6869142
2.706406
2.7097676
2.6153624
2.680943
2.6809485
2.6160247
2.6145437
2.7096422
2.7195656
2.7154484
2.731021
2.6337025
2.6337025
0.5632485
2.7318332
2.7318332
2.6994267
2.7436802
2.7170138
2.7029936
2.6836104
2.7156408
2.6959958
2.6140683
2.6140683
1.9424312
2.682891
2.7061543
2.7436802
2.6825342
2.7097888
2.7203562
2.70932
2.6824613
0.6211033
2.6140683
2.6104834
2.6140544
2.6762586
2.7055154
2.6812127
2.6145267
2.7424667
2.4249465
2.6955495
2.736866
2.7043355
1.7608833
2.69729
2.69729
2.314721
2.7045362
2.7605696
2.6318896
2.6665363
2.7009609
2.7057092
2.6311607
2.7287087
2.7033317
2.7384062
2.7166424
2.7394567
2.7934647
2.7912047
2.437526
2.84984
3.0085385
2.7287664
2.460108
2.6307833
2.6717083
2.8463573
2.5293615
2.835052
2.6545947
2.8399856
2.7757263
2.715586
2.4838066
2.592504
2.730088
2.423378
0.9608402
2.6503608
2.7694678
2.6498635
2.7395816
2.709234
2.4828036
2.4828036
2.4817297
3.0639768
0.7119664
2.7513492
2.4826915
0.7496651
2.7557628
2.7557628
2.706988
0.12337229
2.7384205
2.7439668
2.7517564
2.7117178
2.73001
2.7554283
2.7526658
2.7506552
2.7839744
2.8195314
2.8045104
2.7051454
2.76029
2.573234
2.9597032
2.8482893
2.944072
2.9448237
2.8639703
2.9617524
1.6583177
2.8312597
2.9050608
2.8773232
2.641564
2.7051454
2.8400557
2.895981
2.8842382
2.5519729
2.6343875
2.7395678
2.751223
2.735511
0.18187234
2.7011645
2.6666596
2.6739182
2.6583078
2.7023675
2.6353693
2.704992
2.4180245
0.5769531
2.636478
1.7838017
2.6254852
2.6349916
2.6350436
2.6331863
1.8095007
2.392678
2.3909655
2.393578
0.9131475
2.3926795
2.3879082
2.3892355
2.4194958
2.3942573
2.442891
2.4735625
2.4740558
2.5220394
2.4702392
2.4596426
2.4507363
2.3941064
2.4731455
2.4731162
2.3890383
2.405683
2.4737194
2.4799292
2.479606
2.5363026
2.4766202
2.534667
2.5033002
2.5576313
2.5545135
2.5273726
2.5021873
2.506172
2.5062256
2.449619
2.427444
2.5273726
2.5273726
2.5798824
2.5891845
2.640179
3.4579437
3.9909377
3.9781046
3.0996172
3.068611
3.577115
1.0853376
2.8508296
2.8753135
2.9292262
2.850336
2.9292262
2.8753135
2.902988
2.4870942
2.7452743
2.7305508
1.4262542
1.86118
2.3605738
1.8995306
1.0568309
2.2899165
2.0969381
1.1364204
1.053612
0.7808743
0.45108414
0.75335246
0.48201
0.7494893
0.9728309
0.938831
0.48470363
0.7550366
0.95246613
0.9739696
0.84310585
0.97963184
0.96815795
0.5282579
0.9111627
0.48201016
0.91127604
0.9688455
0.96898425
0.96851426
0.97969824
1.007007
1.0287598
0.9795212
0.7368823
0.87795633
1.0490369
0.9826941
0.94757247
1.0242999
0.9800719
1.0242999
0.8944515
0.7514043
1.0445843
1.0734268
0.9516538
0.75780714
0.7579984
1.0036505
0.8925723
0.83664125
0.7365323
1.0315224
0.94943285
0.4989261
0.47923186
0.76045465
0.76211786
0.7587205
0.7549805
0.75273377
0.74336034
0.7463406
0.75223666
0.6468611
0.7360625
0.7360624
0.72355014
0.73788357
0.74043995
0.7420133
0.7099982
0.74970365
0.7430213
0.7336404
0.745644
0.7503719
0.7449472
0.6938121
0.7206023
0.722628
0.7498198
0.7119825
0.7326819
0.740782
0.7327828
0.7267346
0.7414732
0.7498183
0.7189404
0.74984634
0.64969116
0.7507751
0.7635396
0.7589876
0.7818487
0.7911712
0.7920491
0.79302263
0.75238323
0.83115
0.82215923
0.8357513
0.8359382
0.8354555
0.76069385
0.8826457
0.9617451
0.79497117
0.9255644
0.7561505
0.895337
0.895337
0.86983186
0.8884663
0.8652925
0.8946631
0.43837988
0.8941703
0.88267744
0.8852982
0.8535604
0.87033314
0.8890192
0.8961199
0.89524996
0.8828726
0.37001362
0.86822796
0.8700691
0.8693835
0.52982205
0.86927867
0.86927867
0.8671731
0.81164193
0.8681495
0.8691243
0.8536839
0.8700691
0.8984279
0.8625397
0.5914059
0.86899084
0.70994693
0.91944295
0.71826065
0.8701717
0.92976886
0.9403925
0.9999353
1.0251795
0.99791926
0.6280091
1.0062039
0.94198304
1.0454111
0.65010035
0.9400695
0.93800485
0.9457124
1.0033014
1.0316157
1.1060836
0.99183
1.1004452
1.0876029
1.0792198
1.1158031
1.0224565
0.89978695
1.0325545
1.008505
0.990707
0.89059794
1.031919
1.0621841
1.0390785
1.0449227
1.037547
1.0100396
1.0129347
1.0340255
0.93713915
1.039242
1.0435373
1.0707042
1.0183418
1.0522757
1.1430923
1.1735964
1.0422404
0.98820776
1.0845877
0.98974895
0.9236693
1.0180225
1.076074
0.98974895
1.0115104
1.1264979
1.0196179
0.98974895
1.0192164
0.98974895
0.9897337
1.106561
1.0844549
1.149767
1.1496732
0.98974895
1.0773797
1.0188043
0.9014355
0.9607837
0.9908161
0.94557357
0.72706467
0.82471615
0.93027514
1.0266967
1.0270617
0.7222993
0.7223104
0.9284494
0.9366392
0.98565996
0.98565996
0.7864769
0.9866697
1.0641572
1.0278355
1.065073
0.91885763
1.0815653
0.95858127
0.7616482
0.9104385
0.83404636
0.9975632
0.9414938
1.0802149
0.92333925
0.83404636
0.83404636
0.97789496
0.92340535
0.83293825
1.038919
0.92340535
0.83404636
1.0716525
0.92319477
0.9308193
0.9140924
0.8904246
0.9704625
0.9189124
0.49934283
0.7876073
0.7876073
0.7966839
0.9274447
0.98064905
0.98596984
0.966638
0.8735811
0.9666103
0.96717006
0.7920219
0.93729734
0.97619706
0.98033434
0.7923811
0.92636013
0.8205412
0.87530494
0.842287
0.9677025
0.97997934
0.99000156
0.9946094
0.9908841
0.86738956
0.96759224
0.94954365
0.75693977
0.70163316
0.98653823
0.9468113
0.96650225
0.9764847
0.7923252
0.9836559
0.84197336
0.9865318
0.97679824
0.7923252
0.98434687
0.98663473
0.7912908
0.9751273
0.7925561
0.966774
0.7971997
