518.34705
305.48248
246.0413
118.637436
13.469104
5.5184746
26.022055
74.95006
297.92117
239.10481
276.0286
131.38388
74.27692
99.54848
13.460138
69.83252
286.8841
211.8147
191.92252
129.02531
129.61563
89.304924
70.80097
159.10403
80.15431
125.10335
131.8323
81.45695
123.45341
188.08914
188.45901
256.00732
139.94861
178.65042
139.78493
158.41502
133.13573
73.91095
321.2022
141.33067
277.16272
191.38846
125.0897
101.764206
259.44394
427.60562
200.07538
82.6286
124.93742
22.955906
30.790844
77.25188
96.5497
173.21246
52.529747
46.424908
51.760284
61.05761
5.40561
61.448437
104.78788
4.7025194
59.786377
50.19354
115.80605
168.44144
87.23958
49.619286
99.42411
73.055374
89.291855
127.59114
104.352036
127.57558
205.69214
155.76425
115.61946
52.589314
99.24332
224.33208
156.39052
316.1148
57.316414
23.243494
181.4054
5.742566
139.92622
122.611435
120.936325
5.319516
90.70263
8.346682
206.07722
85.52605
72.009705
35.494312
137.05002
158.85526
103.3561
78.0746
66.4308
103.261635
92.21301
120.396194
109.2104
38.680557
37.023132
82.24848
42.63371
31.994228
99.00783
143.0483
97.25554
32.44281
70.94736
33.433002
42.351143
96.90111
43.790413
57.690002
184.32089
139.50143
51.437347
68.57716
143.93478
150.98155
50.69909
27.548223
132.57573
123.9965
84.69554
57.8938
72.6129
53.84068
13.432162
24.865364
46.983456
56.82189
40.561302
96.08251
158.32417
193.71242
60.424164
75.09667
2.1695373
41.47912
94.42481
41.92272
31.350101
81.37358
59.342194
128.14133
135.61702
127.68103
78.32962
61.210236
121.317276
70.12061
57.644215
49.84322
67.14397
138.97066
163.94617
11.40193
67.17842
98.334274
40.98854
58.764027
3.9967384
30.991562
7.0781684
116.88906
109.05015
136.28944
111.737015
87.72368
40.873127
18.953989
55.20764
42.058247
1.927944
34.03932
77.46486
25.270786
77.550934
109.40015
11.892768
86.089935
2.4230216
33.721703
125.58974
91.22713
103.722755
103.26196
102.765976
135.39484
109.7829
103.757645
87.17917
117.81266
54.329437
42.934673
104.11531
72.675186
124.879074
110.16677
74.58465
95.699745
127.23656
93.27566
135.84169
153.1615
43.60487
105.8397
58.809807
133.95348
187.55008
123.90013
163.55617
150.49825
142.39514
69.83555
96.40023
83.19311
119.950485
85.95369
123.65523
68.9026
36.449123
87.42326
99.768456
89.99164
116.196754
130.37842
125.76036
49.13433
95.3546
51.410706
83.68074
58.096478
72.47511
71.66066
109.050186
79.1328
99.87914
114.896774
122.28874
139.81186
43.907944
137.64786
131.31386
166.41188
154.26006
178.85307
116.85951
209.62125
136.81909
159.51744
178.81259
110.673134
86.89551
51.31001
16.69173
51.920185
54.497917
81.555984
83.518776
85.58033
38.06649
43.54968
28.350796
48.0783
29.339672
126.58087
89.39205
90.74628
155.98787
81.774506
10.56934
21.41106
41.51722
68.18581
30.985184
41.335266
28.65571
113.08577
101.75554
34.526844
3.9858012
7.591529
52.132286
54.623077
28.108982
118.24823
38.938747
51.09423
38.50403
134.02748
84.23479
127.10746
115.625046
69.79989
27.681995
77.52265
70.76716
13.084635
3.1394877
13.26226
67.456955
77.103
136.44318
110.73362
10.677378
23.021576
67.594124
28.375769
31.905457
73.99391
75.01357
44.235294
16.893147
29.121212
22.30276
76.64131
31.977427
48.892067
95.790405
127.529526
116.69238
142.35544
45.481472
32.42199
76.65609
154.30466
109.47334
114.74998
89.775986
48.32755
54.875202
56.783745
101.87894
67.165474
105.39541
112.48842
164.7822
95.842514
95.35782
149.57315
121.42814
92.403206
153.3479
220.61353
19.747255
36.847515
34.512276
41.27232
47.34199
65.248924
39.26351
102.445175
68.67682
68.29668
48.455437
100.56034
42.275806
52.27359
41.077034
63.82017
43.76142
47.829544
27.640371
83.86114
35.73501
11.622694
45.50669
26.297525
35.96453
27.638798
77.10356
81.79446
53.22946
43.066288
54.575275
66.624855
35.172672
55.321434
37.7989
37.250114
22.451744
26.47366
25.743488
3.93498
25.862362
15.062802
55.650524
62.521423
71.24538
70.01847
77.016594
115.74235
82.039665
60.279644
53.412983
11.14155
10.943378
32.869083
83.42435
66.645744
36.045757
73.99638
98.77057
35.24079
45.663773
46.66123
79.422646
140.95364
90.77676
67.67436
68.21535
155.46739
80.64576
174.71288
175.59373
112.38261
165.0302
83.68645
116.66449
338.0972
66.574905
92.80653
85.67027
37.369484
94.80165
81.1784
33.37098
40.61359
61.012318
60.943764
53.61416
44.97144
44.91548
30.682877
106.59996
34.24009
43.930252
115.47501
86.89535
72.59126
113.70498
48.112167
66.60921
110.554504
115.63716
96.78804
62.6845
176.2504
94.821365
95.66487
200.43555
192.07942
87.103615
51.902405
57.12373
107.940575
2.2922482
11.089289
33.451637
119.26723
94.55802
48.711674
98.92244
17.242458
35.448814
32.814747
87.15361
68.148254
21.064724
58.683968
26.598837
106.292625
87.5412
85.83348
119.939186
76.965164
45.75244
105.356995
106.35271
97.644
116.35606
163.1479
65.37011
120.32416
98.50315
30.015137
39.92539
89.6246
43.312717
36.6301
86.44072
136.88297
44.395863
128.04031
86.19429
162.88661
37.228973
23.099752
28.640797
25.754984
30.871561
58.87672
62.718407
33.822166
101.964386
133.24783
47.2045
37.394665
108.49349
56.00065
117.28086
44.22181
55.005836
100.36131
46.96063
87.35095
92.07048
130.11072
102.51085
25.522022
71.321075
29.006527
30.60552
53.852337
42.25231
69.93746
90.857544
126.48727
90.80608
74.964035
62.733746
55.222095
42.059906
31.027927
27.769093
26.200617
54.013557
29.224691
57.415325
85.697556
7.5664725
21.07645
48.81585
46.28289
70.50698
13.172392
108.870056
92.81845
98.16821
115.801865
102.6495
158.72865
170.48726
108.30504
54.24832
39.308475
78.59735
94.71291
67.585686
36.623886
70.64131
66.43996
69.4279
48.979603
44.33317
67.26841
72.20686
79.75183
77.53862
41.43757
4.321827
42.71691
57.233223
69.33861
130.33545
137.3992
145.23215
110.39093
129.70084
130.3716
12.287179
64.09585
37.28971
32.563824
22.091122
47.762012
38.824394
65.723274
75.4064
49.159153
54.127716
65.72459
61.999046
123.037704
83.93855
130.4918
12.081438
88.46718
108.11116
145.92392
76.82732
91.86302
80.74834
53.24018
35.94245
87.123276
75.07344
28.074673
22.992435
48.059196
99.78017
156.24915
37.574776
155.10153
96.92299
54.325554
62.031395
144.08078
118.12522
91.9442
28.618795
25.42962
45.014114
99.93364
51.161022
109.23134
5.385663
55.36554
65.0534
39.81939
21.814476
37.584133
90.20748
82.40245
29.167765
82.18559
204.53888
110.25575
2.814921
30.811182
12.480999
42.532284
60.16632
157.37234
111.7147
159.74474
112.04342
157.94882
118.40437
102.12009
102.43535
229.32893
140.05734
152.79791
141.2739
114.78322
167.76274
176.7114
85.02015
83.09654
179.67831
103.40975
64.07343
109.30907
238.15771
63.429516
12.704052
37.811554
27.290524
10.698373
105.33887
70.73053
122.38611
69.38017
78.4825
18.780312
1.5368842
116.722435
75.71841
13.870531
26.966122
148.40346
106.6806
52.092846
69.99281
37.882385
71.27954
27.141403
31.326767
40.339622
61.422676
125.91829
72.59955
116.104324
45.25056
29.055538
26.419794
3.688479
38.27674
53.297016
4.9496584
44.763313
12.966891
13.636232
51.5053
71.65223
90.152054
104.73637
88.77405
198.3378
173.1205
181.91872
10.794107
31.227581
37.323822
5.491689
41.4885
19.555563
21.494143
57.756447
62.2622
60.030994
109.94542
89.17219
133.00122
68.71577
3.4067237
2.6555953
12.871164
62.37097
8.387078
66.348854
32.58204
24.913248
84.67967
40.62253
40.21122
70.08655
73.70393
43.184002
36.12856
49.398643
57.823273
10.219427
20.426153
91.90624
109.87545
127.866196
88.028275
168.74873
98.57472
98.19088
172.43701
73.70309
49.99344
114.553696
88.17236
94.88685
91.134026
23.674036
37.571648
45.854027
72.34752
61.576355
76.102936
125.300964
73.39619
69.985916
35.03587
43.96338
28.356634
29.699121
40.58434
28.774496
77.95166
110.29492
9.60293
14.396686
38.67869
101.517715
90.61285
52.97584
76.49072
9.18575
43.464203
55.957783
27.994884
5.6289706
28.955883
25.357182
22.542688
47.111015
127.3698
143.80072
4.7548246
27.074442
50.809994
25.21688
25.51073
38.00808
29.548985
35.27462
43.375572
50.93178
20.51752
36.91944
34.707897
63.092003
35.71644
17.599762
44.849525
76.2593
33.068462
68.563576
34.885124
37.82947
81.6486
66.83864
65.46828
62.167076
20.692131
50.774044
65.69284
47.55108
25.070919
40.887928
44.596123
21.895988
48.103107
20.866413
31.808283
70.54002
45.90261
75.05849
89.18525
63.453938
21.753166
19.301828
39.62633
95.101135
118.300804
143.24348
201.52307
90.35585
118.99159
164.00801
250.21284
177.67876
150.03409
151.77466
146.78146
154.88887
146.10315
183.93083
102.97646
85.092575
128.50946
153.85068
79.06049
162.52011
95.03088
116.18538
77.91206
92.69648
84.55634
71.5175
161.56882
107.06521
87.82057
61.626976
203.92531
177.6001
106.215866
100.500824
105.98779
124.46291
40.333183
34.6129
15.752385
104.53384
10.30805
45.44191
25.122105
58.811775
51.72591
37.35038
40.701454
161.63358
72.86929
95.14155
98.39873
195.86118
147.17438
72.46824
109.42881
69.603714
88.209465
125.66057
103.30624
66.630455
104.32532
140.6168
138.89001
108.69724
3.878662
87.5312
49.335625
23.702765
70.06353
41.57535
45.027245
92.30436
111.1322
33.813755
96.98729
161.29057
151.63664
84.30913
56.87138
59.82079
62.343426
19.39864
17.922039
38.828114
17.104038
32.597572
10.660623
50.504417
31.722061
70.186226
30.739431
10.867885
8.470007
21.639677
39.39122
32.984497
11.236967
61.40788
17.128311
19.39748
28.169178
19.151348
22.984934
21.769476
79.304794
13.844892
55.558006
24.045017
30.54862
70.92993
56.1502
23.727152
1.5059173
20.009481
30.466656
73.889275
98.51773
108.84725
173.76372
108.79781
148.1354
81.80762
106.447
82.81401
62.943367
4.8572683
16.519468
1.5383842
16.457035
14.982557
38.540554
39.403847
28.856298
46.392883
53.809105
65.08326
50.131496
55.512592
55.19397
97.387314
185.97307
88.07121
127.91333
175.49289
100.692154
170.15205
121.53025
126.810425
103.38877
68.11343
59.701195
104.913795
160.7736
60.477272
28.72499
21.832104
55.507683
28.36938
82.28543
97.34696
119.29768
93.654274
83.72455
71.72972
86.943794
83.66884
40.586224
29.45849
22.663294
31.084177
123.080734
132.39821
79.075005
119.22638
55.884422
84.376976
22.39774
40.67272
16.855188
36.27726
3.0986757
61.886017
79.79204
77.42689
48.64146
48.962414
73.2787
38.966434
84.78894
36.06059
4.6691146
26.544846
34.701595
11.915891
10.927834
21.857197
65.93859
24.439312
41.074947
18.309586
55.129395
61.052605
62.415382
85.31107
88.3708
82.00696
168.1565
95.17025
130.90144
194.63338
226.83965
204.83769
174.5456
221.38843
183.83963
31.758926
32.348835
57.63688
112.116295
98.92643
205.15593
118.76503
28.870031
52.932575
3.157282
101.087296
27.006124
44.302258
30.569958
41.540607
142.25504
107.972435
52.11918
39.23842
107.136536
59.670746
23.20683
29.304388
15.111237
34.231934
32.8667
19.883137
65.90534
32.218315
43.87004
16.75313
20.313213
76.81859
28.310053
50.08934
16.767284
196.73341
24.695354
92.10995
63.587433
36.516724
41.518272
39.789146
99.20822
175.73889
117.128494
106.70003
152.27328
184.245
83.607544
100.45749
107.00244
166.5615
111.09198
111.09143
35.602127
90.40457
147.1505
250.33736
19.815836
3.0082183
106.212234
92.207565
101.988846
36.23494
143.98502
157.11516
123.71405
135.04785
108.073425
131.90036
114.59794
103.25452
74.1271
37.883995
25.984196
24.371796
11.32065
33.035667
41.93493
34.40315
49.666054
31.568974
19.505589
35.2489
39.099785
22.49177
1.6965412
12.155227
75.712326
35.75176
21.081547
36.215527
60.11837
49.326702
14.713954
19.354961
68.39837
11.365664
10.81807
70.35521
77.94064
78.456345
16.682371
26.885519
76.799736
20.928585
23.065308
22.728603
70.46447
99.07892
55.48996
4.300744
55.512154
17.035221
67.468994
76.77443
19.909384
58.426384
59.039154
55.392017
34.64248
22.20613
33.15741
31.263952
54.609673
120.74465
84.36781
103.962975
68.80119
135.22104
102.722
55.527016
36.591866
37.124268
36.19474
27.286877
55.30321
21.350912
32.88017
52.35075
25.373816
24.022642
25.041185
21.135534
11.5181465
33.517242
51.312866
30.77155
29.970993
24.37833
51.08091
73.63625
39.45443
29.522406
39.50165
101.30739
120.54326
80.86044
68.57182
87.06914
30.051956
27.412699
30.622456
31.343475
61.54734
1.9285488
9.802537
1.277991
22.128086
55.420612
42.265827
25.964985
31.39983
11.961656
15.009996
20.416193
77.304924
44.023224
41.891796
58.434002
62.821888
54.07826
15.381128
16.814522
9.367228
40.245483
18.129362
51.258003
1.3549626
6.562342
55.627563
21.405603
54.31968
19.186863
20.783808
40.43669
48.018593
42.786686
13.191731
26.374182
20.941385
11.739204
41.196114
42.640385
44.6679
17.299408
13.643324
35.86137
73.071434
68.36993
64.44255
10.239748
34.958233
32.423004
29.971949
13.220886
19.706125
58.566505
62.07949
92.17411
32.667133
85.684204
99.58024
10.877574
13.4793825
13.325955
5.320205
6.781289
21.593128
60.451374
42.748604
124.93001
66.89641
65.238365
143.4416
87.53485
3.1068451
28.177698
5.5772047
19.686604
141.55334
116.69253
80.2521
110.623085
155.76675
142.5123
11.086721
17.027025
34.029648
32.4112
139.85335
30.443964
103.79936
110.58067
27.250671
56.162148
42.207703
25.901005
35.1688
23.512033
16.894196
39.858147
27.30672
33.335735
38.93917
48.96682
55.09017
47.02201
11.89306
44.54287
62.75124
31.187174
36.780167
6.321965
20.552376
29.447979
79.12005
63.233593
38.59904
35.78562
16.63013
61.420574
65.0752
34.0228
27.416046
18.876665
70.68717
62.96815
46.12376
154.60759
69.274086
98.883606
107.9329
109.07457
86.71274
93.929085
90.155365
75.42857
101.90391
141.71652
129.90678
105.11033
139.71463
115.68888
42.814266
153.25241
118.354614
253.18515
106.58401
100.088165
14.315111
27.60545
107.33311
188.51575
84.809105
80.91248
34.31288
38.18923
56.081066
31.133041
37.218803
65.43075
43.728592
50.21406
61.970592
110.66774
108.37721
32.38966
18.588825
67.03801
49.69373
43.821613
109.316505
47.439835
47.833687
57.011803
11.417771
3.4326243
58.48771
54.820442
48.40199
2.1011539
21.27874
27.58166
16.465134
73.918144
62.39339
63.262917
59.828594
96.74954
124.80412
102.668335
90.226944
82.87003
164.245
124.38423
199.74638
97.57045
118.519554
94.32705
121.35293
108.3848
25.825863
61.83891
15.848719
103.591896
47.995018
3.6178966
49.174866
29.557867
125.9801
107.33539
114.50554
97.76286
79.589294
64.699615
63.74983
140.27618
148.14822
29.17182
48.593555
35.76106
13.644254
67.95723
36.107864
50.145123
35.868916
17.157375
19.108234
38.226585
16.575657
41.702023
19.181376
56.137856
38.888237
33.61082
14.909719
66.35091
52.16094
21.624048
33.257164
7.148677
54.13677
60.603096
79.31414
33.36793
14.963095
21.911913
97.11705
101.51709
58.400726
80.013725
115.9657
27.938074
27.363613
79.835815
135.45047
53.25534
44.38363
35.603344
18.273838
50.665005
12.571947
50.361057
30.744452
60.135094
32.2865
79.701385
94.23231
128.90274
83.726234
69.19369
77.041084
59.650867
58.795086
84.666885
48.764717
43.50018
53.93049
78.13647
46.742195
94.91591
117.46389
90.23825
81.667656
88.72709
98.58278
154.69289
12.909899
60.666466
34.069027
43.2759
46.81109
35.980263
43.99132
80.46074
69.950806
74.35877
48.878517
51.685913
43.311134
52.157753
34.238266
25.718567
41.307915
40.578094
42.12694
43.543404
66.153366
67.57552
28.856915
66.69601
68.251656
50.45041
82.01436
84.31707
126.250244
71.61741
121.66518
88.52898
72.614456
18.04079
50.093464
32.688274
37.687237
34.76333
41.854652
50.941643
56.36665
60.334877
106.683304
103.30406
36.733685
77.56391
111.11552
96.382416
108.72496
98.79086
109.30766
91.40379
56.985027
75.39751
82.753395
66.81563
105.93236
73.089676
66.63647
118.31764
138.98746
151.81277
35.3855
125.2301
43.503105
69.1528
35.195335
47.86788
29.781467
35.983288
61.844566
33.077766
46.03698
85.834885
51.767822
148.56047
52.148396
92.19662
122.43059
91.929985
78.33611
79.51074
147.69173
69.214386
78.35546
102.93248
134.86531
48.652462
33.756927
135.93083
100.564995
114.93972
90.76448
90.63824
61.5431
82.19622
62.034424
106.543686
87.08837
28.230927
12.521807
28.853582
63.25461
57.435143
25.680288
31.028315
49.37908
105.635765
38.02554
5.2353253
21.496508
61.591106
97.51865
96.42967
151.43661
213.08891
167.74542
140.66342
83.50277
108.43691
80.58989
79.5747
219.45285
106.19478
23.238625
63.288696
26.540445
29.448679
30.584045
45.13758
59.041656
34.96914
44.94759
44.48629
49.15256
57.590626
26.363483
21.560856
107.474686
93.52073
105.39079
104.88257
87.45344
103.03341
22.146296
36.26036
50.463394
33.37403
36.09548
43.02018
40.944263
53.368324
42.856922
48.791637
1.0809104
17.72053
128.08774
149.23544
46.25879
117.25613
56.05271
91.17363
60.93264
70.71169
118.27354
93.311195
94.469925
244.08159
200.48817
177.9324
129.32162
103.92027
72.784325
103.038536
101.75597
110.637794
121.51096
101.255646
134.8386
143.78932
98.81428
90.461716
109.76123
55.08893
45.77182
34.090416
33.15226
53.576416
46.176308
49.187077
45.18743
29.945843
39.634182
14.228917
37.70777
42.906155
58.716442
94.88086
150.38588
81.65709
6.976073
9.722412
37.46919
47.89129
26.555042
43.58329
34.425896
37.742138
24.980415
104.86194
40.16268
151.19759
35.2823
117.15192
93.81889
101.14732
35.347713
26.19878
20.272455
68.95329
59.909447
43.68946
18.024988
139.46652
94.750824
68.58651
112.30188
84.48665
53.015694
33.37043
34.45308
97.99109
5.025774
85.70408
99.6796
67.65961
53.26252
58.188946
59.031563
145.07765
119.610374
12.737688
20.458181
159.08614
6.796374
21.564241
74.470314
60.13418
12.588516
19.17648
21.112831
52.769234
152.30101
74.62255
106.4188
74.51696
84.58939
195.4752
122.40776
150.31787
128.1992
107.255356
191.70175
159.15193
117.598694
170.93188
151.27567
63.739807
24.65505
38.28412
47.926216
40.462433
92.64083
122.4892
77.63439
75.44437
58.986835
65.778244
3.5936196
48.269203
24.549002
14.198746
35.654114
45.176838
18.334414
38.22427
14.901807
30.765789
15.023577
43.391136
17.685131
101.266785
38.789433
69.2712
53.35824
117.93247
83.14179
188.04147
129.15744
29.04504
30.033878
179.16455
96.317375
2.8386354
1.1776576
84.88409
68.491776
109.19517
55.192665
97.49097
89.25146
90.34546
267.13956
51.172672
41.7557
80.081215
23.699032
45.489746
19.729265
125.73136
92.697205
110.89302
133.65186
58.13139
49.18522
51.64567
88.10738
87.195694
13.901773
37.32595
43.64331
50.43168
55.660286
27.664993
30.865332
26.263012
38.022713
16.236645
53.78031
55.640724
15.904032
32.859856
50.069412
51.408302
59.918873
28.195963
53.340126
54.54176
83.02409
121.1663
13.659037
106.26521
47.744804
28.864056
36.362507
22.11836
14.474871
12.578416
10.638398
94.4059
41.915035
51.521534
43.66796
67.99504
87.19066
52.487366
113.5507
81.71295
97.59744
92.436966
95.68402
126.009926
22.670086
28.353323
2.9747698
66.29669
65.30492
75.817986
107.159584
69.69325
50.61581
41.6477
32.476204
37.626823
44.95639
57.653088
50.692814
59.81257
38.43273
47.832844
5.5239573
76.30753
10.544898
1.1987367
15.99753
13.261975
52.5023
57.282753
51.26435
39.619
42.65479
43.83716
54.938232
43.38693
66.410446
66.732864
28.849842
103.52202
112.26272
102.203445
66.175644
71.85222
62.729897
90.15743
30.673218
51.161903
138.29973
9.108829
20.911976
25.733982
7.9932227
22.741299
21.521809
26.369715
18.391472
45.20717
29.532679
49.575565
23.18269
79.02571
32.67412
13.782109
20.955048
2.1639898
23.117374
18.816433
16.794777
20.144552
5.5879436
13.890834
9.846323
24.218044
19.675213
81.33529
18.65136
74.117226
92.1427
11.2403965
54.960346
16.203775
22.542385
42.426453
12.963613
96.33559
21.711748
11.485815
63.494453
40.46341
60.061775
40.266705
47.312477
68.85421
30.642908
31.998821
27.978067
26.324255
47.759377
73.565315
43.86461
30.777292
57.888165
18.505474
21.175936
11.18848
21.422192
36.832832
18.526354
42.308064
9.909709
32.861366
36.917645
36.73489
13.924171
49.460587
69.76243
68.93053
117.8219
97.26926
96.84486
25.496716
40.59414
28.24145
146.67715
47.85944
28.907612
22.901686
40.936337
53.519054
46.703014
57.63816
39.88558
37.866405
63.971283
3.4419758
47.81022
38.188396
56.30675
2.3105915
145.1986
74.631485
10.900673
32.449627
63.974384
18.41746
77.55498
19.260492
96.66536
176.77046
31.570929
35.9394
28.891012
34.998676
83.04116
58.365185
137.21808
84.43648
152.64413
84.967964
104.22815
91.55965
75.086365
137.09213
94.10558
136.64279
163.15134
99.448715
81.11019
93.8824
82.088715
78.84504
58.814934
62.5254
45.016888
60.759888
69.23988
62.300488
42.744286
47.775536
57.772907
50.571785
66.07652
87.41177
34.759033
34.720695
36.27778
65.5536
75.35269
91.36774
37.167828
132.46033
102.35539
32.89362
89.88872
23.810696
39.573044
34.135662
20.417767
27.981354
56.117786
14.346207
88.87771
61.650097
59.060005
77.184044
50.028015
55.71937
30.082205
31.979792
31.169476
127.9752
106.91206
75.747635
111.23006
102.78751
134.39902
25.973028
27.557827
26.57175
60.38134
61.7852
81.84874
123.409645
98.63453
46.980614
132.69511
51.599586
98.29125
68.799706
81.23958
59.01937
59.621613
36.18757
19.285892
34.271687
47.0101
38.62926
31.979849
42.4136
46.10598
37.829517
22.257132
82.00362
75.577835
102.83187
91.5489
46.655518
48.606926
20.325558
47.588654
53.772697
18.32123
7.0073524
29.359646
32.48955
16.832035
25.393173
51.369804
37.407066
58.436382
42.940838
34.665493
53.196075
100.61793
15.864861
33.523987
43.094948
112.47372
85.19661
102.36999
52.929157
15.869207
99.373825
25.271677
25.609411
27.089268
104.328
14.110601
129.2597
142.82188
90.92444
25.25192
35.077976
113.698875
131.73361
74.49968
95.77932
73.14134
104.363625
89.71318
78.68141
98.95247
95.99962
89.87488
88.41156
88.535675
88.99243
87.175644
55.8919
35.40425
33.56091
37.299465
37.236397
28.011179
49.61483
86.76122
101.285965
106.98982
114.18671
110.339745
32.72321
33.07613
51.939507
34.427013
19.950783
19.397722
59.18978
67.884476
19.23244
17.374493
77.21319
21.89646
18.434704
76.76988
34.560356
41.26369
2.1080658
42.92611
29.498547
26.84013
95.86969
104.8771
5.4266367
43.579277
35.067955
45.360386
35.616287
26.110224
74.4339
25.13125
80.73195
84.43791
129.6209
57.651085
36.63752
52.63219
45.66755
35.136055
107.50531
104.75047
120.34293
11.753549
78.38241
28.338703
10.400616
10.702367
58.39106
57.20475
45.936604
36.175045
50.25579
9.883826
35.50492
37.48023
3.282573
3.7679398
31.856064
13.976044
46.80612
12.72416
38.011135
21.999748
44.38059
21.923782
38.015907
32.259285
14.309578
34.140816
12.043679
40.912605
13.518999
67.03103
30.313507
27.516031
38.798428
28.882
69.046844
63.311787
117.58303
36.43226
52.850716
59.472687
39.139698
42.093864
70.75035
34.850433
59.16512
158.38818
35.967674
36.32322
93.32375
91.16663
92.29573
120.62157
28.96959
41.426315
64.35384
40.26301
12.69848
42.031044
38.49729
39.614433
23.639969
123.74302
74.813126
96.84135
113.97235
179.94632
82.48249
0.93644255
20.340067
20.110468
7.4911413
2.1505723
17.418135
29.679724
13.416468
12.407212
45.364483
74.99976
127.1949
4.073642
99.911766
139.32133
110.78239
106.27167
107.05049
120.60802
125.36595
126.17151
89.79835
47.31321
36.64811
41.37132
24.753666
41.35012
19.27275
38.605034
34.402657
38.456657
51.740227
10.008079
9.867701
18.944597
33.504723
51.526207
40.48663
80.899185
96.35095
54.481995
32.803806
57.403206
26.325317
200.95874
172.77713
188.52959
170.60727
147.9147
218.09627
278.26123
190.82983
201.00684
170.94122
164.74257
195.37296
237.21777
198.97615
373.54553
22.460129
31.213266
60.590412
36.852715
68.55332
59.42652
51.045815
49.787407
40.27882
43.10099
55.92821
58.66526
15.52772
35.152515
40.22872
73.57182
69.576416
66.367615
61.24163
58.613007
115.21135
84.78394
67.01289
119.39468
117.47544
129.82153
97.21648
25.426563
42.689533
119.96287
91.633606
74.01204
28.148005
62.791542
46.375465
99.51366
50.212868
19.122208
8.3949175
51.772846
124.00065
79.52104
315.90216
79.437546
123.68435
35.195015
31.674244
20.848083
72.02082
119.15953
39.47837
18.326246
20.801908
27.358051
18.89682
44.709938
171.93747
174.66925
168.5831
410.54718
40.361076
106.02427
50.320564
16.11932
118.82639
101.147385
123.88175
92.228065
101.63713
172.9347
170.40225
161.45023
207.02466
49.30741
32.290157
27.129477
48.15585
21.65368
37.657417
27.333332
25.526054
19.780811
36.908558
52.22796
63.210663
76.25834
135.0888
52.66021
21.477098
16.196753
55.31234
106.204
26.364986
52.20063
110.85089
67.27927
30.687384
87.444626
192.068
149.92154
86.51639
93.66122
105.30879
93.23861
163.28073
145.45764
117.82072
99.57476
100.39012
34.347828
23.84964
41.196228
49.282146
60.282356
54.638466
49.18051
151.62122
195.8859
165.04309
12.202353
4.6019073
43.019356
31.871857
53.404194
54.186333
63.402905
83.11323
67.57769
119.23729
68.47794
110.33467
106.63219
174.67256
116.60176
112.686745
126.35185
126.38474
184.61803
191.99916
189.29
192.91837
133.59729
106.26992
129.7169
56.449623
81.201454
60.717426
92.6812
112.88865
121.210106
87.893036
80.06753
37.719215
37.33873
43.205784
107.41721
136.13951
100.43741
111.97339
91.00249
81.03294
38.97309
34.96386
16.97953
45.01394
62.371452
46.10984
38.18618
39.103832
125.09701
111.81859
194.6056
21.979208
24.3294
56.56132
31.573572
49.56243
91.44741
79.4456
38.19317
179.93904
92.45815
83.25621
100.70594
139.8011
92.21834
123.88652
103.7925
94.86795
70.51631
82.26524
164.86026
101.18059
16.067158
59.021015
32.316307
45.825596
34.045197
66.1215
45.380028
5.8176303
11.811431
84.2014
95.27013
68.56337
51.36673
43.725555
32.017452
74.776566
19.174465
69.261765
22.861534
32.787422
33.427727
57.289165
58.71935
135.74648
63.359547
88.892075
196.90628
156.83725
56.603394
52.96615
84.33307
32.531242
28.368015
54.726147
50.110077
138.5549
127.6311
219.53378
20.448366
35.98794
35.035812
54.677185
40.875134
67.76179
106.35986
110.67241
22.880716
50.913437
30.898178
39.250584
65.38411
59.00337
49.631275
38.700306
15.31779
83.2666
22.268055
51.063374
14.917738
5.470496
5.0039196
49.946575
42.89444
60.781487
45.510487
123.330505
50.667778
154.14244
29.345318
30.53222
60.36623
76.43484
77.87993
61.184822
99.76026
13.091517
130.43633
120.41183
11.163845
108.91467
75.45154
83.12896
81.35805
92.62788
82.72885
81.87683
118.04964
135.04697
57.413788
45.85914
61.68511
39.04911
50.63726
10.792511
30.46018
27.020306
28.031513
95.95982
73.749176
47.278664
81.37315
75.80965
28.537693
35.402588
16.27767
90.77247
81.51199
117.731384
87.96018
5.495375
11.262857
35.488018
32.879337
50.4678
34.05829
48.342407
36.350883
34.204605
37.39192
25.82142
31.031178
38.52749
40.603798
37.232906
57.706615
1.666744
13.117536
4.463237
36.111355
29.073105
54.575226
59.650013
37.169117
16.888948
28.01406
35.14129
32.023247
18.894669
34.807156
51.281433
143.2934
49.384525
55.08733
32.435356
25.107822
38.026604
36.338852
68.353485
53.753876
71.96847
88.32243
44.987682
37.501774
80.42357
51.934807
61.85343
141.27724
65.42499
68.513626
154.44402
21.514973
32.909756
14.04389
0.9258841
86.36159
106.22158
128.43185
93.59964
28.73299
80.59976
52.088257
22.467854
22.621502
79.22189
116.13164
85.281975
118.75926
136.72144
80.05286
64.13935
111.94684
58.156544
71.58056
71.747055
135.53157
131.83817
89.86319
99.44428
77.87843
41.883663
83.42346
56.33479
13.1521225
15.939504
78.10463
44.365005
24.472479
12.625814
71.98776
21.763475
5.633576
45.156937
86.374725
61.98999
56.3388
76.80921
47.03711
42.333088
71.05832
35.451252
67.10032
44.66488
107.76493
83.99388
121.45223
12.12425
43.3198
96.753136
32.942085
35.965893
42.459526
24.854284
25.397072
35.797688
41.334724
34.339428
76.33988
10.77163
26.614777
10.865848
19.6937
28.355999
21.217163
11.191074
21.448475
129.53328
44.523834
45.056465
53.23219
76.465454
26.100693
109.5251
42.934437
101.69963
90.03667
112.205505
109.68284
24.508455
71.667496
60.161766
122.50043
85.460014
74.70204
184.65714
151.11946
73.22261
155.94046
92.356766
91.910706
142.92624
79.16669
65.53505
67.757065
74.51581
156.9701
79.76426
74.77035
47.98439
61.983845
66.32111
157.32497
33.28372
26.057392
29.33697
46.331337
49.296497
58.83808
49.18055
138.38939
100.7258
151.19072
133.32834
141.52171
141.21985
207.83406
154.3887
25.889591
21.071966
14.297661
14.052422
59.523468
46.74929
65.83835
9.156765
25.021616
30.75506
34.84762
46.364204
91.790146
21.87622
21.664501
86.2303
76.33388
59.628387
32.09606
21.713327
23.54923
30.77893
58.482746
162.95192
6.834484
57.91693
124.847
95.91762
135.72076
73.32782
126.30685
131.34776
106.5766
112.09763
132.48074
82.028
109.53511
75.46618
108.72764
100.245605
98.58465
88.24954
148.36281
261.74042
179.13959
183.55463
272.9566
95.77016
117.72807
50.413235
39.83863
147.6788
42.79577
32.650764
47.32783
98.309784
24.14163
24.810978
81.95558
45.34802
52.081482
30.773294
22.754568
29.401966
26.861124
14.486801
3.4869866
48.831383
11.60792
75.87136
45.438118
32.776577
59.08645
11.375388
17.677776
19.833042
12.831926
9.765947
17.336786
25.594181
100.9234
30.649801
65.465324
48.07431
51.36382
24.501057
22.62531
24.476809
21.097975
1.0470052
30.049778
40.81187
27.916021
110.70326
186.07243
208.84473
68.48579
87.85293
114.79763
74.98179
70.75296
11.451953
12.261746
14.375887
63.249714
63.881195
62.742054
63.634888
77.606575
15.366318
12.848305
39.65013
42.191338
124.24817
23.361202
47.75335
51.496162
80.863914
30.469574
94.918495
20.945753
48.183186
20.809795
10.41701
24.337881
26.153992
10.921908
21.169027
16.23788
3.8296993
94.37364
24.4252
18.949713
71.12461
81.08263
117.18695
90.43233
23.5423
32.568733
26.842615
89.93953
114.98014
18.339409
31.353949
13.900662
12.14053
21.660118
32.869965
61.98459
86.832214
69.869354
55.69915
95.12047
92.33789
68.385895
87.699005
96.68453
123.14702
144.18932
104.01035
105.262856
75.874245
71.74242
3.7953682
8.980889
21.682934
8.343573
15.369642
4.3383293
144.24292
124.67406
86.55618
218.5699
131.77487
55.835335
102.5145
107.26798
143.53624
80.13408
147.06212
169.43193
97.92307
137.45665
155.34105
105.61375
211.74142
140.12808
116.37166
67.62892
99.94075
28.885492
49.250725
60.688366
81.73039
87.778206
69.046684
91.216705
127.44348
81.50122
76.042885
98.29877
95.89961
62.575787
92.05911
46.117977
31.40617
26.978779
174.99564
121.28406
118.56978
58.285156
138.81137
110.48576
117.686935
27.566004
96.537125
40.790012
86.00212
61.662457
21.48719
58.356285
43.467667
71.2193
7.5991745
26.907604
29.367565
29.228125
9.667733
71.543205
70.71767
75.5033
65.56984
79.46436
113.68327
29.903973
43.482536
48.99508
51.65035
3.2756934
59.832733
112.553604
33.523243
82.56174
78.97979
41.46157
59.13371
64.3055
134.87753
11.928825
35.85784
50.131966
55.33317
68.92091
37.56756
56.88549
17.034306
51.59809
45.07746
27.691711
42.161125
24.87273
11.300231
37.904964
42.62736
13.431292
35.307453
19.456646
73.22406
18.673256
94.81004
77.46674
26.313847
52.61264
37.664303
136.85048
96.26555
93.75415
23.707684
36.641716
54.23941
88.61983
63.229614
31.685673
49.691902
10.541852
1.5938281
15.208849
23.137402
14.290256
21.313816
37.64205
98.63389
18.844254
42.496517
18.730532
13.358389
35.468628
17.922413
74.5073
135.28801
112.06737
177.40486
149.59769
110.76876
84.47176
92.60597
85.975555
96.908226
177.04318
117.7455
124.88157
42.362297
81.7211
106.34507
82.22638
44.637535
29.114319
14.516543
13.834239
51.42798
42.977215
25.457153
12.856822
25.55372
13.727968
20.221584
19.55316
23.312239
13.764616
17.857716
13.247917
72.007095
139.926
123.96487
81.53903
69.30579
75.27362
92.79392
71.80784
99.95969
60.349113
65.544044
72.13773
143.33606
93.35071
94.26689
118.01858
94.60861
95.184265
120.60941
82.412254
21.77496
195.10686
249.1843
192.46542
209.92105
180.6769
76.06188
35.233047
79.211624
253.79707
140.2881
3.2975597
48.633198
26.290173
15.095253
31.762363
23.066504
35.5802
78.40155
52.457508
27.384912
75.02102
82.02077
28.395788
27.25758
37.503796
32.651337
56.160286
37.261402
39.29019
196.75905
15.147654
16.416573
46.08548
9.338384
33.116146
31.238445
18.578566
39.969173
30.66215
19.774794
33.188213
17.780767
40.534508
16.979223
9.408022
70.37422
93.354355
86.345276
84.68101
56.580193
21.550636
12.6995535
30.78616
41.92292
41.14755
70.495674
7.2574644
36.56714
23.400522
60.69137
52.721222
14.219469
6.6748037
83.493576
105.508224
180.0374
106.14526
101.80862
97.93059
76.78955
57.694714
51.667408
16.050724
68.54117
25.018988
50.042316
52.623493
37.287407
77.43504
64.90813
2.4517174
3.8972862
28.280298
119.30955
104.563
162.65254
60.206505
83.42052
43.133858
57.40096
67.75556
89.050285
140.93878
54.41103
42.84038
100.80752
190.35251
17.706081
61.46936
57.49523
116.70842
19.579842
9.332214
24.713787
10.526392
5.05877
55.080555
59.91742
89.348595
126.47693
94.44331
97.452065
108.3985
78.45439
34.19164
30.929647
27.583942
22.807636
32.177288
48.874535
22.11253
18.858442
36.765972
82.08956
153.66434
97.02981
106.04747
27.81667
27.090103
83.240616
55.85148
28.868078
16.554722
35.159172
19.89282
41.05061
50.392673
23.181744
54.774364
75.38462
61.364418
69.587906
8.3077755
38.002205
94.01763
111.19531
26.577887
28.220951
34.964874
38.326
61.538643
58.274986
33.142838
15.927409
15.913365
22.225147
9.469987
41.879707
20.57419
40.968716
52.147938
19.504736
25.469755
53.300526
29.454748
23.094608
34.87225
7.9683876
1.1730657
97.764
75.512314
59.987305
57.0372
50.683037
60.640697
42.74079
33.461075
158.7188
130.34665
110.045555
120.11765
116.423325
134.46951
22.373613
13.88257
34.857533
55.91172
15.037801
39.220192
54.98946
44.412453
60.960114
47.77718
31.276072
48.880756
61.384117
88.739265
61.203876
46.364807
26.458057
57.328026
58.7221
48.964592
51.93869
26.68512
42.544
93.83275
83.01836
13.515884
17.561504
38.825455
20.094631
17.929886
31.01475
41.84675
11.840834
15.971535
42.079796
3.939342
78.2983
60.00544
67.37246
54.429237
46.374763
32.429787
36.557945
58.54374
50.349243
41.149117
58.098045
1.2378972
5.130088
24.127226
28.827972
21.245304
52.88775
102.7254
94.65879
77.498405
91.56972
113.24463
71.23791
61.631165
30.437588
6.949473
36.614902
70.38214
23.8019
13.726173
41.224678
8.971927
30.911953
22.730656
2.0439038
31.891092
53.406006
51.966053
29.429714
36.238045
89.38405
70.38293
70.11287
54.716866
36.140778
75.42825
11.590588
32.77943
72.80377
120.768715
114.66258
101.218376
88.115524
19.22727
45.67949
173.56552
21.32471
30.048893
78.80674
50.72919
127.03912
51.037907
15.900851
23.123857
37.608913
3.819284
33.367317
62.157013
14.591617
14.803133
46.100044
33.392075
37.469288
95.77195
6.55116
89.66439
99.64971
23.719812
50.30994
52.409462
50.240547
32.852974
106.42842
17.828197
40.179478
23.402884
33.201088
10.395975
91.76554
77.99495
118.432495
88.87422
60.949566
123.47795
59.207336
65.01518
110.86426
92.39479
99.74664
90.00044
90.211494
5.7298484
17.691475
28.506414
4.0719857
16.01648
63.195396
30.845764
32.142605
52.762268
46.29416
29.587719
38.971333
56.81424
42.553337
79.91753
73.64431
78.81269
85.34268
112.77683
45.01691
58.062073
23.42583
42.429096
24.358799
53.58428
59.68001
45.56929
53.025055
169.08621
21.720552
38.56446
8.664653
20.686756
64.04764
82.67635
59.94057
99.492386
30.539074
42.352135
20.846106
29.057943
86.35595
110.493324
107.4677
116.742775
91.70322
64.073746
91.501854
81.871994
108.86356
75.25688
74.19383
47.738056
36.642677
32.01777
84.46538
46.78251
174.29378
83.80891
121.22115
137.45622
114.97317
48.909042
67.059616
105.09131
100.9574
54.36856
166.65701
100.89094
88.28085
80.71703
30.874043
38.797955
56.242012
12.055311
23.00719
16.055836
14.808525
61.188457
80.071365
59.968864
52.245533
15.938257
31.592611
21.37694
40.566208
141.97018
112.02621
66.51459
87.18628
105.90749
205.80705
152.192
142.96841
145.8635
281.10928
126.560745
117.90546
137.095
11.016869
57.15696
11.9508915
30.37885
37.62816
118.49772
108.22233
119.22081
85.7464
101.22777
127.04344
136.11304
133.37605
126.52759
127.32827
121.68227
113.64258
19.578527
63.514336
64.75169
87.69483
73.347244
68.91724
111.64774
97.2122
81.0615
126.17915
78.23302
230.77548
15.61812
25.493708
27.83559
157.81358
23.94392
67.584045
54.45169
45.38598
37.06261
89.028015
66.39269
22.266537
42.18885
38.41281
110.89829
15.271541
36.066494
30.586187
33.629814
60.00421
51.651917
48.401012
30.931314
42.760746
29.191528
93.755974
105.795395
178.58597
250.88321
209.17444
105.54962
125.86922
86.71245
103.14319
164.94084
35.483192
43.507454
34.55378
115.29944
127.433304
181.66585
103.92322
94.137695
103.78489
63.254322
77.90941
61.230602
74.69294
85.5297
80.98678
89.012314
109.981125
81.14753
39.615223
5.3150578
8.536084
55.153687
52.51291
79.38025
68.57942
52.472115
75.10877
66.26021
58.108562
43.97533
58.66311
79.34921
53.69979
63.820953
61.717846
73.72787
119.76941
45.75715
12.408733
54.663227
10.117872
67.789215
33.1485
47.59533
38.591835
22.129078
74.49589
12.229105
47.27398
172.40446
116.3584
22.086042
69.74357
69.72483
140.39034
59.10781
46.727318
39.068672
8.425438
31.78358
19.984808
86.98997
20.244925
39.38734
99.903
21.547213
71.38086
87.38841
58.826954
22.15369
28.745731
38.132687
54.24806
34.743347
76.37293
38.314774
37.19649
18.734695
45.600426
23.741802
23.878973
25.493374
37.519318
30.642435
55.639748
22.54974
70.145355
41.60236
25.24111
25.734188
125.996254
69.30046
44.196045
80.16677
85.45164
76.82816
41.488026
19.826794
53.44924
63.48067
9.507973
27.284338
70.13289
51.52836
68.202324
19.590855
28.494778
66.90357
69.95232
87.1371
67.159
59.626167
4.1715093
12.965683
47.30551
102.072464
44.36817
89.53673
58.509422
77.71156
86.48377
77.581764
86.54767
81.85278
67.12854
89.873886
92.19093
121.81466
47.99121
12.986011
43.211967
74.20202
78.91274
101.37932
4.115121
13.317622
15.476873
38.411385
30.414272
39.92102
17.14854
30.264816
11.434402
48.399258
45.004017
91.251114
83.56644
19.856525
15.757278
88.78377
102.19857
91.464905
142.33638
67.680466
81.77112
130.85391
77.95296
86.90755
75.73366
24.626677
32.913338
46.87316
10.652437
21.28025
20.360577
32.52933
21.178968
43.65696
29.437885
9.283495
24.151983
88.01636
2.0863075
40.02742
66.95781
32.58976
16.578194
34.331863
31.217106
16.09673
43.48167
36.437603
38.4815
28.343298
8.038561
56.398457
32.521267
117.53285
155.28325
42.619377
54.99447
21.07414
13.712608
53.637127
127.53703
70.409744
42.800846
75.67865
152.68637
74.462204
31.767004
47.303978
74.50643
49.679806
102.455154
97.706436
222.89893
156.59782
65.768234
43.8696
82.27989
52.192375
73.40192
90.0934
88.59208
77.57882
96.56985
65.57435
93.10545
50.038963
86.52266
12.285035
48.670326
45.02375
128.20879
95.885414
116.891464
136.11234
118.05719
101.888374
113.11546
71.77417
76.69368
132.63379
92.611465
22.179712
60.75309
33.361298
50.62751
31.647724
25.10593
37.756348
61.946087
75.23124
65.50313
68.14708
40.291534
74.98316
130.06891
110.11326
120.73301
3.6141968
19.258572
99.36995
120.3198
20.731928
45.96772
68.469475
86.27216
40.381527
43.592083
43.602642
67.61629
114.21499
49.941803
48.489666
84.85033
109.65836
148.25069
199.21713
139.25131
75.40392
72.57573
57.807426
137.99687
12.8081875
59.773052
41.836117
108.85897
40.62561
19.275642
6.4949503
73.67254
20.198006
109.78401
148.25157
129.29312
66.64621
52.08486
157.03094
110.35384
65.35368
6.5189805
55.635265
45.621197
40.637543
60.4197
69.74055
38.03972
26.180716
34.94994
50.917538
34.007217
97.06145
60.557716
86.84912
51.18178
104.05542
84.27667
71.60393
67.97293
80.42865
68.44524
117.98263
88.15403
79.30292
99.41283
66.01039
141.3679
113.983215
78.321655
95.901146
78.68875
76.847275
70.97195
84.64986
74.99297
65.58137
63.83248
3.4312406
35.640717
36.21337
31.554642
64.35292
42.027973
30.20962
22.318375
48.354675
90.33489
53.692303
64.77077
67.21834
92.72697
4.147572
99.20911
80.3009
96.96507
64.963196
45.50756
96.373566
34.09713
24.212963
30.267395
103.54879
59.93291
126.17666
72.629906
89.62099
102.57886
95.292595
114.33989
69.435745
46.355515
75.40163
26.993145
66.38908
164.60788
11.024878
80.39059
126.5768
43.762478
67.80973
58.955425
55.39737
101.62594
70.59251
72.55427
78.964745
32.599804
98.945465
136.63077
104.33574
83.84031
133.71622
60.358437
92.382195
36.41439
173.87697
57.90719
61.743725
41.25379
47.60185
28.739902
48.174107
59.043915
97.50361
87.56276
41.482803
39.571663
114.10677
83.503975
86.42222
118.578064
85.07778
127.19157
103.87843
89.85608
57.54615
52.001495
32.4709
47.238632
119.31337
108.231
89.005104
53.901306
104.82271
52.37255
94.120155
79.32093
50.367424
52.368126
114.73777
66.263054
100.732414
105.72329
191.96512
148.58517
206.13643
121.32506
69.1295
55.17921
103.258545
121.56411
97.25473
78.90665
61.112446
187.77489
125.990005
4.232953
28.207565
68.83778
28.428196
79.719955
101.65617
73.896484
29.52837
48.36455
53.275623
12.411597
54.78289
91.88731
36.101974
82.83149
28.483242
102.337326
71.61726
59.16551
38.880936
68.36198
27.786701
13.200254
35.422188
82.95093
65.35637
115.89929
297.643
160.70808
121.58186
168.3941
127.286514
162.97632
72.307816
73.584
107.61748
11.858073
38.18576
51.791283
101.93982
67.5054
66.774734
105.48297
39.807762
130.64323
157.2925
54.647804
102.12093
125.1523
56.459328
26.849966
56.047283
68.24366
59.493614
72.75704
53.601555
56.955933
43.714832
71.52748
71.25877
63.39873
25.022743
31.289495
75.556465
63.620903
75.5229
54.246468
39.99976
4.2547755
39.68067
105.28352
53.79986
71.62296
54.189167
84.558205
128.44696
143.4079
124.80501
82.16485
10.83886
26.277918
20.644644
36.343292
50.480217
8.776417
43.442497
51.2378
59.139416
44.300808
21.184319
4.683772
1.5856228
8.600299
27.150066
16.46738
16.11866
27.408615
31.810217
5.985711
5.7701387
41.889473
15.480734
4.6603894
40.057438
63.287453
45.08459
54.08587
72.74668
51.00085
49.050182
4.2357907
18.251993
35.863884
13.738513
39.419186
49.705963
42.41598
93.57418
79.48221
30.00969
23.847042
61.25039
23.228794
19.95122
13.404615
15.972113
38.32641
22.948727
0.91936433
10.78713
9.027236
4.8196087
7.370846
15.921141
19.275822
19.70068
6.2276096
6.1770473
9.597364
23.845654
14.695307
35.7187
51.493164
14.690651
33.88983
86.85795
95.25973
97.727905
84.78487
78.311485
85.610344
79.272316
90.00462
74.88513
88.796616
86.15694
73.30276
29.15686
42.502728
46.324734
45.860115
30.406475
17.974964
8.432478
44.61153
11.1869545
46.69099
54.814392
71.77698
79.76044
87.68834
90.31641
146.27112
74.67559
96.85473
88.03557
73.40452
143.28441
104.374344
114.38767
110.100136
104.0471
89.531136
91.42186
82.68995
73.52507
90.216446
186.80193
169.84482
175.16197
108.05198
106.70518
96.18727
55.27392
44.982765
54.36544
145.69406
29.863134
27.923086
82.84707
53.265053
17.397907
5.8631988
2.825327
9.973979
16.97177
13.532862
14.408333
4.7551613
0.76954496
6.2761946
40.56213
109.08219
50.2091
3.1061568
5.7034807
31.767426
11.284234
60.99291
46.8284
40.802193
33.89942
48.68217
41.79425
1.0291591
10.853472
43.24234
55.171795
8.733443
52.876076
49.500286
36.7588
48.880783
27.95119
13.849798
19.362707
14.160474
15.902964
24.346891
5.3794937
7.898776
39.590534
32.55185
9.702715
23.244793
22.49466
21.007114
49.756367
9.538325
13.5595875
40.654243
18.854374
34.508057
20.557766
6.330035
18.18348
6.121314
23.322674
27.909832
14.635989
38.056297
33.982727
14.199475
30.129404
79.716995
117.66986
98.24768
17.555372
9.859365
56.043884
26.439432
25.077663
48.765907
54.263256
21.368265
14.329643
11.236721
29.725855
14.949064
8.383073
13.739058
25.708853
32.657917
53.095886
17.975891
16.336275
20.87228
19.959673
12.404457
36.61256
13.828448
12.325979
93.646774
14.772763
14.814539
37.674934
38.17105
132.1508
51.159107
24.881039
25.98647
42.124443
12.060638
44.80442
33.825817
34.31176
25.31615
23.943659
89.95449
79.835526
75.73509
64.1082
68.83435
64.03234
84.68211
102.94187
69.842804
64.696465
31.870556
34.207115
31.177124
40.983856
39.723625
27.698175
56.82783
66.59834
36.984657
27.511496
14.4651
22.07378
32.975784
43.24403
27.918676
39.16358
51.540718
5.7968054
40.703724
5.0300226
11.067867
14.355174
44.0058
2.8350682
17.561546
2.6769452
25.39883
30.414013
13.569928
17.449352
15.452698
15.00145
15.544767
40.322815
6.4380584
17.654593
9.158475
17.5816
5.450776
12.029455
0.72282046
17.956533
3.0783467
40.070366
8.19808
20.746077
43.533596
6.0848246
7.7554245
11.707615
53.80796
4.8303843
2.9827569
37.890038
19.990898
9.54909
49.76179
40.275047
64.31639
37.69479
23.159073
35.850506
37.38484
70.21692
24.832403
28.556814
12.084352
53.326393
7.728601
19.679836
21.498224
25.800762
31.607315
49.62271
12.551504
20.119137
36.211693
48.907845
120.29303
49.74297
26.3857
23.407911
29.242828
11.0953865
19.929964
11.20072
23.343668
31.043936
18.71597
10.090568
38.71239
33.343212
68.766464
44.68479
63.21096
64.05098
22.463902
44.266426
25.842968
13.662297
112.027725
126.625465
65.51267
39.07239
49.387524
72.526855
49.993023
23.917103
21.821686
27.160114
24.196898
4.115462
9.266473
2.3022327
4.270554
11.087006
32.551754
52.398438
11.114577
28.462559
22.414755
2.6280656
20.11974
38.07545
43.89744
82.8755
120.40166
33.47703
48.846413
52.599205
30.671503
16.00154
50.39899
22.267033
16.959944
37.20611
32.6553
11.035733
41.582405
28.22384
25.548132
31.567373
19.339235
25.031368
21.159382
39.329903
28.670181
33.091537
38.019615
25.147385
26.14272
47.68689
57.553932
29.461147
19.796314
17.507557
29.074026
7.4135485
4.818346
24.005665
46.658775
11.3143015
8.594939
4.117558
39.36533
37.97377
47.20705
35.01447
42.523476
47.64223
86.6129
40.281914
77.43011
82.80867
71.035614
101.63338
47.04873
45.736088
52.228004
88.01781
42.654305
45.104973
49.14671
49.42447
3.2780814
26.61048
55.7836
63.9487
29.5864
55.174664
32.06945
58.50871
28.092417
5.6322856
14.419458
1.0097255
9.161028
5.856412
25.788502
54.035725
12.05501
62.40528
17.803257
14.796753
15.493837
24.199606
16.689585
65.39433
30.699825
12.1944475
28.428904
9.248889
19.830585
57.08724
72.71959
58.800617
66.22153
2.7268882
12.992383
47.117363
42.339325
68.97355
16.306683
2.475842
5.6231585
22.132267
116.7065
97.65575
89.10003
14.682236
38.708923
40.622124
11.231393
23.17566
33.745655
20.582516
11.441804
16.054508
29.049173
25.39936
49.15811
4.3771157
16.952604
19.399565
47.016403
28.142878
28.5008
3.93823
9.419423
14.931799
18.17033
27.165716
40.410778
41.13159
53.64804
35.633263
44.84919
68.99732
35.656364
29.938812
57.65504
44.468117
64.363884
47.543106
57.220074
52.261078
62.445625
48.784878
8.532383
28.826157
60.75747
19.883194
1.5925229
22.663397
27.93539
36.53581
22.103004
25.22119
12.524565
21.483631
9.436435
29.56104
19.650253
36.283607
14.570089
22.232416
23.40772
21.354126
21.777983
26.328985
14.75134
17.191685
35.11212
29.351904
12.256529
56.854656
45.699043
164.57477
102.947556
62.251507
73.87099
65.182915
36.4977
61.10769
44.556705
9.645019
28.364422
13.934985
7.5522385
12.085352
12.887134
26.647915
37.277374
38.72889
36.001495
63.290424
19.003174
32.3639
11.961708
21.294367
26.63865
30.95519
29.504288
20.288218
19.281013
10.794126
20.088644
5.1096735
3.5642357
23.41537
16.995115
9.216528
19.145893
40.751167
30.549383
21.868858
18.527317
45.221905
50.19001
58.617188
47.994404
41.642994
44.532734
69.22068
74.61055
33.53576
16.932339
48.74136
9.736805
38.744392
20.281897
30.03037
36.823082
4.7674127
43.74779
53.79162
34.736576
3.4751077
12.280265
36.29621
48.63931
4.6072183
22.374165
4.7587714
44.23269
21.624931
40.614967
38.888405
14.290172
7.8154974
6.609769
19.391315
13.791391
6.1893
29.90278
63.664314
25.278376
67.26071
17.663486
13.304583
23.119411
26.46172
32.037914
37.808098
36.595997
23.117184
35.043903
35.698616
19.495579
21.415867
19.326717
5.8903265
22.121794
41.165146
76.002365
43.230965
66.540596
49.155083
103.99917
46.948875
58.593376
10.676531
22.519331
14.425258
10.344576
12.06713
10.251801
82.81505
93.306564
26.899792
17.616753
29.908655
15.517633
11.713639
25.708134
14.583796
5.339888
2.8871338
7.032325
12.932127
16.004536
51.736702
41.253773
42.627655
100.98695
62.73004
58.951134
49.729366
84.62552
36.299755
36.76899
30.74931
34.159416
67.77835
41.544514
23.796587
59.34562
26.28252
25.45107
18.291933
39.4156
11.205801
144.31401
158.78506
99.63648
83.56404
117.38225
83.48443
54.383625
63.83612
37.43952
75.20193
68.935104
59.366894
59.97773
131.89963
12.745066
43.55851
77.40693
82.496826
96.27534
18.576746
20.168549
33.25807
9.104789
16.223728
8.762819
106.76188
63.822254
50.80919
18.076426
26.938427
30.41041
22.418884
24.786545
18.63005
34.414684
20.149302
96.362816
39.58367
38.340454
46.350414
62.495544
139.47269
64.31048
68.43623
86.0761
55.52401
49.517464
70.06698
64.28762
45.443245
87.85684
92.96952
14.664678
24.841713
18.585154
33.355457
3.8588924
51.513313
55.1486
70.53639
64.413704
13.226236
5.097118
13.711271
16.442429
57.772408
116.287186
51.84682
57.812584
51.04831
48.10628
39.335426
17.556438
32.224342
16.587051
45.236904
42.091698
40.985558
42.97316
39.32185
27.403646
31.677948
29.824795
18.248163
18.07818
38.685913
10.000127
24.246595
34.39013
30.355337
64.89264
35.470264
36.50862
51.615532
49.258034
44.77606
56.832397
26.58837
30.61887
25.497307
51.680305
27.016638
4.8272576
27.097824
45.938152
109.266624
60.191822
36.85749
55.352837
65.444954
42.57866
47.865738
75.027725
37.98698
44.075523
41.482616
48.995586
63.55251
57.10607
19.537142
29.544897
34.736652
23.786402
34.200817
55.78412
36.567387
28.186634
19.423552
38.509914
54.263172
41.305225
41.28758
17.901173
36.537216
18.318405
18.22739
28.529453
42.50152
35.404175
50.42942
35.0682
13.591263
12.156776
24.307034
37.129723
16.050467
43.37558
10.992498
19.503086
40.465855
24.6749
84.440216
14.483137
19.34082
18.254486
19.45434
2.3401818
24.45171
12.389025
9.870423
38.749214
25.999363
11.765174
11.596447
18.482664
12.624249
26.069845
38.755394
22.845844
44.693455
22.881922
37.690315
44.79139
48.67697
55.109436
47.387062
15.567105
6.5626593
50.956287
22.792974
17.360516
25.64058
28.55279
28.05068
14.841352
38.67236
42.76298
25.646137
25.600498
20.598461
18.135601
38.88191
46.481026
19.733377
30.30697
16.103266
62.23338
32.885284
11.081366
31.807247
10.224518
25.897512
36.690624
50.780773
46.013435
8.239546
31.06542
23.988943
37.85923
74.98079
77.667404
56.679333
143.88754
21.252563
24.317514
57.184288
52.410633
38.193142
33.858116
74.24416
70.20272
41.171944
10.67111
44.900032
63.06521
59.795403
39.59285
47.80878
42.25741
70.82878
59.537117
139.50218
115.073746
79.726105
35.05076
21.710127
18.774315
23.38512
19.520624
21.089825
36.83898
6.3974657
42.60609
48.96058
60.562263
99.17177
78.77029
76.572426
63.55567
114.02063
58.45637
52.625843
38.834515
49.039032
69.219505
54.37667
50.956123
73.33033
99.164566
43.812576
39.47365
53.778328
67.15399
47.837395
45.20777
51.814827
72.19434
81.5396
65.29231
106.466324
66.00129
84.552414
66.898315
67.37639
31.229483
37.072945
19.987392
24.159708
8.557646
19.654444
40.999054
60.66808
71.26674
31.615406
57.341286
49.45911
21.648375
24.696154
1.7093122
24.09225
3.2501893
22.515667
47.779015
40.817123
28.569118
57.85378
11.429801
28.066715
24.02226
11.600058
17.790817
14.295985
3.2105548
15.903132
11.850317
19.335348
10.982428
22.942272
19.931103
20.159588
40.914803
31.347195
76.75193
2.580922
12.420187
28.164719
9.836354
8.125553
29.899908
50.02122
0.96517533
1.1074547
107.7218
70.20833
78.84939
69.86137
84.55154
47.93955
28.799068
35.896088
79.351326
1.1293283
3.7635894
16.861477
31.3671
52.357166
31.374872
35.026237
66.332535
25.001923
29.207691
33.72192
125.3018
126.616104
156.63307
109.70677
76.56144
86.10182
46.89362
73.09764
68.53325
44.198112
11.371235
28.241446
57.986763
50.949844
65.911224
14.247241
12.162512
31.412067
30.13566
17.366943
5.8786917
19.438766
14.433449
49.154392
19.085129
31.83166
69.48792
68.01968
40.022774
45.647488
65.67345
85.78197
71.32996
15.3148365
21.672138
28.112965
3.218701
106.814865
19.974081
26.929386
35.430916
16.964363
12.365892
19.989948
24.611872
26.47886
46.55071
40.402046
7.4717813
40.081287
14.9051
16.64813
19.664555
20.375687
15.273283
8.538675
89.83035
48.819824
30.845346
62.178143
27.168203
18.969563
24.7833
37.334515
51.358654
45.103935
12.73389
69.31547
20.518923
44.478905
26.668468
10.169904
27.048742
100.10607
80.510086
110.090576
84.06967
32.167957
37.93896
23.992878
29.121853
32.720528
9.988967
72.89778
60.42293
9.579991
8.198146
19.868277
26.98989
32.167347
41.071514
50.495907
27.480585
34.664303
62.6598
17.98983
47.224213
94.6125
26.346655
19.4629
63.16166
46.849247
175.31999
92.97786
163.79297
42.9406
99.73705
97.62378
17.09031
43.462536
16.006197
56.165455
60.452362
32.851585
47.05777
7.7556853
35.88189
27.065907
27.071445
11.615109
27.420517
38.59777
91.93523
48.698795
59.6922
29.623495
26.367624
5.361243
21.567982
25.33676
22.17525
20.975273
41.220627
33.21704
31.772633
85.78831
46.522545
59.061077
67.162506
55.022316
46.39234
11.938812
1.8529447
19.804544
25.23425
18.523308
26.31163
47.32969
37.67086
85.06871
87.472855
58.595947
17.866428
17.189306
13.2977705
5.559105
35.066307
58.620995
46.20824
36.243496
56.50114
46.03747
63.35078
53.447693
58.33161
56.30849
63.904682
73.591545
79.32697
101.2502
76.94389
64.324066
66.42258
159.31117
116.92924
129.59837
88.81105
31.86383
38.07901
30.65495
52.386284
25.149988
37.8829
4.800901
12.80262
18.29159
58.749214
50.67253
59.278576
40.864704
66.882034
81.956985
48.79841
77.21327
66.26967
69.4245
50.70633
42.35459
88.04442
90.71093
68.4003
89.01692
120.75865
34.62521
113.21321
40.860863
35.703598
44.53125
93.995804
86.166916
54.231422
55.399048
54.816273
55.365196
57.852547
44.282925
13.402098
5.2260942
25.851124
11.369146
32.15459
5.970208
12.418942
20.248783
14.260778
12.920256
24.66818
31.840897
41.09921
43.310955
76.6663
17.423067
24.096703
19.983566
32.542744
25.369694
26.307034
30.303345
49.36422
10.436683
42.294945
10.094226
39.58661
37.864098
35.137
38.695137
21.876656
51.34715
18.991941
15.656949
32.581596
0.76639897
16.304884
12.265066
23.949028
62.52948
49.87676
83.96891
142.40213
124.55575
97.310196
98.00696
85.7037
103.324425
104.12876
77.331985
89.41996
68.83723
62.408875
67.515434
72.12044
63.881287
41.99409
43.926155
21.624516
44.17823
28.565695
39.127132
29.852264
18.225983
20.664356
77.538635
101.59518
49.684925
12.485948
9.449459
11.015211
27.785328
109.38338
3.541293
17.043055
39.752804
78.66719
51.871788
60.69928
88.19654
54.271263
15.103297
17.570496
18.234179
38.203167
24.733883
30.09641
32.46641
49.594448
25.02702
30.578342
9.725569
5.703847
16.015867
32.77625
77.35494
30.097076
53.1995
26.39531
48.34028
139.68106
125.302444
89.51268
75.89057
132.42075
77.25764
110.96067
68.40666
4.575526
36.39817
32.818886
18.352707
20.855135
20.219088
43.057205
37.947655
105.244606
34.754066
37.168774
49.03404
51.90954
56.15573
64.6265
45.42039
56.193684
44.754787
89.5949
44.533867
46.371155
46.97566
56.376873
37.931923
51.677032
78.16226
45.64914
54.984913
45.738
22.41084
108.37974
4.9595866
37.413292
32.93675
50.79091
12.925923
9.040437
14.416339
25.16454
44.024864
32.37785
13.194697
26.916092
13.033171
21.613886
122.94086
50.182762
90.41447
39.161877
37.801052
63.911816
83.90685
35.66521
47.771416
59.022713
42.898808
39.0512
45.785698
54.938316
53.130653
58.50711
54.041748
17.899658
17.04724
39.194923
57.654106
28.307962
44.12929
56.495384
43.205986
50.753845
10.914352
10.389891
18.501146
17.415554
25.985363
33.15102
53.194878
16.9452
41.3135
62.947197
37.010963
82.2663
74.2274
85.13028
90.91125
85.87094
90.40627
116.3834
17.8036
27.485361
61.587914
51.23246
40.18045
20.869183
26.79752
13.706752
13.565677
152.37155
3.1804392
28.741196
62.412853
7.1909475
7.439538
41.929386
15.170652
36.101204
32.303913
20.081131
16.967035
31.232792
58.44765
56.043762
39.14745
61.24416
29.386765
20.68544
9.018163
30.29781
20.125835
62.289764
130.55173
120.82835
125.32965
143.63641
109.85315
124.38798
114.46389
119.485695
17.038631
14.224507
5.763764
9.607175
3.5711524
10.423543
20.779888
18.098377
28.577465
30.108181
41.74142
10.893829
0.9468943
28.96487
35.00664
43.46409
47.72992
51.687214
81.91793
88.04685
44.522522
55.21949
42.58888
49.458824
41.03107
65.06947
107.51277
35.806984
18.47223
20.509756
22.74084
49.32021
70.25548
109.486435
61.812813
49.84806
81.20188
91.271
21.722769
29.481058
15.35264
17.192623
23.206938
38.672935
64.59514
27.710827
59.39546
37.931675
88.57625
31.830008
30.654087
44.433723
80.39575
83.51624
24.39623
29.698742
20.383816
32.380165
51.068092
78.23237
72.65831
89.71577
48.4815
48.563164
7.7273874
22.276466
51.191837
36.697334
114.14237
7.882683
11.062704
56.529957
50.205257
34.59723
48.095955
121.17436
21.964268
48.039658
53.86145
42.032837
49.521275
30.023113
22.480434
20.00664
19.165943
17.025341
27.76756
78.872665
78.681366
28.230259
32.774094
14.381668
1.2618424
17.781078
27.460186
32.153435
27.013931
36.85567
11.517528
27.174387
54.714607
77.001915
41.33419
61.5883
63.842113
65.78239
50.736267
49.314613
93.68607
82.365204
26.148813
36.254814
24.211472
7.1832914
16.222507
57.596626
53.192505
60.93573
72.015884
60.184437
48.915474
58.43645
70.50511
139.4666
86.67847
8.486452
17.22347
47.61304
16.870337
11.240015
5.9351654
5.9922986
12.5984
14.840927
34.01722
42.295
27.745712
17.619152
17.14272
1.335899
17.886578
47.600605
55.72827
102.713036
155.1315
77.495575
107.15682
90.13884
15.459986
17.650093
22.146572
31.982101
12.286497
48.763443
46.067337
27.843943
25.666866
27.534384
41.521126
39.02021
32.80343
34.613625
2.8270416
21.87775
9.28274
25.61552
35.69396
5.707012
13.557643
34.57704
69.269226
104.805374
83.35659
103.54429
79.35925
96.07131
93.576195
83.052216
61.647255
63.67406
51.13749
65.03133
63.05069
36.64884
33.370777
42.65131
51.37559
55.324577
44.020973
79.12524
88.51934
56.86366
26.74509
39.363518
78.9574
20.345362
11.444026
22.484842
16.8179
30.56398
16.627403
48.24163
20.963253
13.285413
15.926567
19.650703
16.595654
18.409832
26.843699
3.5731983
15.517508
12.200363
12.64044
60.18867
66.84533
78.134415
42.642876
3.3390317
6.557275
5.789558
8.702771
7.5382133
19.618582
34.63668
26.448801
47.04452
20.770689
42.2536
20.677204
12.271889
22.36002
16.962315
34.391537
39.016296
9.885969
2.8098896
64.075424
12.023748
2.8762307
25.964848
25.159864
11.821399
11.376412
25.489202
19.806768
17.928751
17.639986
15.048535
67.98974
26.174713
39.032265
18.55087
13.056842
19.71116
2.8193192
34.662018
30.525482
22.03028
37.275467
10.014142
19.786104
36.243168
25.751043
13.446051
34.516518
11.38423
47.584717
57.230988
49.232292
53.52839
54.270893
71.639275
52.58082
48.55401
64.67363
58.06305
60.93638
126.15193
108.39536
112.61151
119.086205
119.94763
111.960205
99.644356
108.68626
105.399796
150.88986
124.08838
175.94653
99.701675
10.078913
38.28862
17.040138
20.735435
8.552288
22.461126
22.711689
17.651949
16.198315
18.749401
9.2105875
10.987709
18.958113
10.22249
8.376027
45.746033
25.184618
59.00899
49.246956
38.93148
34.79727
29.47025
40.94686
51.487312
25.7396
65.52806
21.300617
12.888151
39.65419
27.74534
50.85609
29.970785
32.1054
12.249931
2.2499928
18.589878
5.203055
3.6436646
8.720064
7.968859
36.55726
9.731788
44.31484
55.38606
147.95267
148.9998
138.41592
33.686665
28.454258
36.39478
12.608287
49.669876
32.059727
64.537926
4.475602
29.20545
18.57731
2.0358233
4.6448193
16.62947
32.99981
20.312302
11.657251
0.9425961
22.102411
19.778202
31.175116
35.242996
50.08049
3.0866768
11.555517
9.074285
8.263547
22.296642
9.955558
35.138958
36.654285
4.5434923
18.35223
56.84129
49.948784
52.653435
97.76968
53.845093
38.803368
44.179485
53.96866
40.95829
57.952675
63.517204
56.546425
48.724083
10.386568
14.7265
20.804562
51.090244
17.231503
25.068249
14.897428
13.390467
9.050528
31.9997
40.3648
33.093666
73.08205
38.98477
41.230797
26.451075
18.669777
12.020019
30.889053
5.9377913
6.2104387
18.634344
66.96993
44.4484
65.04787
49.47197
46.95142
30.663448
49.653812
124.965805
53.418983
45.480175
29.531687
29.998676
29.053207
74.77026
30.759079
34.54589
50.455265
48.43231
43.50173
43.11868
58.4589
56.441444
36.41323
20.475414
19.599607
36.359154
58.408318
32.809963
21.756618
34.465492
38.52889
20.921833
19.770956
9.569132
22.607758
28.042994
50.049644
54.55439
69.46553
41.82291
52.458855
38.041756
41.836327
38.906742
46.532387
36.346794
44.000973
82.77034
65.665565
122.512
79.28792
73.378006
66.96382
89.05814
79.05017
92.61947
67.94725
91.17354
144.33652
43.98385
1.2685186
43.272438
21.834267
21.250233
24.02412
27.586727
76.81591
14.494751
25.856464
67.91622
36.89959
39.442642
45.815887
66.05676
77.28892
57.969032
45.359245
42.1947
44.589558
72.342476
49.81916
142.04144
96.012726
88.6566
18.250576
39.653122
25.249683
34.45006
18.729116
61.627167
68.52171
50.04542
12.577733
12.634981
33.05521
60.127514
22.676504
23.129179
19.04832
36.93348
11.702837
29.55032
32.650276
37.235676
28.33923
34.175076
53.846333
26.29918
11.128816
32.699337
28.684483
19.17713
15.547389
5.7432575
18.878925
29.766958
22.525213
52.560966
57.720726
14.013483
9.390044
72.08931
62.642586
54.914406
21.198902
19.148481
15.4303
19.545572
23.128206
6.8498755
27.142221
21.697918
50.515297
7.49743
1.1035151
13.560727
33.73624
28.708242
35.376114
14.960016
46.86747
20.571636
2.4080033
19.80837
89.38934
3.3587463
14.941953
14.65658
39.568993
4.809
12.490805
61.65208
43.540825
54.494915
13.473534
7.809803
51.595764
24.61201
9.906727
12.579201
7.663067
4.869687
16.267782
20.56242
40.021343
50.49984
84.31471
44.31803
44.14196
29.551188
26.125223
26.278408
12.181904
9.741316
17.64829
15.444081
33.955982
32.482037
45.25914
46.02883
48.70922
44.464714
41.008842
68.09763
67.42955
59.157494
63.035744
61.158813
50.211815
70.95735
35.995365
75.626236
35.08457
86.29827
63.161182
70.64244
74.255295
61.006855
44.396492
31.125834
11.698512
17.91594
42.1102
26.745209
26.89089
37.167717
40.58115
26.20284
22.246271
16.02561
14.054378
22.626556
18.778685
24.732927
82.23349
4.246684
3.4640377
25.26163
14.032959
32.896877
50.095398
18.480703
3.299558
32.79265
48.515034
20.192366
46.695614
43.654564
38.34551
47.46872
64.37169
46.78094
29.227009
64.0638
85.25242
62.37986
49.441223
97.83261
61.463745
40.848984
60.40331
29.343548
30.919373
31.406826
4.705625
10.571905
17.13391
35.675423
5.4704633
40.36756
114.798935
112.912796
22.637585
72.545715
56.104736
39.065437
35.880016
32.264854
49.632904
64.7786
98.0073
48.44431
62.815693
52.164265
43.229973
45.956947
55.396782
38.623116
17.28085
48.676003
103.007095
94.579094
98.40337
66.10219
86.833916
6.254726
20.030699
22.474407
13.828555
16.813915
25.30992
12.253885
16.990566
13.643034
20.3951
13.871927
24.58173
18.906788
40.394188
38.26728
42.1703
55.53302
48.055534
110.92102
6.367099
21.12511
49.530167
44.1502
22.599941
6.99146
12.458044
38.138653
48.71352
46.14605
20.817291
24.431131
6.734381
14.863673
9.512083
25.83128
6.529523
27.086517
83.19054
52.161785
5.090509
47.56236
17.337624
22.869608
52.078594
4.564933
3.4364057
11.731894
37.31683
47.51249
27.890457
39.572227
20.025642
9.103945
27.123882
5.760013
7.0095367
15.078142
10.088073
60.64751
43.760147
44.54386
36.560413
55.490997
154.23553
97.97442
93.80986
38.384274
81.7156
83.418655
106.61713
88.93002
80.48218
8.885191
24.021378
37.647106
23.90929
35.16983
73.11235
41.52472
93.79627
78.054115
65.532776
36.254623
37.0483
59.98936
73.85231
46.32653
40.038494
12.97757
29.90997
9.004877
64.16088
48.731407
18.636341
3.0777235
36.986595
54.87745
54.67287
44.84443
62.410393
66.579575
82.22026
71.444214
61.4005
77.53169
61.015026
55.189587
42.219498
65.136475
33.42965
34.00201
27.491476
80.5356
33.769432
5.8118715
7.888198
11.218393
39.695564
57.92986
8.842738
14.501488
53.27294
25.521904
3.2619057
25.074211
40.834267
68.66049
50.27072
59.15085
61.85923
52.98277
62.543854
69.24412
1.3888714
29.178188
10.808083
10.631924
17.559137
23.071188
12.964381
26.877613
12.39618
25.390348
27.96709
19.993507
29.740631
27.99765
33.148506
20.857405
57.382996
61.870087
42.364197
74.040955
69.61406
40.529373
16.731853
10.750219
49.35939
8.303011
43.705257
12.914655
19.704823
10.265718
21.047815
36.38274
83.578186
24.79043
8.567742
8.983033
19.042192
27.502802
21.359638
43.663074
48.3322
48.485634
37.01428
18.403795
2.9119906
23.476662
33.749836
26.651382
43.359306
55.16384
27.004679
9.374562
28.839954
13.446172
3.4977794
17.804928
4.016118
12.248225
40.273827
57.866516
57.5678
63.65975
83.38051
128.65004
31.628687
26.353083
113.0615
38.706535
29.590954
7.0269294
13.430479
21.849438
36.07778
34.105427
1.0331062
30.594172
13.088376
25.482336
31.09021
9.464277
29.226154
21.279924
38.46735
25.223585
31.002039
10.337915
23.194748
36.98107
43.355297
26.317865
30.64004
40.237793
26.674124
4.7053776
16.879448
14.055478
67.10854
31.73295
98.181595
16.710363
7.7832327
7.0215683
26.456064
34.779305
35.29748
1.1137218
23.774172
43.05612
39.605057
57.27484
1.9399593
19.619202
9.504208
4.181428
19.017488
16.049963
19.86699
21.65587
2.8341346
9.7296505
24.834543
10.292959
13.996605
21.067959
0.7050499
15.611486
35.844265
14.465451
41.919636
35.61456
50.98255
60.082764
54.604218
75.59212
54.55201
52.019257
11.313274
18.810963
88.271835
46.31806
12.112192
64.884865
50.406643
61.71632
79.3653
54.550392
10.283915
74.573586
77.57965
84.80498
79.994225
87.24232
104.28609
27.184057
68.01773
9.721533
28.506556
34.99275
29.891193
9.043017
27.868076
14.240329
24.450598
62.43174
84.59755
74.13761
78.351746
134.84937
67.063545
40.624313
37.74167
49.819283
66.324524
38.787888
7.7577453
27.06123
15.711429
1.1977062
34.49346
21.066013
36.477974
33.59895
18.919521
13.205421
25.418272
16.17728
5.29759
11.539195
19.982822
47.30754
40.506554
48.79406
36.39976
28.684866
43.250847
30.213217
7.4569635
39.471287
31.440922
28.812109
13.1447315
17.515896
31.537466
7.741684
4.2948833
86.430504
58.838177
52.82952
88.117714
104.26394
107.40547
68.91176
107.12858
100.50911
60.80068
65.48546
78.38798
70.243904
69.07088
62.118797
58.068134
89.27604
51.945923
29.897297
39.531933
49.065125
56.18978
68.63454
27.45515
47.65896
56.99935
75.206314
83.4578
71.08875
117.83041
144.10295
135.83368
66.9549
66.5658
84.843155
67.9066
71.61441
34.142326
21.166807
25.680462
4.2534714
32.54548
15.527049
28.261343
25.798748
32.833824
10.974692
65.49986
128.92398
62.08772
49.037266
6.2431874
28.08879
29.230204
10.825086
26.725769
72.83764
25.158781
19.02769
11.727453
17.683718
38.33808
23.16217
2.7087927
12.728543
19.594746
5.15215
21.930063
42.406265
13.027637
22.047129
11.787155
62.674446
17.04584
42.47303
34.03677
22.81771
11.04247
2.7581005
13.447403
8.918272
3.7208562
10.766363
16.968515
32.527172
20.826778
22.70987
15.546519
31.972294
60.81794
76.825294
26.626852
41.300785
56.195934
97.15932
44.681187
0.80546045
21.72472
36.649174
25.661417
113.61314
97.70644
83.69982
167.35495
145.92323
87.926865
242.13077
164.76407
177.06381
60.597057
15.504191
11.062572
16.42876
12.135772
58.73954
50.332794
32.612118
10.928588
16.745174
85.90808
41.310463
59.31713
96.10758
98.25629
67.472206
43.94869
53.21889
37.133587
42.12822
55.4818
41.92854
119.635376
27.245972
26.73669
27.457132
42.009815
33.920593
51.97694
72.00283
26.243244
32.104866
27.566095
11.374884
99.458824
55.878944
22.294416
27.280788
15.362483
43.47287
37.716766
27.69901
22.103102
16.192669
19.543089
91.09283
39.43304
43.235123
43.55361
17.552423
30.1185
42.464977
17.54509
32.052967
30.107916
157.08865
180.50531
10.82445
12.905362
31.164032
14.435658
34.424366
23.862127
26.592916
65.037476
53.73432
62.599632
91.888084
6.89359
28.434595
5.4509134
28.700775
27.468494
26.108969
54.41416
20.066395
29.35523
25.321447
28.110683
17.147247
27.555796
14.726489
17.969099
54.147766
107.87582
69.55631
92.46178
66.16405
47.444035
55.42588
60.12442
56.27583
93.19794
64.05093
39.710766
39.181152
52.441017
68.418655
45.81833
39.929737
54.86613
47.286922
82.00211
63.73104
99.401054
5.865297
15.82005
31.314566
57.6104
38.191658
12.185937
23.959042
3.4501586
15.711307
23.717012
28.264927
51.328377
47.808884
64.67214
47.94351
42.758904
94.60054
45.831215
26.193562
42.604168
70.106834
33.069622
33.82749
39.978073
32.8295
71.33391
93.128334
286.57693
165.44896
198.12955
148.32114
120.83215
120.21609
225.96451
149.58603
61.713463
95.490204
106.12437
96.94254
82.50018
92.37715
84.95178
42.291706
21.949858
23.093672
25.174671
15.111519
41.742104
41.068066
23.21497
26.128763
11.398176
18.541248
19.509802
56.931347
46.53446
24.205162
24.44468
64.96553
31.977116
28.255793
18.775368
16.756067
9.450086
33.54619
21.464872
50.411674
22.576366
26.841955
23.698444
13.297659
4.577051
20.132744
13.6347
9.85013
12.293932
4.148346
2.023202
32.090164
27.264385
21.283466
3.140282
4.0314174
4.003852
17.441732
24.24238
5.094849
14.636152
27.258717
22.440292
12.550367
26.18603
17.838215
10.6653805
70.40916
55.995888
22.582523
10.277862
28.130032
12.617685
12.244139
15.398099
15.534979
5.73691
20.18593
1.4022382
8.449903
34.94924
27.879078
38.66783
54.175346
20.964931
44.101517
13.333639
23.367996
19.426771
22.367018
23.59688
36.276245
39.85509
28.443542
37.47882
25.013714
2.6393
4.9509974
30.381628
41.904434
4.877772
10.58813
47.5207
33.891823
68.57582
44.884583
36.297565
55.207153
66.34951
54.00332
64.332016
130.92685
149.7826
26.922338
30.000061
33.61972
43.94566
34.163258
49.95721
60.003258
49.139164
57.75422
71.200195
76.33836
27.251673
18.047237
15.588168
30.049906
17.309168
25.728546
24.174559
40.71778
31.547562
18.713047
11.394009
25.775833
1.353758
13.230168
31.814175
20.479736
22.242138
28.95853
122.228806
61.15574
63.430634
51.1844
48.477875
40.107002
57.283344
58.5525
22.030045
25.852097
26.423788
28.308064
28.109457
30.91037
52.052143
4.9402475
3.2790825
2.6146092
30.606205
24.144045
44.742565
30.720013
40.570427
42.89668
22.251408
6.755745
10.975025
22.162949
16.568516
30.184582
35.896217
18.269472
3.019339
3.1375976
12.591697
19.808311
1.7951171
30.31487
23.71402
32.15149
25.87934
54.817482
81.0799
40.492104
43.01457
40.09654
30.879583
36.32437
46.49636
33.068817
16.75214
74.61265
93.17055
92.62099
73.415985
102.81763
120.575356
80.50884
209.29361
91.96458
83.22551
189.32877
112.850136
35.398277
36.973286
53.32608
87.56032
88.575905
123.9655
49.892242
40.703697
110.177635
12.19932
19.329376
16.667828
4.5702934
23.909231
30.650333
27.233164
20.691391
28.594746
25.632229
19.77912
19.678965
22.824026
19.526705
38.215973
13.527224
15.639696
8.370157
1.4405725
4.4006834
9.763506
16.640177
9.917379
14.337944
11.027536
6.894217
45.47292
37.739597
28.265158
49.387093
38.59169
78.81839
71.7152
90.43218
54.656147
12.660784
21.490932
13.703603
5.448483
10.968334
18.368593
31.49735
20.968075
25.276802
38.362587
6.145501
10.774717
20.201023
15.538953
24.094692
15.937315
46.885246
9.084123
28.245846
9.880332
37.282463
22.860483
5.824219
62.614662
2.7330356
10.1489105
6.3343253
16.843777
20.796024
15.146322
31.534683
5.9971647
11.143271
14.843283
4.147581
19.873133
30.765362
49.247124
18.352957
40.170555
79.42482
28.221537
42.150906
57.878296
24.595505
60.424885
43.34383
17.92443
17.688457
13.391171
15.779854
12.198998
43.043777
5.3213034
3.540542
26.149939
16.619667
30.48856
15.378357
19.800205
38.013115
11.955967
3.7807393
37.222
15.757197
13.957037
27.97411
20.860989
32.613815
31.258892
36.507607
24.905638
23.654001
8.425627
14.12816
10.602383
9.193461
53.71464
88.457146
8.012769
5.8281307
18.334358
12.983902
30.923962
20.32821
35.006493
17.786999
16.9634
20.782497
42.0747
70.45212
91.99389
35.588448
50.40357
18.912794
17.324425
25.485748
27.27185
35.065784
31.941717
37.24685
19.543222
82.66771
45.27064
24.39442
39.908836
22.882998
13.55501
30.394226
24.230898
18.415216
18.924017
7.811605
5.6512837
10.894381
4.9524817
14.39783
27.90187
50.4262
47.93434
34.91777
64.238846
5.1452365
2.7889068
23.36497
36.40041
52.77367
50.827442
40.10514
9.439512
19.314682
38.284084
15.756449
14.75061
20.864271
25.450167
18.974762
42.62458
2.78008
10.512163
6.3190303
6.3129277
8.474234
3.3941016
5.0727663
15.153254
33.866615
105.16953
55.053455
67.12402
47.55351
71.13536
41.590023
60.8742
38.228546
31.824905
37.666576
32.272877
35.486744
91.78712
53.64549
58.77706
62.174835
24.849707
38.55226
24.710175
45.71424
33.768154
39.5511
40.775124
51.636932
102.12085
107.70915
38.786873
33.88348
40.680702
42.66526
66.69161
22.202066
11.066892
21.416208
12.392099
22.107912
11.860443
24.984264
15.973833
16.670078
19.691727
11.94792
10.310489
28.942184
50.50835
12.5941725
26.151648
50.95789
33.55765
47.794327
3.7253711
6.2300434
20.682343
10.347143
32.30735
5.0067167
11.319616
11.096101
15.712013
13.244481
2.429429
17.899546
19.141232
10.395014
69.143654
28.78924
53.68648
50.36701
36.552864
55.010418
22.042404
14.407457
12.958033
32.00992
53.048145
32.1233
50.171658
18.912426
31.522686
19.492
26.722143
45.000057
21.922403
72.48433
47.852043
24.01277
32.189808
31.804478
10.386732
37.412605
6.49701
60.234444
53.31602
34.65287
39.56097
41.51893
75.38297
108.13534
50.117043
94.9023
114.01448
89.90048
82.06827
51.053215
50.598297
69.298195
3.4648864
11.752017
20.543217
26.281742
5.568467
3.9350896
9.742862
6.560563
6.1063313
7.8755903
4.743354
5.255746
3.7057724
10.929894
12.42536
22.064772
18.30169
22.250648
11.357676
20.250278
19.769518
20.036373
14.365845
9.398658
13.915057
43.858604
19.940617
4.3275914
19.835268
1.4404725
21.338306
23.404568
22.276852
48.69874
10.648611
39.08583
4.4366198
2.5382931
30.032562
10.081557
8.24791
21.814972
23.081676
10.642461
9.101732
8.063665
10.326065
39.031273
65.1965
64.00163
69.295166
40.525093
51.252434
29.022547
10.301848
16.609715
23.889881
32.66122
11.323666
34.258854
7.6763635
29.913168
46.77761
74.034004
77.133514
72.56413
15.16997
10.834257
28.367044
24.42329
36.531326
6.768979
4.8846483
8.929735
31.613821
10.551786
10.939546
10.950266
23.050507
17.428661
6.427008
3.5885353
25.270655
2.0908678
33.271423
1.6473227
28.502588
49.710384
20.77562
18.571222
27.23993
27.751032
34.605156
27.480383
10.531255
25.74591
12.39919
21.765553
79.9749
49.523243
14.421621
20.26451
23.661213
12.545787
13.112803
8.650038
21.123974
39.786892
2.435125
7.38782
2.4047377
15.287851
25.895157
19.844341
4.895954
6.0173426
31.737864
26.17597
25.088835
48.85808
19.007977
2.7320163
17.99783
29.914606
22.225956
32.20566
35.595657
30.942587
32.9107
47.911934
66.24369
22.919188
27.886105
3.6963139
4.76245
45.575607
53.538574
24.581663
47.191765
36.17712
33.336765
33.557896
26.953054
54.591785
25.17656
8.870443
8.3281765
11.556679
16.722824
6.355605
31.364414
26.76064
34.917282
26.901455
16.028131
18.802801
27.61636
6.8285666
6.6727686
47.727142
19.149982
23.15174
13.882196
16.93725
34.339367
18.356373
7.6245804
36.015427
30.213055
9.601913
23.635025
2.5704837
17.463202
16.502514
21.299217
21.034115
34.06635
23.741774
33.75783
23.346237
20.381657
4.963498
16.759598
5.278746
8.262303
6.2543516
3.2546902
3.0352824
12.421662
10.03451
23.574642
14.215772
29.718647
16.146557
7.3306437
9.058384
50.25118
50.57169
39.533283
109.33502
80.77753
70.571495
61.44222
74.77691
62.014996
34.19425
36.546074
55.610313
59.08796
37.99067
42.452934
31.797077
7.941728
33.11758
21.286173
5.1157193
14.255791
4.9084597
8.911981
24.90041
42.85205
28.43338
27.059597
9.966014
28.944687
11.053637
17.873217
26.758396
31.304804
13.4616375
13.100416
21.162094
2.8785322
4.065835
15.578543
27.884602
17.37996
13.350542
21.37793
23.933994
12.161713
10.771543
39.72783
23.22046
8.259598
26.686823
9.908712
12.272362
13.837102
33.628185
37.330166
12.798681
0.90209305
2.5185673
5.773364
18.398525
13.302663
4.889729
4.282325
14.336266
16.041206
5.003062
7.729431
22.22597
11.881989
2.6285813
11.941683
6.018241
7.6854377
19.928017
45.11178
24.426884
36.988716
30.813192
40.81617
9.586626
60.586052
52.23886
36.213997
71.20723
38.509823
18.386797
62.029793
100.72197
189.01813
93.76286
3.5704722
38.51803
25.65266
33.88712
9.648189
19.858858
44.33001
27.366184
20.797104
28.694773
2.2404125
17.446697
13.846744
27.831722
15.017838
9.608112
1.5373342
14.528231
48.96206
28.274204
39.3358
96.87455
68.32428
94.98156
61.79994
71.00186
65.61753
77.61297
79.22869
85.928734
64.765976
82.548294
50.058094
86.98527
74.734505
64.96443
62.915955
71.84137
85.56911
69.44547
67.70094
66.24857
64.563736
68.57802
11.875657
32.137394
19.358032
13.121828
28.335653
43.95948
18.028336
39.2198
16.286509
6.3351936
12.995636
24.44086
6.3697896
14.310501
24.840065
10.423995
25.741547
9.795793
3.5817127
8.161321
16.544838
19.96582
34.618042
30.231579
38.50623
65.63765
31.717228
30.507395
81.29363
12.607096
1.0595659
17.706789
27.593756
15.117554
15.29971
12.80453
53.885273
26.862019
39.19789
24.032187
36.549255
16.182259
5.5793166
8.632744
17.323246
23.872782
26.140976
33.88988
13.024503
39.276955
10.558714
27.107925
28.525122
29.692135
25.131392
33.619865
49.031025
13.903462
22.880283
15.008379
25.341412
14.968638
27.196411
18.725422
11.227687
19.379442
12.800763
15.603183
13.804296
58.003197
37.514256
19.254974
11.052666
13.110751
0.7976712
13.068779
38.177235
39.86033
19.254728
3.0462482
7.441789
45.688953
10.715351
9.228038
8.754006
5.366906
10.02871
34.8851
28.014332
22.569992
20.783346
82.99379
100.30415
86.08392
12.1269245
31.161438
91.3927
87.81469
59.16561
37.613712
39.48164
65.41191
58.23872
38.94831
45.491306
62.889637
114.0011
1.0349877
8.6699915
34.401188
22.246662
25.105074
16.988958
40.964275
14.579539
29.89758
49.283897
19.785719
21.739878
35.980606
8.441548
22.720337
19.165228
32.82822
91.81697
94.58699
45.10853
9.914118
9.368326
19.880838
9.04244
13.165131
9.03242
43.665005
32.958736
54.813152
39.143795
36.7619
18.657139
19.789204
3.7025871
29.44719
37.85882
9.039584
37.885883
58.50597
68.255554
117.81101
51.798023
66.57398
101.94591
92.48052
19.415638
52.45448
33.369785
26.900675
40.31452
14.992798
2.4336946
19.69761
6.6157823
10.644451
37.24318
30.968191
4.0388727
25.237844
40.661816
27.241104
51.41927
102.90867
79.99335
12.764559
49.31151
60.538136
34.738045
101.976944
28.20722
16.584179
17.632896
29.044422
56.05834
41.110836
18.449272
2.211855
189.54073
102.109764
93.93539
120.93767
128.3798
124.4035
127.20427
126.79854
112.650734
105.82717
145.98337
81.75585
93.1037
88.564835
95.017136
114.15358
110.724754
79.202255
96.449875
102.673546
94.97722
92.96101
3.0249782
27.798565
43.459618
60.29132
59.259216
82.90752
25.957565
85.36188
59.45513
138.62906
35.615654
14.293027
28.682621
1.533317
5.966718
46.52304
25.260324
50.646553
30.931217
109.16768
115.804344
120.18457
98.76692
96.649
84.46783
30.232712
37.90313
95.543816
96.104485
32.39081
120.12573
62.389412
62.392456
66.07611
82.09744
78.16229
19.385265
29.93631
44.616455
38.481483
104.25279
49.898273
17.583286
47.774788
87.29708
62.757484
79.741165
107.69661
80.90681
33.681694
66.75917
101.975876
59.187317
118.89913
56.410564
98.19102
123.68453
27.0471
20.042934
84.775246
54.211346
76.73147
64.391685
80.206726
96.01035
65.29571
77.33303
74.952324
49.286835
52.22832
61.542213
37.05509
6.4245577
75.938156
10.630771
19.170582
92.86356
41.07804
6.503985
87.90025
36.93934
21.165512
20.671703
26.960932
62.169975
57.764416
76.10911
41.306988
80.16004
60.0028
17.220997
46.111588
29.622513
63.836662
28.160141
99.86122
165.74638
97.696785
69.94063
68.15321
64.97513
53.44137
32.465477
59.481438
51.517418
56.544556
45.27942
63.762146
44.08463
122.070496
110.646034
105.40932
118.58362
181.94955
120.75559
95.831024
127.76434
109.03766
83.845505
120.31122
115.343506
80.82703
117.844055
138.73036
94.4071
158.25343
77.688515
119.9312
208.4139
162.90674
171.41754
70.437515
104.68233
12.24488
58.48588
73.02562
89.56851
71.066414
68.05571
143.44214
42.076134
16.94356
21.25131
63.518963
41.55403
45.68438
38.33993
1.8711464
14.191772
40.59471
53.632824
33.92292
29.538021
57.249565
45.439995
54.833504
3.377793
17.949963
40.561985
28.394226
32.917988
53.244164
30.991688
32.635708
70.72603
60.49389
177.44685
133.92813
141.73163
153.86356
20.133
47.80131
31.90192
14.737805
40.553295
18.421637
91.88689
96.14132
108.10887
99.43929
135.49156
170.92862
47.51701
15.679959
59.45037
39.83111
52.761345
33.833992
39.287304
32.5076
8.917681
22.49798
23.943682
22.021816
24.443325
30.621857
3.2521198
45.62447
36.139797
44.30404
23.043653
23.863552
38.3585
59.3985
35.2913
75.977
81.290085
82.42572
61.877625
105.45259
74.93806
93.51936
72.98147
32.37231
80.377396
73.86461
5.590288
65.93647
84.1832
101.29802
76.81429
114.0092
87.03563
94.04921
98.57769
4.8779483
14.886827
149.81528
20.39973
5.275809
18.40998
14.811717
45.782284
48.47541
35.693497
19.492031
16.020233
35.33725
18.937412
11.780265
44.26511
2.9795523
22.593914
35.939743
40.61622
41.459953
54.417305
32.21127
89.023895
13.0376005
37.04101
45.685696
25.991898
35.939873
33.608368
42.403206
202.68768
98.55789
198.9707
136.56912
144.96161
43.95736
37.042294
105.87981
52.979473
34.61913
117.29993
122.572365
64.078995
37.803917
109.65147
205.59744
265.17563
205.67184
175.65231
217.95859
185.10474
20.039413
8.046038
12.265106
10.836818
5.9034524
34.330322
37.135933
50.362896
50.31759
11.662261
11.945368
30.031702
36.507942
62.62862
33.984055
39.165855
27.05544
48.975246
25.678701
35.55333
59.524025
140.5608
93.83458
118.193954
114.74638
114.72429
183.54703
187.70444
62.646526
27.444162
36.694057
48.435966
45.148857
34.868263
20.835218
50.90603
48.1273
13.707848
109.135666
151.15292
148.29376
102.98244
123.97294
127.09286
157.60007
146.43036
143.27441
59.693703
27.503162
24.88366
26.396027
15.873787
64.13768
73.00758
88.854385
140.35202
107.04514
189.30692
97.34501
175.02068
180.06612
113.39372
33.479656
47.442818
42.942513
44.1036
70.78001
60.08274
47.413013
58.26818
25.775158
62.11831
78.41586
82.80277
51.811604
32.601814
40.55684
25.833822
19.837751
87.47788
23.236677
35.43094
56.938587
80.44777
79.962616
25.268679
15.8843355
57.789562
48.13274
51.488075
30.915014
73.87892
25.367523
51.76336
116.691444
45.757507
61.83015
30.821884
89.38937
43.613747
98.19356
56.695038
55.389458
116.74402
25.553446
78.572495
23.660976
15.865202
54.335194
19.494795
43.6733
33.083977
23.03547
11.702364
102.142426
42.467598
59.530243
39.76276
58.144276
29.035473
27.625828
34.682415
37.386635
109.42672
27.237906
34.19671
27.24538
25.837738
49.38528
39.025322
61.057182
32.91511
52.2511
43.45593
33.384834
31.133938
88.71808
66.07886
103.02362
71.97722
35.094322
10.5176
82.77156
121.1473
87.66203
80.25326
42.342167
47.89585
28.796839
23.220089
156.35507
114.698326
55.90027
98.86332
78.35175
65.94152
73.271
17.904945
49.977116
45.511475
19.700724
71.24563
45.834038
28.688232
56.041412
30.358719
46.822414
70.87123
89.04405
96.98909
118.62007
79.47316
164.79308
92.21709
15.801999
17.961279
54.420708
37.98607
92.38435
103.12734
21.852993
21.68445
34.973293
21.36613
22.106945
58.58018
82.79576
10.290098
10.926681
44.09301
70.34557
28.302301
26.540405
17.501472
40.002197
72.53297
39.678894
109.96779
88.60475
102.42201
98.50207
62.868736
30.616817
35.31597
15.439392
21.8772
30.171627
68.89678
47.42749
66.6136
60.937336
45.232204
18.353642
64.351494
16.313364
40.7273
21.461433
4.749114
53.728333
58.455017
52.06305
131.53268
232.45674
98.547035
121.51982
98.15526
116.12274
99.04385
87.731384
121.96101
91.50779
101.72181
43.233665
15.295896
95.993324
92.74908
125.00975
91.008194
83.38767
152.80594
118.20021
101.97075
145.24997
32.32821
8.918803
24.66338
16.890368
94.14407
20.370552
30.324366
21.77381
25.64121
31.362833
62.62075
81.05155
45.59363
55.06895
59.04959
58.747334
73.228264
11.882235
29.068813
19.215208
83.11787
144.77245
36.645847
37.020496
39.936512
38.270634
39.037106
72.52282
56.257427
105.9516
64.68233
60.13606
60.337303
89.83833
61.381634
57.811646
16.666819
9.852869
21.753517
25.314587
17.238129
10.144728
60.752552
76.37313
91.89494
103.942444
56.351765
59.597595
144.61589
93.25439
190.66528
32.275627
18.401604
24.070314
24.162943
26.487741
62.615234
88.73582
27.297388
49.848595
36.931587
59.095665
52.059986
12.95445
18.438362
15.085081
2.0102398
90.109886
51.180435
85.91348
66.92526
115.95801
51.77487
32.862473
26.888596
25.274166
27.059225
31.671131
38.687897
50.656876
89.972084
27.486694
16.851599
31.73933
33.928944
54.61203
57.243958
36.032204
62.11605
158.35263
11.307477
1.1406078
16.749508
36.968838
159.15646
183.39249
192.6724
143.29773
78.93465
119.10476
128.25313
153.24902
87.32889
33.686188
95.77761
20.074785
2.073804
113.01969
56.271095
37.65498
76.49489
100.23134
124.331116
43.754807
37.989388
3.9498048
18.764523
56.576588
64.7103
22.414715
41.7781
50.720924
61.884644
29.855236
40.559395
25.62794
38.341763
122.122215
1.6848284
17.519573
45.639854
23.64928
33.774635
36.885567
52.00583
44.129265
61.582703
37.590267
92.58693
56.777607
111.61632
35.442226
60.963715
53.246563
61.748627
67.601456
28.094349
26.401035
73.22554
38.396507
25.478275
39.30468
66.08781
64.325935
73.11318
40.437313
41.297516
24.667511
41.44121
29.217403
20.158361
20.000837
28.08815
38.819157
29.793634
95.03212
36.037926
15.479826
24.152706
37.61992
26.931738
39.992527
15.825172
43.74627
27.248388
11.368051
3.4437535
21.417658
12.256815
3.483665
14.4590435
34.495106
12.785335
52.994312
55.632526
14.36429
35.364483
42.894634
14.479454
26.640915
73.554665
50.42698
58.29613
61.43803
100.68351
79.287674
86.14339
80.888016
4.459449
39.96544
71.83994
40.316273
29.097818
30.45495
20.965773
24.397886
53.343456
32.068977
43.95222
60.035656
58.59659
82.991135
92.007095
71.98934
81.70847
70.708755
99.79586
103.05182
107.62178
112.959694
95.93177
87.88939
159.96732
129.66449
102.83852
72.60747
86.114
68.152695
124.811646
80.93857
57.866646
64.45888
69.610794
94.83806
102.69255
113.87334
91.86745
24.878508
20.154644
37.515144
35.995388
21.303066
32.85982
22.05542
138.16475
139.83395
86.540634
64.9562
47.45156
29.805618
13.555967
0.9368547
11.117914
28.852406
32.412865
43.290897
36.91496
34.429317
22.537472
108.53706
88.90598
86.537476
106.67279
91.044266
27.832966
95.76042
157.90465
132.12526
13.445951
81.27579
30.031656
21.242893
47.175453
73.49914
28.636372
50.002357
27.48643
74.86162
38.344826
10.698733
12.908701
25.256483
62.088783
67.91475
71.71349
149.70215
103.75482
63.11795
157.71729
38.127052
31.799286
13.190836
16.272665
74.043015
28.949686
45.291084
49.27731
19.09048
10.571265
17.601303
52.76175
71.7101
68.04138
59.673866
33.014412
63.03074
27.769352
20.562515
228.36389
279.7263
120.783005
105.956116
130.99144
145.0478
93.572525
85.32192
96.85832
71.96457
90.700806
44.594307
43.66931
25.68161
33.437065
39.71937
78.587265
55.700745
4.126625
35.55562
75.3316
43.644226
12.707649
13.566112
46.6617
22.748045
70.103004
73.02413
59.124462
86.79909
67.12532
208.03238
113.09938
121.04881
141.78433
118.86577
92.49113
102.642555
92.8571
147.63016
61.88247
46.86858
71.49915
65.57637
55.22605
81.43739
112.7192
96.65737
89.60437
137.94559
107.864334
155.03214
176.5762
177.91687
56.485645
43.646984
67.51943
35.51957
44.70093
80.20898
40.032967
242.35649
26.842548
24.91845
22.1847
14.010882
51.708443
23.089727
41.305504
44.071823
27.644659
116.29753
164.53018
133.74057
125.72909
86.46296
119.01955
117.183334
77.460556
132.5054
38.969826
32.8257
31.826077
56.413227
34.927265
9.388965
25.259565
26.402973
48.521667
21.01915
15.5257435
24.507145
21.659735
21.069536
24.874966
14.164106
52.128735
25.406994
51.345013
44.09524
70.98854
63.097313
38.70368
112.55774
82.199814
98.42995
161.02252
91.16481
147.45102
176.93184
130.81506
109.149734
146.20522
98.2746
94.78475
69.7738
104.086975
91.311195
153.71524
144.34195
146.92075
147.36464
146.01299
107.408646
35.81162
38.057095
53.088654
77.4756
58.127197
86.523964
10.662373
90.30558
80.20054
204.26797
19.508947
96.62233
40.57316
13.348636
2.2364688
20.448605
25.561989
37.35127
22.278513
40.87461
55.98178
51.094578
58.645184
51.56745
17.823751
60.33795
34.40031
31.26063
28.262577
32.3658
13.7820835
73.69054
24.593594
32.994133
42.72015
25.570728
49.797966
31.834045
28.038717
51.154415
51.915245
124.59912
101.80061
94.330246
107.61369
100.25278
179.07822
155.44673
70.31069
264.081
109.84654
104.91172
115.11743
136.35814
163.09233
155.54828
176.59714
179.98051
144.22133
18.420042
50.37
78.9091
75.3987
99.61547
49.789227
151.45708
94.55895
80.33869
97.53252
126.93459
120.95354
60.549232
69.72382
126.10891
100.54802
122.68803
41.01832
49.608665
63.13615
59.708397
106.96843
56.763836
39.210934
24.30402
27.0389
41.17453
27.658459
35.303143
16.813126
81.327644
19.014116
115.668236
19.371777
9.451544
34.0252
67.60621
103.10506
84.339035
78.9199
26.610676
19.519926
13.201338
43.1394
34.743916
36.923775
144.36269
75.374435
49.45902
89.93964
95.495575
39.309902
54.8727
33.805412
10.120377
43.055378
84.48451
65.85397
73.115616
20.389683
33.54914
58.728485
30.87878
20.863684
169.61752
88.81394
52.704693
61.712624
35.005928
42.48243
27.313587
26.55163
58.992226
83.019585
5.658263
40.520836
52.231884
51.180515
35.12091
55.17301
32.867477
189.36574
18.430222
97.97558
94.80204
148.22813
104.06254
105.52405
130.6034
96.28352
125.574844
95.18968
113.50816
103.35342
122.83201
88.95802
19.476902
28.197668
68.09636
73.18031
71.98189
12.505527
10.097198
40.284134
112.03373
100.46028
45.459698
94.18541
80.06381
115.68917
132.1819
189.37662
201.95035
65.456924
51.487366
3.9271653
88.82368
99.442116
98.25017
100.45221
99.198746
99.90542
65.18518
52.982063
10.391824
38.42798
56.995117
38.28894
47.228027
51.355736
30.42666
40.812172
28.742737
37.41225
67.10315
37.39269
56.31153
14.268501
55.80181
38.427166
26.827158
44.576252
68.1089
101.99034
121.358154
18.012012
40.20397
19.45098
15.45253
19.838308
13.785818
49.46328
44.53857
23.00481
32.94561
24.166742
50.346874
32.425182
38.390106
84.75654
104.18284
27.41261
45.75323
18.779839
42.212788
66.06944
49.16012
45.732647
51.00902
27.273478
26.464901
79.90609
98.031746
142.73842
34.81144
17.301416
26.897594
20.707195
33.346718
49.10987
53.37129
42.796932
53.89966
66.8866
46.28402
32.315105
58.67851
35.672203
67.84096
26.914469
31.217825
11.097606
32.050877
14.216573
43.10691
34.663116
19.975843
13.477855
13.768446
34.114464
55.729298
37.6652
81.62898
3.437323
33.489143
54.52111
14.566282
44.42745
40.168457
93.9598
29.80806
27.767483
37.13055
91.08605
64.72245
52.745026
101.46843
103.492325
109.79934
89.297874
84.454765
97.78393
111.15421
171.59398
119.04757
131.6674
121.595474
171.08353
191.27826
152.37415
120.02966
170.54045
98.46493
105.451294
48.091175
32.60473
27.405045
98.68014
70.69542
10.902686
18.913645
38.70424
46.947224
51.293427
27.764755
13.144467
42.895504
44.830376
38.511215
104.6357
37.81295
22.877474
31.226004
47.757824
33.934547
81.57552
31.066462
40.31451
56.698986
34.239143
36.891026
49.640984
54.43061
27.859455
42.204388
26.523493
147.89868
115.909546
179.20322
116.246445
64.1151
62.673004
85.182655
86.96544
128.66261
75.328156
84.613174
86.99831
52.184296
81.30414
56.38863
74.40062
47.5016
59.71596
48.51058
18.283644
28.808802
50.48359
64.2731
63.82845
34.006546
47.40618
20.777084
65.1743
67.65641
45.085754
84.73171
62.85542
50.121986
5.7277827
11.6191435
55.963276
59.692833
111.7845
57.16291
55.751965
110.77637
160.73944
69.46324
69.62755
86.13043
68.2013
121.85995
76.893715
77.52195
159.11302
13.134119
1.3088167
11.362382
3.5382752
51.17716
19.845718
20.7701
50.87571
27.12531
49.48374
19.791443
49.800743
35.285244
16.268337
14.802164
39.762806
13.632467
53.859306
23.278297
74.88354
84.42076
78.333046
31.03423
22.742249
74.104355
63.417187
1.7764126
57.450096
59.99586
84.91643
86.716896
113.101
119.45282
103.90647
124.60097
61.088318
85.181435
78.396164
84.85538
92.02625
109.44159
87.682625
63.785515
87.92146
89.333565
41.13834
65.15053
48.927425
81.36442
31.959202
47.45534
81.51604
16.94554
26.532734
120.9833
69.826096
83.56104
85.146286
23.806435
26.803986
14.11642
44.558197
20.142365
52.720398
79.29284
8.014499
35.639343
39.963875
48.857918
29.108856
80.47453
23.33945
17.627203
71.72322
27.493841
55.137573
9.378976
105.01904
83.51515
89.60228
49.674416
8.164372
5.1349115
23.096851
64.10991
137.43733
149.4177
75.97057
93.567245
97.86476
89.0473
96.720566
76.566864
116.189125
19.627188
33.57394
29.663385
44.296116
44.2505
19.971287
16.307682
40.25562
47.470024
36.560528
40.821003
9.851572
37.59315
41.46671
24.408546
35.519703
34.7454
6.161015
49.92862
21.519634
0.9858383
38.611702
44.766796
58.992104
105.63287
25.18663
10.316006
30.958706
74.142494
29.495169
29.684158
39.951935
65.51857
14.853572
1.1662235
26.465908
70.55687
59.468834
72.29195
57.8825
177.25116
10.607862
51.88894
4.6852474
17.870373
43.774128
33.085274
38.363247
57.105965
29.496204
68.21055
84.950775
65.781235
77.358406
74.76787
109.0789
82.107834
80.65565
10.059957
25.21908
36.428925
35.57502
19.566448
28.676605
41.433144
77.47957
74.02659
62.30909
36.423546
48.01296
47.722763
31.164755
33.79076
28.376245
33.987545
52.559563
42.16001
22.347279
22.721796
19.061403
38.950386
34.32979
23.495552
113.84912
94.13652
110.78845
93.77654
109.47215
24.414196
52.641396
22.185223
93.99742
104.58705
140.62497
201.48055
216.25089
149.75761
106.54472
103.6261
103.34889
76.043205
63.314186
81.524536
72.95471
18.61986
27.220814
82.32126
57.977123
84.19113
49.513348
50.732788
77.89378
55.99051
67.656494
31.636398
30.917328
70.51454
109.50873
103.15979
82.232635
45.011803
43.002937
41.365864
119.20658
112.64557
282.28683
83.93785
160.78728
146.17743
216.54248
142.09517
51.665413
38.268105
30.970379
33.8006
15.258313
49.060505
34.5395
46.59923
73.556114
2.9552982
36.768536
34.57431
49.476654
5.2958555
61.63136
90.5352
28.021524
39.844048
10.708212
88.622314
26.781033
41.44909
35.60581
30.391846
25.522274
101.939064
119.97819
74.23296
80.81569
91.91303
196.2176
140.95319
164.84384
304.99567
228.05241
38.748573
70.53354
54.95327
53.894653
47.680412
28.292007
27.466211
65.57118
39.29536
54.095043
23.508446
35.33184
89.12252
51.070274
43.699173
35.375813
33.423447
31.384497
73.741165
31.671825
50.222454
98.95507
98.127846
114.86155
93.05605
23.216043
12.502276
63.394707
62.77569
73.13216
66.415825
67.57625
75.07658
74.41052
30.399662
35.52794
17.472622
75.478325
105.867065
38.247017
34.621395
73.13057
45.179073
34.971085
17.616129
35.100674
8.287573
30.072681
50.82015
16.993412
21.400745
32.9815
15.992569
72.81315
5.749707
21.534
34.349686
65.17717
35.037674
184.06323
161.1106
50.129772
46.545647
80.035904
39.293465
94.376396
38.893013
38.570778
43.245117
44.556343
42.231277
27.586584
10.176592
63.530254
25.553188
28.910206
10.018847
47.02552
84.90061
97.0399
85.28047
27.72138
39.999733
90.38062
73.52335
109.57755
99.88962
77.57399
42.650726
32.20188
16.514666
74.74892
26.459513
42.67411
31.871332
84.82118
69.76466
114.0119
22.486853
59.555023
12.734473
98.19927
14.21389
57.194008
45.977375
48.90392
58.733925
31.584885
37.844566
40.955566
27.810537
3.969202
35.35338
47.81081
41.152264
45.164734
55.86786
82.740425
108.16461
237.09293
225.9891
98.06575
28.910183
30.600178
13.786275
25.129482
13.808995
14.063799
33.155
19.515568
40.324707
80.210945
65.43588
46.455776
112.163315
170.32585
107.90163
60.85497
21.94228
26.153545
54.953327
83.41682
36.613342
22.024925
100.17598
96.811455
90.91701
35.967983
47.842377
52.05125
35.560158
16.934338
39.543297
76.8349
17.587124
28.614056
58.816326
25.09407
57.767567
114.67981
83.712006
58.103233
11.748237
41.142395
122.46786
74.10948
136.94763
6.553318
119.81602
39.11165
45.952534
39.61958
44.7685
86.470695
84.01047
105.06319
50.7122
49.489765
35.134235
119.199646
11.964079
60.85852
48.616535
27.808544
36.34477
35.03303
107.98496
117.42881
20.16074
34.180138
18.954042
6.304265
5.629946
28.179892
50.91372
24.768057
33.981243
32.486908
32.331364
23.874807
113.52952
59.760693
77.41417
66.706856
156.97156
10.610395
166.32158
83.88394
23.282202
31.078226
38.63013
93.09313
98.71065
162.18015
169.88124
164.69232
124.35183
96.93764
123.207596
117.475075
102.31008
95.19162
106.88054
126.970314
95.11815
89.457306
104.58309
3.4094677
74.68666
20.811708
26.61203
27.002304
26.902096
42.905396
36.205746
94.12437
115.91453
65.79085
53.647835
38.404766
20.190413
72.99164
92.87019
38.953274
104.91124
91.22086
99.59364
96.95653
79.40979
95.22126
88.80497
22.04314
89.079254
86.59974
84.235405
93.988495
167.27454
133.61604
79.067215
94.67638
53.20045
17.815502
25.422089
25.484608
44.592476
34.73626
65.39526
35.97367
36.70627
76.30855
60.076973
65.6712
74.89054
44.330524
58.354073
112.46195
147.19383
77.792305
114.31468
157.03378
81.973045
155.83633
83.371414
91.18851
22.961107
19.30569
10.919876
24.17131
46.779976
31.242123
40.20263
31.43982
51.09531
20.806282
33.53597
14.049154
20.254408
5.2555323
4.9931974
20.400774
15.267835
64.339836
92.534164
75.55052
89.25841
82.61709
80.447075
90.83656
160.50821
29.552362
5.482856
44.402172
47.121906
59.101967
63.261772
27.501226
45.95158
100.04989
27.813297
62.255077
99.51688
94.297134
70.72441
89.169945
80.07684
48.074844
20.652145
50.80988
50.118835
14.391139
1.3762356
10.7614
7.4847374
14.80599
22.059372
27.601217
22.978298
15.398201
46.928947
42.81962
26.813437
40.020416
28.020065
22.755436
40.363754
24.314413
27.109213
62.495186
42.604053
31.319132
59.13513
61.265553
67.64222
50.2051
20.346203
18.448206
31.89327
30.066433
29.120316
43.34888
19.761246
43.120644
31.30276
44.405468
35.296646
44.62782
22.900248
62.265343
40.628548
37.460663
45.47366
86.21259
38.94874
9.403202
18.33787
36.330997
19.404207
16.049086
3.6118836
11.97815
26.320866
32.928295
32.112186
32.90783
12.877498
40.783546
20.758728
30.725967
3.4649632
24.736887
11.780973
12.168799
8.444926
16.60992
31.719782
33.3379
55.0143
96.041664
53.940895
46.24506
37.972984
51.13222
25.714716
49.56422
67.64127
34.350517
54.02607
42.362053
58.93109
38.136143
30.949436
17.797699
109.49154
67.094284
11.9146595
52.211647
63.225677
52.62417
37.2212
36.63105
48.30615
31.56098
24.256002
27.003506
45.187603
18.97028
25.666723
25.723017
21.555593
31.422974
16.164951
26.14887
16.621828
12.028605
3.870088
5.0318885
36.577248
44.016693
45.1183
8.151994
10.21953
118.464134
20.90772
16.958246
12.330466
21.576292
31.562216
1.6627645
7.799863
9.846697
6.7645707
34.38313
