710.588
117.73085
64.598885
60.682148
11.452396
0.8861613
14.574028
85.36039
69.95286
131.2776
121.895706
140.40854
231.81767
256.89856
122.470604
214.554
190.39082
145.86472
194.39285
217.49905
354.0961
64.98278
55.046925
51.93505
73.249756
152.6725
133.91124
152.15479
160.2489
135.37865
146.67546
126.65314
215.74118
230.94495
237.14185
163.89235
146.52359
140.56357
73.20954
145.37508
194.33235
321.17194
81.53177
115.45099
156.89186
104.3233
173.93869
145.1683
83.10744
214.14624
70.22456
70.114815
177.38454
85.303955
123.3116
139.02225
177.47379
156.92854
199.65018
232.11563
309.71655
62.288216
217.82942
268.48502
153.49843
212.53625
247.61687
224.93185
178.24907
155.63242
215.86441
200.2543
65.94423
69.68965
65.86277
140.84236
161.72058
76.01353
194.9892
238.46086
235.88582
138.03365
135.64053
10.646759
69.76924
127.314865
154.11444
134.91214
152.09207
84.67575
79.25085
120.63114
76.143524
190.79196
78.86948
3.5252056
92.68829
125.67362
16.485407
113.75912
127.89358
179.9912
133.38934
193.90042
92.37189
64.484634
97.337
78.53158
58.530964
227.50125
69.86214
192.61209
267.2346
202.6513
368.92267
318.1745
249.16374
153.36331
102.267426
2.5306573
99.953865
165.47766
250.8731
288.85272
286.90982
75.5882
132.16678
122.52635
80.77659
178.81418
172.719
124.41492
261.4044
85.475845
158.06133
69.4658
145.51456
95.44957
164.29597
356.2368
208.45499
148.22629
69.49772
188.67429
9.929819
170.36728
171.50302
169.74307
260.012
81.54902
88.49751
188.22806
128.65671
231.3979
117.45601
21.653233
60.83309
9.154238
86.10931
152.90648
203.88083
74.9938
200.62038
150.66977
135.24527
188.41443
64.38817
122.345535
245.7391
86.93977
67.123375
21.107145
53.056812
255.58981
131.8978
135.75514
206.18588
79.36422
315.14615
112.38206
152.86913
95.87416
242.63138
79.141556
99.51471
188.55331
17.351816
40.387432
80.41995
149.7926
122.65576
248.71805
105.212906
257.66763
260.47305
141.30226
149.48294
126.774086
141.15309
97.62383
199.76686
153.893
127.017715
294.1381
286.49832
9.131952
255.5361
110.027504
145.33353
159.87204
92.394646
150.67508
200.7436
15.308682
78.91373
155.52303
232.51546
365.02744
233.42232
194.32736
1.805225
19.51014
26.444279
82.83645
71.30101
150.1996
319.40973
466.82526
254.7457
84.1429
134.80559
94.11404
145.21147
78.53092
196.01984
7.435525
304.39935
238.97322
169.03024
29.109066
104.70439
141.10005
151.79695
156.68443
82.166214
255.19302
142.33018
147.1022
84.682144
215.26277
134.37761
133.95142
105.067795
229.99585
192.00648
98.14933
97.1819
132.85612
156.81396
10.532443
10.411154
33.181915
89.12405
34.7482
86.83005
12.321403
65.76791
35.743057
15.836046
117.53188
78.9099
149.35031
197.50972
375.77133
131.81496
180.30115
266.94794
236.44319
88.28761
127.921524
220.97124
88.76817
34.717976
73.75267
8.834432
201.12822
94.04867
202.90964
72.08212
271.33853
122.13313
214.41887
135.71117
167.42587
115.649826
227.00674
249.31308
162.97685
108.95294
242.24878
102.17739
192.04929
162.96356
224.67407
86.94464
140.304
25.636923
143.53604
212.21696
13.432489
64.995316
66.36167
65.75855
84.846176
121.16423
194.05634
153.91817
88.89845
69.33269
63.475586
91.184105
314.75873
85.74909
135.96648
104.232864
208.95618
184.35773
143.60051
304.6164
196.94394
171.98355
101.64933
72.91756
227.25444
198.28983
204.98593
196.07477
200.88602
214.13187
137.91945
61.73128
190.57268
75.55221
0.29638496
35.840096
140.89023
241.1296
30.359863
161.47021
209.91512
34.04078
9.855636
57.74947
138.8447
30.62171
103.69081
11.549202
112.51778
228.30447
13.482246
145.98256
111.07981
94.396355
354.77948
213.56587
148.51407
143.51698
169.21736
19.926903
30.123484
12.750238
198.0347
67.63048
45.78141
99.45955
392.13507
70.40109
30.175074
91.26438
143.71297
78.32728
136.29323
129.95477
70.16343
82.685295
153.58224
214.00278
183.94922
125.303055
58.633625
21.685856
8.759004
22.789122
87.32941
176.06258
24.098463
142.57925
73.49161
74.637054
210.679
25.66917
10.652648
160.12791
138.56369
174.09973
159.46657
262.7379
156.97421
277.97833
139.75131
135.58517
10.806299
136.25432
193.28496
196.01616
212.24411
143.08318
273.7933
87.54729
150.52322
84.86343
156.20712
265.64056
5.3546357
101.848465
179.6418
198.09183
88.47961
9.965654
75.111885
216.34937
199.51143
73.22275
131.0259
0.36243466
13.490031
87.789566
72.55881
4.8914347
16.650267
100.149826
100.59932
153.39494
105.8635
73.84635
72.463905
258.58197
35.325966
31.31171
115.77488
197.09938
155.28452
208.91255
215.47905
133.83304
155.2744
245.83012
149.5306
215.31863
194.31572
130.59392
201.13228
79.898026
1.5911454
159.00494
212.13736
85.158516
147.13774
200.93518
186.22043
105.88932
92.82094
96.300064
75.85664
77.352554
153.71854
69.307724
223.53622
137.40225
184.10345
278.0172
154.66
75.89784
208.88553
126.88975
82.678535
252.56839
216.83414
131.32031
123.38534
228.59541
301.34885
247.09
208.18253
169.05873
337.38422
147.24297
209.99619
126.31321
71.92641
127.62883
79.64754
32.261093
126.53975
74.789566
0.5291914
23.254345
13.590134
48.353954
127.343216
135.29045
293.4898
141.96951
196.44313
138.81712
67.817116
93.09358
215.20073
89.0574
155.79062
80.91973
136.91484
87.505196
143.78885
176.13394
155.51161
182.32996
81.92677
74.61608
185.56546
265.38174
40.91956
35.241993
93.053375
81.23708
24.892488
13.497195
46.918694
3.941384
136.2935
69.89368
254.30252
0.9334709
152.64015
139.53188
147.67093
164.06938
176.49982
109.495285
203.64069
296.24658
163.28308
127.59763
30.961689
45.409813
169.00441
134.836
309.48093
330.16382
214.2034
35.01882
193.60625
83.08888
13.080748
70.894035
119.45585
0.6389597
17.70519
146.15019
69.23228
338.38373
131.53018
165.34128
76.28624
2.0575144
67.36054
311.7855
77.73604
100.5316
143.43204
81.72142
81.03525
176.5874
186.61528
149.76706
125.65837
80.755844
72.39742
126.51514
214.25298
21.512495
10.426324
186.56473
38.341824
7.184705
74.48039
89.13582
125.02628
136.88766
131.19186
163.64995
69.00463
103.46861
140.55643
146.2037
148.10968
122.402725
73.5793
149.37335
210.62857
8.395498
33.113907
156.44603
148.88382
89.36211
85.98125
182.40802
213.29643
140.13803
246.08511
272.52905
153.42632
64.134415
116.08927
141.88797
106.48634
379.58752
91.71476
111.00745
129.449
208.58072
307.71957
129.2689
178.37045
159.8599
131.41617
76.906105
165.30884
76.47933
8.359705
9.130178
196.78754
81.03482
174.6084
242.50806
145.57622
214.8518
83.37335
12.328234
180.84245
103.610085
163.49051
153.97435
153.38908
86.1364
91.919754
163.90181
125.65739
261.781
277.20294
172.86761
121.12218
91.06004
153.82687
267.5863
186.87062
177.24313
350.45438
86.83677
250.89104
71.521935
210.95879
127.12598
66.838165
81.13881
220.03586
72.6031
137.24313
188.68118
78.95825
256.94238
168.11894
78.396484
87.47969
89.272285
132.85721
162.14545
204.6695
72.28058
1.0179638
128.61917
11.28833
17.749397
13.657663
83.538414
81.93944
222.61783
164.25214
96.525154
96.97655
58.339027
141.09128
154.28358
24.805717
96.8474
163.80928
205.57083
160.90942
75.94503
134.40329
359.5788
81.898254
69.88451
144.17879
86.29572
143.86597
201.32245
279.32977
35.729103
89.91129
144.73563
8.432575
15.483411
162.5647
135.56491
24.408243
38.332123
6.452089
81.3534
61.479534
138.38972
263.7969
69.07538
28.394974
96.34714
351.02097
146.60959
127.48179
191.06317
95.327385
133.95193
87.92041
124.277306
196.41876
160.28186
278.25195
192.94897
135.19357
145.20825
146.0364
247.63327
148.33041
16.865398
92.58273
141.3292
143.6274
197.74615
216.57266
129.64679
59.89931
198.313
103.22792
116.19607
315.3583
200.70976
140.12056
173.71188
193.6542
137.36533
96.82753
171.13481
144.69406
136.02141
7.3575225
60.958607
181.25398
97.996155
199.22629
152.48845
57.97881
247.65024
164.3403
105.788864
217.01884
138.99352
88.53789
142.79549
125.92643
135.19258
134.18935
337.51483
149.2155
86.31213
140.51797
97.66115
80.21617
6.4974318
96.91492
150.68808
1.0458903
77.91829
71.12831
108.83325
327.83792
265.61258
324.458
44.87932
108.58278
122.72235
44.430725
34.96415
21.68131
159.81036
243.72075
154.31062
99.63186
10.338255
87.27805
137.7628
196.001
45.43961
278.92572
217.67036
102.32687
220.7662
120.30015
101.34726
249.5861
340.47467
250.69926
242.11816
93.71272
77.93773
231.93916
143.14163
102.3045
246.4758
129.66252
203.96553
198.79355
249.49936
200.87408
71.15535
134.8069
167.07187
19.860249
71.604935
98.86377
6.6571074
135.5364
161.19765
78.0659
87.16383
72.422905
72.145355
123.724014
201.56468
163.98131
100.48852
9.257294
76.609184
172.42819
189.15085
6.6411543
68.63629
138.95984
88.47027
99.52875
123.04274
32.229378
107.89742
4.582389
11.475882
189.8127
158.43002
30.541935
129.91602
165.30733
284.7973
92.70625
152.61353
158.81958
71.49706
93.40319
202.02081
161.25165
200.43826
24.351631
50.228218
22.857208
35.79781
114.96271
141.8953
86.22771
72.72046
92.26225
76.64645
561.3247
138.74182
83.92738
122.44347
79.19308
66.02205
91.01628
158.88869
108.33104
189.27852
0.37061822
76.510826
18.54335
100.36448
228.19588
160.0911
130.56091
167.43283
94.565994
223.2201
179.24231
7.9560747
9.769615
110.70253
17.426426
69.23356
182.5207
253.75491
217.08147
86.12613
134.4599
87.6085
72.81709
209.19376
102.715576
201.56244
103.756424
206.08066
18.879002
216.16232
81.03618
91.507675
139.0426
150.62837
140.63644
113.26741
161.34984
288.0293
93.82942
199.0897
81.325134
206.88052
137.99634
202.44112
24.422651
1.5887388
24.703205
79.09929
16.964375
154.5997
143.3828
73.30483
84.47407
62.861065
94.91414
275.85397
71.44326
119.77698
90.24734
164.06375
100.619064
105.08093
161.47351
92.622116
32.05079
34.385326
146.14008
197.95383
155.395
148.3555
29.70127
126.51951
12.050576
137.35239
137.42723
75.68123
289.09372
191.4362
64.44853
104.02678
172.7911
75.83084
395.26782
63.80181
79.35673
215.96155
232.08765
67.43836
20.973469
114.32942
64.547775
268.70465
136.38705
75.42303
139.06926
159.4699
82.94731
151.77019
193.20598
321.53647
206.1654
2.0148044
291.30066
192.29997
82.76897
151.38965
120.12135
93.04318
281.12823
161.54434
138.54814
152.66992
93.28616
288.7627
3.9534345
95.698746
68.62261
255.00069
172.33237
68.769325
79.27922
293.85306
184.51688
140.9916
36.537224
56.33193
41.38225
88.35895
87.56618
25.004965
205.11963
215.21481
269.20114
25.57809
40.037483
28.627514
15.283735
36.66649
45.208366
103.545456
103.2609
245.76167
179.00209
51.005234
124.44955
65.04423
39.70762
80.52834
80.662704
76.94501
82.48698
73.68742
163.12985
231.5874
230.67969
78.84065
72.92067
179.4657
118.450516
37.388824
16.398657
61.603363
147.54799
123.87508
100.622284
21.55328
4.156771
64.539185
72.798836
71.35942
183.42181
93.238914
145.19963
85.93207
156.44435
135.3178
140.59354
203.126
144.53928
55.874622
132.51498
141.53336
126.09497
14.375572
99.27085
120.238304
83.78805
209.76009
239.24634
172.83498
76.16944
81.67634
208.8461
121.56183
9.917741
31.125225
95.589935
68.572365
125.81775
229.35677
161.759
227.63681
153.27536
261.29602
240.00642
169.85513
79.278145
43.676243
66.863716
22.191448
151.98535
135.30415
198.32451
101.06218
147.3995
151.90215
137.86546
157.24496
120.95207
65.23452
84.06874
81.19103
49.373516
80.17553
98.788376
101.827896
91.00386
59.076256
124.20909
77.2649
112.66266
68.49039
166.34277
67.06026
66.026726
110.18475
109.36861
59.05204
164.75667
124.31852
142.56902
19.821192
63.2381
39.689945
22.987951
128.78323
93.66994
150.20691
85.48682
78.98991
83.52016
161.95541
89.81857
122.51811
67.250046
125.086716
83.80049
34.91697
111.1024
83.2028
143.84723
106.79779
92.38799
75.253136
100.041214
97.43215
63.68209
22.492214
17.186306
83.82356
70.745865
26.437363
136.22128
114.186844
81.204506
190.86707
124.56944
68.688644
77.269875
141.85864
174.551
78.53029
126.03955
107.002464
160.15237
122.00545
72.33997
67.99983
123.64801
59.041363
120.54891
31.874588
14.1358795
11.20179
77.03978
104.33354
53.9229
113.80983
165.4448
69.76461
61.74181
162.5053
171.31393
17.392668
142.7294
9.317308
59.208385
11.441643
229.66672
77.10798
92.28627
90.98471
11.630253
11.479487
13.455295
130.75949
76.45547
33.588055
83.4169
83.15343
83.872086
114.63556
165.97493
63.022705
302.31525
214.09782
101.01617
177.73198
128.55803
122.38861
111.16167
309.53198
139.74747
161.39355
95.7278
135.13129
40.22532
58.510414
118.23446
74.74226
145.79816
85.61893
80.15732
187.78964
293.10977
3.3934007
61.516224
9.769076
244.11018
32.19587
130.3593
113.33817
57.844032
33.334564
143.55266
91.36747
10.577005
13.514069
83.90715
84.19402
80.12354
155.94215
145.32864
83.03795
166.32083
85.75133
58.893127
96.85424
87.75321
96.14068
65.70898
179.26372
126.54514
85.16982
86.42261
64.96266
161.4101
97.68227
55.606567
49.22979
85.85425
80.153366
133.31425
142.15157
84.048355
39.541065
77.99238
70.56929
27.355042
68.48467
82.13231
112.183205
207.71696
170.9275
298.46304
17.726278
56.827797
82.73962
164.1871
112.08462
85.207535
155.48004
186.41614
144.66452
156.60573
248.61145
200.33148
261.8042
211.67632
302.54776
169.87747
209.58481
321.4599
98.87168
88.43563
81.40291
174.7873
154.58954
80.114296
137.80046
65.27319
2.7356777
2.387505
38.827934
42.28333
29.57479
87.764084
103.37456
53.260242
68.72358
59.26007
205.74326
112.92461
106.66498
50.197845
85.940315
121.710045
63.330067
34.371716
134.04185
47.79366
257.6027
165.8827
163.82806
6.1156263
14.289098
15.219017
76.43495
125.780785
77.3739
142.59462
127.714134
3.2131813
53.224224
85.26311
33.575375
31.076443
80.76393
75.107414
73.25555
78.08391
138.48323
136.71385
52.291676
52.5991
69.7211
128.05862
95.257355
95.48964
181.47293
141.20996
192.68951
204.81564
103.32239
82.47309
78.775826
104.759964
186.03316
79.36012
138.45287
122.182175
236.29668
118.86422
130.14352
106.81561
115.031265
70.22747
106.519226
209.02475
133.62637
147.01263
90.82693
134.0823
72.93472
47.870792
159.5778
223.27002
173.3383
210.13754
121.10331
142.10406
183.68303
74.09029
129.86397
16.075354
65.77955
68.77316
76.2022
207.84293
28.96252
168.68404
125.892044
59.782005
77.2018
90.77611
124.45625
273.28815
135.3072
239.70596
79.48471
118.72566
132.06093
65.328255
88.692795
84.93069
164.67334
58.86344
79.1762
29.092346
22.01325
13.337572
34.496155
187.7204
136.798
68.46629
135.42053
76.62615
171.59944
71.08186
109.21822
180.41377
120.15352
71.74267
231.94797
15.506462
9.498389
119.77773
122.044785
81.775116
83.83527
130.49911
51.926796
83.767395
123.63713
89.10321
92.65116
90.85099
106.16876
149.62617
66.03799
38.1175
20.261984
62.944263
76.684044
12.126209
63.86129
231.69255
23.09564
70.63631
100.43187
124.78945
118.0164
127.05223
38.279884
105.767845
85.09362
60.113636
126.25514
83.36168
66.984375
142.46068
87.04255
114.1921
104.573586
91.60582
76.177475
163.93326
119.71389
18.506382
63.329597
16.919147
71.186226
113.24587
166.49043
56.533123
222.79155
279.66632
89.23114
73.232834
345.10028
126.520874
54.267
107.36647
69.60227
60.80841
56.15432
113.03597
112.32788
141.75728
125.324844
137.72456
111.96023
74.150764
61.84078
123.74403
70.90993
274.0546
233.70273
157.78865
126.28591
104.92326
96.06376
60.802227
75.02756
98.47533
66.47411
191.51218
16.488214
12.4789295
79.55202
205.72769
154.89651
75.72857
32.621067
61.005707
6.389882
26.818548
140.79091
148.45676
157.32481
51.48011
16.050325
62.202618
65.06638
144.8356
57.827496
70.00458
68.903015
64.308266
54.61971
122.78528
90.66377
127.64496
142.32036
74.02459
61.453503
108.38674
83.68117
178.92075
15.127985
89.1737
140.74527
176.24873
302.48566
143.29861
19.30592
48.17805
79.92222
158.89131
73.38646
170.48027
90.72258
91.51202
83.605606
52.37449
144.923
142.74461
95.89492
127.98374
148.06174
141.54816
129.42668
226.58757
181.09865
32.688133
10.64749
59.920204
94.12873
86.137344
105.778015
118.44436
128.02403
195.7167
160.20775
118.68523
49.484734
73.79522
74.27986
114.87643
125.74785
99.595604
102.73668
194.92294
137.63776
77.019646
70.33786
62.447407
93.65489
135.8406
144.25711
138.74231
108.57053
135.00475
126.04112
173.82587
195.20694
163.93098
253.49118
87.021935
89.831665
67.41682
164.14185
106.229904
104.920944
220.70244
117.776596
78.48247
242.40154
68.45824
231.46304
138.69319
2.1061473
142.98898
147.18939
62.74015
214.61417
83.13466
62.79737
107.96635
15.93806
194.79843
205.12842
136.33101
148.77063
64.82144
145.87842
127.299904
171.9143
61.284973
88.14105
115.81987
60.344902
209.7561
149.68765
242.32149
182.38069
130.71149
64.06523
181.23105
128.63838
77.26335
4.260453
153.56343
87.60933
170.9156
226.376
222.122
162.0984
169.93521
107.52744
124.09044
40.665237
139.29308
182.3556
132.94257
182.9337
273.14493
240.55208
129.0086
137.17805
124.41958
71.11546
153.56432
160.66254
136.59471
270.0561
158.1084
12.332336
128.91336
4.520453
13.882757
23.241745
111.6828
69.6518
102.449196
74.083206
129.0402
192.59024
165.31436
55.288013
19.824099
58.916588
76.56929
30.617636
40.416466
27.715387
84.3965
71.51797
189.39812
70.527664
260.54977
143.8176
86.43768
146.8447
81.016685
60.56087
124.90076
84.52437
102.980286
140.27847
151.8783
68.30788
100.297905
143.43877
143.15869
177.27867
191.8809
78.81722
121.87771
139.50967
124.92641
236.99332
162.55783
150.9805
194.66069
113.545
171.18266
339.98444
134.06302
91.7068
56.94514
115.89856
7.488983
121.192665
113.43044
11.054283
27.523495
0.66726017
154.94972
197.62747
89.05623
158.69537
102.33184
163.71616
114.40353
225.80087
192.36176
188.89903
128.17383
250.10147
198.77606
253.98918
63.159344
125.0709
82.22484
311.46466
129.7703
184.32051
65.38022
45.1055
11.641237
146.33804
17.955973
125.612686
88.33922
132.47636
88.8401
131.17874
72.65622
124.3093
134.69704
78.8785
62.357735
127.18756
47.762974
54.799725
203.52217
113.27925
162.48212
81.85899
90.46704
74.49312
147.53883
113.71913
190.49396
85.97784
142.57509
185.77019
137.1171
152.1179
104.32298
119.928085
3.6783109
61.867504
181.16946
25.952719
66.623695
131.3436
150.23412
99.210785
121.25606
136.67062
121.77305
12.73856
148.90132
184.05103
126.02936
141.82504
209.73665
196.4348
198.27652
129.20053
135.18442
97.05886
138.22684
117.209435
233.04045
187.17467
223.92493
179.36008
92.32742
111.34938
119.177956
298.22177
71.46269
73.666855
31.060663
154.66025
75.39559
96.52899
282.55267
106.854576
148.69879
151.93544
95.45722
104.19508
168.24829
170.61026
233.64912
289.28564
332.8568
3.0671906
155.66081
149.42287
127.38308
45.24029
122.40747
12.776411
22.24911
220.49907
386.2449
251.41663
52.99591
168.3344
126.80859
8.431209
116.479774
216.47649
119.95409
246.94629
188.82817
60.201294
157.84164
131.25693
142.68155
86.18889
193.72478
203.35495
115.296936
141.74536
240.75371
155.88051
150.87083
196.24454
90.97257
130.21832
136.10017
195.9415
183.65952
131.45316
10.724534
151.95947
132.58902
213.52759
73.50711
63.81322
137.17708
192.44604
11.636168
18.183018
70.772804
120.85632
14.873738
70.370705
84.277954
62.809044
69.88771
128.82773
183.35246
20.641476
30.051289
20.1459
183.7382
0.60254306
24.482244
189.23305
66.60982
98.14395
137.89607
92.88459
115.7526
114.59544
21.33995
147.78232
130.13594
278.05185
266.47906
78.55025
156.56442
90.82919
95.37956
198.16374
205.69019
5.802186
109.54877
3.478278
14.135153
36.786224
90.71584
82.74882
85.99676
225.72339
345.17398
152.8655
84.06439
26.283314
61.674416
55.88554
113.974625
191.54666
157.74913
146.28912
311.53406
203.4505
178.68774
177.87788
206.32584
304.2518
98.5472
104.17253
185.9102
122.797935
35.720848
185.55879
31.19109
152.13333
22.719608
86.065575
74.24608
49.719093
57.63167
55.896534
58.422844
107.534424
254.0667
155.2126
159.78261
110.194786
113.97044
40.047935
77.01292
141.4738
90.65965
5.853323
234.82076
80.19203
87.1256
154.77107
184.74623
276.17206
378.17685
361.7878
378.724
302.6809
357.2069
266.25577
67.95082
1.3925413
275.66235
212.39275
77.99067
161.90887
74.91197
96.09538
91.61698
79.28253
140.76976
11.198292
34.078896
173.6055
6.584831
91.58308
135.21535
202.79684
88.021935
103.41585
220.16609
16.463032
200.01778
207.14384
265.07462
139.83823
130.79929
241.27066
208.75024
165.10083
13.970403
81.11482
96.705376
106.00818
67.399864
20.816387
56.844757
100.98625
29.358013
227.09453
134.11285
19.126028
4.897388
9.981947
52.91388
90.68952
67.1288
138.01176
87.71292
134.04723
161.5713
244.81494
225.09575
158.03464
229.57132
170.90979
146.89311
86.87123
154.66345
159.51071
82.99371
60.82714
69.08169
131.20691
64.99928
139.98889
80.62902
178.36803
127.41669
138.37564
69.36687
10.039243
94.69121
149.34093
139.9611
27.494085
13.509967
13.36377
11.465151
161.76083
313.26508
144.9678
132.95927
149.26622
127.30351
162.49455
25.634823
88.11223
307.99313
20.636806
3.1109536
14.336412
12.10105
47.72689
67.547516
60.51427
223.9545
143.7053
23.520527
88.2846
22.310444
11.764091
22.917767
19.235598
228.91028
63.33433
84.96861
186.87955
119.397934
115.85746
127.07169
327.19366
60.75481
75.78294
225.09253
210.02303
89.97657
92.516205
134.67694
128.38614
77.79018
215.77737
95.99127
142.88347
129.64323
151.02982
190.83733
207.64165
210.68408
72.59404
190.7343
125.165
23.540333
75.820305
277.12955
139.05098
123.91765
58.58135
260.1045
96.229385
123.875015
72.02484
309.13724
204.00723
248.61179
261.93494
149.52307
252.1143
224.23355
131.45303
142.62459
151.16719
69.78325
91.12831
87.40051
279.1434
158.21172
168.36647
90.901726
130.91197
48.865044
274.0432
144.9974
78.44827
85.0328
181.76846
192.6655
426.3068
75.371086
170.67715
216.70464
10.737394
15.568712
70.29985
124.05908
157.42105
187.8093
379.76486
101.64876
73.70608
26.004416
12.620372
87.487816
197.67337
94.203636
72.95421
58.140953
141.68167
14.46548
194.58157
74.93002
71.88499
207.75418
164.92537
72.279915
138.40637
87.60912
138.56775
93.08919
130.30225
95.00155
72.61424
178.0772
125.58252
264.9162
89.33305
103.093834
80.36628
199.65378
147.81242
98.20376
279.24734
153.50166
172.35672
125.63882
68.47275
75.01252
71.892265
131.1738
90.49723
187.73712
74.19252
111.22971
23.373203
319.3264
1.5929402
76.41121
98.71841
127.444016
158.82077
225.0739
226.67825
224.1105
78.02132
336.5958
120.1297
131.90793
114.73932
90.63609
20.312927
89.5562
152.30106
133.87401
210.32185
113.00932
344.5369
186.00024
129.02628
55.922626
125.79903
14.887451
262.87592
35.25834
82.81954
129.3978
112.85756
123.988815
112.08054
64.740906
84.63146
155.3458
205.11475
90.200294
207.00757
191.55832
261.2128
208.95242
12.908783
138.7542
325.0571
101.34891
141.96077
85.08128
189.11449
149.77579
87.0227
57.395943
68.24336
121.06515
199.06316
163.35338
134.33047
113.652565
34.111286
79.3208
104.49896
242.72263
162.98065
44.177788
81.29316
192.15295
105.2314
62.938843
147.0538
137.282
99.72954
245.76628
156.4207
84.37892
72.373
74.645515
89.73835
165.7648
177.07227
140.3765
188.97581
23.029257
178.00583
9.486288
82.30445
13.043707
22.463629
88.1334
260.96793
121.752365
220.37749
96.84286
91.13652
67.09762
249.33667
95.274155
185.15738
126.175064
197.79488
200.81271
193.49405
170.51054
154.0908
79.29845
138.54507
41.17511
31.115673
140.52777
250.8696
145.60544
286.12592
246.53181
201.31985
133.8282
132.2436
99.85127
188.19398
171.69797
84.52101
79.83517
70.08729
80.807396
258.98004
182.50351
120.72115
137.09933
143.51945
68.31316
84.08388
59.90271
150.46544
285.09885
335.90527
158.52402
220.08621
221.14127
0.7768051
101.11509
163.75279
213.30038
160.83963
105.769455
210.4417
85.94516
97.211365
157.05153
164.76094
199.98238
360.7066
229.53464
306.9712
69.15564
149.83075
252.58511
205.29483
115.4578
149.46555
83.44674
156.30908
67.38618
117.83766
187.58968
86.84363
69.394646
49.581066
129.77783
95.78686
26.168116
41.327675
22.959848
111.34358
341.45746
3.4532592
22.620049
4.822503
115.81515
169.8094
210.96594
91.76358
102.53137
108.60858
173.74426
189.298
17.658396
119.91637
19.490057
81.233315
142.25856
96.77823
236.42717
78.99173
135.92444
78.12404
102.08012
215.56137
173.61798
12.091667
127.13999
75.75671
72.34612
213.79362
94.53745
24.195896
145.50664
140.758
146.25375
131.18216
247.13847
132.15845
138.73196
251.20157
227.89445
96.10069
140.53531
140.61494
78.84779
84.19358
88.492516
68.99937
114.76959
92.58525
68.8204
86.46033
158.0443
171.29509
153.84984
68.73122
128.61052
104.157814
154.54646
165.04417
238.43877
134.45822
204.46066
116.76961
59.248665
78.49074
135.27255
89.66377
219.30981
205.05887
147.21896
194.62288
84.30839
70.09698
61.606865
68.472916
137.86798
64.169556
154.77628
112.695335
210.20023
148.47443
131.49588
12.710436
27.79652
96.372665
66.97797
203.09103
74.8811
151.70532
74.39261
67.95076
67.98843
89.41369
110.03672
268.38388
125.47866
143.08426
100.95785
83.54907
123.62887
90.61052
78.55447
207.47464
207.54102
69.36164
72.268105
74.20539
26.03768
20.404667
74.47593
233.28055
138.4549
69.34808
135.30211
150.97452
74.065384
161.79755
93.11052
80.893295
25.888647
32.256794
19.15575
157.15703
127.72439
187.03072
148.90453
35.787052
11.850405
20.725143
171.60153
176.27309
195.53181
108.10854
153.45338
31.263494
89.71629
145.16425
114.027145
92.30257
66.65828
82.52386
138.1829
73.509544
137.62857
216.60428
0.6703969
22.671158
157.65929
134.7812
149.5332
80.25032
78.56624
134.79729
117.577614
100.571144
146.09042
85.7136
72.87001
139.53706
241.54033
261.60284
130.81125
188.05136
178.09631
36.776894
61.257256
77.584
63.50988
162.34407
76.01451
76.29499
124.00873
235.09395
272.6906
129.56047
317.6006
169.24252
75.205894
227.76672
90.09154
136.4431
144.17897
197.01224
26.684427
74.43552
103.27307
106.546
286.03278
183.85208
201.03543
83.189865
90.758514
68.72963
25.196516
80.182396
66.52999
215.43977
81.47425
233.78638
141.35036
49.053383
10.570199
71.71229
248.60437
147.57062
130.85135
55.763817
214.04575
177.63167
93.10119
254.89737
170.12967
275.17886
193.33066
204.70114
67.00838
109.048386
76.91939
249.47061
65.08858
83.04248
56.542866
301.5908
127.3431
110.57564
71.46555
68.9179
212.40593
179.09184
146.69981
162.85918
71.58403
84.71166
219.71318
112.80886
65.19373
186.46867
68.75458
90.14375
164.0999
296.72488
265.8776
106.26909
128.95131
72.36945
199.79042
182.97133
138.25508
188.2106
11.839231
30.841953
228.52979
120.439865
199.69376
172.38782
94.89324
86.141525
341.41864
14.513405
67.09627
301.51624
192.91676
282.1369
74.63296
90.789764
108.977905
151.17455
109.472824
178.74261
200.2668
67.577545
185.17787
11.573381
91.45754
70.78729
136.50763
27.516026
50.665035
76.71367
142.00667
205.03006
101.75385
0.8765076
131.49574
205.83142
250.30998
189.69487
141.09671
161.43578
76.5434
83.28969
32.128067
16.08369
86.6776
172.08041
214.4169
167.4949
146.55339
221.77995
66.56229
134.51094
101.319664
73.49379
68.96858
64.178116
139.252
81.96235
20.39365
87.072655
71.40352
69.14792
189.08026
79.583
169.99792
314.96564
107.96499
158.64871
249.21074
242.17502
52.82006
203.48279
182.0394
89.711716
74.140366
179.4064
102.69385
24.50559
90.50495
70.02687
75.5772
126.55056
132.4504
199.61588
131.56192
131.87428
128.89908
72.818954
10.277508
17.224972
175.28253
10.463289
144.37271
132.31061
68.12388
155.41908
20.552025
84.149185
263.80722
146.28323
240.74326
103.91078
392.9012
220.5411
95.78449
78.97515
67.97487
147.58662
94.91405
197.13072
113.67284
78.35699
128.71703
47.69274
49.675426
39.303253
80.43616
171.48323
121.75206
102.3578
142.18346
160.39476
101.44096
150.76878
141.83011
16.60751
79.96702
201.38304
85.09552
153.49026
283.5516
87.51051
106.12184
94.39146
194.8768
160.48549
270.9608
17.133785
68.826935
141.92723
75.39792
68.40596
125.43333
68.812256
135.01433
310.32773
210.24551
141.89345
75.79164
224.27698
93.44842
102.20387
231.0638
155.9722
135.91232
183.72655
221.54752
292.54865
272.29108
248.72714
122.255005
235.2736
159.22348
67.6151
173.13324
295.02304
74.93756
217.8962
75.85142
71.62956
215.79301
152.35358
339.3228
149.47606
302.9637
240.75716
119.02168
163.63704
129.424
298.5276
93.33928
194.38994
136.31775
36.710056
31.195057
3.83911
57.42871
79.958115
78.83704
14.608473
95.26335
217.87817
127.28186
62.82833
199.97421
143.82141
235.69734
172.52876
166.93297
347.92963
311.3609
74.080505
261.43497
312.02136
140.95592
197.26028
242.18547
160.14053
227.36018
198.7875
427.15472
199.24814
205.0989
217.33867
172.31595
191.38164
145.40182
255.87444
250.87419
85.19963
47.555782
150.19185
67.13426
61.835083
57.112194
113.952576
145.69577
159.32515
140.60585
78.5811
314.2294
207.2028
195.93782
182.9223
156.38486
200.28912
71.73186
146.08325
121.38358
21.145798
135.06592
217.13374
9.250006
97.73317
194.14067
178.65431
30.341541
93.41138
72.326836
76.64655
148.77658
275.41562
15.556589
158.0383
146.59012
51.894573
70.496315
78.242905
132.50978
50.910225
141.25615
61.575798
130.0712
105.46621
74.53075
137.58516
0.8924707
20.260715
126.5145
56.915504
66.08369
80.561165
92.34882
105.940994
173.16255
242.39693
74.39881
151.17476
12.650985
89.23251
74.62843
187.96521
65.09801
171.35356
235.6762
249.26309
258.03247
145.06381
42.830738
139.1389
154.20467
30.783056
87.57054
26.158508
102.67421
60.15683
140.98148
75.4684
70.88502
80.123436
138.29428
124.71675
70.78673
75.94916
138.28143
215.79082
164.71117
155.53407
72.98558
164.95659
193.68533
64.999725
138.21245
131.51208
12.101108
162.7594
68.55812
78.8321
231.59843
179.7825
217.28389
141.35074
22.529522
183.7651
71.39534
25.760853
200.19193
87.94885
64.42214
68.51029
135.73734
174.63596
186.12308
129.77277
123.9079
97.886536
88.57638
122.499245
73.13908
194.31267
62.109474
135.83446
120.51475
210.79678
143.29099
55.953102
353.02188
124.44234
73.15866
130.2083
68.91474
66.76546
78.82282
65.32472
0.20391092
40.73393
26.181057
41.423893
92.14792
199.24161
75.848816
132.57683
87.03235
76.22423
252.92766
65.49663
139.47318
56.62899
74.0182
206.9168
77.14951
73.090385
66.90542
65.67822
131.58907
186.80162
4.4616857
63.206432
86.10199
22.568998
144.74649
9.037644
106.18327
98.20186
97.1219
68.0815
125.664
38.407734
152.90158
78.21965
46.117542
20.580196
23.264448
14.1731205
83.028824
130.29062
88.94057
144.59677
89.30385
70.67662
146.9386
84.42699
141.04126
75.73234
14.329636
159.17484
4.997213
47.80847
10.668427
81.1239
88.621185
206.72493
122.62767
14.070135
79.39041
84.828
84.50536
161.42032
209.11682
214.1582
27.207209
70.540695
7.452311
17.190388
9.689646
131.49867
72.6109
85.29881
215.09184
344.94327
75.052414
206.47221
106.995605
267.0587
66.84085
83.57934
242.0583
87.84636
195.54318
11.546774
147.1128
185.14816
71.15683
79.91753
140.72617
79.99747
82.24141
141.9626
185.6315
89.45143
206.31247
161.26233
102.421486
81.20208
118.147194
180.02469
200.91742
275.97165
227.01624
287.0407
11.520939
80.366066
90.78526
199.84663
84.700455
69.596664
16.868225
256.4837
173.80577
164.66597
275.91644
495.03427
296.37042
165.43657
101.376236
198.5503
216.11621
210.83296
136.70888
160.21782
135.52728
9.356968
14.180507
9.934092
210.29619
140.71634
190.09784
96.39973
188.89989
120.68945
72.47754
75.89536
65.13004
56.61331
66.29953
132.76932
28.95188
206.00247
21.276707
88.4725
87.70577
61.796867
11.030362
200.60889
145.50246
134.37851
11.659876
22.697062
132.2501
137.81348
77.868195
136.1612
21.308567
77.012375
85.50581
91.91687
71.239105
93.62048
156.86153
139.36049
206.54544
150.52817
76.36217
81.405945
147.1346
144.1643
120.46395
396.3985
262.13678
162.6424
97.64624
90.24746
189.95332
97.23205
87.451744
209.27881
68.28672
145.67471
226.4788
119.57633
174.77339
284.57535
210.04623
332.6977
168.8865
76.65403
226.80525
106.25499
245.92868
14.619357
113.32588
133.5882
84.89776
262.83005
86.80623
11.38049
37.552185
161.03421
18.83791
47.21736
178.89322
22.654675
96.13354
170.48174
73.08235
266.93613
157.35902
214.73042
100.71244
172.85483
147.38431
77.11666
111.21572
14.915718
62.35782
19.85912
208.66
64.058014
208.76184
111.125145
160.11093
103.04175
34.275955
33.595764
259.59814
178.48593
375.7542
132.75465
90.8856
160.62463
391.608
128.3781
206.73608
175.31584
166.51373
197.57303
76.43083
66.541466
98.72676
68.188446
122.9897
140.42447
149.7155
189.14835
192.57462
12.517401
15.635061
28.703888
29.611902
136.3219
82.73319
142.20938
11.467424
76.85753
2.5351198
30.059551
65.0358
30.105204
20.822285
95.33424
125.41311
143.43196
73.97708
133.50401
200.91379
132.46394
260.5548
202.86589
126.128296
112.49922
163.08598
168.53879
84.43791
264.83414
96.76869
171.86668
245.41019
186.52892
2.7062864
74.09446
76.85881
65.01025
159.5257
142.43497
186.63458
90.24722
104.299194
162.53859
260.87442
232.95024
183.14606
153.75821
80.66847
140.51372
154.83133
196.32837
99.94492
135.32611
77.585846
125.414246
138.54501
78.46387
209.30537
202.6282
308.3643
269.7357
336.26822
221.40987
227.28955
151.1283
176.00943
127.30965
87.67491
82.3159
136.52315
146.00739
110.41195
41.16535
184.47624
126.31108
21.318203
16.623493
57.05177
86.59958
50.0073
2.9325511
28.7495
188.37907
146.29953
232.54773
52.45514
101.795975
31.135483
111.17113
148.90451
16.989555
63.069843
120.64348
94.20858
141.17386
94.226974
210.7126
162.86743
145.37114
178.49939
133.09485
119.98678
71.803185
87.06098
185.02223
68.97131
252.3348
75.973755
143.93713
106.64343
219.51535
198.13962
198.52162
140.83061
172.24728
206.91858
256.3622
65.15874
71.90136
132.01689
75.48116
18.431057
27.017776
254.57841
201.87334
89.070175
166.56068
133.05997
16.38895
44.421257
30.599258
178.24165
110.68312
78.71687
214.43279
191.83176
122.44061
124.91052
207.41487
163.98587
150.4722
210.4257
127.84926
10.946874
5.1172113
10.782563
78.95334
236.04976
134.76608
196.9427
197.22548
99.45064
194.13861
153.3721
3.10443
89.108315
131.53867
92.05185
112.9102
119.60978
149.13684
293.561
237.86507
70.63228
135.54025
99.19744
82.13424
285.47528
169.97296
178.02078
298.99142
87.58843
74.80821
159.11188
154.33232
134.09946
126.72695
82.772644
195.4354
268.7453
204.62845
72.790054
73.34004
76.36723
22.908344
135.70456
131.77739
110.83569
221.48372
140.91023
100.37019
196.48283
205.15405
274.51935
137.16608
174.6322
122.9261
199.70198
56.60731
81.52679
75.505356
67.4831
21.648092
193.25159
2.686915
26.204813
22.043684
36.099773
17.639215
8.077966
161.64667
187.50334
88.308464
157.45963
71.26696
68.84662
72.922165
123.302475
209.12402
221.32137
129.4214
155.72322
110.25969
10.838592
17.64049
19.929691
13.281958
209.4819
149.39107
55.97053
31.205175
232.74594
74.29607
330.41586
336.25076
312.98407
70.295616
179.61848
235.67244
88.794235
310.5917
145.8273
205.116
95.35893
70.54291
75.73794
138.41116
77.954636
67.16451
191.26883
9.257958
194.29068
88.98747
10.464085
77.23111
60.526527
89.154594
135.8736
84.59567
136.54678
30.520773
80.46617
9.775968
35.177742
18.423056
19.595722
93.73647
135.32426
25.656733
73.10564
80.43694
92.59698
116.748764
257.87497
120.410446
124.59011
79.64514
134.55348
89.00725
99.97516
151.99747
200.54422
126.901024
253.76204
86.997826
91.04722
138.82564
206.97012
130.18825
135.60672
84.067986
149.14189
86.46584
78.84557
16.158846
15.221994
21.062956
49.303394
3.9720902
239.07324
61.330116
75.40392
13.602275
114.555954
80.06206
90.8712
152.14949
314.20813
84.25603
71.507126
100.7413
158.13345
166.95828
211.02774
131.91838
229.57117
189.95438
140.7524
262.64807
223.54927
159.20189
255.4559
170.72974
162.04784
225.03764
157.78392
94.03191
162.58994
113.78711
264.7845
288.0384
132.61731
264.70703
140.6193
36.431973
151.15659
134.816
60.65211
90.285965
136.84924
188.6239
202.92786
148.53894
134.59837
109.3489
16.695768
135.37805
85.59938
5.509385
75.97124
62.142937
57.88402
150.57298
88.08793
85.01362
83.15642
110.74597
125.47095
20.074688
11.388474
8.970669
161.86049
206.48904
67.64366
191.97363
121.28695
7.389852
77.23213
160.12234
69.13136
213.31528
143.67322
5.961126
139.05493
136.62395
79.984375
91.88917
160.56601
104.71393
133.29143
101.341194
265.8698
172.58342
191.64026
130.61668
9.290859
148.78708
185.42596
127.952286
199.66116
162.76518
72.803825
9.862941
6.8905015
134.50867
214.8075
130.93817
199.28592
9.220936
10.744819
154.5989
174.14542
84.708916
74.28108
134.91167
23.87669
165.43231
79.58028
88.85369
77.17611
263.50928
143.71133
131.31712
315.81903
98.54256
157.58554
78.73928
169.7776
147.82686
148.05252
203.83318
30.108166
47.97637
27.832455
91.86204
12.683786
78.10331
107.2265
260.86646
33.597816
281.49097
77.536316
133.52563
80.96875
141.88522
140.472
25.71522
64.04851
191.26076
126.01955
368.37183
253.55746
290.0654
56.143127
68.9667
188.54384
150.36559
321.9124
192.98933
125.861145
133.97615
157.64447
35.498703
70.78735
197.71713
135.17776
37.917942
98.38761
104.21437
168.95444
167.38165
107.63324
102.855125
125.53679
324.37064
195.1241
71.13629
223.17923
132.0643
137.2931
92.920616
210.38664
74.6375
191.54105
84.677826
215.2273
158.15076
223.35703
82.75267
216.44441
17.618614
20.74794
213.4513
192.56845
304.6291
139.73402
145.5571
156.6584
105.077835
175.44894
101.84807
95.19574
162.78519
125.179306
181.02194
163.18396
127.31299
242.45967
65.64223
140.09174
147.6153
63.202705
72.41059
138.38669
31.48468
211.19246
96.77556
78.67498
71.88338
178.82906
137.27133
71.1971
64.69988
139.18362
141.13525
146.13142
14.045545
24.424145
80.937706
73.16902
10.39419
62.83567
73.95363
110.954056
130.33961
143.39276
284.45856
263.9442
80.64672
98.968376
164.75267
135.96909
14.440687
45.123924
304.54684
185.63257
164.04013
212.49142
98.15058
214.06015
234.29807
19.265913
154.00458
139.79562
92.49083
87.24628
96.04531
130.2692
79.04983
5.840988
25.53442
270.10373
78.180016
146.47232
173.09767
85.20614
134.2396
200.64352
91.65213
149.38318
110.51253
88.45389
189.59375
80.61049
57.215393
141.30734
249.92696
411.42838
164.79387
95.83262
91.02852
151.19846
87.93537
104.2744
273.01584
118.62361
169.37614
43.149208
296.89862
86.76756
152.68549
78.8888
210.0046
135.80695
76.36393
16.400051
70.16081
17.157652
157.82687
154.82065
68.61904
122.1711
215.66826
42.787937
144.4594
134.86856
205.7959
97.0587
245.73149
227.42725
231.16728
232.62851
136.90689
369.85873
71.998276
74.70526
124.35779
85.95747
140.41556
0.36249423
66.02495
117.66406
136.53865
20.28422
164.71922
149.54558
147.83562
143.94284
117.93467
70.9818
190.12727
148.40134
208.6383
68.74703
216.1915
90.58465
142.86221
142.79211
102.820724
138.31693
90.40119
135.69022
89.36714
84.415665
80.53154
142.91687
213.16565
74.088196
148.08864
211.88708
142.47295
146.99086
128.37491
110.25525
10.222712
188.64981
211.5601
14.553625
7.2105956
97.13218
73.70403
75.70893
77.3853
191.3169
119.04728
248.35991
84.16964
88.47797
23.354795
205.93185
206.66776
144.65808
142.6604
85.193924
66.04312
86.20177
63.6578
31.597565
77.57571
75.25879
331.7579
124.989296
214.07349
86.20033
80.88199
76.404396
212.63623
262.1979
104.01042
110.67308
129.30545
175.38216
128.40656
102.05028
140.88962
91.671715
320.10626
92.19969
141.35257
132.79265
258.36957
209.18701
231.8593
190.08658
289.1059
141.47133
97.59385
69.30358
90.876305
88.0827
77.448006
216.76567
161.74376
76.78883
41.791786
20.052296
84.93425
76.28971
114.61894
91.79454
59.040276
115.344406
70.382675
148.2551
71.392494
369.90634
157.29233
269.4104
122.45848
76.76967
163.71072
95.38257
170.6584
151.32791
145.26004
99.14705
62.549957
81.437675
68.75191
141.79239
72.6936
77.442894
83.04248
66.904205
162.7116
59.085773
151.1431
70.54332
73.60273
226.90137
85.42818
77.77093
165.73656
216.04121
219.11191
342.02753
147.6346
88.35633
200.73022
190.52513
81.8661
218.18823
2.6254835
96.029274
132.10611
38.872902
120.198425
224.09164
65.76295
227.55746
222.54837
251.64067
133.4408
131.48923
134.61453
91.77196
76.655464
88.19135
92.52778
73.641
84.020615
103.73012
94.903885
255.9893
159.90079
84.91124
120.76937
176.04158
217.51181
156.01517
74.12366
84.6378
157.2821
105.65863
146.46165
93.06154
142.67514
29.916683
133.88133
8.358296
75.06441
214.53471
125.63674
123.78938
14.599019
14.174301
103.56278
65.578186
13.659988
17.325201
102.83034
5.7028337
80.944725
90.06143
131.84512
284.31256
84.24035
25.094265
162.70071
159.32945
255.29778
112.79781
97.687035
70.123795
138.04051
232.06601
191.95108
157.35541
144.13033
9.530573
35.101776
144.19193
144.07571
142.40677
17.321178
250.18681
201.41454
75.213
57.1255
9.286799
199.1416
155.38919
127.01986
80.061646
150.7461
230.43652
250.14609
267.81097
106.56956
192.39725
65.54207
138.47995
95.51609
10.406656
134.96552
19.16236
219.65115
186.53752
202.89816
129.31898
225.12468
278.94153
151.17851
151.8097
142.18146
125.905655
110.9621
123.02787
197.49588
199.28929
148.49171
21.243963
18.308613
131.80115
134.34709
175.41287
78.74558
106.028564
152.79141
78.5547
84.8432
72.94468
165.41238
161.31068
145.28534
35.787285
93.112335
96.22282
132.54123
140.62424
201.74283
141.24423
205.06277
79.09048
128.81534
89.890305
43.920925
157.40639
84.33889
71.38354
65.67777
74.40865
77.243126
182.94885
96.17532
150.14255
77.00442
75.90431
70.19219
219.17627
82.27332
240.63066
29.388958
59.385506
125.798256
66.63643
15.818863
87.29835
122.72789
361.11432
142.85638
74.947464
73.07376
146.1849
78.843285
230.62302
162.44408
172.37878
33.880577
87.36852
70.36525
142.21419
260.91916
185.08925
242.44385
206.11543
214.01909
145.76562
104.362526
218.5187
229.37265
126.95762
324.7313
265.6455
234.58823
169.56876
149.91403
111.496376
12.874403
73.37671
9.7359295
79.5142
219.30908
183.46138
200.38313
68.11021
138.8423
273.9936
1.7690293
12.094453
69.60799
83.40635
172.25858
127.17424
80.94962
81.12054
216.62704
203.95157
253.74283
191.90292
21.122982
8.577006
62.155876
151.613
236.17899
86.23095
147.56453
218.31306
215.26907
212.46823
34.865726
26.761393
146.05911
210.76651
135.39468
140.42566
214.44937
68.004906
200.67352
201.82817
226.16792
19.436958
213.18716
12.821238
34.87024
103.6368
81.162254
191.29742
141.03078
149.12871
215.25305
120.40407
24.990528
152.11775
168.11386
208.37434
136.53012
124.87285
196.15471
264.3121
194.77129
239.80453
223.57498
415.28613
90.30324
200.03549
76.83263
77.39535
75.21294
75.68705
133.54387
26.760645
44.357105
72.125565
78.94109
243.37798
62.694466
132.70909
166.58345
76.97352
154.35155
72.72406
139.0137
75.81731
120.873886
27.67963
189.74266
82.596825
147.72119
154.15872
113.477295
196.39137
5.1460795
85.63837
66.594315
72.64543
14.673216
75.79701
86.9336
74.47401
194.16833
158.62068
147.03319
154.09784
76.908485
113.07587
330.25067
91.77316
193.46658
130.6276
18.935974
126.02775
62.845543
130.44897
74.804886
71.35588
144.12929
82.957115
191.73402
79.47241
1.6594422
9.417892
139.9249
280.0141
82.83156
97.00294
76.836525
127.389
228.88281
230.11511
67.34589
11.067879
91.488235
19.600842
108.57738
194.7225
193.69847
101.92563
93.462234
113.46096
295.92
99.52793
268.81927
211.34946
95.85752
242.80632
153.4332
172.41948
132.51126
147.15585
207.69882
153.90323
91.391365
70.41681
71.07002
228.14575
173.6179
109.2758
88.14995
250.99153
57.0685
66.61493
82.90287
198.00528
134.67287
5.596126
31.048279
209.55708
72.82222
131.65207
133.49417
134.04585
94.94538
340.15338
50.622276
115.786575
77.49182
124.62471
139.56787
195.17024
85.25694
145.86751
46.202896
44.793823
67.76799
83.811295
82.842636
179.4854
129.04933
224.83487
128.29573
210.24454
192.36737
149.3483
140.76993
90.72154
93.059814
122.357285
326.56293
71.00959
85.77327
153.93973
80.13047
32.062656
182.47452
408.7969
90.59304
189.01443
162.29369
65.1311
210.01907
97.55548
19.996052
81.237724
234.1563
69.764626
141.32632
204.98087
244.29785
278.78552
317.33932
193.17676
75.79984
207.8077
209.85315
126.82253
112.40829
94.85466
72.30495
208.93132
189.28514
154.78052
76.8929
27.690823
70.2066
138.83824
144.95396
191.14662
140.50461
95.75695
139.30649
77.09537
298.70474
277.34454
277.39618
89.75246
70.6851
245.56853
66.97981
106.40354
94.231255
89.66731
7.6207705
19.832294
203.17508
135.39658
249.24516
29.841522
84.93302
138.61624
97.5181
186.65483
151.03313
29.010885
123.8395
79.69545
87.41182
207.17134
146.10068
67.6635
6.281762
138.16365
135.2803
141.3453
199.46841
89.65891
149.16217
206.40701
110.48665
169.6845
94.444595
200.52321
125.04346
65.778206
195.3053
224.12332
87.31364
75.99779
187.61205
264.94952
127.92753
152.11758
141.73703
215.21817
207.25491
137.62381
98.126274
85.24059
99.08724
173.34717
130.4212
9.550906
133.19254
148.61357
70.96095
75.68024
217.19003
147.40324
119.51418
131.08162
205.57979
123.64253
65.09211
140.17732
153.59605
164.08348
81.44936
80.95931
71.15075
301.75064
189.91754
169.07664
330.36148
181.68503
136.51534
152.54765
143.25069
84.724754
31.633291
53.755535
171.53444
133.02095
85.01886
97.34418
201.52188
260.90073
7.0256104
104.80914
155.88437
276.39728
147.77792
140.30089
135.51541
136.3384
83.344635
64.90807
102.119
177.27403
90.79787
122.52684
48.80865
10.924181
2.7674127
6.6227326
126.83431
144.93306
133.16502
75.09984
102.85039
69.25578
125.80293
74.560326
91.56067
155.78607
29.024832
13.416827
84.964035
71.19169
198.38028
69.49692
125.8184
78.55313
85.14693
63.560326
67.216324
216.18047
210.21213
234.09106
208.0076
10.261325
156.08664
327.69302
1.8521411
157.5654
101.27379
86.659386
90.466
194.83206
98.22007
167.30219
194.23837
86.03119
79.84944
136.32399
102.456314
258.63922
30.929743
12.912706
140.31607
133.65454
131.83002
83.62862
21.547445
79.259254
76.19995
118.7891
22.898054
16.760824
8.599036
22.228426
75.26016
89.98067
260.12836
372.90778
224.08408
107.18341
95.956985
124.62581
75.84398
258.95694
33.778522
19.348686
47.778477
5.674088
163.63208
157.61148
117.7401
78.2928
2.5299964
16.772291
73.293846
136.26553
119.62926
181.37679
147.43417
206.58862
94.052124
223.7082
130.68063
95.964096
110.19624
177.10573
247.45853
100.498085
263.7447
217.58257
220.26689
266.1935
230.6387
90.98172
166.25784
301.1415
343.4007
202.99332
216.15002
77.41015
380.0006
203.33691
72.5323
107.72827
101.19628
285.51587
214.30685
113.94356
179.3438
211.26587
222.29404
90.18175
71.690285
191.70535
73.621796
10.122082
18.490139
34.339867
92.44588
221.1292
14.262329
85.987144
176.66731
68.48515
58.62694
198.78223
72.5053
50.633503
39.61094
32.190197
42.37082
74.58592
125.22966
130.12106
122.07412
121.78593
43.307125
75.086006
46.42929
141.78484
251.31729
71.24165
123.281395
95.07674
81.02406
90.02791
63.48651
149.53256
81.69649
199.91652
232.11288
83.742256
231.57881
87.019394
201.08379
87.27144
248.14697
74.22619
90.30076
134.31314
64.29937
208.67326
255.57368
192.67494
153.88336
165.88724
168.2429
33.77659
28.146276
132.35217
166.202
100.03524
121.596756
93.35119
90.88983
296.79443
83.059326
78.07638
164.0765
101.36851
165.63306
181.46365
144.86108
163.34927
72.27528
2.1925702
93.709366
205.00923
101.13245
68.48215
15.0155735
183.50218
93.068504
318.9876
428.1333
5.750322
13.708044
170.23857
254.46445
95.10348
202.80188
141.92023
149.07434
207.75903
165.20227
144.15738
132.36557
173.93913
100.686646
158.24365
68.40772
82.66433
128.11346
169.28685
76.98447
172.02884
2.8486922
32.498497
79.5017
148.34747
203.46812
92.54989
69.581665
131.60153
273.26157
100.471466
3.9604163
74.61621
17.380877
169.46848
113.82345
84.03051
80.88194
209.45406
211.3364
46.95349
33.970287
29.385798
198.77803
229.58264
125.00271
283.66095
385.54172
140.34282
5.7203326
119.08986
68.3783
182.27391
97.6541
119.83879
197.87752
94.19967
190.4144
98.61959
185.11797
9.898268
239.91763
80.63824
12.08544
30.778172
210.82466
136.49562
22.92799
58.735146
78.53013
122.485855
139.15118
14.918121
117.49028
220.11966
138.5958
136.49942
23.465612
74.78331
125.13861
154.1863
74.64553
123.902
98.71914
103.08397
81.38848
122.87239
68.402985
249.2302
125.19564
138.6399
86.52189
189.60855
219.14973
24.941364
289.96057
248.62036
199.10574
215.2363
147.13477
142.6446
184.69963
141.43137
294.55728
102.46041
136.77858
71.651245
63.457954
170.99295
43.20923
163.87195
15.8120365
103.6793
171.79807
157.22318
246.46333
141.59555
74.726166
82.40587
80.90565
146.49568
91.93609
130.49265
125.8665
89.883156
199.02576
146.6989
134.71162
191.15042
70.49341
159.75131
25.190329
131.40604
63.19883
129.55135
132.39154
141.63098
428.70743
144.22403
270.3777
329.02026
136.45049
15.798993
75.72692
253.68747
204.94258
205.26482
137.31282
72.682465
132.50839
86.81633
203.47632
253.74246
98.56097
2.672369
82.838806
83.20032
66.90202
135.176
211.93103
183.20447
168.03488
202.98177
125.537415
124.581566
367.25528
274.1983
135.01424
78.84694
120.70039
272.4395
158.32663
277.01987
152.47981
42.977394
89.17871
159.2936
184.13026
174.09897
93.51133
144.66307
62.05233
194.22601
202.21748
311.77252
194.31126
321.46994
116.79811
312.47076
328.8744
191.37381
202.73027
163.31041
45.349983
10.231785
66.95502
13.454715
95.99148
161.84612
69.926895
216.45267
126.685104
201.50696
126.72274
105.1843
8.932933
67.04802
140.45856
85.337204
135.7838
21.7012
114.00751
290.9252
83.04613
129.5047
92.33745
189.49617
286.0141
199.65988
83.074
141.61754
112.12998
3.0362067
194.70918
283.27963
12.781508
35.385277
221.42871
96.067375
85.45239
153.22043
198.83743
84.982864
75.51058
147.42636
144.18881
151.05603
18.279802
100.01897
270.64325
80.90515
137.49182
147.33662
288.82635
77.80569
317.1678
119.5238
254.18185
141.94456
153.82437
68.17452
248.81355
66.041626
125.397194
114.76869
189.60222
108.61696
225.55746
81.26003
92.239746
141.54826
170.76326
20.492268
20.772243
93.54957
144.73862
134.50266
86.57892
99.10481
42.65568
114.52681
70.52166
7.5292306
263.74445
210.8781
334.75327
140.89803
85.8914
133.35068
235.0385
170.1112
141.96841
205.06406
182.95079
187.46178
137.65411
136.6229
137.51392
141.09071
135.8414
190.33875
119.754456
103.73598
120.86141
280.23157
140.91293
149.25165
106.0396
92.00027
133.66159
190.51791
203.36034
154.80928
87.10357
334.9256
85.73917
255.54793
135.75163
76.919785
227.45389
17.52833
67.823425
217.08992
30.7664
27.670166
84.20406
65.78484
9.698307
66.60058
27.307835
79.88179
159.8801
69.84377
72.775215
13.423498
30.093647
3.0664155
121.33357
76.07498
172.25127
93.78413
205.67436
144.48119
85.797165
16.955494
134.20027
109.49923
187.43149
98.38161
129.96552
151.23683
262.96793
144.0494
261.97565
240.7648
399.49188
148.15158
129.19527
137.13162
108.08449
86.429794
123.05261
104.701515
126.408226
96.46721
280.31805
118.601845
232.71936
94.97678
90.61039
138.32759
17.097515
58.619213
9.608677
21.815653
101.55773
91.64482
1.2190406
327.46045
179.78256
240.2801
163.20474
165.56136
136.8566
148.80235
96.68891
270.39484
107.558945
99.07411
65.08305
78.00186
150.17012
109.66734
3.1627307
337.8094
153.58694
289.37625
201.73753
90.895485
148.8495
151.26921
116.93677
187.50175
214.68001
8.576346
129.67055
128.08865
132.60468
296.03815
70.72677
92.98468
265.8482
344.96243
203.99684
63.954906
147.36174
72.51329
147.03256
16.794401
134.29552
77.6347
201.80618
161.03043
92.30529
266.4105
198.09518
243.318
153.8106
141.20676
154.86635
70.091736
62.39794
203.3441
72.39203
165.03076
11.657251
143.07649
205.61636
3.2202315
191.2242
293.99542
114.60075
133.57202
39.219353
80.613266
221.30484
201.96786
201.63354
75.7314
80.50218
93.87649
66.10654
128.00186
90.126785
49.344162
57.566093
91.548546
95.988335
60.41883
101.73373
135.08073
162.72812
155.12253
93.56386
188.87556
82.10234
246.05806
41.997936
154.34055
137.70886
451.16812
190.68895
60.23512
135.68414
239.21909
145.195
92.49642
168.74095
2.3425741
28.217993
33.692818
267.3364
210.21927
113.62588
119.67177
144.30566
199.06406
147.85023
185.11151
151.33815
84.50989
210.13147
0.75727427
94.26845
53.87315
190.51726
140.51875
268.43845
202.17712
8.920756
134.31181
139.19406
311.00662
201.13892
169.76044
136.1857
149.2458
187.3035
147.5839
194.09984
143.35966
82.79922
3.0838332
21.97
127.50597
155.97209
238.93872
154.40962
156.03732
211.14873
139.08678
107.082275
135.71638
70.280624
86.97641
239.96841
221.13359
76.78163
33.930225
179.2595
85.56608
147.9215
72.14195
148.58789
150.81143
85.239075
138.7197
163.72232
149.25595
44.422615
92.600365
276.28003
82.304535
70.59627
79.01544
35.4352
30.485209
92.316635
221.74292
263.826
207.0719
211.61787
176.11252
170.7438
114.126366
333.92853
77.135605
149.94502
134.62932
130.09058
221.02652
259.90884
244.36739
160.56985
287.03433
292.86884
217.77705
146.57294
185.85135
157.22255
157.30714
193.8907
209.41467
251.72974
194.4879
192.05466
167.31958
2.9765353
156.05957
154.11649
140.36703
137.93219
216.53471
89.790665
70.70522
72.13072
251.69006
211.38266
153.6583
128.72565
74.54193
38.10204
139.92183
79.60951
69.423325
70.50685
79.19731
76.47853
146.16867
201.51274
181.45235
197.25562
127.33559
204.31296
119.78209
161.31047
261.57068
163.61063
71.88347
73.40166
156.93695
137.60722
138.25835
85.08745
133.28001
146.48264
94.65556
80.73891
270.93646
238.1936
239.90768
157.3116
70.75947
204.91545
89.14593
153.16881
3.351297
185.5549
81.23972
226.6296
149.50145
147.18849
100.43779
90.11064
86.862686
93.98215
279.89316
132.48465
148.94615
141.56152
257.96967
255.60324
150.56238
225.61862
224.4428
82.52679
160.84953
72.92443
10.709898
122.78648
68.59392
8.893851
155.64153
294.4922
79.13558
196.4763
79.06324
104.015785
130.03395
88.87221
81.908646
12.228895
158.43327
78.7231
147.82205
152.75128
73.927
342.6633
100.47029
76.95665
151.87112
132.00836
140.56912
113.8141
216.14566
77.863464
77.65237
118.25731
97.91002
193.2084
153.92763
65.903725
206.99431
90.21061
163.50989
139.22702
170.70847
87.49819
75.9294
297.51425
212.673
257.77213
209.64021
261.52393
104.60591
25.430195
64.64065
166.39835
235.16504
137.21335
323.49652
77.08271
200.14337
148.14267
216.62141
88.657135
87.63609
182.54247
172.33884
81.77605
195.36165
97.47402
242.53818
254.90186
15.176125
88.25142
123.8983
75.81342
190.4259
244.77312
261.94138
39.986656
17.010044
260.97723
191.36568
48.265762
62.353382
19.99362
19.131351
274.4499
163.39526
212.9228
166.5897
260.2381
78.752945
118.365685
240.93913
75.02877
196.35556
87.23153
133.35747
77.36169
256.35263
225.72714
101.45008
81.28805
13.456543
123.244225
72.72552
207.64883
145.20712
132.90424
80.40807
105.48311
164.33063
81.88099
2.269871
118.04464
54.646046
79.79779
75.15355
142.45016
144.3893
1.7479985
133.40587
66.4713
75.12675
25.772137
85.44414
112.546486
232.70947
198.0743
293.41754
229.56253
235.65923
338.25534
83.16148
290.08896
89.97309
125.03806
142.80978
95.172714
230.16133
208.83975
28.880611
133.18799
66.612976
195.35634
66.01277
136.00853
280.89355
108.12085
159.66876
122.78922
101.79615
342.44177
181.71707
222.23364
125.8551
248.80673
151.93997
106.26933
211.05167
313.75134
249.90695
70.68041
151.98355
71.346054
222.42911
86.91094
93.18773
76.975876
258.7039
9.298357
79.00164
232.91602
92.505104
68.55699
206.3095
25.65975
120.20239
119.92684
80.558525
127.99302
206.14209
21.702065
211.33975
150.17178
89.04301
218.93608
266.7552
75.03868
72.396935
148.76309
70.19647
62.608105
91.457535
130.35677
343.4189
79.05234
82.9961
83.84614
41.19861
58.862556
147.61963
171.94194
105.63844
167.0422
159.04684
30.900696
124.73991
69.96186
86.725395
8.135234
101.923904
124.62242
134.12833
30.969828
142.30905
152.37819
169.22293
197.90555
243.74329
181.60771
118.5027
182.34393
186.54796
264.01892
82.16969
63.661182
26.946045
89.12332
80.21092
79.85116
61.54824
202.87445
138.00682
81.032486
83.871155
212.49557
198.68538
167.01196
88.18549
138.17638
141.73781
100.602264
139.00668
189.9034
90.23353
147.16461
214.5966
110.847824
40.2166
105.594765
140.30638
264.36475
242.63545
199.90706
121.07324
140.67607
185.48674
229.03687
82.639946
76.15314
132.46434
76.641365
51.556103
139.47421
91.12987
214.03008
201.58513
84.70545
132.05377
365.02493
219.559
99.782455
238.45786
309.81613
135.65034
84.11041
2.3982058
41.93199
17.212301
86.81161
104.83846
288.23627
77.17543
65.13987
321.26685
191.5958
128.41554
151.7814
117.56941
133.96127
155.58775
264.9998
212.73723
138.26645
136.19331
127.82765
303.88214
274.3234
82.239975
73.526054
87.24138
0.8512991
189.15216
200.3912
70.08594
137.45987
11.742495
73.54707
193.04694
98.02726
14.165912
68.146576
172.88306
84.083084
126.01019
129.7919
206.16582
87.19647
176.15628
135.56453
146.46852
133.02515
109.685165
103.29352
302.3822
71.4146
149.21883
161.98349
71.14408
157.63618
74.02753
71.117714
131.58351
163.74814
283.83868
307.3715
98.63939
255.82938
272.4363
161.83762
130.80269
168.05113
241.30713
239.79309
207.37183
152.51192
127.2698
167.37804
103.73067
98.521904
139.66374
200.39406
265.9699
77.77722
74.9615
184.74559
75.55061
13.839368
128.98672
2.6696696
77.85174
96.71067
83.82949
43.01449
76.41605
22.542698
165.83
77.97507
2.8691983
89.240364
171.17284
240.2489
74.40761
200.64786
104.446434
131.58568
68.73155
153.59613
98.04088
97.87486
27.18185
164.18384
178.03806
76.043274
140.6207
174.16159
91.47248
252.94235
110.37567
75.879105
9.329768
3.4573631
159.58194
125.3416
128.08257
140.59558
4.89668
8.497794
4.769293
9.237138
140.75914
262.37625
88.14433
231.51364
222.91655
102.77122
68.62001
221.63742
161.21437
76.604065
80.655334
119.02881
61.009285
22.96449
34.88253
254.08723
191.44289
101.26584
212.88596
67.600525
139.13098
236.36186
199.76576
105.577736
65.7361
78.83273
176.14012
207.45142
157.97997
95.14916
106.89016
263.10287
245.62773
153.72385
35.584797
97.82147
193.27724
145.66757
74.64606
207.0061
188.81866
100.29517
89.80241
70.81724
217.49097
197.60007
147.11874
320.32196
13.525003
14.432361
38.01932
148.86212
109.28237
74.885735
90.98455
84.31993
89.01561
210.91464
205.05197
166.67323
112.842445
105.79143
106.56549
112.8055
234.26062
143.54721
90.96715
90.90253
69.63414
24.127638
46.500893
279.23413
164.73395
92.37132
195.43613
76.545334
72.66012
63.571514
129.18936
201.7286
25.454906
89.9709
150.29019
222.25955
196.12735
168.11893
165.17087
275.89334
151.22134
284.0429
141.10954
220.35625
22.008982
129.19315
169.51117
65.11593
192.4993
67.25444
86.91438
146.53336
231.67935
239.172
203.2156
175.74399
65.89914
71.407974
150.24155
65.6337
200.89627
53.05265
12.471281
32.810684
15.407722
104.75519
159.44112
294.5932
11.35507
6.054341
189.28891
73.33595
172.16237
139.07838
92.90678
140.74002
95.46886
153.64667
89.44386
297.75476
87.80238
130.27164
153.63643
74.372635
203.56096
131.692
186.65823
135.84756
222.56552
69.516014
146.2125
99.53628
78.2771
84.90295
193.40054
95.41223
146.35164
170.02164
79.38411
117.70758
57.10958
65.70973
186.13876
143.22359
288.06732
148.2774
93.48405
78.01207
72.8102
156.89876
144.0578
67.984375
75.12631
72.4794
87.21482
158.16849
68.91887
203.20995
114.38277
42.04412
19.310287
250.23685
78.764366
227.66556
198.07126
125.148605
75.24482
172.93489
155.04202
138.88872
166.177
82.35664
84.541794
233.30827
168.52493
209.3697
219.33658
149.4008
48.517742
41.438557
177.27292
66.06564
95.14435
138.26169
151.54556
214.14156
60.32337
22.459782
76.421585
7.8336043
16.980953
84.8742
73.57185
53.01775
253.81998
75.85148
88.3528
79.888626
76.17589
179.80559
148.75124
131.16887
198.98813
11.496138
205.0573
149.49297
78.079155
12.491045
34.325787
137.74374
154.55705
139.11113
189.87442
139.79803
100.29316
92.43649
105.471535
118.51607
265.663
261.76196
135.90732
127.44137
172.1758
180.725
142.68819
183.07678
113.22986
143.21173
64.38736
63.07325
57.193684
88.50261
153.14014
287.16617
149.02448
121.551
85.27512
70.41723
137.29163
89.55277
91.93114
137.4114
3.6027284
6.9276795
63.200024
59.370995
92.155716
78.3207
69.807335
155.91794
227.96213
16.65263
29.668972
17.014286
124.524315
75.5734
75.80388
131.4203
271.366
157.18173
156.23984
159.1594
139.47261
127.49917
124.24811
196.85068
69.53035
220.99893
134.83218
3.9004416
17.697742
85.19745
79.52535
61.019257
203.83093
199.4158
147.45413
175.82364
119.91115
146.77995
122.937584
16.799343
25.127546
19.869913
125.59404
231.28523
232.52225
143.46269
12.516364
72.52227
155.02994
109.15511
167.28041
184.7146
269.63193
83.51328
148.4688
129.1169
81.85537
245.79868
169.01373
74.952156
107.688
86.735756
18.435905
105.60138
20.704197
144.79868
57.518257
271.91315
143.30249
97.26747
137.89023
97.51684
260.7895
145.63675
92.08732
71.27709
66.20892
67.38402
72.6012
118.87749
268.45856
57.269543
83.03084
73.996605
138.83963
76.52916
74.96716
183.28987
132.89407
154.02666
96.242935
156.31071
90.355545
133.05435
142.50424
225.8217
176.64685
100.57611
281.60052
245.07715
84.44183
83.99031
294.54916
39.230976
69.98844
66.70128
166.00691
134.03078
67.772446
58.1498
143.37204
198.98712
89.1197
87.61107
76.20308
138.40561
209.96953
267.41608
208.15616
281.45258
199.02365
97.7427
129.67012
160.6555
70.475845
269.84634
247.89314
140.48297
81.34673
72.40005
186.87526
81.4386
70.23299
220.81613
19.206402
11.811174
84.701485
75.19
354.88828
72.49068
250.873
194.01253
71.51508
98.14772
365.04413
144.87088
93.72986
152.3807
154.56705
138.54451
236.15622
179.6888
360.13193
120.987816
71.861755
78.8415
139.496
85.93158
104.42067
73.211685
93.51616
65.07312
69.69695
135.56216
134.7732
168.23975
36.167877
108.82251
11.769044
1.3130406
5.551093
10.397751
153.52101
65.432014
373.27475
14.398958
139.6327
68.89591
66.97108
217.99556
72.78256
151.11787
87.72146
106.876114
21.220112
15.115669
71.461784
125.74989
76.89927
33.596966
83.777084
86.392426
221.73723
31.122944
89.38521
150.74611
99.89728
144.16612
217.3459
210.00137
95.285446
165.65236
140.84329
226.27563
281.57623
100.046585
66.09465
104.955124
75.320915
171.95364
208.36264
203.93246
163.74316
140.22745
280.8283
95.281784
130.5734
173.47905
35.554882
82.119705
174.32889
93.069435
84.807785
78.21428
136.93124
251.43379
7.2729483
67.14192
270.44458
112.42999
121.689865
148.97554
63.611797
71.28464
93.72024
105.19716
190.10469
135.9902
296.15985
176.19888
186.23656
11.912297
91.93956
97.742065
317.3526
22.41692
198.99768
151.85202
96.72309
70.07496
232.53793
188.49081
187.80255
126.71519
71.161865
196.57114
214.96281
239.97371
285.01923
10.748377
66.20331
18.419466
29.5984
166.84554
15.977095
181.04904
221.72806
81.318405
89.83053
248.05627
172.09917
48.171852
12.506805
81.33903
79.370926
281.97818
67.48262
145.21867
14.2719755
11.261569
191.96097
351.56046
290.1316
402.88153
211.08528
110.06441
193.35823
203.3567
74.56453
151.30156
68.288414
263.79468
205.6976
69.421104
129.25002
137.79407
75.17796
146.69893
70.19694
82.04928
302.99774
14.15748
31.956482
88.032005
81.52188
121.79873
38.61329
92.23531
111.14535
132.02884
134.28542
87.58705
175.39526
202.54533
153.009
63.545708
62.07384
75.64718
145.40976
111.57733
233.87363
106.37703
100.78386
101.22121
268.10007
66.47618
196.01543
82.62953
124.16858
109.18791
156.62514
68.128815
1.7093159
216.7255
96.521866
72.30833
225.73238
103.857834
203.91411
160.81204
166.99416
269.28964
205.41968
92.989456
58.496937
142.4406
180.03052
113.273926
179.18723
122.54879
219.11243
64.12635
99.996056
151.3879
80.19472
30.29446
31.709686
137.42343
386.38095
55.782818
65.69402
131.0855
27.61323
28.598028
135.54132
78.96289
72.35538
90.484116
69.54494
210.55571
229.20776
223.91013
246.06023
69.09363
131.15286
90.73863
98.82422
143.12323
190.1034
224.77568
68.84691
116.614426
137.1582
202.56071
240.09402
100.431694
167.69997
191.58374
229.93233
145.4721
148.06519
96.705086
198.40834
61.722393
60.369793
65.18004
163.87585
127.85067
88.41006
91.620476
131.24893
101.82802
161.97246
65.16045
236.02844
157.97234
66.19442
115.20835
80.53956
121.88236
211.58633
77.56183
249.8457
222.46538
9.466768
110.4987
81.62248
140.52249
127.899155
76.27455
89.68971
139.07886
139.02197
113.18616
266.4188
129.96008
1.7762827
86.74153
57.134125
85.06864
108.40237
198.4468
135.30342
133.12086
2.3593194
166.7598
151.68727
90.51719
8.8158045
38.23406
13.964793
151.79683
79.56502
78.365456
190.58955
230.01541
232.93655
164.15913
187.24216
150.80923
208.65776
78.32934
80.08565
138.51962
139.41835
270.30865
324.43027
287.81403
78.126335
0.25181514
193.09698
193.8465
141.13412
79.35709
5.24137
5.5872355
78.79203
160.71494
103.1531
232.8005
232.32065
39.978374
87.581474
82.89672
192.21725
12.5215645
30.1583
138.64096
202.46823
112.15015
293.7594
315.2585
119.49796
229.18404
157.68121
87.17198
233.56734
228.67465
151.42166
131.80199
83.37715
212.10745
135.72229
94.60589
76.41016
281.72015
44.19078
143.66438
84.648796
217.28316
131.99757
130.2551
294.95233
413.30353
250.40019
151.18922
306.44818
133.09055
40.89979
19.737011
179.42903
75.282845
88.886024
73.36296
143.3426
129.67007
94.8664
74.659935
158.31424
127.866905
90.43524
144.51186
127.59187
169.1111
50.959908
260.35086
113.776184
68.17414
161.15692
27.023453
215.76978
191.1855
166.82124
92.4402
124.16829
119.81083
123.634926
179.83862
229.65556
13.04452
25.111607
217.3302
76.39137
110.91429
99.90577
145.13362
192.96732
128.96964
65.05661
26.141993
133.05293
64.66022
141.70688
130.19267
76.74186
195.84885
251.58826
214.28365
226.27124
195.86221
79.102394
60.978527
305.40118
161.59155
80.95028
69.34936
83.39846
83.42223
112.324905
134.15042
85.95782
199.78963
207.18863
238.89517
68.479904
131.8154
18.64573
7.326753
78.028145
73.472916
94.516556
4.0718546
133.95016
113.723
104.55864
102.518394
95.55949
25.818485
63.339985
93.4249
128.68907
208.67911
75.13418
5.5793443
39.704144
141.77228
134.77328
28.77713
248.73267
245.59421
81.1677
28.351322
193.48181
151.387
192.02347
146.97002
36.546375
88.98784
130.83879
126.87345
126.43573
144.47748
132.33536
24.408352
27.121357
20.274744
154.2897
202.2562
150.17763
204.9965
20.079937
18.639286
100.813675
162.25467
172.78366
0.9415008
152.43977
87.680435
68.349045
118.74691
149.63486
98.7847
144.95871
95.57173
96.77328
194.55968
184.21634
126.52046
64.73832
225.56564
101.408134
175.24973
62.86167
64.852936
80.44618
338.68466
262.32092
195.94736
250.34476
0.95107144
79.552216
204.34721
119.24304
128.64955
131.93372
78.14466
128.02234
137.84958
197.43533
95.72728
22.991488
11.016121
81.40729
152.73381
31.262619
308.83197
30.797756
260.08557
62.58205
84.24218
141.4584
153.5165
214.25224
71.43535
89.833885
116.70512
29.803625
51.85144
141.89804
83.90802
29.922953
97.66401
57.39735
76.266754
130.3204
329.74786
262.09628
264.7368
156.54744
289.55566
140.39072
94.582016
140.94487
75.220924
100.8557
274.24475
212.11044
202.12582
128.41745
90.909904
75.217995
179.39052
196.03024
193.08565
279.33313
126.81368
80.16813
141.0236
1.294631
96.17751
71.62065
86.80098
75.20943
192.82259
197.82034
75.90069
107.19905
141.70142
75.17
137.57187
74.342094
76.91652
68.241104
120.63556
242.99142
91.739914
166.6293
201.65057
142.97757
128.05342
142.0896
269.39502
137.00586
200.46225
212.7887
261.33035
140.73363
336.88556
172.90715
254.12814
270.616
291.51642
142.34445
46.698204
143.06882
23.193655
143.04684
148.52837
134.08493
210.9511
163.08218
159.31355
350.12988
210.59285
197.48537
133.168
200.91403
87.67079
199.09009
168.55647
100.52425
6.4659157
20.596636
136.22684
76.79337
242.99051
236.79573
246.279
282.14816
157.07683
193.6716
125.65597
131.67844
129.2836
80.93982
143.0364
134.62062
100.43373
18.304546
132.9277
138.98344
131.87784
135.6001
78.52827
87.49097
82.64751
75.80383
296.24405
8.181051
79.28311
220.04443
281.6511
12.0940485
199.36917
29.110168
77.968895
18.443773
100.530785
9.352202
135.60051
15.668076
73.00721
212.05136
214.77682
180.96889
334.31888
169.95544
84.830215
234.68188
102.446396
156.48538
143.43036
148.91672
67.64198
209.20312
80.13193
17.74916
9.08161
15.062735
36.27784
75.16972
82.47898
20.118017
175.97597
123.35576
74.93866
143.20566
133.26654
85.253174
197.40169
68.59596
139.92355
228.24837
125.6614
98.06451
138.37936
106.72964
215.27075
84.96436
17.141148
240.2574
212.1882
121.0844
86.252
190.6136
79.25969
250.70444
308.20093
253.37773
210.03947
353.83804
423.67294
157.7553
234.0896
141.02466
83.53813
90.03986
244.38992
98.578606
322.5909
183.70822
60.424736
181.33871
314.66827
144.18114
175.87024
209.46013
21.457617
76.15307
18.81431
105.25543
151.09459
76.85933
143.57137
39.508625
84.663506
93.57579
100.27684
147.68137
140.02011
258.63443
177.93263
251.93033
261.02768
123.69264
209.91177
268.503
137.10934
187.32547
348.21857
349.26624
222.19006
230.39738
192.89182
185.1693
101.141754
198.21555
282.43997
228.52756
331.6997
86.562164
174.0626
93.96078
89.23093
83.2679
120.96956
81.3903
98.77879
32.117035
159.12407
136.48363
233.34903
191.532
159.7526
138.9552
213.93295
111.04806
132.5358
209.44048
218.37056
98.64436
188.45882
269.0255
270.0018
206.53345
203.72327
92.6015
169.88693
139.3324
149.86508
70.423416
284.79834
127.0474
141.48999
134.09282
23.366184
36.346886
26.003246
55.017048
14.111536
17.097372
141.69658
136.15665
133.73782
82.77388
131.38179
126.4539
133.16344
210.25627
64.66016
288.44385
122.05316
188.20874
82.30524
151.30446
15.503534
92.73871
77.25755
136.68587
189.37308
121.69832
322.6049
237.13506
109.44308
192.3472
106.911415
71.40635
119.364075
124.42175
103.140175
86.608406
337.74225
119.514626
106.67107
141.85965
182.45596
164.68202
144.72777
95.38771
254.28613
10.510612
246.43228
76.77379
60.015636
135.65166
192.61848
95.52655
88.847244
89.50389
82.33728
87.07775
65.504684
126.554184
87.885605
267.8204
193.50523
275.15997
74.26419
2.8281293
78.93705
76.02135
266.71353
155.34613
157.09396
123.47923
62.814068
75.3892
191.43416
125.96625
80.501816
68.86116
156.63834
81.943115
76.742615
97.438286
82.14456
132.40099
113.219055
134.10847
86.497505
154.94662
193.28485
29.219604
9.014243
184.61772
174.00496
81.23934
210.14644
69.049484
22.007751
17.943712
78.11705
233.25713
8.10987
82.0618
23.352596
75.21896
63.867756
308.33368
79.823074
74.896194
89.33156
268.38467
146.12292
3.7926846
78.6534
84.905914
256.29108
262.70657
153.34714
177.03592
155.99527
181.66273
124.940636
14.917827
61.387672
153.80772
71.77582
78.15576
11.986421
97.28684
60.20647
196.25005
135.838
212.87952
109.89104
137.76344
20.61819
86.14233
153.46834
72.16897
162.34044
85.86485
137.69467
190.04512
279.8185
132.23001
236.45084
109.28043
195.73718
87.24147
174.5354
160.09299
166.10063
21.669209
86.26453
67.52811
134.6916
70.88928
163.82004
157.49686
279.84467
68.11361
204.55045
185.60991
218.15073
192.73155
136.93884
75.04926
65.45708
76.49705
152.82877
83.26515
14.43
18.322744
138.49419
113.69883
202.92343
101.67514
77.64789
124.57743
229.14966
192.41397
85.56014
77.57057
139.952
132.36807
190.69252
133.76437
256.7789
89.91542
3.3879738
76.098206
133.92378
22.19339
156.93968
308.25534
228.06621
593.5458
68.35678
134.44725
202.19547
114.77128
69.344315
34.042484
22.131521
123.64885
132.25401
129.89955
257.14227
205.36624
197.3768
104.92582
86.07508
117.58089
198.69443
121.821304
145.88689
117.92302
202.75052
233.39517
301.8553
245.08379
251.8857
174.0773
215.10185
226.61191
75.27336
220.21158
139.8218
166.63803
101.12545
319.70673
108.83525
340.98962
5.25814
5.6828237
82.74212
17.391203
32.437996
29.835407
86.68224
29.603159
18.930515
59.734905
100.66372
75.23159
188.40358
7.2389574
10.821354
15.859044
36.4096
88.688095
154.47449
87.338844
209.93864
93.99555
162.2429
207.41313
151.36194
75.853355
22.150803
107.63939
92.98384
160.21964
87.2263
137.62576
211.15996
13.127939
22.475998
110.40462
126.09847
6.6704626
35.530968
131.6689
57.578064
75.18097
140.06259
82.286736
29.25357
5.7130685
16.456766
19.798445
21.896383
123.093956
154.0855
113.6497
116.596756
115.41862
101.06121
145.87596
105.80711
106.625534
131.47507
177.48239
146.41225
76.220375
86.12686
87.6805
144.39236
114.85356
10.574532
64.95048
29.622425
76.5446
4.6061983
148.1235
100.36313
76.39101
36.42268
68.56411
11.113701
0.9728712
51.524834
41.90708
15.587949
40.088524
96.041824
148.7639
90.255104
180.56802
185.79762
6.018155
108.63365
15.071152
10.407628
130.86205
154.04942
168.08224
98.524055
177.0173
70.13466
78.99682
103.877335
109.62677
106.69466
56.518517
161.87373
80.9475
70.811966
12.057316
81.77937
97.62008
26.513062
54.82605
32.349503
115.321754
2.968639
152.51862
77.18554
51.38271
198.16641
111.04269
64.40108
180.22034
115.44785
179.34975
99.31864
53.831947
59.991158
70.01895
2.3420997
12.773138
25.857822
32.465218
62.87031
185.33109
96.14284
180.86955
159.19096
140.189
64.524185
101.59299
142.94722
73.260544
201.29419
58.97769
119.67367
94.90106
131.1561
233.60147
68.179756
55.468292
105.89734
132.31552
183.97488
86.579254
250.78708
216.09431
108.03929
53.72458
137.01123
152.8873
49.42522
159.67067
58.292274
66.00616
98.53142
44.55684
91.52544
94.462296
103.38356
177.13924
110.51512
74.75728
126.176926
142.27695
136.91615
77.283066
56.866627
59.54483
58.841896
144.69385
90.8587
89.3114
90.25742
89.07487
112.215744
73.20422
65.06886
56.90368
133.65154
54.285725
190.36565
110.292435
129.17496
21.52881
55.244263
14.320414
24.964275
117.37196
62.51649
76.13347
276.43762
153.91895
63.053
15.041211
77.44139
165.93034
113.388405
8.071616
170.98137
65.666214
152.51884
142.04126
124.24923
202.0284
126.25002
21.446836
121.04557
59.096977
4.3966856
49.7909
231.09659
115.92084
274.65778
71.083206
73.07931
248.27036
167.84142
57.895214
114.39313
41.899208
59.124382
110.40336
59.138817
158.01805
171.8966
223.38985
129.71385
206.43628
59.319298
59.567436
4.156335
176.50717
25.413227
60.47415
79.57381
115.5602
144.6405
108.71847
62.568336
55.93084
58.34796
127.51427
13.788605
131.55588
141.68729
188.25394
99.07456
180.11661
71.07153
69.859474
3.7249146
19.081593
149.32726
231.26741
176.5843
98.435104
182.15848
93.36598
243.35046
80.61218
0.6612507
64.84219
61.27793
185.94508
54.519447
63.37278
45.20295
78.76534
108.78833
78.42087
10.284636
23.556501
20.253956
36.703255
158.06015
102.51738
211.94955
63.760303
17.909761
34.448147
74.102554
61.665955
90.47883
127.95901
136.72719
160.61055
82.91117
36.433765
106.917015
87.22576
156.06244
130.01886
184.12532
195.2667
201.1926
133.14241
106.11554
124.15377
116.20143
79.05726
105.09001
91.70482
126.75759
123.48936
120.84658
109.48871
76.691086
121.15763
99.78386
83.655235
89.54872
157.80186
110.91129
88.22572
182.47098
153.74826
202.8366
121.45492
40.08448
28.63533
149.87744
196.59708
218.60258
83.8921
59.869305
134.03117
135.49507
118.83543
59.493355
79.50807
51.907654
150.98232
62.17572
56.906517
47.95899
5.1916914
8.583799
162.45877
195.19421
28.160757
83.01869
23.667027
88.235954
129.9387
83.850624
57.243263
60.654827
57.93371
84.477715
73.66838
115.127975
109.99158
146.31055
171.27182
117.288414
78.395676
90.561485
75.89408
124.230896
68.15816
82.84505
102.897964
110.87981
117.63558
99.30213
80.25564
144.1032
194.4648
190.28452
70.46152
66.3697
58.13388
68.506676
204.15544
54.095726
244.80937
154.14993
142.17021
81.63573
72.24859
184.14935
149.78851
263.2179
103.287094
148.69565
192.4556
140.08775
77.28819
207.2478
82.39606
89.49794
80.62499
91.99782
75.775604
113.0261
69.899216
84.99037
85.995636
64.657394
203.93976
19.301802
68.16581
27.020233
195.46936
72.64892
72.94716
223.24297
137.6105
170.04547
279.71735
86.316895
245.39868
86.57047
74.595764
129.64928
83.75273
68.02492
79.87508
82.96034
57.936516
68.10889
5.2695103
18.850742
82.497116
154.86304
141.06555
98.76003
390.94678
138.17477
66.37954
73.089874
92.474335
240.3106
150.61716
267.69592
12.296658
23.349213
157.93878
81.898834
82.15683
111.42875
210.29846
199.66614
140.47429
71.805664
208.10884
80.45924
66.29493
113.952866
70.35753
101.27876
159.37283
189.40355
75.60674
108.03837
77.86104
152.87059
102.991776
86.39006
107.8102
68.4242
71.304184
306.25308
129.47556
111.0771
102.87105
208.87431
163.27629
282.14493
83.27587
148.24814
226.81706
143.02292
164.80692
165.34239
129.56697
26.310318
79.71042
349.59924
150.69662
104.6261
153.95827
74.009605
173.46515
189.48076
75.66661
163.35893
96.92674
59.778847
124.97465
61.858704
4.608424
40.222004
158.19266
81.256165
254.576
132.00674
126.11328
0.27173328
142.43857
135.23671
134.43733
306.2154
208.3
119.33732
124.66209
245.92776
114.224625
21.015055
27.419943
78.096634
122.385605
10.04511
94.7877
68.673355
285.48065
215.51196
162.64223
175.81677
217.70703
206.69174
169.50337
110.65767
350.38455
214.74553
94.061844
145.09764
191.22147
200.44168
83.52557
133.83665
230.88802
179.33812
131.28035
168.2473
227.26535
228.51709
289.72742
20.070255
10.204557
260.1042
143.92896
231.51453
43.8525
47.00446
132.61064
101.22224
194.25446
126.29964
133.92067
265.91278
153.97636
161.37273
121.579
39.152416
40.247368
28.97171
8.624807
100.0167
176.48148
67.05776
103.506676
134.83615
309.92734
123.2443
249.95996
117.1281
101.33838
80.49995
41.840527
41.941948
104.95164
60.148743
123.437
98.92054
66.138374
146.59937
93.40721
126.05172
87.54637
105.83506
229.6149
76.09312
137.19138
111.13757
20.449566
65.01749
49.41357
104.83474
106.56527
62.509583
138.4573
277.64444
154.50008
147.3623
148.53238
181.6255
129.93921
113.249374
106.415245
103.702415
88.962944
223.9487
167.7654
119.412865
138.63696
136.37056
55.28526
66.50876
61.580616
34.11065
30.412949
98.31881
105.62681
119.03308
170.69633
63.438484
52.002056
70.7862
90.15126
58.72547
124.12981
21.69917
76.91795
156.0635
111.20465
34.412666
128.79399
157.2938
154.10872
193.1868
118.79207
124.51587
119.293175
161.95612
240.09024
130.62051
5.2585645
68.300156
210.08452
147.86082
149.03271
64.88916
189.60072
143.17575
138.4698
40.101402
78.528275
58.317078
160.69052
138.62943
71.41879
6.075244
83.04158
2.9345512
20.080334
52.33012
75.78233
84.256004
128.73221
120.65639
176.75891
147.51645
127.399635
189.80325
5.448655
122.60978
110.732346
108.94987
115.08893
56.09436
118.21531
124.79055
61.918194
180.89078
67.411446
198.97946
153.34958
274.77368
107.96733
106.09929
95.54225
79.76856
120.89607
117.3855
59.311462
60.19378
16.537157
117.956604
114.78551
87.31206
56.052063
17.877195
59.744953
8.01866
22.139568
74.48971
42.60332
114.13114
10.447794
70.82874
10.219597
20.039192
24.949154
57.39016
52.275932
35.48402
120.80678
64.425644
114.139854
73.37583
16.720295
45.32466
55.55382
109.48893
223.94939
187.04561
88.98338
129.40065
25.691212
141.13188
25.652914
25.997955
32.582497
14.887364
33.63422
43.102158
104.58563
86.41831
137.25288
302.92197
74.99577
105.99036
76.24361
19.75433
26.435217
40.98603
52.62375
76.1844
152.01343
62.348225
58.1598
118.5093
3.4489398
86.25221
118.100365
53.0617
100.275276
84.97783
152.76263
113.85518
50.97529
136.00873
75.09628
64.385086
80.11488
116.789185
128.14232
136.41122
153.50684
108.15012
146.5339
112.35515
103.50336
88.12865
201.86205
62.03762
8.603353
103.43801
20.990566
79.486916
144.91731
60.478035
123.466385
11.685423
21.117176
22.018223
44.69874
2.4977036
147.89427
93.35857
60.964653
165.20078
133.40591
90.7772
98.78319
91.46975
122.101524
214.06729
22.570896
60.041393
114.419785
63.68098
94.96715
73.4032
78.60534
125.55701
82.75782
169.221
180.08084
87.853935
146.98178
82.79201
133.78548
74.033516
156.10622
135.83937
71.12484
192.24292
54.223988
61.78413
30.413687
25.287497
174.27489
246.84053
27.490917
13.847278
70.82171
104.91634
82.194405
119.565735
55.845898
59.568226
111.71979
66.43021
60.19755
21.499533
126.778114
152.56216
14.725362
3.250218
13.187228
23.795015
89.99584
160.317
115.88102
110.30603
83.75069
52.206856
50.13853
19.304287
10.228073
71.643105
62.734734
59.939827
52.116352
132.8548
143.6799
29.364933
97.70174
67.22433
129.2925
70.89817
136.17157
114.1682
69.44942
16.259706
77.34908
62.73272
129.41476
61.761803
60.38607
54.48174
75.899
171.52702
83.36492
80.59017
180.69516
173.24606
124.95663
63.24412
115.65898
135.47488
311.74908
128.20236
54.324615
54.88323
70.26466
179.18697
63.56427
114.86416
24.516476
12.089355
167.13808
30.997961
71.357254
218.20743
88.582794
22.277248
129.40689
171.48264
169.98248
119.05119
128.20718
175.83194
137.64357
7.9213953
11.6748295
85.01857
72.8858
74.40955
131.80505
84.904564
76.779144
61.36378
75.993286
1.4004169
69.53697
70.14139
57.677967
188.04651
177.55867
246.72742
152.8826
175.73026
74.96389
18.480007
20.131426
65.12367
117.494095
122.93617
137.64766
35.754494
12.18689
1.0492845
95.8972
3.1412392
91.96029
79.65472
9.981916
2.2703223
37.918297
71.98341
57.851112
75.819405
96.82857
82.82583
63.466022
149.37465
13.065973
69.754776
78.53357
10.746607
62.138325
142.44128
74.26541
81.066
128.6407
76.048706
73.86898
123.356346
58.527763
0.7150715
128.34985
78.54497
85.44696
13.269724
86.03963
73.96327
71.889786
107.46893
110.65548
94.858055
100.65483
165.89418
130.9169
20.063038
7.2089033
176.74875
110.190994
241.74138
65.951866
113.215164
26.121647
16.018831
4.7261767
54.83924
147.7787
153.56552
72.95696
138.89366
74.156334
123.61803
169.34985
93.7207
74.87706
105.19192
42.284492
22.53989
40.516853
50.735664
55.782356
61.448647
147.48976
53.77022
3.4148304
49.686996
78.55916
71.221275
154.86996
142.70468
129.0968
223.23653
127.234375
119.44295
64.65062
101.93122
120.77765
5.3788157
56.549126
36.51017
1.6784748
94.420364
114.09833
115.951294
56.43511
74.47668
56.548595
166.2973
53.864952
59.483917
78.924065
121.781296
85.63104
31.593863
231.32422
152.98247
111.05015
68.82637
262.30377
58.558105
88.65753
77.82605
133.43263
95.67663
115.395645
152.48073
166.60858
74.79463
85.36923
169.46704
78.846
16.564434
17.77065
13.19935
12.628036
32.00889
80.87373
154.42923
23.593227
69.55873
69.44042
211.97697
124.37148
1.1647509
11.696778
69.2447
15.4701185
133.82893
7.6022224
41.102177
14.405525
52.69599
209.68848
196.57614
176.86926
179.48862
243.07263
203.12178
72.258446
158.11372
359.9819
16.021656
11.4502325
128.89284
165.26753
127.0641
226.30045
206.03296
110.83755
329.89355
101.22591
16.015827
164.1218
157.14273
81.62184
79.909195
69.56981
134.48099
84.70644
158.28911
108.72102
427.8702
130.29947
87.03813
76.59935
88.45981
100.320694
69.68759
84.452774
169.97423
70.63216
78.53623
12.124082
265.45157
6.9238906
22.50423
103.262985
121.56378
57.57621
44.77516
101.842545
218.72708
367.1458
250.8886
74.40831
67.49727
152.673
78.77734
110.2252
198.3112
159.55386
98.44951
135.26385
123.837326
136.7553
132.2821
91.671165
148.54593
253.16545
217.27129
75.58236
129.70633
72.7466
92.28501
66.96426
188.59744
150.82837
20.267948
103.288284
81.6589
140.45253
188.77953
76.61078
174.46756
314.46017
139.89523
132.75018
218.40508
44.65633
11.559927
15.780383
74.43374
81.21418
229.23164
93.7596
132.07198
86.889786
192.08754
19.143703
131.18599
75.70802
164.55566
190.55475
192.91843
176.91797
212.81454
188.98508
220.26498
181.42271
132.24947
97.58711
140.47697
86.41231
265.09332
112.02409
120.528175
239.71944
21.013725
137.15135
89.08164
135.43416
121.605446
241.69072
10.141065
168.80046
81.3536
81.53182
215.20871
9.161876
100.43666
134.35226
170.65964
66.62139
202.2642
213.00371
157.57901
357.4726
19.737505
59.109802
20.417274
140.75053
133.75146
145.85811
190.68196
0.72238
12.557998
30.02655
102.458336
100.317795
105.30646
149.84294
166.66263
128.6791
143.82394
4.325321
137.34811
332.29987
151.68446
58.53135
9.143392
74.96357
81.29938
257.75076
136.82352
78.068665
208.76392
124.31616
65.18267
75.90832
163.094
141.04623
70.80605
98.11876
79.755974
113.5139
195.7206
84.30892
109.051796
155.4628
57.101784
100.66239
260.59024
11.146428
11.405231
135.48727
193.25534
132.7312
77.56563
76.36279
132.80896
196.40497
122.920876
9.971161
11.2043
9.426587
136.81944
225.96875
87.18337
124.25818
137.00114
75.650856
89.75277
91.067665
193.08398
60.974194
69.77864
186.15646
174.08183
422.32437
274.93842
98.3584
135.64629
89.43291
181.6127
5.140208
85.94804
189.73094
149.199
73.84761
15.622127
89.37691
85.71979
9.118616
80.148254
74.31693
141.33223
215.66573
296.10385
159.45985
283.90317
335.8869
117.27335
229.80978
222.60713
274.6125
171.75336
310.72122
194.67992
130.19235
332.04794
263.35626
133.20378
148.2584
40.17186
94.28856
79.218025
84.85602
84.11109
105.9633
27.192776
85.256035
58.81792
192.82663
95.97572
43.36588
193.32132
29.48386
73.084755
68.12947
136.71553
87.14409
85.57968
157.9279
164.97978
15.8571415
88.53088
57.957436
39.895126
4.2607894
163.05313
75.46956
59.541313
130.09717
75.488594
117.50095
63.828728
159.58348
0.36993858
75.66642
73.72662
122.137474
309.42844
3.4385288
0.25232285
14.814215
47.14353
33.17799
89.229805
255.02922
74.31721
70.187904
127.45459
152.03624
270.34647
69.04524
80.86513
156.1275
124.83113
132.95494
228.90312
96.82543
121.41219
66.65325
219.11504
20.503666
9.515616
23.16706
20.56942
11.904815
332.07602
137.74095
139.54166
131.90329
162.11597
132.72726
186.44522
131.69536
183.53293
85.08525
90.45382
76.579056
127.62286
92.809494
159.28548
195.8818
81.146774
148.2088
140.44995
209.20638
160.33777
141.85947
80.16407
65.9633
141.88277
235.72632
109.32267
168.79929
126.18744
190.69693
203.8162
168.69833
124.02201
131.74557
268.87653
132.95169
245.02588
228.37325
197.15744
143.25317
196.0267
236.01962
208.74458
194.21185
199.2612
157.33896
99.1244
44.0082
13.58962
189.33546
182.58522
185.39447
1.5411339
69.52227
220.92587
217.89853
77.97061
253.67
147.89606
68.95081
69.240166
17.465252
195.66809
134.16902
148.70062
211.06047
75.90753
14.017702
158.87766
135.67386
114.44894
277.05548
322.97174
211.74011
168.37984
76.45355
84.23049
127.32839
182.39774
70.525856
186.14871
76.76411
93.18308
143.11508
189.18414
270.1326
193.49033
16.227882
18.485336
78.806946
2.9820907
9.194315
132.9719
242.99246
22.163118
22.377033
22.176598
120.90477
4.9430814
78.90205
267.05893
136.3594
82.1943
43.72753
17.470976
69.80519
58.851448
18.933449
73.62926
162.36105
138.12439
105.16008
128.43228
17.761023
87.27551
171.307
85.581566
118.91787
151.25784
294.98013
143.3205
237.78413
207.04167
151.22318
91.05689
222.72073
173.51042
71.762054
148.01381
233.34937
206.61589
216.98093
140.00975
96.688446
70.731094
145.35457
219.25476
135.16475
144.34677
145.40526
141.93948
116.441666
192.56017
92.943375
88.748276
146.4167
179.27908
103.88362
96.325005
76.5226
422.48746
238.98433
164.66653
32.854286
11.350795
84.49391
211.52383
144.63293
243.92395
130.45282
234.06076
82.05101
70.666756
12.801114
1.9921726
173.15903
167.84134
118.25499
94.54838
192.617
103.68616
90.060036
244.29134
281.80664
217.17505
134.67583
80.62372
75.95935
212.56987
149.51495
153.91533
242.25871
152.01697
19.417671
103.638756
7.943773
250.39328
150.91176
10.947198
16.563496
208.0676
301.14755
152.33923
103.89093
174.6254
1.9742874
142.28635
73.52586
68.562416
112.24961
29.93954
104.527466
7.0561066
13.769412
17.281149
44.603863
190.29843
80.19176
76.93238
85.56275
76.65349
65.47851
197.18747
23.788822
92.53085
108.62727
86.24481
92.299
154.7411
134.02646
387.21225
3.62298
17.853842
24.333378
302.47272
167.67117
0.9340318
87.356674
174.15869
99.26487
70.12341
125.15981
12.071491
22.551588
186.93575
83.25224
203.92447
104.14199
262.4226
146.39789
162.6912
40.212833
22.551685
172.18639
165.53358
149.82771
209.42587
227.0343
283.14066
209.63712
164.36978
88.54154
155.77151
129.51637
79.38426
27.679266
28.571365
89.62338
94.92428
215.14856
84.3614
81.70856
94.96355
113.307274
93.32743
223.56514
101.43505
210.79048
139.30864
161.30928
176.87813
268.40045
205.25168
72.6425
69.55183
151.142
254.08826
182.6373
2.514695
246.35982
119.51371
96.86753
233.22429
116.257614
105.18392
83.17085
207.97794
93.46037
151.44136
155.06203
147.82327
89.20837
256.24533
145.09505
144.7498
136.9856
125.5917
126.25911
80.71604
129.19075
65.87136
109.0282
117.78265
70.10963
191.84647
127.93496
293.69745
90.80775
111.57172
147.43323
310.0779
146.64265
303.45422
69.223015
79.383835
64.54161
224.78882
170.79613
74.16453
98.37425
196.92818
186.75793
98.759636
211.48616
97.18742
5.587783
88.64778
62.896313
138.19678
150.45871
284.00888
68.56984
102.64822
14.88632
68.25961
160.54091
81.92141
194.80954
196.22177
334.3383
237.45981
146.83188
203.03032
129.7325
368.05573
203.36655
278.03574
205.21208
189.3251
261.1278
287.4837
14.526388
228.62149
188.4599
68.79759
146.14107
2.1794844
75.70403
13.544681
101.286606
67.009476
79.89351
17.35491
69.665726
257.50613
68.25032
266.24118
97.62468
145.51077
80.94618
127.25232
221.01863
79.54369
71.78459
189.45956
158.087
106.8094
175.71523
70.22684
127.85293
40.52496
103.29801
175.32312
215.31339
175.01596
185.33586
187.47366
240.94443
136.87279
155.71207
74.52531
344.69736
11.580774
68.686264
10.080417
80.17148
104.017235
182.66977
169.03058
137.99907
87.00195
70.412796
66.99098
144.38283
220.77695
127.88432
91.303055
224.35466
89.38979
193.41592
205.02542
127.0648
72.906654
133.17487
170.31532
146.93515
315.02225
201.72498
304.9847
22.751627
33.16041
72.62991
235.77585
74.461395
147.42563
138.82861
250.9032
162.75015
27.642923
134.97751
126.00832
323.03595
134.09573
115.047585
112.81039
128.70363
83.246185
187.94835
157.7597
49.924778
119.16725
158.65506
145.61404
187.52225
16.091068
15.621399
25.4399
49.37217
183.11613
66.516846
115.09379
60.08965
67.32384
144.6171
87.03901
87.61142
163.41647
146.64352
64.59933
118.992714
42.446556
153.00868
48.149727
29.69375
142.70943
70.61034
152.47589
77.45069
168.47887
132.83504
147.50981
297.84595
70.01369
203.18826
92.655304
105.73155
392.76517
261.09586
334.34512
269.46536
25.708029
45.75757
15.498815
141.1289
137.17395
250.06705
103.9127
116.0555
81.44608
79.741325
170.89397
175.0407
82.55824
211.80005
122.08003
157.88664
330.58902
261.92047
363.2396
217.77759
206.46878
26.902563
93.727295
201.51198
91.85653
51.114227
245.1344
152.29042
92.252396
266.22717
211.59317
304.88022
137.47536
105.37567
70.316025
20.993017
89.8692
79.609436
158.37045
156.4147
147.41351
130.81055
87.42664
213.9697
147.67175
232.08997
180.16318
90.0406
73.83122
135.29652
145.19937
101.90783
185.3981
134.60995
76.82533
161.66544
259.78436
177.07707
242.08638
214.57333
161.0502
102.98543
98.031235
72.730804
80.5403
370.10504
17.842083
17.226475
89.90213
123.65841
163.09813
79.41243
80.56874
75.06785
8.440654
21.514519
313.40683
76.736824
74.81892
15.218653
126.88804
67.36226
186.77077
235.8514
245.77359
132.88254
241.21487
155.1298
336.19135
115.41594
66.18086
111.49687
391.31183
147.91985
201.37178
27.27539
137.82712
4.9393167
139.79155
74.03862
125.77968
145.99104
186.77126
253.71745
160.28702
171.22157
75.892456
210.54839
78.568886
138.94322
206.82353
66.63884
153.26932
97.914246
238.43726
141.97067
184.04845
137.95558
123.11937
72.94982
75.413925
149.29446
263.77936
202.38144
151.19487
73.69543
104.702614
82.97049
60.61563
59.5001
136.75151
193.53682
77.22162
153.75711
140.76823
213.02664
121.840164
107.62163
142.12613
84.276024
68.61265
68.647804
86.37936
172.06131
224.47282
196.86197
381.30365
186.67099
286.50824
295.67084
109.358864
336.8996
397.66608
126.52128
262.2137
186.62366
12.180466
25.740505
10.799479
165.39742
194.31883
133.18988
126.53734
168.46065
83.832016
67.25597
147.24329
197.92058
90.98662
36.997116
322.13272
112.50669
156.28543
198.08086
37.10378
81.304474
138.15512
80.94927
50.821297
39.53373
20.262249
178.22098
173.57771
82.81278
159.08891
88.32821
94.63595
87.34645
70.93864
141.65732
120.82198
133.42982
154.42285
102.83844
94.56813
141.28876
149.98466
195.62288
259.9448
188.37119
202.8533
134.40814
71.6873
70.69848
34.052147
167.27762
320.96725
94.324715
86.482956
73.56943
20.203072
22.170242
77.343765
91.673744
126.06897
75.05272
87.02248
204.24875
126.56177
70.81749
73.98711
216.33101
105.02389
119.244385
220.64917
325.514
138.82347
187.88232
149.2759
223.28397
111.359314
260.12256
19.31014
70.44086
145.26906
79.99477
171.922
63.66564
155.04965
133.37549
89.01622
235.23523
290.76193
476.1617
181.57579
395.0596
39.166645
49.847454
212.77226
174.83554
132.53299
68.216805
144.0339
78.273636
166.67825
252.82516
160.5842
108.966896
266.66797
331.38513
218.05066
211.22806
142.27505
264.02292
149.28738
134.25276
271.4546
270.69284
177.92766
107.55119
318.21414
106.44861
2.3418257
36.4094
141.88205
21.290974
44.050587
94.64887
25.574408
76.85759
86.02719
174.88193
96.81293
71.249794
199.19298
209.46475
144.72282
92.0464
142.64247
282.06638
252.7222
218.699
139.95131
334.16925
124.42954
87.47277
228.65569
65.62048
191.81035
147.17923
76.003914
67.04389
67.1468
213.13437
146.87343
134.43578
166.19638
133.17596
250.57451
148.36118
192.61397
213.28186
120.12671
133.98438
190.21617
164.42781
123.58987
140.37924
282.11792
222.52994
153.1314
14.04579
191.29904
394.30084
244.92813
228.34726
260.2304
72.539734
181.92491
28.486856
71.01914
23.220156
176.88914
178.89034
235.19487
85.7119
137.90857
319.01434
148.53558
188.5618
225.76218
249.38672
286.30185
130.31776
88.15315
134.09003
17.527966
57.71816
10.085646
143.70808
180.50543
374.44992
171.34766
114.74049
232.2731
105.561134
123.2039
216.11624
74.87233
74.81826
74.38403
109.09131
75.51333
182.29196
209.34714
233.83472
263.09586
194.59961
132.69902
66.74553
236.19131
201.21849
121.845726
125.11354
142.68141
66.39074
154.41609
65.43075
233.39908
86.645256
229.2197
183.04555
236.44104
360.03848
67.86069
169.0228
100.29023
108.985855
69.073906
11.560032
75.12517
113.7043
78.91309
72.03752
133.33786
78.77636
190.00177
127.58746
142.20636
191.33908
146.85529
89.012375
145.15903
183.55597
107.51128
206.0065
74.630135
132.78639
118.732376
14.442723
227.18738
16.10828
162.72551
407.81
187.99596
65.001434
192.55826
164.23724
111.73842
152.99722
340.3543
163.69629
157.52776
179.95703
56.8451
158.86366
4.0854063
145.2089
4.413713
80.44368
131.40744
139.07509
81.78253
144.63272
83.16032
63.82833
70.64027
13.875635
75.43666
179.5289
128.4495
0.7968547
213.70027
147.88608
214.7279
104.48085
71.620285
128.5994
89.27989
11.978202
26.618174
82.76282
159.01863
120.2052
72.48792
129.09624
257.75586
171.05759
126.62998
77.989426
87.84622
122.66005
5.397807
11.868517
126.20907
67.87166
19.176306
203.49684
151.659
142.8475
137.82327
201.48709
366.25204
59.60896
134.75168
195.56909
84.32622
75.81866
64.65138
188.69455
141.4421
90.38838
74.84195
137.30539
63.029594
143.87361
132.91037
151.27771
146.802
130.04562
229.43135
76.052986
200.37247
69.52577
86.567215
80.18715
153.9209
70.019714
340.8877
273.11426
149.47127
192.62949
20.694462
118.61682
30.539007
111.19706
64.15978
12.008448
140.10654
90.6422
98.34468
125.118286
142.99472
5.24612
121.675186
108.55727
34.746284
284.00385
4.297414
140.7337
239.73056
162.6482
195.70377
36.17808
79.72408
133.20634
76.77931
163.64648
118.69662
99.962395
75.1126
77.93414
163.27933
118.09965
8.160713
218.85092
96.80058
209.84094
102.55835
72.30447
61.25415
100.22145
121.08285
60.608833
80.68856
9.060884
7.886571
126.64927
137.38286
11.889443
121.166794
71.42327
188.90489
174.99619
73.82008
304.38736
138.83546
145.40686
319.0338
386.78705
178.70833
231.1086
141.4443
315.59357
178.63948
78.55003
101.960266
194.55075
81.6729
73.60207
220.66133
113.5991
93.20801
211.48872
194.17572
159.65935
28.758854
21.831947
200.04063
82.449425
268.1939
125.06687
140.0315
160.10399
76.9749
212.42647
139.59972
158.51187
138.44992
155.69493
198.1349
251.30998
269.21872
91.28984
224.63924
183.32024
226.84473
153.35698
141.80392
151.0046
96.050964
127.85065
9.174079
162.69652
397.40985
71.979454
130.15071
177.18976
77.64754
108.13446
145.01291
146.74707
207.90056
162.50612
107.73811
170.22293
225.73868
108.018875
122.03794
216.65298
144.43527
198.82213
121.50392
30.031765
51.337025
163.72415
258.99017
254.68738
288.9272
207.94576
160.7222
61.308086
58.642418
213.75839
112.226395
207.7327
3.8221378
57.042473
73.23003
223.88782
89.9134
58.722404
172.75247
129.67735
77.47087
66.99658
7.193928
94.603966
134.05557
87.75971
141.5511
21.72955
80.76016
61.44383
107.062096
186.36673
150.29898
140.89342
214.46614
141.73178
218.64099
107.65547
236.62683
207.45024
140.00931
191.42087
27.541279
40.900627
31.457626
63.88502
95.39748
70.48591
76.44438
83.01111
150.58034
326.04303
25.762798
163.28885
148.87659
66.41717
124.99013
83.673676
64.122116
73.75932
78.08886
160.93591
138.00533
133.50119
1.3313618
123.22378
85.208176
251.33452
130.46481
74.49693
64.12972
3.4101605
13.715732
102.96877
3.6466126
58.240868
124.34965
108.80727
146.79874
142.17955
7.068175
145.56628
68.47655
17.74445
265.5726
213.2395
4.7343173
235.11032
147.30148
252.49051
190.0435
338.9545
182.02437
136.87416
101.39006
78.82437
176.64352
13.790899
9.911169
10.569834
80.41353
213.45395
149.45702
44.3737
105.864975
159.63957
78.61509
189.34697
55.059532
125.09971
117.02427
72.063965
113.870834
203.34854
7.7000794
153.6611
159.30592
352.09756
319.42987
264.4087
46.97279
63.381683
91.459435
71.8826
58.969776
54.330925
195.62431
94.02769
14.907309
17.528433
112.86365
10.457991
122.53445
92.41672
77.405304
237.74179
290.92416
88.49043
18.08608
153.3854
95.68369
196.42744
177.6747
83.07832
21.212322
89.65953
81.295815
161.64124
74.052734
72.15846
375.43555
3.796716
136.22577
72.17937
81.83861
143.76538
33.08414
79.14149
89.691635
69.384254
218.30644
198.3407
158.04184
310.91434
138.71996
319.8531
218.83923
543.4552
206.8855
150.77267
149.9827
87.86788
148.74619
208.43005
210.48691
93.71968
129.55052
172.54715
91.31176
18.004871
159.90878
88.05771
38.022854
76.34062
164.69067
65.59181
194.41408
209.45186
141.77454
131.22746
111.683556
338.30353
275.86957
189.60085
287.57822
127.36003
121.37179
197.67754
178.04013
0.5637744
68.70317
77.57541
2.9751334
68.75689
210.1416
84.04271
323.8454
274.77353
140.03793
141.20508
4.842327
129.33115
114.09873
187.41743
189.15323
190.1457
140.97737
131.79063
209.71106
152.59712
76.92214
79.91908
195.22752
131.6307
211.01547
111.00899
132.94673
142.62344
223.49362
145.77498
138.24265
218.87732
182.41873
147.95706
81.33327
244.80185
143.88019
160.29604
75.76999
193.74722
232.77312
71.192726
10.311424
79.57605
142.45103
140.8787
171.04678
84.92136
113.66787
212.64294
74.732925
144.99391
133.29504
144.76596
143.87901
16.683987
139.03586
134.7109
173.57883
244.40215
156.66502
218.25583
4.826958
203.00346
144.70802
196.85136
135.52286
86.93518
138.09372
252.45935
27.113317
153.06667
142.21286
161.05998
162.77739
203.42484
208.4685
415.39227
259.43512
74.92338
93.36968
46.197876
189.25516
68.36479
225.85843
76.30552
25.338148
13.486433
139.28123
30.026316
11.122522
131.05415
229.18997
74.051414
105.12759
129.8322
159.06792
238.01265
65.665115
203.76047
70.79857
137.18721
140.10695
247.574
70.5753
88.45939
104.67348
84.14851
74.95326
73.53389
75.79049
3.0360146
22.868916
219.07951
260.7166
210.05852
126.193726
10.219137
46.424385
273.3599
138.13557
150.7582
156.02206
219.66382
96.8042
