617.0454
176.84651
147.07681
42.39538
63.63972
16.987448
106.721176
96.83942
81.00746
67.7291
76.568344
84.614494
46.72329
49.000267
90.76308
32.080765
55.63288
55.463997
30.400879
96.90496
30.11404
24.095186
43.297783
9.109248
7.6069145
21.04438
74.07558
19.985058
36.768806
120.54154
69.55067
143.46391
137.46187
78.75963
74.92708
70.7451
107.360855
119.67787
20.458233
23.765171
49.324406
58.835075
41.17743
5.927966
20.752853
85.86105
33.625275
30.413265
50.72158
41.69314
34.14849
36.868816
73.09891
50.366184
41.86573
76.00878
96.12906
97.416435
116.11127
95.66331
79.23625
83.44102
68.5265
47.20214
29.832373
22.223585
116.929
72.896675
166.47
89.21483
126.52844
55.193188
71.4041
29.301493
18.735971
46.76185
23.529785
21.391087
18.84295
44.411003
23.50311
22.156391
39.67312
60.919945
124.04746
3.5463684
17.738434
5.6351895
8.756424
27.251965
17.09419
21.469616
2.1005516
40.44357
35.164337
21.251486
21.247879
12.164603
48.351723
17.44328
15.038239
1.7572803
14.450434
19.805305
20.888498
21.20986
27.26324
45.608284
26.31625
20.006493
5.6140747
16.055437
13.755487
15.85699
12.0870695
28.314901
10.196069
2.1044154
15.4505415
21.375315
22.03077
24.843313
3.2398007
9.35437
35.330353
23.993076
2.3568003
23.225025
17.35922
69.02632
30.808117
24.916555
42.856342
35.137722
18.227627
11.556165
72.33585
17.925192
40.571857
8.737567
32.264008
22.420353
59.01952
24.183613
4.127473
66.50958
37.952824
13.84682
54.085854
40.324394
6.791295
4.797457
12.581616
78.17561
146.24228
26.933405
24.395584
10.865485
8.658754
10.5612335
13.070335
47.667725
5.249423
4.7000756
23.016779
13.9465885
25.379929
9.146766
65.749054
25.842585
13.583887
2.3035033
15.169362
19.411285
12.700187
40.869556
3.6333077
10.6279745
21.107576
6.3089056
4.7421227
21.606869
35.854336
22.43423
34.537743
22.316341
41.11402
45.593754
89.09329
5.9441204
11.948034
27.487167
19.954464
18.348164
23.504877
57.742065
73.038414
74.4469
93.64662
27.762882
52.58423
31.356943
34.495243
15.113703
29.836487
21.62053
29.453497
44.78339
57.22741
24.207129
12.710551
21.076723
42.61932
48.50895
10.728806
38.190834
1.6718401
13.818533
20.825998
19.07558
20.457394
34.77778
20.103935
5.1362505
31.067669
35.83175
42.554935
44.44222
37.681366
17.8951
34.732357
39.673424
19.27876
13.380743
24.032557
15.0470705
12.998083
28.574982
33.609196
19.80456
20.102224
66.32861
46.07308
44.50682
49.641624
71.579384
44.460457
27.147854
40.618176
51.876007
70.5679
69.85809
54.182606
63.269417
56.779106
68.38048
75.63451
57.145374
61.832184
77.82544
49.372612
38.1923
33.56771
63.663208
70.00083
74.78299
73.81641
59.566753
97.83477
65.04019
2.8293476
3.0408642
41.41581
39.47793
46.95396
48.170113
48.04919
81.30385
65.50931
72.90102
43.47576
43.526867
64.37889
45.554966
58.162743
44.703987
61.703114
58.546112
59.30764
34.61748
5.711894
3.9620643
13.833819
41.45219
10.366154
5.8907795
4.996825
25.83881
7.368332
25.119865
28.059174
16.59056
27.05604
5.2866354
8.190751
12.783226
2.4612787
20.03516
13.5134
54.844917
30.579172
37.520397
2.494001
12.412229
17.74802
5.6435685
23.84275
19.12069
21.008743
26.156794
13.838028
42.34127
54.356728
43.027565
36.993767
20.96126
31.25394
31.75394
58.14756
74.97421
52.284363
37.893547
54.189587
29.128698
72.33096
82.83861
62.852783
50.52839
49.411358
70.18965
19.648735
44.658596
27.499899
22.64037
18.054646
4.5166254
20.3147
10.2684555
18.209316
30.729849
52.91152
25.44257
23.824322
57.445026
94.09146
28.60641
29.324427
80.45093
49.71031
106.14311
11.004162
19.610043
12.206194
21.170017
12.131133
26.64101
27.948559
23.900415
48.324318
20.667433
15.888563
15.071884
30.018854
10.072114
23.579847
19.675034
37.153267
18.091198
60.09251
18.89594
19.644125
11.185839
17.897938
15.084158
17.819942
2.398317
5.772867
18.45083
39.731182
9.796283
16.603962
18.398626
33.872555
47.69078
17.910738
23.28055
24.055126
17.869484
28.742361
14.001788
22.11632
2.2449536
18.788668
8.071503
20.778177
7.307663
7.278324
14.142572
22.523872
36.841457
9.681231
22.353745
14.584198
27.483738
72.61048
42.379646
16.303959
43.636074
18.44388
16.63467
21.092
23.629412
36.627388
27.132462
32.469612
24.546843
40.71525
11.3106
18.380836
1.8113066
37.536526
13.865834
12.431596
48.090187
59.04115
42.4076
21.483658
28.940327
42.512695
50.54517
29.61698
76.743126
48.989204
63.717133
17.865988
40.11746
3.9211242
14.221896
14.28037
13.51829
27.200344
9.487005
29.077564
45.762005
14.804532
23.562893
40.399384
80.787025
71.53424
17.650997
22.990412
39.206604
36.85214
62.968884
21.000664
9.84186
12.750508
13.579002
5.047469
5.455327
6.3250422
78.77004
49.6012
18.513605
29.0324
32.216454
32.489464
27.532206
26.831333
27.762442
46.24234
5.1670175
9.848652
13.214777
18.95113
25.434309
21.906942
47.171066
7.8648286
15.154268
20.248425
40.674717
5.6020784
18.314167
4.2439837
19.84713
20.47631
20.573511
33.966415
29.697958
28.250372
15.181555
11.071778
18.327198
19.321674
25.699717
4.218209
15.945691
14.86528
1.5298259
8.896454
7.3767977
18.103275
12.985146
3.8663661
25.480047
12.395268
15.137161
11.863367
3.2010643
47.167015
20.899874
29.094355
54.017456
24.548506
2.4481032
7.8388147
18.567001
17.20467
29.45722
13.509578
13.940114
20.866085
18.363941
20.338337
45.483177
49.919968
21.874569
22.040037
33.550625
21.392735
29.895426
19.567091
55.63024
50.997482
42.703053
4.7676573
1.7044957
28.61793
15.847792
38.601543
3.7429898
26.00274
16.99612
20.557133
8.540518
6.0243845
16.937824
3.8715043
10.138535
19.074326
11.680535
10.354887
14.939631
12.3777485
37.892036
14.896647
36.262493
30.111044
2.3611147
30.732855
13.554097
19.848804
40.179985
10.576994
11.121824
19.155556
33.492466
5.405442
11.107114
12.167427
29.657795
7.0360985
3.0845747
22.216785
11.014651
36.546097
38.33497
54.67086
29.748493
4.7069974
13.385889
33.933876
43.120293
36.170864
31.073725
23.414623
40.82
47.737576
21.416225
24.41036
94.50783
63.34723
60.34012
67.69212
67.060165
25.631649
19.188265
6.0702505
4.004962
14.795433
16.574389
26.124374
24.398706
23.8391
17.055395
38.028194
28.756765
22.025745
19.31135
21.812725
23.825113
31.452093
28.867905
66.16988
35.27779
40.55817
39.683167
69.899826
37.665657
26.58752
3.77495
36.32412
32.13828
37.012383
34.82205
24.219975
37.488503
78.5021
51.613556
54.992664
73.19291
15.190512
56.034393
58.55412
75.69912
70.21863
83.26274
50.77046
59.329933
76.47481
105.81107
50.898766
36.945946
16.114416
41.93273
28.846582
16.432686
47.20025
26.73406
33.084465
34.67002
13.330973
22.373154
38.12359
17.79711
5.2050943
10.930951
29.028732
12.768766
19.460684
38.451973
21.676731
2.7180505
24.884771
18.891315
15.717203
32.48873
33.68546
30.550314
43.65258
56.479717
40.79606
32.495094
26.880589
39.65729
19.205853
52.46469
32.415413
27.729584
37.775955
36.58323
30.347971
30.320974
67.74913
73.71263
67.69655
71.1348
54.104805
55.964233
95.01813
16.927708
31.291779
47.56917
16.090471
6.985541
16.880268
33.183884
28.162731
3.4493957
36.99925
45.341667
70.70741
108.19578
86.80615
71.72438
52.49102
66.57048
63.707527
50.998135
76.16388
58.357063
43.761272
32.478794
20.373283
41.465084
53.757103
65.37852
71.93299
60.914692
53.843903
61.69153
36.998714
47.85482
68.36825
71.163345
41.454166
25.080444
28.979181
21.298376
3.9105308
8.364748
13.217255
16.606117
26.480474
12.430358
5.776548
25.841421
38.5996
12.722693
17.720306
24.718605
19.574665
18.518055
14.810356
7.6795206
24.687674
12.104506
73.405365
36.933826
35.49476
1.9631745
15.8198185
22.453308
21.068592
21.542904
51.339302
23.008013
29.78833
52.817554
63.063457
13.899534
17.780252
42.2221
1.9290323
6.2365594
21.808346
18.187344
14.071066
29.521328
51.17057
35.491093
49.957214
10.537911
19.815691
7.3052726
15.307309
13.000631
29.498325
38.069237
22.25734
32.95643
12.36458
11.957172
18.855946
17.86964
38.683586
35.809227
24.807472
37.289783
45.07452
39.191265
50.1343
56.154987
17.5221
22.14158
24.4351
111.391174
33.007507
35.60369
18.628176
11.478089
39.752117
22.709246
26.067036
20.319717
30.302206
20.43734
11.761077
18.09502
5.3939757
15.380835
2.7963321
5.0779943
11.044137
26.37901
33.378574
28.623047
12.316473
15.659546
39.354237
39.758232
30.534641
20.86469
21.22779
21.7734
24.63365
23.127256
28.562012
59.681843
109.15898
106.11989
47.102325
61.939392
50.616203
14.0111065
34.156296
26.691772
34.36443
45.762993
33.852802
17.943672
67.98308
16.490595
30.756195
33.710876
27.300648
48.678856
10.12205
10.834613
10.1194515
38.134922
21.60573
23.371164
51.16037
22.167866
37.471004
23.202246
43.628136
41.32301
11.107309
32.058052
44.13584
0.5324328
2.2339778
22.613834
47.72195
22.386997
30.42277
25.579678
24.213898
2.6954186
47.349655
34.44
31.944962
32.319744
41.985554
41.35169
31.512074
42.785694
27.78826
32.70338
32.305656
6.031255
16.474033
17.813068
32.733257
1.1159995
21.563171
17.553703
25.0584
46.711197
35.938667
82.059204
78.692375
42.461876
64.60073
38.57654
50.616524
12.4973135
26.268167
37.605717
23.19457
17.044584
18.901686
19.369598
14.182993
34.54864
39.63946
48.217163
33.745296
40.96005
8.798341
13.204959
34.682514
13.886975
3.1136165
89.867355
53.94402
16.188984
13.581614
6.0333834
13.895554
26.08368
47.687454
43.917732
45.58082
4.0337963
6.1057277
24.764189
10.748453
22.434677
13.512799
12.417886
44.591866
29.093725
10.89489
4.5884676
16.962452
18.155449
26.544596
17.98895
4.9897776
5.270176
22.295673
40.39622
3.8599563
14.584852
13.538523
31.424768
4.5665693
16.069553
15.28757
9.427504
13.106041
9.229078
9.857587
2.6583958
22.60795
10.96385
20.331453
41.61164
27.989552
20.062002
16.933937
31.93775
14.39507
23.296585
38.16716
30.431576
15.380096
35.29535
71.801346
79.03951
7.5654154
5.3657355
12.5081215
24.874466
35.983257
84.178604
4.4361563
14.633722
30.025406
57.849785
32.246094
6.759845
7.8234315
12.898241
11.854726
18.504862
38.07117
31.061914
20.001421
6.8802567
44.658432
22.355198
29.501892
64.12716
66.243805
49.32363
48.45421
63.057762
80.35268
53.08172
42.964157
54.35078
51.303516
33.778645
65.9629
2.2962732
18.064732
25.094093
36.262108
24.228176
27.067509
44.948948
26.55066
22.11694
18.457977
6.0826287
9.866717
13.347641
29.069387
27.106745
21.091396
27.451817
30.35903
16.261951
17.612972
24.926123
21.904602
8.583763
35.26708
38.72533
33.916164
46.69588
62.963024
82.98895
43.71995
39.465603
42.97801
3.9301789
13.370825
19.658264
12.199908
32.127087
19.335442
14.893921
14.116452
22.831903
35.492233
21.512178
26.35474
43.138645
52.059174
69.54694
3.4404912
27.376114
25.843678
13.792109
13.374802
24.698633
10.220187
9.927659
3.2034924
6.8179655
14.002856
2.6908731
16.807644
15.644231
12.366152
2.5480847
3.356807
26.268845
27.555984
20.648373
3.7066352
18.512667
14.207952
41.208435
27.27956
52.272137
45.694695
29.476685
3.0232348
1.4471095
48.75889
5.5310073
13.344571
36.289623
47.927177
151.64665
96.07742
71.75636
14.454811
18.355724
5.319663
12.391773
43.20234
9.470267
32.602913
22.37276
26.72713
116.55215
126.62462
77.49279
132.68013
47.061626
66.056564
51.111557
51.566193
16.582039
25.034496
46.473934
46.21329
20.52997
36.498642
27.380625
23.56265
32.87528
12.161979
1.8555391
9.415934
36.14023
35.4282
24.908062
28.626822
13.137842
23.604614
10.563105
18.869928
10.604873
41.78904
66.72527
34.5275
77.13335
35.823986
41.04844
47.30208
65.80963
26.421453
24.578686
25.837656
23.569103
49.358467
26.83252
23.364044
25.672771
11.985221
10.237272
42.80806
40.715916
50.997913
15.182068
35.08546
52.74514
41.797337
4.0467176
35.41297
28.752432
36.783127
17.688732
21.479973
35.330124
1.2506695
4.5394397
4.508831
17.972784
12.28083
10.914456
11.859179
17.315649
3.1554651
5.8349676
14.184336
17.98291
22.19763
25.567759
22.942123
30.525076
60.35421
4.4521227
2.2174993
11.451314
5.163127
9.860811
32.038055
49.353504
31.53267
41.87211
39.921288
55.672096
22.467312
1.3914833
4.2895646
7.163938
19.280237
18.808743
16.567074
42.475704
32.16206
11.547789
23.881695
16.185354
12.297769
15.397661
28.497234
20.559229
14.286211
15.21697
13.055351
35.01776
23.413784
29.92516
100.59137
49.371216
43.69286
41.59881
44.48237
55.660957
52.321297
62.605156
42.885574
42.34179
45.688183
47.923332
55.724823
49.7168
45.987698
18.859142
50.33975
18.829634
16.888144
19.930323
48.832314
17.714619
5.7695456
8.784035
28.776102
15.796802
9.867628
12.681484
11.517542
19.042276
20.802576
19.691967
10.61838
22.045898
26.027369
108.37073
19.958782
12.674695
24.330046
9.939199
2.984855
33.094864
33.834446
32.73449
18.857695
72.801445
14.51375
23.62105
9.588912
4.495069
10.594984
16.417122
10.51966
30.340155
11.779359
29.636362
19.245016
24.38573
2.6538858
11.803275
18.76266
16.14401
14.017664
38.537235
51.26994
30.41163
29.344147
18.93623
19.509583
18.53137
37.153618
17.338886
18.144846
41.187008
51.77839
5.5693774
12.278783
10.517245
9.775801
39.697975
35.87012
23.07674
27.254444
9.61042
16.549572
10.422078
1.773909
12.56367
33.034115
29.23417
15.206324
11.667426
22.05818
39.47948
63.14959
47.204933
61.368042
7.220201
16.07469
12.034594
14.556231
6.010392
24.665236
21.84789
74.65849
30.349264
49.809242
7.7505865
19.509209
12.348947
17.637053
34.66166
20.902575
33.54353
26.467175
18.84177
19.090113
53.329002
47.818077
8.796919
32.244354
47.129295
37.6653
47.574604
36.682808
39.03846
17.18513
23.191746
30.997564
24.583809
23.890219
16.861582
16.371773
21.530275
19.375044
41.443596
6.735636
14.860182
25.29721
24.97094
23.191952
11.268614
15.684575
2.680502
12.376751
11.773989
15.374646
9.304944
14.850464
19.253748
33.668476
21.096104
27.034698
58.666748
10.93413
3.2907314
4.6544495
15.838806
10.609186
17.221737
2.1355577
6.808614
2.4927287
19.9425
34.420387
19.75013
21.790943
9.84444
22.632181
27.465694
20.104397
15.394081
21.678665
15.020297
12.751204
5.7858095
6.844434
24.018744
26.636658
29.072485
33.98091
17.67605
24.374037
27.059551
33.138268
2.643271
20.423027
26.348072
29.697697
18.086243
28.044104
35.551704
36.673992
27.152277
38.35496
56.436146
46.378563
61.198475
55.84022
50.24617
45.292316
4.3536024
4.773908
5.0746737
5.2974415
7.7092104
10.223738
20.660763
9.950459
10.911104
22.9091
18.487003
5.9540396
28.313969
10.124182
49.070248
37.29963
60.83133
59.77961
54.72711
43.511826
72.63017
52.639343
48.015522
31.042538
40.494408
25.52833
26.623062
15.47405
15.846724
28.488281
11.411145
3.48788
12.038771
31.963171
26.802277
28.865042
30.101706
12.701883
84.52919
48.58683
36.891716
43.55784
43.40528
45.010963
43.449627
61.356514
83.27553
10.558301
19.92461
4.3548565
21.755936
23.409044
56.263256
60.796837
57.625294
99.71666
103.38167
55.382557
63.529064
63.39574
13.980792
17.281378
19.8733
30.01178
19.876913
13.655695
20.155165
35.01178
60.425545
10.822493
16.13814
5.4402003
24.535938
47.285835
46.041283
24.094707
35.189365
17.24937
4.0200195
16.259146
22.604023
18.454151
25.878485
4.13532
110.329666
112.12522
61.822662
44.812103
53.441864
43.74467
53.361492
88.53983
86.871445
52.204243
51.930115
49.954887
58.776012
58.188507
69.11493
52.866234
78.85646
65.939514
75.2738
65.53154
83.21797
97.33956
48.599678
41.44106
47.59321
49.411972
46.729774
94.49845
53.029064
117.1322
149.53172
72.91376
67.40877
16.695892
13.300611
16.833494
29.184824
35.308388
39.985413
5.822606
15.204679
5.5382524
10.997067
2.7950346
24.477943
37.66578
32.023495
10.575493
9.519371
23.77757
11.995933
30.288284
23.876253
21.612377
15.153684
18.078497
29.243567
28.308796
16.543995
11.963101
6.338083
10.948979
1.0559328
24.235413
5.719899
15.748428
53.02671
35.265022
37.70409
113.330215
46.67371
23.693548
28.729385
43.774055
6.786336
21.241062
21.34821
6.5984063
22.527979
26.283096
16.58311
9.136759
58.913006
3.147603
11.674516
2.9217224
32.917004
32.359245
14.7518635
9.502435
23.176365
5.8373475
8.8552
45.03787
51.12279
44.318047
109.110146
107.91079
104.4894
7.887615
30.23556
11.828089
18.926285
23.850267
12.712027
0.69298613
1.6645291
27.282581
37.74566
25.516975
41.52627
129.41634
100.199554
78.7483
96.98722
77.64035
98.444046
93.93246
104.45972
99.08634
96.409805
10.035134
22.540874
12.237599
14.140783
22.348314
16.599476
5.9536943
12.650113
52.889904
25.583593
23.02191
66.16933
20.6302
28.063313
75.7146
76.34254
86.04515
88.112595
120.1012
109.48026
106.31331
102.54677
114.21387
105.08498
131.9518
157.737
159.39948
97.563675
42.32357
20.408642
38.95571
46.59256
49.348946
39.089996
33.5408
58.835224
100.261
103.064415
106.07273
46.508724
23.139172
23.351742
12.366976
29.193798
39.40537
26.543842
25.538425
42.89579
117.964554
38.05569
52.519085
128.84059
125.1672
72.54769
85.664856
88.8602
129.55972
103.57346
87.12947
171.80997
47.640026
42.250107
65.41845
2.7315555
22.93522
25.696865
12.799129
19.389805
26.351868
10.752972
47.477543
39.554317
86.107956
117.831345
36.12331
46.575516
3.5857759
5.773203
21.312416
31.434978
14.925196
58.57586
81.477425
41.101105
81.848526
62.868835
18.46756
30.128403
20.631542
11.141994
23.53451
1.3199124
9.660576
23.695158
11.977888
13.1527815
53.428673
35.689808
3.4951732
22.480268
25.627338
20.16655
96.07381
71.83269
81.87741
15.427106
36.307743
14.071398
39.0514
14.217092
26.318676
29.940304
21.898449
20.35091
17.96022
23.90456
49.12326
52.471325
89.69287
20.65169
26.397778
94.02922
52.96109
91.37082
42.19653
87.98338
90.78164
97.718834
77.630325
65.03694
105.572365
111.98457
98.74669
24.669865
46.58096
40.691555
38.489433
33.434437
23.44819
28.161602
29.77216
44.322514
52.46877
43.477074
54.489433
23.925632
27.351252
67.302666
25.072697
24.381756
14.261754
56.62562
60.57185
89.60072
37.42578
0.9745208
20.064144
14.508703
23.185062
11.373218
6.1657414
4.1626153
36.732872
29.583267
78.84208
3.7567189
24.70661
20.336622
28.1171
52.419456
53.740562
57.678062
32.78603
46.365013
57.23527
33.63905
15.187843
15.715062
92.07683
46.480186
3.2333808
26.556263
29.649155
24.033373
4.865689
23.634491
15.167552
31.07137
47.097137
32.540627
61.00654
22.22977
23.430347
60.415657
58.317913
9.509897
9.737299
52.753654
21.580408
20.357044
19.766697
7.485602
27.709238
24.5775
30.755634
26.680008
12.700243
21.102745
13.707911
38.709538
23.251047
30.995993
6.699051
12.08441
22.22145
12.707796
15.466357
13.3285475
15.354985
25.502188
3.7422707
14.990351
44.56944
36.979107
90.92657
73.671104
48.50975
37.689445
95.21606
71.00603
63.74386
65.84681
14.3745985
14.359453
9.350798
20.45097
48.264645
71.09951
56.576347
11.436475
26.832937
1.871767
2.8393922
21.928852
8.897924
9.725944
18.15023
27.902065
26.624304
30.826563
19.314058
19.951284
11.646539
4.4851565
10.660089
9.375471
4.9957213
19.143644
71.07899
20.341923
20.02275
23.836744
15.659807
21.639118
19.598701
19.154621
75.05199
30.534687
54.987476
78.76531
1.0606079
1.3887379
9.582858
20.359152
21.520786
8.881109
2.9050426
35.255898
33.362328
13.015651
30.094788
29.070877
12.3299675
18.517185
35.196236
21.635105
35.317795
22.982098
13.16157
10.215489
15.930283
32.438274
18.81676
12.064927
3.4432416
2.9116116
6.035735
29.220673
54.115753
5.532733
13.41275
45.294445
23.142843
29.79094
16.301949
26.356241
63.959583
24.757885
34.98036
12.456901
15.291109
8.914696
21.673893
42.563957
22.526447
28.211832
45.12822
21.862997
15.640376
24.04613
65.18898
44.337635
11.227176
25.215185
12.673292
34.418343
50.719368
33.061115
19.943014
56.030525
39.923084
53.528984
74.30998
55.39673
68.89386
58.783092
53.73925
39.549446
66.608185
70.57217
43.290718
49.543037
54.686394
47.91107
48.55239
19.651234
11.945508
34.83907
4.2585855
29.262375
29.815125
11.781952
29.419638
24.737818
24.483555
39.725502
41.444313
44.043873
118.91697
120.42299
105.89034
84.72198
90.46463
19.886593
21.022657
11.880337
27.25175
33.553135
17.175041
42.049633
23.808521
41.55323
47.07849
11.549642
11.237703
3.6102688
35.744812
10.013238
8.059945
59.961998
15.745186
3.726932
5.415964
33.400833
40.14077
2.880574
11.280395
3.6523964
4.291703
5.715207
11.170217
40.895317
48.945187
29.519373
24.843298
36.438927
5.402832
4.7735453
104.16591
12.3487
11.435162
10.136198
16.337955
14.364601
24.767595
11.263518
35.822327
10.675222
34.63884
22.66926
2.8984036
7.518106
18.375492
16.421907
3.5030475
23.717346
26.376202
13.934954
14.846639
49.047104
80.284195
108.3832
23.864017
28.526302
44.255875
38.2064
6.2896667
16.30981
19.377274
22.297092
32.11571
26.023947
29.822397
33.872135
19.980728
29.46575
30.770706
25.461332
12.704798
23.581837
27.205603
20.432438
35.248756
7.206299
28.387615
26.331303
13.880348
20.661678
28.519108
7.7343683
17.97586
11.774073
10.842366
43.38038
0.9559399
15.541509
14.385798
23.994564
3.450449
15.691238
19.09374
4.7593718
3.4350476
6.115454
39.87162
32.122364
41.7099
19.432945
17.025187
39.59763
68.31104
22.091118
23.382862
2.8104794
14.932859
26.523544
25.819088
54.883644
4.5219393
10.996347
78.727196
74.30498
60.05419
57.727333
49.84031
66.67117
63.510857
67.8495
76.1933
48.394646
65.33433
25.974192
18.927109
0.81651175
6.7406945
12.622717
15.406412
11.232982
16.173985
33.26635
28.175497
47.94169
1.4832405
7.880862
16.462637
20.584269
34.8153
31.63918
43.250797
32.11052
12.891932
38.755783
36.19704
11.919002
23.076054
42.40374
53.62077
109.86924
124.943825
90.20332
56.823376
27.618338
26.706387
16.582699
19.592983
53.68407
80.04691
54.467613
82.17163
63.970684
52.872
89.405304
77.728325
34.147804
32.775238
89.72733
52.73893
45.729828
72.90684
67.638855
49.739326
44.87884
45.84007
53.210663
103.71239
98.03694
115.2877
106.0552
13.057851
24.339424
27.12915
26.76856
19.613184
25.567991
16.902927
25.422777
36.7815
33.777588
27.463978
42.005203
29.868399
22.301449
17.885017
27.050207
25.484137
22.444635
28.091211
19.541271
26.33522
15.5570345
26.436834
27.021418
25.824493
13.000987
43.940235
38.956455
58.191364
10.65569
17.821487
12.590624
16.394615
21.918026
6.815329
17.77331
24.868002
0.86976945
2.4194093
11.049265
25.40576
18.931517
39.5779
9.796846
19.201345
2.8386092
25.171183
2.5891545
4.308742
35.90837
12.08771
30.785248
43.09477
11.229151
21.370312
10.358611
24.842566
24.007015
11.142214
12.551927
13.870962
29.77063
51.47094
40.350426
68.766235
67.73804
21.830532
20.056831
25.246405
38.88711
7.160466
6.407097
15.517566
10.315504
48.124992
51.323833
46.59769
38.192837
18.690264
48.72634
25.70252
19.89049
44.25037
42.411095
53.74221
77.95591
50.98726
38.116425
4.4894195
42.480297
50.264084
30.905407
57.09265
14.7851515
13.169248
13.6117735
10.940896
48.91037
56.43089
24.391972
18.327997
5.372411
2.8048542
5.277066
34.797794
11.411179
16.584505
32.28147
20.186338
33.218636
42.48636
22.611485
17.988525
28.61056
4.661312
21.895168
13.000689
29.13042
12.20405
31.55708
63.165833
50.277008
29.016302
25.517239
20.362877
17.177708
53.890495
18.384315
11.3703165
17.90585
38.712364
33.273407
22.804234
47.799057
29.06137
32.524467
20.87022
12.060924
15.995737
26.382172
13.844507
25.191982
40.081936
19.954401
12.93231
23.261147
6.0211425
29.918049
26.315735
47.515423
34.684975
68.22736
10.576956
42.08546
112.93129
108.06083
84.72586
60.401287
55.54902
22.795456
28.919317
30.485577
4.042604
53.876293
13.056921
2.7708056
20.353262
2.8545375
24.060362
17.856464
82.889206
83.37409
76.9582
73.111984
65.091354
51.223335
50.011913
73.27035
5.26964
5.510188
6.990508
34.534584
27.588833
21.272997
39.050392
24.041267
8.198117
40.354362
36.13242
15.500969
25.982117
13.4694395
40.724457
25.503796
15.178319
36.59552
21.573503
54.29989
19.37021
28.10267
49.755695
34.52131
127.82888
125.322975
118.73055
49.513905
37.517796
74.61729
38.990868
40.311306
27.56424
4.4811106
21.43743
9.801807
21.551905
7.204287
31.809607
22.422007
26.04768
26.549503
23.777206
17.56193
22.101398
10.862144
10.809386
26.376156
36.172756
11.069033
9.6772
3.9728427
54.835766
44.72711
40.31582
46.658512
4.3393016
10.951742
12.122171
14.276552
67.85539
79.03625
83.860214
41.42789
28.884205
41.357212
73.89124
76.65735
80.64415
90.05106
33.40383
43.425495
27.181055
47.020634
86.129395
15.40079
20.229534
22.68166
13.3673
19.072895
16.752436
14.357623
66.52205
90.869705
137.1582
240.35088
163.36009
145.86209
24.08738
77.68545
84.19216
89.46571
94.08084
79.312416
59.897377
51.336815
59.589874
50.534065
66.171585
18.979397
3.7250085
12.661947
38.08918
16.287983
21.892767
26.328424
41.050713
76.68362
31.00051
40.77041
40.425327
105.155785
62.865803
43.520042
75.91118
75.88484
82.74871
80.63011
119.25336
74.10863
83.51535
90.50013
76.80214
85.53837
23.943544
34.71581
8.706643
50.37507
14.006625
15.381544
17.354784
33.834564
35.85508
35.504086
81.37824
25.0704
8.466802
31.254063
20.532639
26.936707
26.300858
28.942822
18.124117
2.3126907
56.742718
24.58989
106.426796
51.951836
53.758278
69.28048
67.84351
104.74811
110.363754
199.0698
112.004616
62.881477
64.5069
7.361595
32.76944
32.498257
35.074085
70.92687
119.538574
120.24596
106.84523
81.3618
80.783295
34.26323
47.880707
6.65787
6.7995515
26.476063
23.811146
19.72305
10.570637
10.54748
20.006886
22.561117
71.73648
79.86241
16.800003
78.225266
52.486164
91.50704
64.694786
55.33265
56.205452
59.491577
46.286324
40.471874
44.397003
19.724552
18.648027
17.322613
14.647284
8.914341
5.441947
38.86602
50.02504
31.298355
18.928835
17.575607
11.20058
26.024418
3.7435136
28.274094
40.998962
17.566397
27.800598
30.52981
16.205664
25.515768
35.77446
69.70646
11.27379
107.798645
96.27995
30.815628
48.436256
36.609673
43.60094
35.72881
25.665125
33.316036
62.605873
82.76872
11.3439665
10.315649
25.097849
38.67916
2.762212
47.547836
38.733112
2.5806768
15.130455
13.664001
44.321922
19.058575
18.288734
3.1356523
20.866283
34.83704
42.55219
64.66133
22.130194
52.286278
42.0072
23.653502
20.732538
3.0406833
4.9015136
15.805303
37.34739
19.736073
12.371359
20.759329
26.348288
11.314672
11.506402
9.166177
42.876858
105.384605
84.26381
42.30515
37.485867
83.00228
45.15671
35.737003
43.468266
90.115524
67.999565
48.98844
32.25375
76.21597
57.232105
61.26629
99.855576
27.232533
13.671661
40.257866
12.088918
11.770459
30.763355
18.517689
25.404076
17.31776
16.752834
1.0015366
30.032303
16.5265
52.919323
26.247177
17.685734
23.877804
19.91707
44.49651
38.705574
33.93943
25.624302
17.306461
73.33349
67.38867
85.473976
104.42024
46.026344
31.51568
54.975807
84.16801
62.626366
65.17906
83.024315
1.842894
7.3564644
47.367958
69.31056
15.528694
16.424335
34.05378
38.83863
15.748953
10.619902
17.127075
10.970877
37.07893
21.802443
2.106123
10.166942
76.93154
90.808655
70.16805
64.31774
68.6958
31.815546
38.096085
76.40689
114.606346
138.01407
65.270836
109.48602
63.576275
95.412926
73.92672
81.817154
93.15486
88.10699
114.76609
74.29817
56.766094
58.59596
32.07667
32.00416
43.767693
71.9732
11.266104
13.718228
42.450768
20.287304
14.17986
20.996708
21.126612
37.004627
27.5109
17.0737
5.6075
26.205738
51.440605
33.31556
33.373665
9.255241
6.5298896
0.9461225
34.033348
19.048496
11.547024
62.12992
53.174774
67.41372
80.571915
62.108997
31.827246
31.148947
28.784225
41.092678
41.225468
41.336662
38.39934
48.955143
25.777872
39.771748
43.883602
56.442066
35.9975
60.109783
163.19151
44.237194
14.819185
22.784304
16.118612
3.1981528
17.267265
31.25997
26.534962
25.591637
16.780796
14.751826
4.2247252
18.819555
21.426546
0.83565605
6.408651
20.963936
12.402861
15.113474
10.109777
35.80999
13.033895
21.663712
12.365046
18.00287
80.006004
28.366745
18.987574
11.456507
23.68858
10.564104
7.833032
22.851002
3.9473865
27.58255
11.563442
18.988258
0.9405295
18.56439
21.585049
12.596279
18.886211
7.701954
21.150402
27.761927
77.928764
63.55848
64.32332
78.76355
3.6111054
22.829336
8.301924
18.921167
26.913025
14.1791935
22.848171
29.13471
34.060043
30.951422
44.922874
11.808989
69.46654
115.70101
129.74942
137.4485
29.044521
42.09434
39.20685
63.13741
44.146645
72.91379
53.905743
72.90105
69.806625
77.37323
91.712746
104.58154
74.9454
106.13788
76.37804
71.764305
77.37225
72.03926
105.72941
89.42813
55.69045
24.310081
33.50896
53.63703
44.569633
48.852493
19.11971
25.493584
45.36305
14.128917
38.70945
22.038418
11.081142
22.744297
33.727657
20.668415
13.653897
35.27504
8.953943
33.45426
34.09325
28.90689
14.380943
38.39824
22.811953
26.689533
12.814314
26.612858
8.677549
0.9286076
3.2436955
1.3783644
7.5781617
41.60157
16.509123
26.033533
24.059229
52.989502
78.97579
71.172714
18.61878
21.011219
35.02652
24.138254
8.688975
36.54014
23.708008
13.105032
82.953674
101.87597
87.3954
87.455284
98.38906
87.93326
89.81917
108.518456
194.28044
114.38475
104.52073
139.47751
136.2101
209.92542
134.35208
119.214455
117.47406
80.93878
83.88173
113.775
90.04907
92.80419
86.50662
91.85152
46.96723
15.538275
24.53107
43.338882
32.34484
56.83238
36.371784
26.669827
60.856922
91.47914
50.98082
70.16907
44.428596
52.507042
47.01303
60.726784
47.84655
21.742239
44.748577
40.952652
51.27349
40.978523
152.0922
141.82361
64.29401
78.36867
109.67467
126.460655
76.750404
44.60637
98.36109
82.98321
142.77797
168.90634
145.66374
138.08629
84.76065
98.02875
91.07359
79.634445
96.91849
94.0024
96.14718
122.320045
268.72296
146.71042
186.33772
11.222074
53.289314
13.864014
67.02616
5.647516
16.805569
20.014994
24.377268
39.075993
34.736206
34.333305
80.00404
75.40524
59.329155
34.844193
40.21591
42.8546
75.61417
53.00467
47.89762
60.939983
20.879345
56.95179
20.324457
48.590405
26.664288
28.56658
57.95652
48.768715
47.33712
77.940384
57.80836
60.26006
73.1013
54.468616
47.382206
97.92357
26.530539
3.378397
17.827456
47.400555
6.0260997
39.24546
6.95114
28.415766
36.884468
21.033741
19.573605
36.35294
6.1796184
10.247681
15.51914
19.82089
23.567928
6.2654247
23.549015
87.723816
47.49816
24.96386
40.276035
45.1469
50.27254
43.336926
37.014565
19.17017
7.912366
38.21366
31.062176
28.748093
22.695797
37.224735
33.31238
15.025711
26.842688
28.393673
36.790863
56.18924
55.300476
1.3609247
6.782453
12.991808
11.369249
20.888506
42.793785
8.770367
11.909092
21.021385
29.790304
21.252987
28.559734
10.27285
4.4903193
8.327253
37.146248
12.736032
25.097837
35.69399
53.157616
3.3206964
2.906498
11.925267
20.369694
21.35983
18.224161
22.608501
22.355024
16.17816
10.317069
15.260977
7.3156786
17.965296
11.551187
46.55569
37.478207
6.2912455
13.562488
19.956501
9.375188
32.561134
7.006307
9.836977
34.77225
32.15902
46.48304
31.45961
19.334888
0.90208924
2.219745
6.4116983
10.535193
26.785831
3.437851
8.951308
3.035811
10.044153
22.636696
10.915096
29.348389
10.862972
34.699703
36.590134
29.957418
2.3355567
37.694675
14.049085
32.87663
33.523106
53.350227
41.156105
42.581467
4.7896566
10.144545
23.41923
5.792485
16.167276
35.808807
5.2301197
13.174281
20.289116
14.089571
66.84286
9.651516
4.1177554
8.949004
16.883911
73.85368
85.30559
38.088345
38.668022
37.14013
40.79174
6.50315
5.226883
15.236035
4.796252
11.023873
37.246758
91.97868
56.888115
62.9109
43.146492
74.02526
51.092255
67.078384
49.694237
104.21889
22.808197
16.18076
0.96022034
38.971344
67.455956
40.45542
44.387653
44.706223
43.624374
37.456795
64.15165
87.2314
35.838066
20.193462
29.924541
42.631664
27.782948
13.1435375
33.698544
27.904099
26.850254
13.455767
40.920517
68.12741
62.237743
55.17443
62.710033
113.20418
68.623535
96.80216
80.19741
33.12177
37.702328
31.53483
68.585526
4.747841
14.743599
31.57989
19.000933
0.8776166
27.014423
45.82763
84.41599
39.61904
35.468006
124.13072
4.505536
8.761854
16.45632
68.8819
55.231853
40.719276
32.533794
56.47157
5.3464675
58.66264
49.60503
58.01599
59.8174
32.21785
37.451897
52.050354
95.57958
179.4536
8.952486
25.642145
12.187013
93.04574
63.88497
5.04177
13.218424
13.446538
19.920979
27.823822
44.068577
81.075455
58.878548
54.50672
40.97939
55.093834
64.76214
53.995728
17.52531
25.58878
72.3212
28.072403
18.963203
1.3816288
4.003079
4.468273
38.661385
40.738205
18.723146
36.148193
33.14425
32.379665
31.083538
38.975567
13.91998
35.674656
43.94174
33.86791
54.914318
20.323956
29.688953
47.701878
43.160946
180.92719
47.604355
53.864326
49.35099
63.2183
43.582214
16.670895
12.8093
38.56449
18.566769
37.1662
104.698105
98.07255
124.31443
82.96983
87.231285
71.52293
90.56867
121.563965
94.89094
98.78086
96.056885
4.524983
69.61052
47.807106
81.86122
201.06255
53.474773
14.605481
3.6946921
37.605457
52.80459
91.92467
71.80801
55.319275
54.188057
115.44057
87.06893
84.43119
82.98683
96.953674
169.57181
94.91015
9.95498
40.5389
16.315165
42.44059
25.252962
30.944073
14.526019
24.218258
28.08472
28.735422
17.89513
42.254086
38.531147
45.871838
44.201534
45.54458
40.997246
49.497765
29.20137
50.74634
56.299572
94.06043
95.70464
99.8026
54.83915
58.57249
36.783813
72.31187
75.13129
73.44454
104.165085
83.021805
80.83827
86.2607
89.64925
37.873745
70.80529
50.1556
110.92888
18.318195
33.68166
37.744617
14.1747265
21.152222
11.505349
13.159454
20.312113
79.53352
19.649553
6.848729
14.371771
26.067606
13.375661
8.863344
26.489004
7.661794
15.722842
37.245716
46.013462
4.75233
40.380352
25.068214
17.702984
31.351505
0.8366664
9.645376
13.933248
19.099657
48.5024
32.017048
35.76802
26.537685
24.55239
4.798539
18.44337
9.421049
27.74609
27.060797
23.211088
21.089443
27.615429
41.059708
66.75528
67.63036
15.482033
14.724695
10.352167
20.091833
9.426313
46.225212
14.766159
35.37124
67.07354
63.223145
84.53438
80.306625
78.598
54.49685
82.21719
71.5741
112.71501
46.232952
57.26468
6.057786
17.51741
17.502651
35.51692
23.121954
22.74097
50.987747
60.17169
21.781347
39.70746
7.0484133
9.919974
10.227457
19.189922
27.328953
49.393745
64.802124
21.445011
10.893749
9.348433
74.733574
71.38163
23.530512
14.661728
14.392044
42.951973
38.530617
56.188988
31.538458
57.556114
48.560738
41.112274
70.224396
93.9857
43.1801
34.269077
41.0668
24.762133
44.233673
51.598186
22.376965
27.323797
24.194748
47.16626
24.968771
37.08547
22.107233
3.9916148
22.66502
11.606832
28.840267
16.856956
6.803483
91.904434
23.615393
9.46829
19.98627
14.551793
27.307138
21.3261
2.7825117
34.92388
11.221907
4.4293947
5.5512176
42.945625
44.702858
54.93227
63.391144
74.68947
162.90408
101.473465
95.21831
85.52515
87.10626
129.07047
9.378382
28.502712
19.367384
25.575272
14.496893
11.6472
15.481296
17.865658
20.452702
14.8386135
17.143473
0.7949248
16.671547
14.608417
24.903017
30.52712
28.930908
64.263596
33.57365
36.471657
30.78689
34.155037
142.51387
76.342514
72.3988
57.72002
27.611286
24.301003
43.6668
66.63527
28.654713
28.644108
53.406654
37.50903
51.77871
41.63462
60.828697
73.79849
48.28174
48.223755
55.176003
72.742485
95.9393
80.44252
105.41836
23.678455
14.608015
14.601568
32.537655
13.66799
33.832764
25.656534
40.414738
50.586277
91.85372
76.68865
40.886997
23.196548
36.809727
6.712458
17.527576
17.371197
0.8874612
14.7266445
20.732756
26.830257
14.851809
4.9246006
54.84372
18.217442
9.772974
9.647031
13.029864
18.206638
7.7382345
11.986512
34.21445
3.2853744
5.181635
9.2230215
38.533894
28.520084
39.751366
20.716396
8.96035
16.642542
17.528864
48.36456
60.240917
23.419361
17.203335
30.077198
69.26674
8.891817
5.6928678
3.9067826
12.486305
12.012528
49.38497
45.256046
49.260567
23.047564
0.8733815
15.083033
23.909626
16.17034
13.439453
30.205563
12.545842
21.349117
14.1419115
1.4323728
44.048954
25.188597
11.665938
5.4051075
34.69597
54.70822
45.65359
52.80842
63.145184
57.997772
45.289307
65.83702
67.71849
61.76899
12.262251
22.463608
3.003615
5.9776506
40.97776
29.708609
48.53685
12.339805
37.42829
25.372295
3.117719
10.1381855
11.975162
53.55675
58.833637
107.27315
89.100365
40.57392
24.339228
30.784714
26.73489
8.769888
10.804131
20.015747
37.060516
24.633692
28.11176
43.60949
52.706688
73.34929
54.049786
18.033728
35.347656
25.455557
54.7974
35.30562
51.813953
32.13673
129.49094
56.234688
48.80895
29.82833
42.302757
43.124123
82.52748
46.069218
4.9271894
1.9010185
44.531
42.129585
23.052366
41.59051
74.62288
94.803444
11.772451
14.712514
30.770199
24.747513
38.654457
50.5119
24.5586
10.340474
7.954572
8.003056
15.208239
1.0179794
19.417253
8.577905
2.6567035
6.7164736
47.45383
19.47175
13.420599
55.217945
28.826797
23.434528
8.843623
31.368444
22.928177
12.806175
58.42217
27.310995
25.033478
19.389122
87.00749
12.180639
101.37398
41.771202
69.72488
64.547134
44.825245
57.37129
61.984886
73.39238
42.27075
66.34272
55.5537
76.35481
89.279465
61.046837
72.56688
41.12108
30.782642
36.98752
61.664925
48.779747
37.948418
31.628092
48.90588
35.36307
40.44427
27.639172
3.5101407
32.372425
35.539635
4.0776777
80.83439
46.944904
37.725014
64.113815
13.598112
24.895264
24.585691
65.021645
33.68258
25.042454
55.569695
40.358334
48.75314
44.095894
17.585928
8.496257
25.076614
29.392313
23.676617
28.801212
41.655266
27.389881
43.928257
34.71873
31.369394
27.644964
19.1273
16.083134
55.693237
40.285786
71.62886
41.71005
34.378994
36.60775
44.064415
22.570202
21.003563
27.567898
47.192726
43.66623
37.76507
38.372402
16.783648
110.15672
46.806465
96.00481
13.923414
14.288683
54.247864
45.421608
38.008934
20.859024
25.799448
26.329258
68.48158
54.242332
25.616093
5.5407996
18.486168
24.903482
49.082382
41.718822
60.652485
9.988811
20.79651
57.628242
35.2919
13.36836
17.562382
17.189587
49.793022
22.021887
44.402496
29.415527
13.258121
23.011972
38.023277
13.852712
48.643
16.284496
15.42908
4.4350076
22.606041
31.316666
31.571789
1.0264013
9.655072
21.174648
13.32829
51.816578
40.79909
55.98467
33.174965
4.575558
7.055949
17.196259
27.709232
11.579059
9.090031
6.248846
11.058948
16.603054
48.266712
47.565876
18.41986
29.387402
20.716908
22.456036
40.33674
37.549774
12.478701
6.911569
85.53712
9.818964
28.175064
19.210629
42.85703
12.215004
19.184965
14.307711
47.10191
13.519403
31.087414
67.39408
41.071537
25.829605
32.410027
35.97657
27.238556
53.171265
38.745228
12.790133
26.009735
10.866259
17.409945
14.602939
22.662418
94.99647
66.48241
37.06489
15.196281
32.233665
16.741835
17.481092
10.955111
45.130703
21.178951
8.833095
11.970768
9.170672
9.802828
17.04451
33.502083
24.053055
11.816373
23.594418
13.7209425
8.728865
4.2939754
9.37469
16.766098
18.53665
42.716953
63.10625
46.862904
48.134155
1.732496
7.657654
14.619716
4.522291
27.212244
41.21482
43.05298
27.279383
11.525507
29.01146
36.131817
54.35676
90.50176
34.1163
17.752474
49.970528
7.342698
8.792087
97.99744
16.148373
8.9510765
39.855972
37.151726
28.722473
55.32241
31.535177
37.48901
18.120083
20.670025
8.128529
12.952925
11.964239
13.275625
16.421381
18.995462
20.653223
76.59057
83.54697
86.76909
58.17674
4.222988
47.452095
65.728714
50.823334
62.879414
16.355345
23.006363
29.91981
7.1587725
6.586651
39.381092
72.05814
38.840797
48.1855
73.125984
83.791016
73.31569
91.53657
106.431015
104.29265
99.18673
79.384766
13.717371
18.586163
25.514826
59.151318
37.55177
49.01264
39.85753
22.141762
27.675293
19.291424
8.95321
30.68193
29.596416
39.084053
9.947028
15.788233
38.112194
41.597515
38.578884
19.596588
21.762516
20.339205
42.80152
55.345142
41.318596
81.17926
212.48257
109.29734
175.34431
105.43959
7.131307
41.869785
67.722626
59.050495
99.81325
72.132164
36.972893
41.138927
28.616726
38.138824
30.046545
37.660786
21.906425
62.756763
88.31203
62.981636
8.293421
23.46806
26.07864
24.769072
62.087666
32.477104
27.265118
40.779617
28.829233
35.61801
37.754467
50.283676
20.107605
44.680244
38.607475
24.771536
6.310024
8.13618
9.845363
10.881586
27.99592
31.529175
15.98818
28.246576
24.710695
35.572887
68.02754
41.43093
65.59876
8.534537
20.650677
16.206104
63.470898
37.391586
67.815414
75.397156
66.09784
86.2817
75.60437
70.867714
70.46492
63.805153
73.91106
43.42363
78.334366
81.545456
26.958202
2.7252803
5.699469
12.967955
37.639275
14.310465
35.667183
19.339315
35.71145
58.10079
48.73059
40.386772
33.547142
38.944435
32.521915
46.22573
50.54753
34.42727
33.437603
26.892746
72.52153
41.60192
17.092724
30.372837
18.877998
2.8436623
46.834206
45.424477
33.126167
36.686035
100.78858
60.090736
45.773087
66.795074
16.792103
19.196722
15.496546
27.131802
20.784307
21.482887
20.278028
15.7606535
46.338623
41.888092
52.5306
51.17676
46.184986
63.861176
39.074608
65.46016
32.076073
46.00834
41.025673
47.64897
46.539845
33.535645
26.877981
55.853455
46.265564
71.96802
30.315704
16.560726
31.470242
43.331844
35.25705
43.866966
32.505795
40.541065
38.664627
70.078255
62.344658
58.74819
3.5480907
14.85278
9.255088
21.466644
7.9406137
58.41073
128.20264
89.26971
4.633373
9.970056
16.796543
21.32135
41.205315
31.182388
25.323149
21.953533
41.454037
8.948529
29.708172
39.08788
89.9604
67.029465
63.59623
53.355457
41.991608
1.3142617
95.21605
14.592285
12.1125555
1.0422642
16.815739
5.7460794
11.358702
22.87414
18.737091
14.46553
12.771684
44.328663
26.5578
204.07599
108.46106
121.00436
127.56901
126.60474
45.41908
53.118187
42.59867
49.82023
61.088696
16.676626
29.388336
21.898745
35.649853
8.142757
21.280344
21.601025
32.65053
38.450546
27.680313
16.896755
14.622053
35.409325
2.5963664
18.904842
40.683098
63.52066
50.038326
16.91594
53.263386
47.85284
13.934206
70.86866
56.591835
72.668465
68.257866
21.052502
31.410788
9.342418
6.2443895
22.466204
41.534756
34.11114
34.928806
69.23045
36.467476
11.601847
1.5028079
23.434986
15.774748
23.072353
30.573246
2.3228426
4.5857496
16.888727
13.448977
11.217122
24.30098
25.801311
36.54966
19.92683
30.877392
37.65774
52.211433
44.866325
21.810896
30.3484
14.041758
20.603483
44.868904
27.956314
72.26941
58.25828
25.128944
70.4005
35.560757
117.22732
92.13153
75.696106
52.240913
56.006023
36.953423
51.775764
32.413982
50.976543
46.225517
67.6958
47.973793
66.97447
112.62388
103.59563
17.341965
20.036758
19.943502
12.576934
12.992175
5.1815567
10.388815
22.7551
1.8311033
29.931082
11.345381
15.022237
25.184933
42.072872
44.10752
23.309774
42.15745
50.681854
9.303432
68.86741
22.322956
34.54605
13.529257
6.2421465
10.475097
7.1988535
12.08547
7.4940515
10.936487
37.334213
17.909435
23.243902
17.574688
11.937002
14.787857
45.979828
63.847504
77.02848
139.4835
152.5626
156.11644
41.201214
13.304464
25.865147
21.343594
38.897488
17.584927
14.100406
26.334568
21.9019
3.4912617
7.7335305
10.953676
3.1973517
21.893154
5.5939465
33.025024
51.968243
52.202187
77.80299
56.994415
65.284424
90.62705
63.65722
13.811844
11.965197
35.29339
23.013575
39.39232
21.76892
40.440144
4.5859885
13.294499
46.03013
26.846851
27.647964
13.279104
14.326746
30.521763
36.33947
50.478283
2.9410253
22.280602
35.838787
24.500612
37.258343
30.052546
3.9405816
48.39332
19.498232
19.826475
4.315565
5.092515
38.837486
30.448956
18.628561
41.58921
27.953344
13.132696
17.522253
12.021223
45.282402
34.26484
56.647522
43.81594
17.981146
18.681065
47.558132
42.798244
35.888504
58.22393
40.405083
28.537735
32.791084
49.279884
76.15917
59.5619
44.77967
8.622012
32.217712
49.97959
13.250363
15.470197
15.890567
15.929825
28.708765
67.91228
57.217846
37.35726
5.247656
21.455301
19.15855
24.203733
14.208982
3.2669404
17.50264
16.335983
8.578226
12.633209
29.527048
22.903597
64.56485
63.933403
69.83781
66.009796
65.84562
65.94471
87.70747
77.65209
59.352833
50.83172
41.91475
49.234764
30.573475
15.65888
14.824259
3.794283
7.453691
10.502696
18.874954
27.40324
50.45849
21.401133
33.480537
99.350044
102.95823
97.627815
97.22163
83.277084
58.24764
48.85836
59.387184
37.53095
33.30358
58.58855
51.35685
57.221252
73.717834
53.194916
103.8112
108.03046
110.56526
116.61626
75.01147
100.30025
210.44084
129.08269
66.17877
67.37727
83.374466
46.420204
68.79848
47.30973
13.583227
23.99713
81.66371
97.4171
39.90914
41.35547
27.69465
21.161743
16.890104
2.9468517
19.007977
26.683308
37.602036
1.5215428
27.751842
14.593775
22.445137
24.730457
71.77968
50.349815
10.413162
17.161358
18.387392
34.254265
21.830997
3.8056645
5.7405825
6.9614563
23.172148
7.49867
3.2606335
16.990007
7.073888
3.6546931
2.720436
27.347178
24.870777
13.896034
7.6524305
30.149078
12.31031
32.467995
7.298284
4.145692
36.02216
13.555349
10.316618
45.593056
8.332933
45.0423
33.39911
27.816595
21.274723
32.739223
36.85174
5.4915314
18.19542
14.825441
30.704731
25.793661
27.314356
26.732433
47.606194
28.524496
30.17309
19.192955
12.059365
14.791394
33.15023
22.332233
34.71984
55.945423
57.864086
28.937931
30.199665
10.902636
41.550407
32.14956
35.87094
38.599205
55.342224
40.32331
34.79659
57.01067
32.989246
15.0741
26.591003
15.825167
16.857157
11.938212
11.7245
18.420496
12.630987
38.635727
9.846609
30.830221
26.913212
19.074375
37.371025
11.260672
20.912556
11.347043
29.3576
28.781729
18.230242
30.126825
13.8867035
53.54281
15.9843855
23.693943
49.788834
17.312397
18.488586
25.24781
54.90351
47.064384
43.273933
62.37317
21.51689
23.0291
9.422448
20.405174
9.65548
5.928635
3.4412148
31.763577
31.15662
32.077553
37.06494
19.54948
28.427738
24.32511
23.279095
39.919197
32.117023
38.38286
25.14715
79.562096
100.48001
98.76522
44.70826
12.865848
4.548037
7.6302996
20.343426
13.883387
43.04688
18.836842
26.610712
49.363747
13.248972
9.419763
34.635033
12.402043
9.759575
0.43287784
23.255276
24.860783
8.702456
33.57798
24.384956
14.739265
19.645123
63.598034
56.749702
141.51808
160.51828
183.96141
171.29437
175.101
69.45733
84.61955
79.16496
85.61077
28.551891
12.038013
33.648357
26.91215
34.65807
66.373856
111.140114
75.44712
24.15813
19.70597
24.13521
67.97428
11.76535
56.77533
4.5444045
33.580605
23.797176
17.684277
19.329866
17.012161
18.947021
50.37263
56.465595
2.28749
5.656086
8.151543
37.795364
14.415685
22.329586
21.460423
23.38716
28.369991
55.398193
9.268075
4.699407
11.661392
15.306097
11.550315
12.634401
31.117249
46.99978
34.86205
36.38395
75.467575
37.616043
24.70531
25.112038
15.087408
8.026203
3.6115012
4.959523
7.869371
13.526175
18.675858
17.647902
17.637016
13.722475
74.329346
50.280907
37.31024
62.24343
72.4418
34.5259
42.111847
9.599431
17.657114
43.54248
2.00086
19.569107
10.610277
9.183411
21.593908
19.59657
26.61377
22.316505
22.079426
24.04222
24.895887
67.7041
57.644707
42.532997
32.972076
60.674706
67.49008
48.949165
55.14311
66.47448
36.114067
23.47069
22.392508
26.996042
20.221012
37.381374
40.380577
33.01736
37.534817
20.678444
63.009663
79.796646
50.50754
31.862705
31.3709
50.592045
57.72766
51.952625
28.910732
42.007122
13.956759
36.04252
65.77885
46.934326
48.93374
56.484943
19.259281
38.440918
69.443184
10.036235
20.672964
49.85088
23.005451
10.072739
34.74247
16.817547
19.04662
18.106354
20.99648
27.42949
56.64254
77.255264
46.473484
78.1326
90.33503
36.73071
53.784565
20.926968
95.44037
57.422005
56.842735
72.99831
71.85073
55.163006
56.00373
41.703133
54.819435
83.76165
44.192875
41.418327
49.69571
70.83543
48.922092
66.559456
43.74107
54.836628
76.86464
58.642944
101.51234
80.217575
77.755325
100.8026
79.678604
82.86183
88.859215
47.893063
48.195045
156.66495
86.794014
134.59674
55.865074
41.32802
36.618507
46.97819
99.65368
2.6206284
21.850142
29.606604
10.890081
2.7203543
47.057583
32.940056
25.580051
42.317337
24.996868
17.509192
29.548855
14.46637
36.563183
13.74216
41.28506
58.533436
81.93139
135.58308
39.37284
55.865894
68.28499
83.38986
130.55113
1.0098784
16.499104
31.803066
24.43276
3.3920784
59.254932
36.615883
143.83644
67.4522
28.820597
12.830241
2.8369327
12.282839
31.103992
23.183697
35.443623
37.71614
18.163671
88.93921
22.651825
13.362326
1.8198856
15.217951
8.66956
28.590567
39.715675
28.686548
24.638765
26.776745
22.334206
3.1981094
27.545242
18.047157
16.76006
17.593506
57.14098
42.84647
41.892418
33.621834
99.87787
89.39831
111.021095
84.92709
86.60814
94.288414
87.27005
64.00315
85.87992
56.34751
214.1694
16.514135
15.977661
55.33782
50.99061
63.173912
43.945946
40.01316
9.222556
6.712392
16.18198
18.663448
13.316058
5.999095
33.19984
25.073359
21.347034
33.92617
9.709604
30.661392
24.844555
22.735025
39.925686
34.52561
68.78338
33.82838
62.845734
103.81572
13.283086
6.232449
8.8792925
21.874273
33.331703
52.74279
38.814392
11.007429
28.42129
92.63405
89.89872
19.718782
4.1064334
8.233036
8.432198
8.687906
16.51595
29.566132
16.627005
63.90028
128.0782
75.91046
21.758432
27.382196
11.460608
61.025677
59.86068
14.593602
29.454458
21.013695
36.997944
12.072866
22.023268
56.17348
10.893
13.260513
24.762836
25.495779
16.801357
8.781308
46.3199
39.358837
53.865517
48.934013
18.360786
83.720505
60.15061
40.328056
22.285105
26.193562
41.877197
85.143394
78.1461
92.99863
51.359234
16.384085
35.542084
0.48247916
10.37894
5.249446
47.51673
10.46302
44.851402
26.712622
31.102102
16.219402
19.491598
31.539337
21.715511
26.018703
21.22134
25.135178
95.442764
88.639
42.044666
39.82967
43.812828
90.68512
54.448875
0.954453
12.319191
11.758298
11.472883
32.763313
28.290442
14.811792
42.04903
22.076097
65.59552
39.323807
125.21417
227.96545
95.76902
94.21776
106.22185
110.64016
136.7589
76.86508
63.71388
100.915
73.05424
90.80742
72.440094
84.67165
65.63945
76.20546
89.923874
103.060135
45.88571
18.55468
26.96819
19.170317
2.7143214
28.329535
3.3840554
27.880697
32.064354
4.306014
20.519358
16.502682
9.5511265
63.640327
13.189934
43.24718
17.727257
41.600574
15.003131
8.1479225
31.092188
56.268597
21.584188
25.02153
25.126627
29.563934
35.833485
19.116377
18.507742
31.448492
142.98439
144.37727
155.10757
202.26831
155.62961
159.60654
143.49625
136.19531
184.03929
64.652855
52.85038
98.854996
64.26286
71.10154
232.55498
34.79478
32.73005
32.864918
32.124657
33.739674
43.813194
36.727524
72.605125
55.59538
44.15819
84.360085
17.070152
39.947304
46.24481
65.22466
27.71907
16.6348
11.765918
23.780539
22.354641
6.6197305
26.327839
16.675276
5.3597727
29.03897
10.901906
30.052954
30.81482
28.679493
25.825916
49.992805
26.047573
21.507263
22.196018
16.832466
24.886944
54.988453
34.59961
63.03776
60.587074
57.282703
89.86963
99.892105
145.31834
100.169914
76.39387
97.0419
81.25674
107.72158
166.5488
66.557625
63.22641
62.83087
97.422
102.869064
113.32821
100.021355
81.9922
81.2495
67.3683
70.484116
81.22975
21.097221
20.055891
6.198486
25.4667
47.025005
42.090218
15.139696
31.871754
19.999664
48.12973
12.758539
33.216606
21.010918
13.418711
14.716225
11.030689
4.576177
15.5779705
16.139576
24.135725
24.14382
25.45609
22.544987
8.939989
21.191721
10.801706
21.093157
17.22507
14.4568405
20.33811
13.389776
41.087875
54.4656
11.9023075
17.9991
20.010548
5.2674265
24.354332
7.4398193
33.915142
51.18201
94.15877
49.835045
103.77498
66.95064
111.918495
103.87917
62.55144
54.603447
53.95105
56.85614
87.97917
85.1948
87.10695
59.28437
59.523438
93.88707
57.292206
66.179695
59.899696
80.90538
78.099144
66.27649
99.0104
42.19156
36.485268
53.034687
35.287834
6.969075
13.728828
26.209177
3.0037823
18.233547
26.689426
44.887566
6.5092864
33.08709
30.806086
34.859184
29.981054
32.88057
25.481647
69.25192
75.364006
111.81815
162.45554
156.0588
175.1725
193.73396
57.874653
33.663033
23.181065
21.389048
17.553436
9.393803
5.269006
26.346928
9.463058
14.439859
11.439961
28.163132
35.266964
98.58565
50.976284
13.168727
42.974358
2.2884758
92.20262
158.88815
92.30319
83.85354
86.13127
123.47379
81.614
93.20176
102.62807
119.92277
40.974514
73.54839
66.69522
91.90527
83.95607
75.06343
62.756878
69.32756
63.132935
54.003975
10.368073
34.508675
45.240532
30.29275
84.79326
139.55942
59.264435
17.994028
27.732117
49.192646
59.81079
3.306581
15.2517605
27.39191
22.681976
93.432846
160.23778
142.89568
124.95903
94.75593
69.943924
48.50965
18.11441
47.55373
46.61119
10.902701
27.729696
25.312794
34.07746
38.722973
87.87198
65.312706
32.82673
45.86106
56.712513
41.651634
59.044746
21.73074
37.001637
29.16364
35.32525
36.862587
92.42397
105.43091
93.99709
97.094666
81.51423
121.51473
86.552666
63.820446
44.34357
70.095604
154.1675
11.628554
26.36716
41.99934
17.11484
9.908094
22.497063
57.48753
23.65821
16.936424
12.904142
12.584497
15.695086
33.826855
31.912006
41.572662
19.770395
30.333914
22.8666
20.086895
26.521648
26.567041
46.952145
13.250006
25.723719
55.35326
40.52454
35.1656
72.22671
65.958916
23.525986
21.367346
22.394657
55.32195
30.26012
158.10477
38.843494
39.35517
42.90941
39.337936
38.410683
21.32026
1.4547303
28.523046
0.79566777
10.178147
16.794926
7.8458023
7.175209
7.467308
22.88941
21.239733
32.94187
37.254204
15.245868
29.012777
33.263885
20.635916
25.037714
13.889311
34.931908
35.379143
33.994263
28.9714
17.660845
23.288965
43.599846
42.326412
37.314323
38.478622
29.668716
19.037447
9.189779
78.14934
12.3846245
18.980425
13.4545765
28.952625
17.082624
10.878523
18.848917
19.28828
63.79618
46.456833
17.682716
37.204292
35.171757
72.655266
67.35228
107.05815
33.210087
51.839478
46.20843
51.400238
56.95949
14.28081
52.065052
7.6857405
13.357135
11.35758
10.433719
13.695663
5.3347783
9.396134
3.297011
5.22839
9.358521
40.14216
28.73766
57.92138
55.299187
8.099252
27.009182
61.589478
47.577644
58.328667
56.96839
55.085213
54.21705
118.750694
49.391983
40.744953
48.440716
41.84014
10.653404
51.573906
46.13946
2.8708103
15.124448
41.893105
43.808792
37.14071
14.355023
15.876828
12.575932
24.601292
20.343742
30.779705
15.586807
14.611923
9.317615
33.33957
10.407109
5.805413
13.630946
13.623166
3.3580098
49.930912
21.170513
13.368578
25.141136
30.939188
39.396706
10.562922
7.632679
11.119302
28.94685
16.973124
14.804436
14.823759
12.707406
3.525412
21.241886
15.007185
61.133568
62.856853
13.134145
24.586452
20.075863
12.05145
56.92823
23.864475
66.59828
77.848274
49.494877
56.639294
51.607105
17.507786
22.741192
12.587458
5.63806
10.628609
44.237827
5.4727507
46.51469
48.29053
29.947718
7.602813
30.712082
18.394129
11.052522
52.495434
30.432764
30.765478
12.627899
39.762
57.40437
46.090446
37.06171
60.35551
43.636013
16.095089
3.0667572
46.487747
33.546818
34.778
24.75089
27.070011
17.231922
56.634632
37.674423
50.52357
57.502502
61.26481
87.54005
75.77373
129.91696
132.3468
197.77422
124.741684
187.73753
22.006638
40.111755
14.315239
17.321589
29.990665
23.437952
27.42923
52.981342
19.706104
21.499567
48.759876
55.68177
39.329826
11.9085
25.078205
36.977978
18.264612
59.799522
24.340008
23.117237
26.292639
17.411436
34.52287
110.02213
74.54847
59.511147
30.726507
14.441203
131.59619
94.50244
140.93588
85.62282
83.81716
78.84546
89.96266
156.29147
68.637436
25.545351
12.377972
37.239754
34.81521
23.863438
62.228912
38.415443
26.283947
10.671529
20.246126
54.688637
157.28474
8.042448
26.583155
5.7640247
43.84913
22.395647
62.164104
38.5225
109.33998
80.3629
9.6523075
39.02357
19.114006
10.763593
19.48973
32.170204
22.516438
26.794468
34.85587
29.239502
41.53717
60.79016
21.341772
28.699957
39.23829
31.965282
50.360752
39.559723
25.815502
48.923622
45.067196
56.460297
46.74178
31.086395
19.767424
40.0254
12.729246
49.935326
63.98296
53.26172
44.03598
45.161522
90.937614
58.514446
48.00591
69.03897
31.499014
53.86399
41.88341
53.457905
31.749304
14.671637
21.993397
5.472054
39.18901
31.04978
33.16397
12.259794
29.955715
16.708458
20.21273
14.347069
15.905685
26.813751
45.190853
25.76878
43.457054
4.1014957
17.402267
6.539037
2.8640475
25.281513
25.773731
11.613367
19.36525
37.994972
26.139547
48.70397
50.219738
37.00438
37.85363
27.662231
10.99886
46.595654
45.61241
26.375843
17.400698
10.345806
11.170333
12.808957
13.089442
17.14789
21.663763
22.141924
34.132942
1.8659308
19.70139
25.18436
40.1667
45.757256
0.81076556
88.36668
92.67119
62.650745
108.46897
98.01683
33.018818
72.97505
35.458958
46.003956
71.43404
35.019325
54.597332
49.72121
47.022007
36.99772
17.80885
54.705116
100.74381
56.27845
93.586876
103.630104
76.0542
63.673058
90.09926
93.87527
60.471058
83.9411
64.901855
57.627205
131.7952
66.763466
10.840132
13.068253
11.390682
37.802868
35.234013
78.97926
51.00703
23.11771
27.849817
22.616589
13.640495
28.58366
64.1409
21.335745
50.554665
55.1479
48.640064
46.77221
88.33772
88.36851
68.83431
29.923061
16.130657
52.671368
12.252927
16.71976
17.33917
37.218887
52.650322
30.394266
25.738144
30.745739
27.03004
3.719661
27.207642
23.517912
27.085495
45.283134
31.905777
84.233
20.411678
48.349762
28.157612
87.609474
17.990704
62.05374
51.03736
57.5461
14.641385
35.281982
30.91769
30.848694
40.821255
16.366508
24.07946
52.244423
36.20819
18.88214
26.448965
14.997229
10.87588
48.52095
54.244183
68.70296
29.81638
25.932318
55.61632
51.49281
67.58053
30.595984
37.24633
63.805176
34.444653
35.65379
15.191319
60.875267
3.2319207
8.094849
16.161905
6.5771675
10.332486
26.621532
12.3118
10.155166
15.426166
6.515676
13.803091
22.858791
15.532785
6.9234285
14.129446
14.663882
22.466171
23.400042
58.68269
64.66649
20.929531
4.176069
6.298995
30.90536
11.517045
10.870279
59.52192
62.45449
38.9029
44.492348
104.46946
75.653694
70.2563
55.449524
68.68373
131.75581
95.504395
72.98922
65.69368
84.627754
32.70742
35.024994
24.424597
36.263176
80.40947
34.03515
5.4840207
8.985841
53.560078
31.720219
15.762334
21.156782
24.381615
14.607435
21.47489
13.0748005
54.946922
10.960542
16.638012
32.617603
40.305008
74.45018
21.166641
1.179052
10.128679
33.233765
25.642895
26.234386
42.53209
5.7976007
17.314112
29.75181
11.064321
8.376424
21.798717
33.014202
12.63482
10.677599
34.184532
34.212666
57.38735
10.244537
6.139168
33.31758
38.61761
12.956777
4.6557684
22.576782
55.51944
41.920147
25.019337
24.780876
12.066126
15.728976
11.170904
21.07887
57.37272
72.291855
87.07037
50.08902
54.402946
49.654778
41.79601
95.202126
47.320755
88.30672
93.84885
9.222837
65.25417
9.963709
7.647065
24.048271
15.799243
21.013422
12.573893
17.994654
19.114498
27.881115
22.082142
36.091156
27.60567
3.1645103
10.313408
24.643518
31.315695
28.450068
32.87475
61.66493
37.338387
192.1722
177.70639
163.0168
144.35062
206.9161
174.95166
182.98624
147.66129
151.8306
144.57535
88.06148
93.19523
166.92879
103.62158
83.2358
56.149506
117.493835
35.42435
102.099106
94.665085
99.43277
62.18144
65.778656
75.5439
64.254326
97.20542
125.14026
64.6877
56.371094
63.635895
74.8655
37.604885
28.861172
29.335835
41.427895
34.2102
60.574677
41.89796
51.240314
21.579134
39.74323
56.273476
62.320305
44.37284
11.910684
29.999212
23.01806
62.87155
46.63056
32.316414
1.144946
5.4958954
22.955004
12.948927
12.401851
20.943731
17.84638
39.223976
51.68937
34.03087
34.531956
21.915342
14.685173
17.204924
140.77654
39.073944
21.20934
79.9023
21.105944
54.162468
20.141972
13.244039
32.818687
68.1104
33.50254
30.915558
98.03414
88.54326
129.38097
90.646904
178.40633
102.86436
11.147097
63.418385
20.719513
58.074684
5.755202
15.737547
44.531963
39.603615
22.816364
50.616188
10.685643
68.95341
17.190556
28.04234
45.230644
12.661264
9.802514
62.773598
2.004865
2.0540323
73.843376
22.977785
22.266087
32.272892
68.24572
46.781242
64.34505
29.591085
55.69221
83.5978
83.27555
40.266758
27.268188
28.581379
15.157064
33.5285
46.45036
46.90029
30.41328
71.55668
49.282585
48.44858
84.998314
29.937693
8.500232
9.001746
36.002827
43.977516
31.381344
14.385182
8.987366
14.450345
55.843513
28.935202
39.584904
26.667053
81.01459
87.96027
86.51523
31.570805
34.708065
36.288483
24.92625
27.244171
17.623558
18.636452
20.462887
4.1521273
18.057901
39.18371
29.500462
37.678944
46.021404
57.11618
44.77893
39.156765
93.30933
65.883286
47.806934
71.66116
46.129807
91.714264
91.07798
63.65395
54.752113
51.302654
113.43894
51.00656
134.79146
46.58836
64.736984
60.38105
95.86543
65.50097
89.58144
68.76795
43.725166
16.477097
109.64469
79.63631
107.61562
138.72679
29.714985
60.583992
14.781598
38.765827
33.219048
47.287037
49.628136
31.83096
66.99292
17.62695
26.619465
47.233597
30.340786
6.7794075
37.626453
50.928272
47.28138
70.198746
35.777515
83.4241
41.759884
65.898994
53.522034
33.02796
115.802444
83.00916
65.007866
94.963
83.833534
151.66797
162.09114
98.48452
84.64275
92.40943
76.0815
89.93888
106.19637
80.229416
81.62868
80.91246
86.80539
84.425125
74.863144
90.37895
95.525
12.463789
28.230854
37.310436
41.850624
38.17649
25.111536
8.628572
62.852547
15.271123
25.683996
20.236156
1.4435141
8.68762
16.807701
18.79855
11.363565
33.74531
49.39636
8.572607
16.412724
22.733828
8.79509
9.640765
42.95919
44.111656
13.586058
1.1161444
6.6383333
16.124569
12.60298
56.632385
56.83537
30.605312
51.117256
32.162308
34.079647
19.766575
0.9867803
8.224721
24.800772
6.3033667
13.899343
6.636331
53.604664
9.310938
22.15532
27.42694
44.5098
77.11575
78.83428
179.90526
53.44587
57.021477
67.37303
63.2383
33.385597
19.17685
33.71808
59.1227
6.1758304
26.233334
24.214878
18.944416
17.118456
50.16258
5.033858
56.660114
46.67377
50.939903
27.438023
4.052226
6.370185
35.418087
27.066553
45.461895
25.504063
39.600502
23.116322
79.26293
58.779034
71.42594
47.327217
54.629555
33.945427
89.033554
49.280083
61.69361
61.84433
67.428696
8.005811
2.7687235
10.094423
13.419925
13.6652355
16.506067
18.620646
16.086376
34.922005
1.1010872
57.372723
48.22129
70.15791
44.015892
13.617409
22.051327
4.286678
10.610758
21.450178
23.471893
34.591816
77.402145
14.659935
45.160297
22.643658
13.091939
52.335846
51.706207
47.01304
84.0982
72.34215
62.25782
28.709864
46.257496
48.329056
48.8617
56.334583
41.035828
34.240814
40.38361
38.432365
9.564578
11.301928
43.339783
21.46167
33.415947
30.489315
58.09536
3.087085
15.488681
14.622693
10.361673
14.599573
21.509811
27.262573
42.243526
28.558453
60.27367
35.721436
7.6309805
24.01767
10.168192
41.677296
54.46819
70.64238
26.792368
60.53306
26.713114
54.993095
144.32764
58.8724
109.49011
60.747368
53.923573
52.801605
99.46231
61.85354
54.024696
63.189465
33.3582
23.259613
38.51577
76.01634
28.730495
12.1803
43.725853
57.188244
47.14466
44.906532
26.598352
36.453136
21.34959
13.486723
27.61745
22.48527
33.003654
1.2338316
10.868235
32.219807
18.50724
39.825813
22.86283
17.820599
24.907257
14.165484
18.573284
6.518238
16.076054
83.6816
78.72193
87.29857
0.69199026
25.459614
46.44478
52.37389
54.07937
40.757053
15.624857
29.086857
22.293083
8.627661
79.56565
93.985634
16.051413
5.2928314
7.739493
41.958706
16.943638
11.109815
6.302722
19.25869
0.7395485
12.721978
42.091476
43.82522
35.70855
37.55976
121.402405
54.086407
36.826645
55.560333
9.746627
26.177204
26.10411
26.684872
26.659754
72.32085
34.843025
40.496204
35.71058
59.689514
11.464374
25.097149
28.868093
40.72439
23.599724
25.726406
33.861588
43.701973
49.84832
20.430136
51.000107
45.271584
44.351463
30.25597
50.0465
30.408773
26.052649
19.736149
70.95268
80.4002
58.3274
74.770096
34.87402
53.201515
40.1184
38.240963
69.313866
103.63175
125.965294
77.28282
75.658775
113.3973
18.233753
25.492863
1.1800296
21.2027
8.037192
143.76689
51.910393
31.795391
22.596346
94.19198
25.703217
18.786854
28.63443
20.370731
43.730766
26.805035
25.483482
37.98866
4.210807
15.96947
24.422937
76.8875
68.62045
72.35665
34.521645
22.531698
7.8450074
1.2199585
12.246354
11.429544
24.924429
45.45083
35.975502
26.028667
16.528036
55.579277
36.600945
38.772213
46.775814
3.0318213
9.199101
26.641104
19.902088
72.78798
15.091728
30.667408
39.8778
54.672913
21.542955
35.748512
17.121494
1.6070788
7.8259726
24.625612
33.840126
3.3932865
21.77269
53.060555
5.1533427
7.168138
14.768664
19.871084
54.189636
48.135765
55.341236
37.286003
35.53974
67.68614
77.55149
34.295616
1.6878948
6.4241843
11.610647
24.739008
34.485497
20.55252
38.13488
62.090324
41.94907
85.16939
48.237373
47.24134
36.921944
31.824
27.060389
62.158386
47.478096
34.89685
56.918316
42.59336
55.741077
56.314594
63.256226
56.07312
14.591524
23.758423
6.873118
10.022713
19.197634
11.480484
34.21119
4.716555
17.618938
41.75907
30.523544
12.4348755
28.594463
13.25762
3.6190155
47.773766
37.32483
39.199215
67.30837
38.025604
42.42456
68.921684
91.3261
47.79717
43.77973
54.04295
31.739069
48.300877
57.032482
56.261375
41.111855
30.13132
80.10622
102.58191
10.212947
18.666233
17.25896
49.479027
41.648643
43.28007
34.457047
37.79267
42.823486
52.877953
46.841896
62.449524
48.989418
36.94584
89.18208
83.556755
96.32104
116.908775
44.079098
48.035667
55.6883
50.597363
70.7512
41.98414
41.871822
58.452415
44.109894
53.602966
62.277138
50.898113
119.37349
117.8939
40.280384
42.648827
14.512384
21.6651
26.498846
26.697271
12.987564
29.322842
61.96709
19.699429
39.921593
27.128363
30.987741
43.850647
24.7244
37.83874
52.29062
15.310278
13.271593
12.056725
55.88526
35.566246
44.461987
30.811756
44.876766
22.132832
24.326221
78.35631
50.620457
76.51152
27.662693
38.023945
3.2880268
21.997295
21.949352
42.799862
36.218372
36.93616
12.147879
45.568565
34.764194
24.460339
59.654236
14.96606
38.18295
44.19633
49.863632
42.03591
35.967808
51.223427
3.860117
21.873543
17.995945
34.407616
30.103088
66.55895
52.910503
51.58557
55.83977
30.255604
35.16317
42.085033
14.99364
24.280788
16.578526
5.6671286
11.471511
0.851281
19.438318
70.863594
56.102997
40.46305
51.305756
43.159706
17.453064
21.906775
29.71375
20.832777
0.7708475
0.9999348
8.659423
37.737785
40.940968
37.019783
3.8634312
22.644552
11.337356
60.13315
98.1452
34.736946
41.334534
23.66895
43.53855
10.638776
23.97175
9.127752
10.684651
12.713098
5.988161
8.092107
10.233413
10.908983
32.004868
27.623377
9.498159
15.687012
29.522593
24.041012
17.60215
30.355597
9.547018
21.568398
52.176414
35.818684
83.39834
9.542429
11.71887
1.8256851
2.9980159
30.20448
66.56588
41.618652
25.307646
5.5824594
33.77374
41.989662
27.383825
3.3364437
15.811798
18.83154
22.856688
29.009838
73.20979
57.949127
48.705082
70.26671
42.029
32.17657
74.965195
103.89226
32.525105
40.502144
44.890427
40.57532
26.963053
41.869488
38.705845
39.252003
29.800196
26.556433
40.170506
31.906137
44.528786
30.07394
35.126503
75.60697
51.764263
60.28768
87.91714
51.636696
57.3668
52.163036
47.02285
18.246305
17.774601
37.753475
10.806536
13.910092
30.799114
10.403012
21.59698
31.710453
19.069124
60.249226
38.548843
40.16418
59.186317
56.8113
81.36112
27.946375
24.215963
19.890793
19.513256
46.66021
42.02871
37.901283
27.411942
17.321012
30.052063
42.7558
41.214485
42.68406
40.238087
65.316895
23.29012
23.299496
37.24399
53.611084
42.324066
35.344353
28.161022
48.77261
43.36782
63.858513
15.077802
18.067303
7.0742807
32.626553
46.932724
27.521454
20.790941
27.750256
39.19021
38.762974
29.562073
24.290989
51.292084
21.92775
38.686977
32.156555
43.43337
30.434668
24.290476
33.66565
21.906319
21.860409
40.60329
45.6665
59.46151
83.14482
152.34695
49.610786
8.933679
54.72513
34.681076
40.58211
27.98353
27.649426
16.054436
33.088245
48.572823
13.775606
8.486639
5.615967
15.658289
26.733631
56.1379
85.69005
48.485283
106.344055
38.796703
34.893272
24.973282
22.78957
66.77276
53.52491
53.75766
89.40231
29.06629
21.463718
32.865
27.78895
25.247368
62.339264
37.657143
29.091885
7.4581246
17.118439
36.408028
37.8089
38.131596
94.699814
41.427967
21.252316
17.537066
57.18023
16.165789
46.14476
49.754604
46.81112
75.63634
26.177652
18.820024
45.705723
27.815945
10.70623
12.536623
78.0865
1.1747714
45.457924
21.461746
39.55872
26.143438
18.775478
127.59456
128.11124
28.43129
31.72089
64.259476
123.9927
131.02437
93.73098
127.39663
102.8513
102.14351
107.483536
100.01239
173.30031
131.31741
78.02118
86.24651
92.03877
81.17921
91.24591
89.252686
21.577845
45.867397
46.57926
33.460182
28.644083
27.165619
22.557812
13.015696
28.389898
30.014257
20.895395
13.297632
88.705124
47.811832
12.019393
20.497194
32.90902
43.913567
148.84424
86.71735
64.654594
114.313194
73.3386
84.634254
43.187202
38.390453
29.727768
103.5651
40.033558
67.86033
41.507854
12.881563
30.137104
58.862762
96.51277
13.798686
33.464703
47.320496
36.633778
28.88149
55.990852
67.336266
58.91037
42.276184
61.304768
21.147823
33.845387
20.27964
34.749462
49.589035
41.938393
60.23548
44.73046
40.101685
38.472923
46.69462
14.519209
31.156673
34.672268
50.516457
64.51412
36.69676
21.261097
43.023857
87.259155
57.9899
123.53444
53.025757
38.224937
32.770134
20.546574
27.861715
30.466976
17.736935
76.10911
12.500372
41.020195
44.244415
41.135815
23.61567
21.228718
123.137375
102.428345
24.237398
26.553015
46.77865
27.345463
52.84609
52.39796
4.453294
52.091736
55.79171
55.65214
76.1531
35.59185
54.712708
28.995655
27.824505
45.784863
48.77824
90.678635
145.45456
87.936966
79.48746
174.75911
108.425575
99.955475
143.11182
53.945198
67.427704
20.25111
56.540794
23.552017
19.587967
25.505396
36.686897
44.012333
33.132343
127.025475
25.28241
42.730904
46.962936
28.581074
14.07266
23.367144
13.458025
38.790543
28.248486
72.692116
68.31203
85.848145
52.023354
20.85356
55.456036
70.079216
116.408005
21.800596
30.72411
36.57247
39.15083
113.3111
98.791824
75.10888
46.18908
52.343067
90.97392
63.962456
39.79995
12.575243
44.51972
21.848438
65.39418
76.16596
47.93245
48.559128
65.79343
47.274113
108.377426
98.6567
122.17621
112.048744
102.561844
89.49193
141.97812
102.97649
110.27873
94.63892
26.553558
103.51402
110.55514
109.944565
193.26682
220.6014
81.25127
97.22329
124.80327
110.707375
92.069496
119.168175
83.29395
182.11832
194.5763
118.54543
105.96792
115.36835
87.854294
140.55544
173.72238
183.68163
169.21048
119.570656
280.45547
7.690272
25.24658
59.07942
35.59886
47.593197
31.749847
96.35445
36.7216
39.344948
65.88295
41.269062
96.96028
129.98071
78.8879
120.03633
25.556152
68.67817
77.000206
37.844604
42.74374
52.591927
19.322771
148.9789
92.404724
26.5453
16.150112
138.35036
98.27409
82.18544
90.29643
151.28156
17.013649
87.43169
118.55764
163.06313
101.94572
70.41018
107.48424
30.511108
84.205894
25.647223
57.63268
90.81349
96.09165
155.34402
74.64986
91.65676
79.81288
100.837456
45.22199
122.131004
68.27161
62.113384
42.949917
57.973377
59.464165
36.656403
26.367474
23.229343
16.54563
32.667667
21.91669
23.362944
31.220673
28.697407
61.734955
45.84701
36.78527
15.643873
16.105162
27.46784
47.928345
16.19399
21.011992
77.54909
86.04497
137.23007
67.666176
31.333973
28.533915
34.398994
30.052052
33.046238
20.942114
38.08877
26.25448
37.81556
25.418184
114.18269
85.78482
20.647598
17.957474
37.813927
6.1435747
23.306416
28.992609
21.205132
33.440983
15.84553
11.988827
28.106785
14.945889
29.7396
58.28248
162.18185
115.08799
88.00912
91.0266
78.559715
130.29941
104.44972
181.87628
29.061987
40.016834
34.296436
58.82597
32.997074
52.27189
26.48642
11.018167
28.654804
34.241264
29.586634
35.445297
57.70941
40.295914
50.923367
38.986103
63.820507
58.299744
50.834064
68.579445
59.758068
37.78764
41.95437
50.97788
34.89131
144.82867
85.52564
85.19222
80.9113
85.71242
65.49664
54.624107
59.478413
82.63658
73.118645
67.6938
12.699781
31.13551
41.762066
74.62025
13.711014
21.805328
56.710827
9.347481
35.976307
77.62496
22.057377
1.278033
19.0819
28.001404
11.331141
26.059183
23.652079
39.285526
10.093477
3.431713
32.489902
55.35671
49.316795
16.787447
21.504337
9.287684
14.13547
28.855234
44.470512
47.678165
3.8036106
24.673206
32.150967
10.151161
54.76464
75.109955
59.560448
15.854518
41.37154
32.967983
53.5277
89.71947
134.86897
89.463646
63.584667
55.019306
64.569016
94.45529
76.16622
65.14378
76.65642
135.96727
116.08736
143.89018
95.291985
120.15269
125.90137
71.12047
48.57366
86.505104
51.409462
63.73282
60.63567
48.34726
35.20649
9.781286
18.27797
25.581253
15.38727
44.066948
28.532314
43.107224
2.4599776
30.883514
74.32827
36.320038
53.908985
65.83251
66.870026
104.46718
34.904015
18.230536
52.53881
36.143158
54.99181
46.99505
45.53043
59.8086
41.493553
26.852299
21.049528
33.58893
43.76309
43.364037
48.776684
148.12729
102.31112
104.59342
155.91281
97.60655
59.048237
45.009933
45.227226
69.913864
58.022717
20.352629
42.561928
33.803062
18.404745
36.611908
20.037073
34.300827
39.65697
97.083336
53.1923
50.047157
24.324886
45.112576
15.70323
5.7328253
19.999756
64.4582
46.9502
66.8496
68.71915
82.21716
50.463295
117.936134
54.68093
50.95247
46.06938
60.10014
81.46965
61.0124
56.1226
90.68571
49.92978
57.074696
56.1419
30.08009
68.09552
79.27661
63.72468
70.49604
15.887845
36.864784
27.216574
51.541313
17.971313
31.987234
8.161269
5.587782
10.075285
29.64298
63.036
109.69829
27.996597
28.277014
29.34718
40.82449
49.29608
64.020355
91.757645
76.10838
9.977169
46.2631
16.01038
16.077148
13.936417
64.31582
43.05384
31.473743
76.50028
19.629787
14.702596
16.41143
24.20108
18.184921
20.01035
31.92744
2.30234
26.734394
19.720808
17.04812
59.062145
35.384933
38.761566
57.974842
47.450108
79.2082
54.893486
51.4795
57.38219
26.258896
41.080605
8.600304
41.696423
13.742633
31.033707
44.51724
36.79865
54.46123
25.326838
30.598104
15.923549
101.47003
78.749245
94.53825
72.17432
114.07738
43.38306
39.471935
58.159737
33.830986
44.713715
39.02202
67.38599
55.361584
25.400131
25.17501
24.361897
6.5032387
18.542027
10.043579
7.903023
13.796269
35.023476
41.186695
19.59031
4.454271
31.801981
34.345146
104.453125
107.55326
79.624214
109.29219
74.70238
4.5766115
7.2146935
23.301598
14.494669
58.49798
58.714733
47.018738
136.62148
59.707184
10.719405
20.757412
49.825645
35.92944
54.06259
32.43844
1.37304
46.88099
66.62277
33.959694
21.827278
48.05314
49.873833
46.604424
71.758095
72.581985
43.289238
66.97678
85.7694
112.698135
68.74349
79.43614
75.214836
88.44916
111.636475
185.76248
126.903564
101.26676
42.589825
93.30809
32.01472
34.407257
31.898825
26.382278
103.88228
20.97818
41.9224
49.743374
166.41489
37.32324
40.64306
36.86016
42.574207
79.79903
51.771202
57.40036
57.284492
60.086723
57.483543
70.368225
58.77993
7.270733
31.380259
31.264225
36.757168
33.9436
40.12229
91.158005
73.94411
55.868298
37.146736
59.66695
42.17349
49.61973
75.49943
79.49874
49.650562
43.836407
47.18102
10.340062
33.250935
32.657295
60.81203
36.89745
23.614836
16.964724
46.30895
78.23994
75.19878
101.02724
130.53658
101.022705
118.11416
117.88092
14.459033
19.714191
15.835993
28.586243
32.89159
18.421537
22.399542
35.202843
30.38448
32.16996
27.369373
32.946014
43.94617
39.36103
32.33628
31.855692
26.75498
21.46159
24.633093
32.798077
63.89253
51.02017
45.2552
58.701607
50.274143
50.759373
77.23045
49.81968
15.411029
18.800335
28.657145
27.184063
21.7541
23.639812
44.092587
61.41936
46.772034
95.812675
58.521233
57.19989
77.99629
67.78117
70.87825
85.6964
83.46862
115.154015
85.0895
88.107254
73.004425
70.98909
149.29788
116.66917
118.71797
148.78677
158.6001
102.92998
118.06781
52.89275
31.629822
27.594364
20.370274
35.105297
18.505978
39.455032
42.640274
29.069204
24.335922
23.468693
47.805996
93.15326
46.239246
59.756508
37.480507
31.487606
61.551624
31.625904
103.51581
88.20026
30.90069
21.545334
40.628944
58.011345
20.193594
20.477268
71.87703
37.510654
37.52816
118.9306
56.016045
1.7309425
12.261245
46.433372
18.683598
50.95223
38.63105
45.782036
17.756126
61.19524
64.08104
81.05309
13.448924
75.20275
22.56229
33.42318
15.815514
29.470682
37.047108
44.256065
54.77003
35.54756
69.56709
62.412647
55.220387
38.79579
90.70882
37.496166
66.30508
175.03862
101.96793
44.859245
119.58012
57.45733
65.66878
53.378223
105.88025
45.019005
33.969017
76.36432
38.930077
21.471365
46.5571
28.021862
50.197784
30.07397
95.82213
23.453333
82.06653
40.581337
115.331985
62.62495
36.523857
3.82805
1.0766238
36.54171
66.13258
19.099741
32.92849
24.55231
30.585901
141.31033
13.768555
59.08863
38.059914
74.48639
44.81743
25.46968
56.992073
45.543354
1.287081
13.664929
88.25792
93.08795
51.429638
52.963226
28.032337
27.252558
25.883549
13.232309
106.13082
110.567726
94.23896
15.403067
8.586693
12.001354
115.23399
41.39202
122.82091
106.801125
84.50698
109.296104
159.20348
176.53018
161.24039
243.49472
85.38947
72.1085
78.459854
122.28815
101.438965
162.84653
92.69057
10.551492
24.590054
59.49162
39.172447
17.461723
36.343395
56.66396
53.522633
67.925125
77.42548
89.13594
17.889002
38.212894
38.93355
50.032143
14.179341
34.531487
93.841125
90.072464
68.696
99.22177
47.26655
44.985184
1.0284866
84.86873
60.714592
50.609512
55.125496
63.12461
131.4844
139.63673
120.855576
86.25051
61.315716
59.918053
61.47716
44.896324
58.739185
113.754555
59.71227
56.599663
102.00731
48.18945
32.71056
46.318478
45.739006
182.7999
116.59987
142.4168
156.96773
90.82756
109.94563
95.54762
67.190926
88.37175
150.24667
104.56301
109.51245
97.867744
110.29049
99.36226
158.54495
113.927086
106.02157
155.82065
14.065373
26.82759
101.18661
186.1506
110.18276
98.00487
124.13513
169.40364
209.29045
85.54492
164.10147
96.62618
95.19133
119.94419
82.20826
68.502464
41.565712
14.331591
95.20976
103.46639
87.59523
18.939999
26.627909
54.033806
61.923992
22.821198
72.474266
19.684393
32.784782
54.86393
14.413447
12.084737
22.948845
58.26458
63.436676
81.832924
61.706688
76.04424
62.032257
48.946136
21.524048
36.96537
25.362627
22.359325
47.735737
40.14544
47.513176
49.44062
71.457954
23.705791
53.71414
40.78815
56.332787
34.60138
43.874317
47.137398
16.460163
18.416275
41.340633
26.46961
27.8538
9.535328
25.705988
28.777203
34.65394
20.503273
17.79124
32.797752
27.04455
49.25422
162.36081
133.93503
127.066505
143.66582
176.61586
137.90926
162.82571
81.60066
60.191418
82.620705
65.96572
15.759649
32.91963
18.87888
27.980183
86.716805
38.226364
107.14026
110.53074
132.77943
228.86038
78.97346
47.423836
32.527657
48.475006
46.13247
43.78678
40.51037
48.995987
130.89183
126.73793
186.2181
85.7596
3.8445778
38.536507
81.613205
13.566403
51.57432
63.74764
132.46683
151.64508
42.119522
84.92957
105.37795
127.04231
96.40743
112.34947
111.56099
57.310997
1.3136607
94.0562
36.400356
54.73043
28.890116
36.838898
36.13035
41.95813
103.12943
34.29595
37.928177
41.322178
56.675648
50.01191
61.42399
100.28815
38.53703
71.302765
29.117716
23.62685
47.053642
160.07861
226.36699
164.58418
2.3315606
71.38173
49.270344
79.79744
54.275032
42.47654
78.86549
46.312103
36.155144
112.46519
162.59306
170.77698
145.5408
157.85182
38.306118
29.879147
37.342804
23.126032
67.12462
46.79796
33.588837
18.899641
97.69153
29.775818
28.150692
71.38811
59.578423
27.583506
54.933586
38.359257
53.647087
27.212185
49.11298
53.118736
74.14903
37.66368
37.685028
35.158836
87.12888
148.70956
95.28093
4.7574105
15.819324
37.62861
64.2191
44.039238
58.45684
73.53424
17.953789
53.93225
80.29259
68.48076
37.200066
41.79303
30.446842
25.13484
67.83952
12.125609
156.14539
102.32911
26.502121
61.127625
49.151726
40.46656
57.69759
74.08544
42.08532
34.036076
28.680883
51.018387
67.95999
92.05262
82.1531
49.22968
71.24001
33.591293
39.494656
27.6604
99.276375
128.03336
97.24529
121.19667
65.95549
35.217278
17.237589
56.980812
34.872242
33.65879
38.010067
49.51836
35.31413
51.542316
51.8432
59.695824
25.201557
57.498085
61.22876
138.30386
98.113754
112.52616
49.271854
62.761024
48.991512
45.516315
41.4432
38.812874
38.86697
67.43705
85.676956
44.12253
117.79805
96.60242
97.654915
73.19543
40.247494
90.23259
117.00908
125.99186
171.49026
156.0576
60.984795
69.97371
32.520267
56.700806
24.98428
84.584785
133.88138
27.206604
48.93463
68.1617
10.700149
24.040094
158.37088
99.06111
91.101364
85.10702
77.53327
85.278915
91.82385
31.92608
177.0485
263.37793
8.020648
20.27466
17.716938
22.400219
25.260132
51.390038
18.341473
59.341652
29.572134
18.707918
71.45271
38.36091
51.81313
20.673191
37.72576
1.3787235
97.8776
84.393486
15.081347
13.498645
37.809525
16.483349
27.994736
32.304893
77.64706
99.378006
100.89079
71.32286
9.59741
16.969423
28.544758
51.255535
16.66968
36.24929
74.96903
48.58566
30.235474
136.80786
103.69845
28.237646
33.055363
12.648783
69.061134
69.5391
36.92745
110.0601
111.51231
74.63751
26.875183
84.30124
54.56463
102.738464
141.46835
187.51297
122.25397
241.87447
11.399702
52.453503
53.882824
45.686504
56.05202
55.472343
61.816357
54.57845
117.011185
94.43806
78.043655
53.44851
75.049545
92.098274
44.430016
56.570667
41.25847
47.26095
61.29838
55.911385
135.6539
26.688135
105.02669
26.439896
253.56274
102.55249
31.88354
8.272714
18.152462
10.297444
43.283897
151.22554
2.6171343
152.93839
155.55672
112.90627
178.5427
131.14769
102.636826
89.50326
112.433205
116.479965
79.77537
81.10561
159.94919
110.20479
91.24589
110.34093
175.09792
202.1523
109.27468
184.54602
49.60684
65.68987
71.01699
144.42656
71.604454
6.967683
12.859686
60.320244
41.807487
24.71337
4.938285
58.856396
89.33763
11.79937
19.030977
24.252165
64.18778
45.691326
57.117462
65.42451
34.709133
55.687847
18.168531
27.2081
90.740616
42.35463
74.47327
40.852047
193.9713
129.29295
114.368
101.118355
19.925655
46.364605
56.035698
50.72577
21.788029
2.3081613
28.677689
28.908146
59.160908
153.50063
157.23276
38.065716
39.776764
116.53734
42.46695
33.43921
98.99011
110.43315
192.51591
129.34268
108.54109
77.92503
213.93694
108.0954
108.66524
103.53489
113.67853
39.466927
29.895596
46.711506
19.02751
136.50258
34.154858
28.877457
32.725574
32.258865
18.117012
38.724365
52.92755
53.095135
15.143392
33.73459
137.63687
50.421074
54.58979
41.798557
48.93382
20.239216
55.838966
40.36088
15.585663
85.56529
128.42111
155.9347
135.37114
121.86122
135.2139
79.83529
147.70308
138.47287
251.97466
34.130875
34.236618
34.713493
73.00987
29.41854
8.736579
41.182594
24.659992
33.339634
49.57608
38.592216
31.380894
71.23394
66.46755
53.2133
41.304413
40.437344
31.593533
47.41552
85.04814
90.22999
89.19859
87.41214
48.767258
17.374535
46.19642
90.66748
108.838196
125.8112
54.809875
17.8164
26.213257
52.793823
59.894524
45.01794
136.65828
152.9213
160.69485
239.00308
130.65512
89.94171
275.6081
169.7529
145.53313
184.25261
35.46423
31.586035
32.880627
36.242897
31.508915
24.780352
84.55401
177.20517
168.1123
115.97363
93.302025
156.58531
9.690678
15.046977
24.129477
43.333332
31.905111
27.284466
43.571247
49.718647
16.22368
29.901058
39.774765
38.74653
63.54661
21.785547
22.723562
25.147297
45.562737
26.630878
31.829163
59.718513
31.529049
40.905296
55.097496
37.521935
31.250036
18.650906
37.14279
22.05339
30.177624
44.384148
44.57948
36.7481
19.414
38.32041
17.539982
55.3247
3.8511574
28.618036
36.567223
103.23527
116.56059
209.20334
167.15372
73.95087
143.91454
75.601585
140.54706
39.60018
46.281948
100.698944
233.62521
168.96689
257.17313
109.63474
172.77327
79.390175
91.76208
54.731956
68.31
12.9000225
10.400967
186.88663
114.29319
170.56783
113.57815
76.14997
166.77168
116.51813
87.38397
86.23965
1.2794982
11.573659
42.649837
33.89881
24.206459
54.49801
53.62132
71.36175
18.592356
81.41025
51.915077
68.70343
38.61381
42.17478
58.319405
49.303204
83.65343
11.022691
27.417084
77.16893
244.75964
183.16599
138.85504
90.55376
104.96537
21.801893
89.19664
91.43566
52.664448
44.003662
83.51177
52.034565
66.22375
54.17277
5.7886906
22.932606
92.11171
87.48241
45.90369
40.241623
34.915833
120.88716
97.81702
91.31754
182.18901
203.89432
153.19913
187.11174
156.01959
95.9604
98.17807
77.17785
80.969536
166.0552
82.981705
94.70403
96.92179
108.605835
66.700386
79.16924
63.618904
154.4526
88.99133
71.39215
65.55942
61.11432
72.29312
97.99995
176.67578
82.72615
152.32057
36.82847
33.042255
102.25517
42.483204
62.69322
66.334755
18.944157
38.62312
47.304314
101.13732
40.45169
67.407455
63.44892
39.017345
67.32295
53.27425
19.168322
43.793587
42.19848
35.015083
26.086548
66.43621
30.141438
32.407906
52.743782
49.61853
52.85958
33.415375
59.13871
20.14066
28.683365
146.19327
30.665436
41.430546
27.448444
40.189293
112.90053
39.477367
198.30688
48.395893
48.463825
81.58425
153.01738
108.10703
99.02525
170.43869
118.88582
17.90173
16.004053
24.263441
55.292072
23.13075
13.004654
40.855324
65.893196
75.373436
51.53056
13.523523
11.511627
23.505669
22.448505
37.30591
22.007801
13.357988
33.283703
44.48768
21.015575
25.770813
78.39836
22.964954
24.272978
32.493256
42.96349
75.0139
2.3344839
12.630519
20.808287
49.800022
12.71684
12.838628
23.214218
11.674589
9.523798
70.751274
32.02124
1.2795597
29.268509
36.358334
52.51725
73.09303
91.801
77.69687
37.148003
28.291681
64.77455
46.582176
53.61961
69.903175
78.22649
57.11258
60.058147
13.224317
59.12864
18.258455
18.48424
25.41818
16.739985
30.643467
35.650818
34.739864
28.528784
76.30764
30.908112
20.662098
29.121807
60.857594
39.540115
91.88916
83.42149
104.733315
2.0072088
13.990316
3.8693326
14.912578
90.59547
66.18647
92.09019
48.99033
27.193485
40.816036
107.64626
68.185104
106.619995
49.89952
62.942757
32.649967
66.623344
67.56648
26.247593
46.782623
22.452038
14.306608
34.89039
31.78973
34.071445
28.419037
26.020168
134.50418
105.055466
116.82552
55.473152
43.130398
88.43915
38.571377
42.85511
15.309979
1.5528858
45.405956
19.669827
83.52322
157.5584
13.73954
1.8015312
2.446974
49.721745
52.687916
3.9938178
21.4221
42.923695
41.034256
36.50046
103.01506
72.73887
53.550232
27.09285
71.96868
63.705956
90.28339
68.828835
74.375244
151.19086
155.72345
169.27715
174.54079
134.52579
180.79819
137.16678
33.14257
38.811638
23.509367
23.155828
24.612284
13.327016
27.116888
7.774633
33.01735
49.004505
23.493074
52.140392
65.28282
58.964134
77.034836
40.52085
77.03947
67.81746
54.376686
14.286929
16.857723
18.39861
22.96464
10.525307
75.861206
31.255352
19.653517
30.745815
23.602613
34.019474
36.567593
53.41554
13.412527
33.906857
14.923833
7.642504
50.184822
43.86887
59.37483
86.88985
34.858284
103.29165
97.186485
19.797873
38.88509
28.389515
36.683056
32.796986
58.009453
45.926495
37.192345
79.21459
173.61154
5.7096834
27.509201
29.93649
103.27834
47.210335
153.0105
121.20549
105.53627
130.32991
145.69113
175.60976
165.37897
168.575
252.47983
258.60126
192.95044
140.23344
132.4166
216.84079
262.1687
139.2211
62.136436
35.754433
33.05037
16.746796
48.645103
20.133186
34.784706
104.43034
88.83814
96.40315
44.60102
50.448112
68.20074
1.1639831
59.54032
3.2110581
5.6472173
15.631841
5.112628
9.675459
20.517374
11.223038
45.68906
119.08993
17.558811
65.29355
66.200516
55.753704
29.179285
22.693642
35.544205
86.79065
85.75853
110.209335
26.817322
89.29893
89.53097
124.32399
28.839245
32.131832
31.578983
29.315075
36.509155
19.56601
46.075924
103.39696
32.78854
63.162437
82.818924
100.84324
81.01284
97.08194
74.394775
66.7838
59.39447
85.56953
72.25072
129.68271
28.687159
26.319025
41.15286
82.944916
89.305916
130.43199
78.12587
104.9041
57.335297
64.88692
86.62985
77.19544
79.68008
21.250854
35.484375
41.6263
59.329174
71.98779
75.47516
50.973034
55.098885
61.515938
41.91265
59.22295
148.57335
134.56998
79.79741
68.78093
111.87689
96.031456
35.72272
12.295502
114.19564
84.56981
77.73569
74.004166
71.59746
152.17006
67.52509
59.454365
93.11699
120.05697
117.45115
78.72279
128.84169
86.49484
82.68915
89.41432
93.876305
98.16853
93.65767
148.9583
93.93477
105.09851
99.580986
100.696335
111.30019
98.43478
166.02211
20.066547
28.403244
141.36073
42.58591
33.298603
32.698883
45.53872
63.384087
45.061485
85.313126
113.18362
92.23276
83.87871
96.214195
62.59865
71.373825
70.09346
35.438606
49.23929
95.0072
90.60628
75.86953
100.37361
84.51836
115.76156
148.94843
133.03058
133.5395
118.24512
89.52848
131.61938
146.04048
111.495346
112.29529
75.38675
76.04901
111.27427
45.21161
103.463394
47.878525
68.52274
54.873604
31.446941
20.14812
31.696152
67.15316
20.685028
46.750847
72.78891
30.41096
77.37282
1.6546307
30.671362
49.670876
18.437412
121.70084
106.841576
101.87411
174.08684
95.52098
103.484116
90.6494
88.08412
113.309425
119.71747
20.699028
14.667456
139.10402
157.52261
74.4269
49.99812
63.64731
19.975649
62.33131
24.909924
4.170459
36.039482
39.7937
37.977066
32.789246
216.06409
160.9638
111.22002
100.23248
176.08472
232.55022
334.22592
193.09236
275.5918
105.051346
95.40613
101.66775
116.97974
84.80801
127.59153
95.52673
105.86678
99.47461
92.78267
168.37857
80.044266
88.40271
66.415436
25.183773
117.95205
46.134533
50.16663
33.896492
57.81965
32.759087
27.879807
27.98581
44.914467
26.606647
41.57107
19.769512
12.497929
15.7174425
27.967075
13.264761
27.541218
70.63128
79.26679
63.56911
67.10818
53.874714
45.861153
37.158367
30.939737
126.80145
12.646275
36.28309
146.45018
166.78452
196.7513
182.36954
19.4219
22.76764
62.85205
42.78321
38.680336
66.057816
67.69816
27.620632
38.567677
51.496162
67.10908
136.94705
50.786842
76.91077
41.40748
32.939396
67.63542
31.175617
30.721928
116.32945
123.10551
84.33323
163.30228
109.130066
52.84273
117.43262
146.4844
193.78549
130.53879
125.54122
26.061878
18.380377
59.2849
23.880472
9.820486
42.593685
5.8638725
18.141245
116.475624
27.386988
37.483685
16.844173
50.40358
102.229004
71.17313
102.8381
53.290855
24.071507
64.15062
22.50905
6.4230933
38.25089
67.02791
36.19201
17.453947
53.978844
76.525696
27.31721
53.92948
42.34738
51.95805
32.09899
80.23378
65.49586
69.17555
36.18091
26.693394
46.10355
75.45378
48.723022
64.464676
41.49706
17.79231
124.84293
27.303867
50.299953
105.404015
112.40845
119.19574
110.06732
63.974873
87.9952
28.028706
13.666632
32.830147
15.24426
15.505547
24.24625
52.93209
95.101944
50.675125
55.765797
106.77525
107.72102
45.039818
66.51427
22.562305
68.237495
160.05325
95.16862
84.672646
101.4742
94.77164
68.74219
86.27382
33.301105
28.408741
57.93349
35.454315
27.989304
25.847315
160.72542
36.281807
48.97241
55.526245
44.46671
21.210823
29.650013
25.93584
25.439281
22.989546
57.409294
101.978096
167.70511
47.097263
69.09146
60.771446
81.4323
26.796207
23.440372
34.074543
26.874645
23.2539
21.036821
44.253635
32.337166
30.206844
31.885983
29.821386
27.550587
19.276646
17.19465
35.18313
5.673449
5.515217
40.07506
41.37752
25.00393
16.349817
45.707054
88.30873
25.68255
17.497105
49.64601
45.28982
38.612526
23.967588
50.753334
60.88788
31.191753
17.577106
28.763569
34.12234
40.603855
44.09915
19.468826
17.576328
11.444708
26.317495
50.459698
21.677345
43.347374
23.66055
50.67821
13.614319
23.190273
49.932243
51.47234
32.907383
70.88773
88.842514
20.87283
52.86015
40.685135
59.748455
21.70443
22.05643
37.5299
31.23977
59.78426
117.995056
65.36004
57.700977
86.41672
50.65123
66.68765
43.585777
40.585102
3.6888256
31.748577
12.696714
41.93869
22.596912
29.178768
74.959755
5.27661
9.029932
5.7725
11.034715
14.182291
9.54251
30.486628
44.563137
70.89166
33.94825
29.365067
45.3621
65.33952
79.6489
155.52464
174.97754
90.203285
81.27983
94.10866
81.69556
114.937256
84.963974
111.16524
22.64565
83.17784
56.835213
94.89998
88.15954
25.172155
66.871445
72.31393
66.240685
54.16877
80.377914
24.506628
12.492506
15.565155
43.488384
57.64031
53.706444
73.9856
3.4341354
32.298107
23.744595
45.79637
19.976833
26.440485
35.838505
35.739838
62.584106
50.506245
65.994896
4.0762424
20.002945
29.85382
26.353907
32.78206
52.53838
143.88692
43.27793
28.79192
31.895578
17.498714
24.49852
28.04831
41.942295
23.756273
49.43528
14.943174
57.687645
79.12903
53.580097
70.630455
61.582436
5.474078
19.522982
26.380707
15.189413
24.721169
10.113699
10.480816
73.13461
25.553091
21.54496
32.768932
10.2798195
62.377144
46.284237
90.3324
27.485947
66.6996
26.330883
5.575099
26.370401
0.83326596
19.59496
40.30484
37.7379
34.715996
33.008797
38.55188
24.857128
42.5457
52.633415
29.233374
17.214424
27.426626
36.03657
42.07287
15.839323
32.866802
62.04313
17.857182
37.799393
41.220306
18.605402
41.21112
28.606049
20.80598
23.925396
22.655653
25.694025
54.736
30.121725
49.27963
33.586895
40.389706
18.614544
36.91469
43.86112
76.75068
71.78977
101.56133
42.181877
41.982605
44.121315
27.970608
42.017193
27.45924
14.945004
10.45205
12.652219
8.329555
20.174591
79.41816
96.501465
69.990265
44.233467
57.32622
62.981434
81.84973
52.673378
48.91731
117.49442
59.54077
35.06141
38.137478
38.655563
9.750895
17.38459
29.923878
34.480408
44.88939
38.3874
57.28028
95.12658
31.884867
26.561035
10.603532
17.979252
17.415981
40.140697
15.19601
13.887039
31.654934
14.274798
7.179901
5.730714
65.183044
81.84783
86.44726
128.42532
94.04352
74.30627
33.202747
44.499977
69.056595
3.9346492
28.236334
68.40871
52.251076
39.853764
57.311676
62.795097
38.70542
103.12828
78.16304
81.73588
116.66573
122.3513
83.78921
99.73894
59.210674
89.883446
27.44733
16.343212
28.532887
12.805171
97.862625
65.6254
105.85631
63.331043
84.76684
54.03131
61.56883
40.84379
45.252724
50.630074
19.80902
33.735268
32.94389
31.333094
39.07805
21.307674
43.688744
11.429229
14.416536
36.26754
15.17169
46.813828
35.792286
45.152992
51.449818
38.696728
35.66098
26.080585
24.012846
38.017433
37.851875
62.71576
9.954357
24.650242
7.946058
14.562103
42.802483
80.479744
127.389114
75.72717
23.336994
17.614586
28.393621
42.10478
6.8452697
18.223347
34.850655
20.497326
9.950149
17.500063
5.649234
12.517024
19.304499
8.356718
7.0260177
7.3225336
60.46646
63.887115
54.1545
9.950196
17.412933
24.46069
76.4077
42.751656
39.581764
21.398418
21.790018
23.925398
17.325405
15.939758
39.665848
15.948613
42.693085
5.0643916
15.344223
0.704656
0.6803546
45.34526
0.87428856
16.35564
22.183033
8.08793
9.98129
35.7333
28.236334
25.008312
27.865734
66.80095
47.294296
29.559341
73.41399
46.463093
37.0879
4.998179
5.007682
20.864311
26.643442
11.637912
49.547077
39.8677
69.7331
31.798557
16.157032
21.85603
3.0106654
80.006836
41.89548
4.9822335
17.623343
8.167868
9.229449
19.971273
74.49804
87.85832
84.66777
113.91162
129.20244
105.29453
14.960098
19.653482
15.308725
39.58052
26.127304
140.88828
29.563171
64.59183
85.068985
69.53554
38.98281
24.032084
33.610695
22.479307
43.561497
58.499737
57.459484
101.03812
101.17377
114.67123
102.396904
92.094604
104.61239
100.51457
95.30074
102.207436
80.261734
3.29532
29.15542
11.649893
10.817631
4.861351
12.821009
22.81664
20.790247
68.60281
124.521835
207.01567
166.6316
152.91464
107.7053
104.790405
114.67336
88.310074
85.22438
102.890076
75.626816
85.26939
96.78053
29.069525
53.060345
70.86509
58.622265
54.196922
94.674515
155.38992
94.87262
2.233792
21.323423
51.3667
122.75398
58.58445
46.16886
56.578144
62.301533
55.87805
102.36684
45.814064
12.990863
37.92632
48.220226
46.382496
24.606998
43.54064
48.6305
37.954044
72.951935
114.405785
207.3157
167.10924
113.724754
108.54507
89.820595
128.81026
103.86306
70.40729
36.571404
34.56418
18.787086
143.89171
27.856567
31.582905
66.56211
50.274117
24.979654
19.282255
59.297203
44.627968
45.07926
70.64281
47.827625
93.70356
26.577454
26.118088
1.1500086
47.200867
24.693167
27.907223
24.737806
37.06194
21.298107
103.09031
87.42847
94.71243
89.316444
46.031086
53.10256
67.311455
85.76098
110.17759
64.99142
115.00195
65.53218
51.74358
43.245167
107.84297
86.54634
64.79712
91.87959
76.09635
83.97632
138.69254
88.93347
67.82112
87.64967
36.181416
41.729256
95.26092
34.89435
29.798273
46.103615
37.86272
40.22318
89.688866
15.394025
10.264045
30.567053
24.780668
23.316502
51.364147
46.608772
33.815514
29.882084
41.47144
40.58808
49.984505
28.541391
10.014429
23.66117
5.4480834
32.469933
88.70252
56.65385
70.36614
70.756744
25.126143
85.741165
35.85083
28.74493
35.288254
45.969734
50.761013
37.73567
26.222448
54.16883
65.71416
38.363
31.475155
106.40163
34.378788
10.041904
95.6245
105.08618
82.24611
47.82161
77.411415
42.718636
110.3688
90.91281
83.12638
91.38395
103.90287
78.102295
119.97975
73.36119
84.89223
11.745943
41.380142
33.37074
33.302017
18.17363
34.550423
32.792442
62.004066
45.046547
30.050272
38.581173
60.65487
47.062428
58.72238
34.45774
86.18472
4.879218
73.22267
63.976208
76.63488
65.759
45.704468
45.076553
52.127388
68.817894
97.354195
72.756
68.884
69.67188
113.634445
71.23894
46.016228
37.789665
88.67508
98.106766
72.03451
174.26976
3.6519935
118.443504
81.685295
108.31826
115.63689
96.92546
139.9452
82.77517
95.19006
121.10643
90.86375
19.819698
31.81162
102.71716
165.54524
112.561295
148.16873
82.31709
74.481094
76.834274
70.08623
88.725464
32.313118
107.854004
142.33347
159.5861
112.98698
78.0804
26.105444
37.121216
69.42338
34.58819
35.392593
104.267494
11.559511
33.313927
42.9654
34.496822
79.61769
210.12613
110.13335
8.920187
3.897038
39.221405
36.745026
2.058988
74.39497
93.76996
91.60532
65.63363
35.873947
44.086235
29.460318
23.639097
36.71442
40.254673
35.04496
43.66037
151.60742
79.82368
99.46997
91.51899
84.76081
74.36427
175.83823
105.09703
127.309586
83.04085
97.60859
147.36545
73.73392
102.6826
76.11979
96.52238
83.824295
156.45636
75.609146
70.403
88.932625
89.79038
25.08414
32.55225
32.602196
32.744953
57.180153
42.630165
34.537594
19.927015
25.353733
44.558384
66.22875
17.348003
75.39622
86.52312
25.665384
111.12157
82.9965
61.991478
90.38722
80.39805
96.97471
92.64221
90.145004
78.08703
87.874916
79.555115
91.859665
77.57112
79.332
178.94978
118.79653
76.70648
156.33699
121.75179
80.69588
93.30387
130.67351
186.03635
96.60405
237.21432
163.24313
31.221426
61.53586
124.57002
43.843994
53.4469
36.910637
31.045618
41.91977
62.288807
101.39882
20.109137
30.368893
20.314041
35.040924
31.487732
62.621693
44.06301
56.95637
32.845192
96.12256
85.722824
79.94365
33.320267
26.064459
3.8969562
20.013767
3.5220666
47.993546
57.562805
88.51836
16.648752
35.391285
39.043404
110.09591
149.4114
196.51349
167.00554
111.22545
132.51569
122.89049
103.14713
143.70416
107.26597
123.551865
84.5832
82.64748
99.73842
208.20052
135.92389
92.81642
165.9057
181.07556
213.62552
248.63449
5.7598276
3.7117016
24.094788
31.238104
99.76513
42.03646
40.830044
52.268047
31.876245
48.83049
25.813726
53.406944
74.47385
54.23573
68.17672
65.54642
83.69316
61.654804
51.347893
55.49961
61.359467
80.37581
57.1774
45.98963
90.608894
165.73683
14.600284
13.849342
47.827614
35.56069
91.46657
78.53758
127.44464
153.3
73.027336
90.20497
67.35765
104.0685
86.349724
75.62365
193.10146
143.72754
94.54939
127.585556
101.78822
35.685234
40.73588
39.0971
24.08791
26.473492
11.842125
37.576546
73.60726
51.911297
74.56043
80.14931
97.99825
88.14426
130.54597
89.30527
89.757835
85.177734
94.924324
11.640872
65.46504
60.80709
30.416729
35.52396
54.117455
62.84971
14.028421
20.397263
13.43014
21.372885
49.322227
9.922353
12.195521
29.028744
32.521862
51.234936
29.438854
9.329523
15.918872
25.868397
37.336998
77.78826
76.55623
75.21439
76.64247
