395.37778
337.4622
187.93982
176.12659
184.09306
79.0368
146.54082
215.17981
230.01245
59.751385
174.96027
144.50626
106.46185
181.99739
161.45105
99.453316
158.57243
76.8546
58.595703
94.42907
147.605
186.41714
191.76352
126.40041
135.73105
73.34191
169.67076
225.34421
228.40976
289.61725
132.92451
155.75732
168.56213
179.38252
23.510853
18.366882
44.109924
168.99495
80.67524
154.51364
108.71179
85.72121
124.90403
138.88889
65.88738
88.42637
15.717987
71.239944
193.78433
289.70602
125.56376
55.025066
21.123192
15.128244
127.584755
90.36714
100.37965
116.07571
91.47078
172.00386
173.43091
49.674873
151.30115
125.93541
76.64199
86.275
77.575714
155.22289
25.687063
40.875835
92.34301
36.74707
37.86706
57.52492
84.99611
76.98803
160.84494
107.56107
71.4032
53.23571
29.023458
73.87407
97.74097
105.765114
131.93564
95.157814
82.63367
6.4780207
33.98843
75.97213
18.956028
101.42833
100.91051
141.24039
88.6117
268.25397
90.64634
70.14821
352.7858
27.667934
103.51123
159.13728
94.145775
67.71208
33.585358
75.401726
8.836529
50.563763
46.881325
61.875618
51.03295
70.548225
110.43486
137.33492
161.25752
130.27888
81.88822
86.168495
49.60551
83.67257
44.378365
105.9965
179.41713
127.59395
39.793674
67.52355
48.594734
74.3504
49.895332
173.70912
238.70708
88.56286
118.56679
100.14373
120.89614
74.234985
110.60348
121.9225
70.54762
89.8785
76.76042
59.910217
113.827736
119.0834
67.678055
92.784996
43.123207
104.245056
26.862843
104.86283
47.169838
142.35677
168.59833
43.816948
161.86812
68.726585
151.21017
36.542366
112.95791
42.26776
6.494696
92.854324
26.865406
49.501717
71.36204
43.36131
144.82733
167.83374
150.35077
53.526497
9.758748
49.707924
150.65761
183.96973
169.69989
141.24248
120.4481
140.39638
62.786797
73.48056
122.31914
90.9033
41.619656
366.547
201.67203
113.73234
44.557064
26.396173
140.33658
168.8816
115.498856
10.0134945
86.5421
167.26468
183.62845
135.27022
203.14517
232.79028
304.81723
29.64265
11.395819
22.621027
38.53455
80.604576
106.94499
124.72955
34.40989
49.48623
24.541029
158.19205
165.8063
146.62825
152.98982
104.16841
11.878063
81.61807
45.0807
89.45882
43.178707
99.5625
55.434967
87.49729
145.6641
15.872518
114.01918
139.79633
179.90298
84.7146
130.45547
75.991165
55.700836
87.05899
59.466694
8.814056
71.02738
177.64375
153.91252
66.70724
101.70083
203.30983
62.651497
56.107807
59.104115
237.44185
39.815624
53.96634
64.43837
30.879038
34.018517
59.104515
105.00043
106.42881
18.993929
101.955795
85.19371
100.060104
159.62234
54.597572
203.02037
231.28223
69.08483
133.09163
109.840866
92.8237
88.76899
104.6166
122.87565
163.2239
87.44157
51.514214
205.88443
101.39394
212.42937
92.41411
85.60505
55.800453
96.26595
48.213543
68.603
140.53598
163.63867
126.34048
127.50289
32.14396
96.381874
69.702225
131.43419
250.06409
361.6952
126.15507
158.11523
182.93033
69.52441
65.28346
25.467037
62.42865
154.63643
161.83975
60.290092
98.91701
44.570557
71.34435
235.70193
152.79045
190.26537
146.06868
183.16426
24.421316
27.548615
70.391
49.86503
129.80817
53.856956
106.00435
69.21075
69.39304
181.19415
32.596912
138.8017
186.26575
130.7127
21.800838
68.1757
51.832325
51.78958
78.12828
139.30547
71.23557
166.90955
117.30107
135.59784
125.72524
73.75427
204.62416
243.88123
171.63286
8.41247
53.52661
141.38527
41.567295
67.77605
92.32009
129.2922
114.00063
97.74103
98.80929
88.90004
194.68509
201.91656
140.04684
223.46057
7.8767266
44.067135
86.35281
86.95799
140.87889
142.02687
194.64133
143.07271
30.812153
104.71239
92.342636
88.18271
129.67418
75.20238
45.541832
15.500969
46.013832
102.66887
50.78345
108.97014
116.69527
118.75806
85.52692
92.89542
86.221115
198.83829
150.01677
55.39375
109.1605
110.81526
73.16032
83.34495
36.06397
70.12641
157.50389
51.52773
121.48918
47.06927
147.55724
54.420227
148.6814
60.39922
50.358612
133.99036
75.96663
102.4338
97.368805
320.2729
195.97289
17.963022
105.35326
182.88539
55.281513
106.98511
275.1204
84.74779
60.801247
75.4691
104.68657
178.1815
110.01913
218.49031
54.228577
73.048386
153.41978
93.36755
78.78178
58.260323
258.67523
168.04727
228.35226
122.72556
73.66584
124.86621
297.91815
115.473816
39.158447
112.593285
143.22969
219.76846
118.84465
136.56807
80.243385
129.56197
60.73786
93.4048
79.29509
154.21974
67.947945
65.32243
128.96428
82.154434
65.16991
73.83009
84.61781
122.66807
45.37098
116.07285
72.20674
72.32769
64.40517
15.32327
52.19679
23.308048
1.997744
20.882793
12.305543
94.10033
73.74379
77.95441
125.332886
57.01714
120.08385
76.79046
105.1436
121.79582
105.70412
164.23442
88.70568
71.10637
69.56627
30.426693
101.245224
53.75564
46.880928
176.9499
99.43422
76.060875
45.45121
72.02842
106.73293
80.36467
76.92489
64.17445
82.478806
163.41309
130.58072
120.56389
39.7428
45.033455
126.7665
60.109142
68.818954
95.45516
142.10876
55.905174
95.00377
149.58788
45.84646
98.65701
133.51758
109.94863
208.18558
54.07606
139.064
124.351685
132.79016
222.7894
127.07588
27.565094
62.924164
22.563583
64.16082
48.0586
203.65752
19.661865
75.05516
36.163883
115.621925
73.596634
67.40001
72.21187
84.41203
208.51016
109.4691
99.68642
63.63169
89.94412
39.084
60.973106
42.95445
5.443844
83.57455
40.609825
14.4635515
47.359226
38.508442
9.929723
59.426434
36.99326
29.35326
53.104027
51.64784
84.3158
12.241447
28.892712
46.85009
82.1319
94.43605
77.46802
3.18189
22.410294
118.18341
7.394889
49.178154
19.602028
20.129965
53.27896
159.95345
153.39807
107.17909
127.16388
230.64119
42.517223
84.66692
45.611366
81.7959
143.6746
106.77864
183.0615
69.62494
93.285446
99.14198
16.410952
58.36379
52.617928
39.225456
167.17093
39.204197
124.56565
11.968715
155.68736
13.454681
72.85991
3.3983796
101.40808
20.930712
39.9736
48.10144
52.39803
65.35652
42.599663
207.5588
152.66202
46.09018
23.257914
68.956154
129.78568
129.77762
168.49803
186.51173
112.22502
191.65952
85.72758
43.766563
92.344894
17.960976
45.763145
158.95929
44.07329
49.664013
66.61425
51.872753
115.17446
95.028946
70.897255
55.78772
167.13945
64.30297
38.640354
16.358564
101.62285
54.001007
75.76268
47.841415
133.38345
38.074913
116.76241
86.71692
56.87368
92.61545
51.867958
37.55436
86.09117
85.64492
81.75265
38.069637
35.097095
115.25159
39.860348
130.30896
74.932755
73.46437
149.63326
62.70379
91.83409
176.64737
6.7023377
59.43739
30.0593
68.837105
54.30143
2.6024508
38.241264
13.70239
40.239204
52.607697
115.01164
76.26097
133.56851
114.53806
112.76787
92.11035
130.44499
141.88225
184.89769
141.21208
160.1051
99.35395
156.63028
86.10219
163.01215
84.18651
5.812986
110.742065
45.645775
82.34184
78.015945
152.25034
128.9678
14.318088
20.07977
12.08811
24.317183
72.527725
114.08562
58.425774
56.764965
130.91814
175.7012
47.445595
93.69387
178.96837
79.19609
33.255867
101.737015
33.551384
110.33319
36.199615
89.329956
54.86894
18.895397
71.59511
154.65692
147.84244
23.655903
25.388777
66.15813
192.17784
107.07182
12.447383
150.70676
196.89395
14.144542
78.37401
150.82571
149.43942
38.227257
15.868437
88.08952
17.4919
11.216608
46.13616
166.96396
6.3608465
19.87524
28.955616
72.45339
36.78367
41.21246
47.23311
116.34409
65.18056
78.45271
221.77457
9.6446085
105.18272
94.20897
96.65839
97.89828
13.817123
15.677648
9.971368
23.177853
38.28598
8.557974
59.83065
41.93451
78.64143
119.30028
103.92489
115.68854
7.8115745
78.28796
155.70627
92.41442
48.977337
73.27716
137.4469
107.0637
36.662624
15.119734
60.86152
22.9622
29.1203
16.547253
88.836914
114.57735
153.24037
162.78539
94.26961
118.58154
56.25474
17.861368
38.484093
93.280365
47.87482
73.679955
52.07379
7.024517
71.33623
128.24692
76.80905
63.43418
116.56508
86.261986
62.572163
20.339275
129.2183
75.76343
43.92796
59.63398
25.090977
28.720242
52.66908
115.41272
14.338556
15.035721
137.40086
125.19448
54.975056
82.5884
178.44614
72.661316
52.637524
46.84439
166.42145
98.277145
111.002525
105.421364
121.842285
50.074894
74.946045
36.60338
88.16966
71.87725
9.083955
59.82788
79.12824
70.79829
77.32313
114.29893
100.039314
12.708292
13.658148
21.819256
202.65088
218.22623
55.28254
51.880444
20.908518
38.46931
9.458259
28.227676
93.676605
115.91461
58.935143
115.43617
12.003561
98.516
93.31135
97.23666
179.57658
53.46454
35.569267
71.288086
105.73352
58.711864
55.82131
70.46599
123.63676
96.33202
53.91272
8.536833
74.9857
24.975077
89.2283
150.87514
107.38285
73.93444
53.900276
21.790936
25.9625
78.58679
45.73571
77.84844
93.26071
42.46267
19.551535
93.22293
45.739147
114.60032
207.24887
41.150623
50.218876
16.7439
4.3116255
71.447784
13.331088
20.23905
86.52388
1.4347456
13.574626
115.71553
110.342224
79.72798
48.18954
80.75383
52.60782
114.59357
107.163185
21.865643
63.750153
77.39531
82.9145
20.637093
106.57158
110.99135
6.0442657
61.656555
81.11071
42.99186
46.830444
47.789375
122.06024
58.587048
39.942604
131.54977
118.27877
0.41663375
44.13059
55.0182
80.33697
73.498344
23.095032
54.983692
77.03302
79.63585
74.92801
110.47072
138.37094
50.99668
82.24139
15.001356
24.222347
25.021605
97.02019
87.539116
142.85265
7.563401
59.045357
76.21898
112.26363
15.3085785
41.10299
85.31367
13.522377
20.870768
69.54424
86.82589
93.28777
49.285667
39.161167
11.07624
62.161797
126.49857
100.65553
96.75445
44.5494
21.982737
3.1441064
38.466038
53.883068
11.331681
1.9808782
39.907204
70.84383
96.25587
11.877724
9.72027
45.267952
39.64686
101.07921
106.70186
237.69756
67.60765
35.643078
70.243805
29.716476
17.955868
17.416918
22.136137
73.74992
93.1048
76.00381
74.778305
37.216507
128.40518
115.65354
11.790081
25.921902
37.404564
36.499424
53.53614
53.723713
97.803085
107.38739
51.373146
36.105644
84.47878
72.22407
48.298744
75.37166
50.040787
42.370575
77.374146
129.48024
95.79127
50.313946
125.6898
113.93717
139.45831
7.0663476
71.656975
43.695366
47.296227
98.540695
84.45723
51.69329
53.074097
0.9803802
80.15026
80.25813
72.88529
53.761284
59.122387
105.384544
90.67937
127.748856
93.33751
75.43214
124.50786
147.28018
101.377205
19.540169
13.515248
64.08981
4.1839767
20.03411
86.46455
193.07632
116.9173
115.18669
91.074554
5.6770563
40.549644
109.71278
129.21692
97.31435
142.89732
97.402
46.589184
46.342308
44.734367
75.70057
91.47041
25.161102
125.54004
89.75712
85.07201
55.190727
8.940367
79.94315
146.4036
45.443974
95.43474
106.87203
20.36414
91.74368
101.71401
116.03679
105.66152
64.87532
183.18137
168.72969
316.00244
185.9868
103.739296
115.82145
154.46487
57.47287
0.22550993
85.515945
12.405453
3.6553288
60.35805
69.4709
41.22793
35.51057
66.46782
76.02571
71.10434
15.836882
1.9335518
106.66349
155.21407
41.657036
131.4902
189.02829
8.06381
12.947081
108.34509
35.242725
76.22823
49.558014
115.27877
41.76214
3.5687566
44.799366
122.09613
46.564453
63.684864
82.53792
81.38381
161.53546
57.388878
57.908638
35.532738
15.868953
24.640055
137.04155
119.48938
164.67099
110.672646
2.636178
16.388382
116.48735
48.71775
92.3583
2.8640208
9.480815
65.1548
61.74359
46.689537
74.72659
19.175241
85.59552
194.45084
38.570885
208.65005
78.82098
143.08713
112.15615
202.64679
95.87055
77.428024
0.56943786
42.847176
102.627945
52.798683
77.229485
47.09467
95.883995
87.45004
63.13836
61.88606
9.243172
24.808697
16.700207
19.738253
11.313211
75.59096
123.31338
57.23824
13.232524
16.272797
180.57396
34.635902
92.253746
113.28513
95.59929
61.165577
90.367325
144.58887
89.5618
135.26149
86.211105
44.814972
169.75827
47.535313
43.27666
38.818665
20.949886
72.83937
85.17134
13.591446
15.287729
18.783413
16.561565
36.881954
113.16913
242.43893
80.71971
2.3272107
4.3645606
13.452074
52.726234
70.96883
54.4292
119.506165
69.19737
66.2039
104.660545
57.863716
46.05867
123.00826
11.7579565
17.9248
13.873579
76.441666
38.4822
64.33822
94.545586
50.292976
81.78656
16.221394
14.835756
53.37143
137.23083
11.142141
52.132923
46.305717
52.645714
48.619236
80.35695
84.75802
119.62319
88.22392
37.407692
78.65593
78.05211
118.26848
49.144676
77.079384
53.06064
48.5066
61.767784
90.36291
55.45691
123.405174
186.77518
109.75343
81.39237
68.77673
126.71185
237.23393
98.678635
139.7399
56.012947
80.83138
81.05526
27.655552
75.624245
104.84631
40.578587
72.657875
123.66742
2.9260526
4.3202972
46.45906
58.43918
200.95372
126.28273
107.06533
90.61212
94.21394
167.58041
129.94243
234.2824
102.59611
82.48968
131.47687
75.40031
214.50247
43.939342
13.766264
89.685104
34.671272
188.45935
109.58108
24.715076
20.633928
92.39597
87.52065
141.69562
68.86485
48.772774
81.04125
70.868996
17.23107
31.749264
26.640585
44.263027
49.275265
106.38103
72.69242
81.52047
36.7138
67.62458
14.10789
70.025894
92.75022
12.141633
75.94825
82.58226
105.627625
63.07554
53.200615
30.804214
47.8772
138.79962
62.373985
117.5401
101.68107
197.01437
78.0414
114.01157
203.87962
13.163786
58.825092
183.94461
11.769272
49.076233
79.98895
48.66603
90.92488
25.468454
76.309135
49.321117
62.36324
45.700626
46.982876
79.47164
86.44105
73.323944
52.438255
120.509056
47.315178
120.70109
92.81078
37.3787
8.506875
84.05061
165.85788
75.69369
52.108765
65.95798
39.30747
43.01141
9.045557
8.976883
66.24859
12.76473
23.229036
20.442068
125.35695
68.43367
51.565125
172.73369
126.85985
102.56154
118.31146
79.893074
152.78189
64.88445
222.77275
48.039814
11.199549
18.760698
44.36149
126.06093
58.53933
42.767815
44.76511
56.9104
2.992452
23.613195
9.942565
16.09871
84.48165
112.01195
81.77199
68.13169
1.6345632
60.82514
123.30849
1.1832366
19.517044
124.702225
120.092445
40.876472
109.046646
77.93897
6.4967585
152.03947
73.834595
87.71095
27.823349
51.034367
65.449684
2.9338758
59.14051
37.26334
49.914726
14.061641
80.26875
1.1033146
4.987295
20.752665
56.965736
51.36544
50.668007
46.76705
47.8544
64.54709
105.52307
5.7038674
125.74855
95.2732
87.17934
61.08255
43.15788
58.583508
62.50935
7.823343
79.92894
42.60563
114.31264
83.79006
113.37356
7.6793175
86.50895
75.660385
113.821045
52.921074
105.809654
135.23705
46.844063
15.132868
70.49321
82.87107
94.09957
8.638241
48.027523
109.54423
42.45405
3.0228753
53.031414
131.78221
43.19679
45.434006
37.636005
126.12789
134.60268
51.65852
62.19558
80.99828
90.12766
69.86401
39.906605
120.915955
57.086548
32.765404
22.769873
46.646416
126.48635
101.98592
168.22144
140.12674
92.94185
64.40373
36.853603
17.648968
19.973286
106.0178
92.755554
96.76465
117.229996
35.446186
48.416492
53.034676
21.308765
30.637066
144.54706
25.364605
187.98537
65.95949
90.51141
80.81911
77.61616
89.300125
55.30976
72.30983
76.04588
20.079517
42.952423
57.547707
38.35685
87.18953
95.44472
6.882308
52.169933
72.83504
46.100372
88.9255
121.63928
88.26116
70.59185
128.73831
111.23558
232.78426
106.819374
121.4625
84.23377
70.74693
166.45418
79.21315
89.775375
78.4698
81.74196
172.77475
68.782104
25.022547
80.170395
49.619972
38.871758
65.92218
68.33078
58.899178
62.982643
47.730705
75.019035
144.98734
66.97841
99.37408
19.22038
113.4692
48.758114
2.2902913
36.626717
76.19194
176.18872
123.53159
181.98145
77.42326
78.905
155.07101
192.27966
154.53577
238.32642
161.48917
185.76318
216.73721
254.97827
131.59055
138.61978
157.31854
132.6664
52.318665
143.67622
4.4523864
77.36644
110.665855
36.95393
24.537817
55.137226
107.975235
73.32992
169.19756
108.64449
30.532131
46.33606
53.698406
75.930595
43.408016
24.49259
17.082186
32.228867
1.1782708
94.09863
48.537117
86.031876
56.13645
117.21942
15.208786
15.449348
60.096504
14.075098
86.68085
106.90358
11.361093
9.194642
51.686867
93.16371
113.23696
21.105991
80.702774
97.6676
66.50173
88.65371
53.68462
18.133596
13.924683
24.381714
50.82267
44.43147
48.899223
3.1682389
80.788925
47.953995
92.757095
124.76013
132.25693
193.87613
133.29863
119.48833
22.81083
12.419619
78.3948
25.179464
92.04667
36.40567
258.49237
140.81244
138.47702
131.4476
82.31957
93.086876
58.928112
60.778828
62.851032
43.61436
118.951645
42.242134
93.45198
126.67393
15.832004
93.35588
49.306534
39.01717
91.47124
83.58322
62.35491
149.07448
95.5837
24.887241
46.98383
152.31937
124.34397
79.45554
147.73946
12.519277
71.91637
23.156752
85.4442
87.10759
35.920235
16.933842
31.080286
22.614483
18.631458
93.60188
119.22243
81.705635
70.73393
79.83816
137.11122
170.88063
43.64506
146.4133
57.95675
52.195076
82.57773
61.815765
111.34947
131.16562
62.55227
51.420177
36.5701
68.29112
41.734707
50.16562
13.6265745
111.46908
54.21945
166.60094
41.42286
12.957983
46.614906
75.329956
87.93219
58.045666
8.865484
11.330011
79.1536
39.8348
89.021385
42.259487
82.15852
87.53258
56.027885
167.75853
143.8633
83.26041
59.68636
85.52548
123.347305
98.199715
57.256294
83.64659
47.0342
51.945415
58.082832
8.117024
29.718304
7.5096254
38.87555
24.965448
88.900604
20.919985
8.410776
62.69265
139.63835
64.07201
132.62422
61.52874
81.448425
10.131512
44.99211
106.96963
67.73921
113.94826
54.386456
65.15172
82.36622
15.517092
18.78238
98.46869
63.022392
67.39318
152.48628
107.66307
117.03219
44.112617
134.54381
39.697712
141.41379
49.268143
14.463855
18.748438
36.84118
90.95532
102.933815
45.62631
94.45357
207.00601
176.01929
40.002754
24.00182
10.229974
154.4928
80.364975
172.19174
18.784992
50.369293
44.058388
27.134846
72.17997
36.133533
50.770084
48.596115
15.119856
54.72999
55.99311
21.336262
55.573845
66.49024
57.295876
74.60037
80.685425
52.125313
46.42546
0.89095974
72.94101
89.3321
16.353893
69.94018
49.537
72.58091
156.93695
89.48031
57.672413
122.403076
70.99873
89.07098
56.676308
44.253212
99.533485
85.73616
79.70815
54.581093
131.41545
67.93746
79.353676
13.989233
35.90195
23.598455
20.178179
168.14304
142.32236
105.15684
3.7729373
49.279716
36.156685
22.628136
28.89059
47.387794
59.86432
49.385628
41.985256
54.841805
177.6116
44.018852
36.2676
44.657448
101.1794
127.67787
84.36211
141.81856
50.012646
11.022345
93.3409
36.53703
107.792114
142.66531
15.775665
42.77071
123.25356
154.43655
10.014428
61.52122
54.883026
25.94992
44.280876
39.187737
155.79666
77.61809
81.56777
9.219748
41.16082
118.852455
131.0589
18.343575
51.230762
181.80827
52.288013
52.950695
144.45535
74.77541
70.696915
52.277027
118.78047
150.84648
49.208603
1.5280786
149.70268
115.97511
74.01467
10.99922
48.353912
109.80304
38.850994
48.273396
55.169056
17.99156
64.985306
6.3220024
26.399286
47.03306
79.5252
96.41474
60.910675
36.52148
128.41057
78.64111
22.89199
49.60477
11.3816
45.551888
92.64493
12.245347
81.30966
71.8511
71.393555
112.89256
130.18886
86.11595
172.38461
100.13773
99.50699
128.15608
30.29826
78.635925
6.949115
55.635204
77.95311
74.265564
122.69452
65.85943
296.33575
150.97105
104.275185
46.113605
20.30423
44.133324
0.7135364
60.930214
43.255505
49.245277
96.24861
10.628976
152.24004
99.27776
55.713116
98.40947
153.52809
91.86579
52.265465
57.740368
130.5217
72.91225
108.68089
104.70835
79.17464
73.7674
176.12341
106.73987
48.045357
78.278275
8.459055
37.999367
103.53136
163.9843
172.99765
65.640144
136.20862
81.91821
43.54068
141.926
106.975204
114.137924
110.837585
115.33291
100.91179
120.366776
38.994114
6.313479
37.749302
68.36544
99.452354
9.518164
49.886265
63.372246
85.26021
120.64323
93.40962
128.69989
80.578514
61.56959
52.5388
59.211006
117.28841
71.606804
4.476548
1.578194
19.291748
50.01596
39.58436
43.868595
90.59367
70.132034
45.043503
17.587887
45.248344
105.9563
8.3722
53.118183
39.18191
0.8740056
111.86931
79.569016
72.34856
95.16643
71.05177
52.247486
37.63645
68.7345
9.706875
10.589634
49.876816
77.38278
66.68637
144.60545
38.114742
73.21568
147.43369
77.43972
134.31932
133.17194
33.123703
8.992862
18.200766
44.182484
44.54763
37.801292
24.610573
54.36844
8.495512
99.943596
48.831104
40.05488
116.3771
45.54246
129.93108
4.6153865
9.169635
100.97188
60.953285
93.329056
2.5290012
19.965246
16.502584
73.07805
19.092932
53.944836
72.386314
20.408484
51.634136
42.465996
54.3301
109.77191
47.67861
3.8078644
15.436918
71.93155
73.73102
50.098793
7.267451
16.419098
96.92986
24.014896
72.6558
15.10421
0.23833999
68.686966
131.76071
108.120155
125.47367
25.140957
180.36382
82.29082
102.37187
57.165833
82.1447
28.321789
170.99834
149.26736
1.4205401
173.81253
7.9025764
134.87051
78.665855
58.791737
52.548504
149.34314
52.662415
69.40684
84.04637
41.248688
27.229
43.145576
16.767807
112.45537
104.218346
43.655987
29.837673
79.05347
79.10228
39.742977
60.395355
114.09515
9.929393
62.906258
48.8854
65.114365
59.60041
40.24647
162.07074
75.090614
174.96432
154.71477
54.834644
175.9158
122.92183
66.73631
137.56148
115.53408
106.66438
157.715
64.33542
46.71174
132.22495
198.20912
45.530643
36.717556
18.219683
33.028587
50.01466
65.03804
48.004833
49.861732
74.63213
69.67431
135.70258
216.32185
140.94493
130.98561
120.36404
99.53268
57.387257
58.044098
37.6427
52.604603
93.641464
30.59119
34.957966
16.167912
107.39425
42.61813
55.112396
75.52813
82.66224
15.509773
62.202736
80.295
50.38626
47.63211
47.316963
39.59872
13.366682
13.307722
11.02341
47.04923
41.985935
13.780457
14.2995205
22.160137
56.826378
149.29561
143.12662
117.94059
150.43135
56.02411
130.75766
106.77446
23.381863
49.37722
100.383316
104.11277
72.08762
65.28318
180.68399
56.78904
17.550505
52.888252
105.93938
109.64751
71.548965
69.73618
22.788973
103.43014
52.571026
113.867325
54.428047
91.94599
160.49532
73.10634
71.55846
56.788624
7.7519913
58.42338
46.18962
107.69212
124.80084
111.97612
63.231304
41.964436
54.10201
82.89345
104.62459
123.67665
129.54439
110.04219
50.666054
57.35841
82.71014
11.840014
41.463684
96.827225
173.35103
88.03754
126.28381
159.57574
52.944275
110.88373
204.06503
165.22101
40.88235
148.41873
88.916595
85.019775
140.24081
59.049145
125.08879
154.15776
60.159546
57.812458
91.41399
115.38318
89.277855
77.4387
69.274216
9.800464
56.735638
112.02153
100.45822
71.90236
37.0924
76.9709
35.12092
52.73551
79.71675
19.01015
10.575116
29.458023
19.736897
47.663643
8.131914
60.79362
47.99213
62.375896
56.34004
87.82395
74.07274
128.69986
136.50455
124.99811
4.952398
80.67082
45.13371
40.978855
30.316013
31.60799
55.278576
94.93578
76.269615
51.62597
123.89766
84.84032
36.36864
7.5946336
59.18634
97.75853
186.8865
35.774654
2.9188666
17.87934
14.722273
21.271292
73.98008
32.08677
58.25714
48.91169
177.00638
82.914276
113.53823
11.725055
14.37989
26.979712
99.19667
9.135717
16.376522
56.382988
58.474464
94.125046
93.91139
185.04507
52.17652
51.10444
49.971336
45.551186
116.16821
9.553572
14.404448
29.972446
64.39271
83.412
73.08511
68.25731
81.201096
79.07198
118.146225
32.541466
32.836395
2.590283
80.22427
88.27702
53.170372
32.74514
78.766205
113.41553
43.20475
42.23723
89.96604
66.659065
64.795944
8.00485
105.82893
70.60322
42.85238
59.148987
15.253118
63.33114
71.62458
11.447206
24.54681
10.232549
44.721653
65.10225
29.57366
46.987026
12.548559
6.26731
15.515108
15.167361
78.57024
110.47339
11.362643
41.82473
71.22978
163.51964
83.93606
106.737816
75.36806
88.837685
92.597206
49.523033
85.2701
47.69953
43.755203
25.783773
32.06637
80.821785
12.109989
60.22159
44.237717
86.23912
84.17607
44.32105
2.8032422
45.75898
51.54726
55.285393
112.34477
43.45751
56.127247
19.921146
20.497843
75.63666
134.19002
121.016014
11.028206
6.2239704
79.769424
4.514199
36.422203
65.10314
118.20365
44.790424
13.686445
47.6611
52.942036
11.935235
9.901237
56.296898
46.68029
59.61791
116.62516
72.47746
104.51814
51.808388
158.61511
54.21345
121.473045
155.84479
39.09364
19.83191
131.12799
128.61026
113.23972
89.95017
93.000786
97.737915
65.76737
143.1052
77.885666
176.24026
82.04921
130.78917
180.83682
72.95174
11.55886
40.242805
92.39532
120.829506
51.958973
30.938206
73.87552
83.66189
58.34665
76.38367
75.84161
90.32506
45.82936
59.41997
164.39517
61.788776
17.48854
11.9096575
44.9391
141.28453
117.42924
51.23584
115.01265
77.07121
47.24888
61.31878
123.254196
42.58761
7.8905993
100.951675
105.34039
155.21153
102.07961
10.097577
152.45306
55.029175
104.505104
163.31175
91.45917
54.1274
96.801865
204.3367
125.228294
16.567507
134.15698
46.28613
103.27177
103.2538
81.06031
48.70149
80.68472
25.440811
86.460434
57.911125
9.534741
41.604847
90.55014
89.79036
78.79899
199.27133
18.501263
14.321671
52.052227
4.6331034
77.89941
79.589005
44.47939
73.53928
114.07745
57.943855
84.42589
53.56621
44.497738
173.97462
113.91052
135.2613
219.8442
79.280464
14.283716
53.779125
51.961597
55.966362
9.861416
3.1005335
44.183723
111.55255
153.73642
106.39384
61.17312
17.187069
63.472847
19.801903
108.03501
119.87706
3.1526282
17.25292
26.586191
83.07518
19.010326
59.330635
89.18061
76.7081
45.330128
90.6387
72.42543
1.1509491
34.865227
87.914955
161.93326
42.729347
5.6031656
9.306697
57.330536
128.88553
109.86481
109.46999
39.31105
85.22429
99.15888
111.97783
110.30101
44.031933
36.892784
113.056595
79.613106
57.84422
41.28954
41.87536
75.74502
82.29512
82.47024
49.404
147.80385
114.22075
102.083855
163.68121
161.79514
89.904366
86.67836
121.0428
14.988281
16.304218
39.612526
28.470816
24.004904
36.948746
43.19744
83.61286
56.187294
126.8596
71.17664
22.940441
77.15462
179.74323
148.60414
7.3325553
35.28204
30.090702
34.589767
49.33082
45.39583
76.6581
104.88176
80.344894
47.637867
6.6068854
10.133032
40.31813
89.304115
48.6444
57.978752
145.4874
66.0649
153.32663
18.505682
38.611607
3.4162464
76.71249
45.800716
82.33015
127.257835
95.732666
91.78586
72.076706
65.48753
88.05044
115.75957
39.771603
41.94782
68.8216
75.24409
46.95685
14.008304
79.240005
130.08589
13.862595
96.12279
113.33002
61.02464
12.079451
53.993416
51.31316
127.30005
157.99745
13.399582
14.298241
92.10805
242.87947
114.80508
157.46986
72.96367
190.24937
133.85646
166.93991
105.925514
90.82276
131.63457
61.98866
1.2676917
61.432526
75.92964
186.98132
47.083546
153.17294
59.84029
36.21313
88.694405
6.4255257
51.598705
51.81643
143.1164
46.393425
99.75444
15.550219
51.591805
42.210136
50.45433
152.93983
68.41959
19.044083
53.361584
25.419891
38.49848
38.033703
51.288177
6.458833
134.56786
80.22399
96.29524
51.273296
24.090076
51.568134
44.763374
151.35057
152.01788
102.54657
21.138384
23.814543
17.287685
76.65794
115.89343
105.69277
16.509949
108.92324
10.59897
60.852795
7.5334272
13.603561
22.1695
19.052074
50.630642
30.10484
72.2054
212.9952
82.93916
34.82316
98.26402
71.15898
74.60143
83.04431
83.08446
121.14581
91.96596
84.83518
127.07046
6.095792
122.55404
48.292213
39.37864
49.548214
119.05855
29.112558
50.903927
152.31306
36.532433
76.43409
74.17616
60.628857
10.389048
114.03639
55.60482
131.34427
83.59595
7.52669
15.766966
13.21998
143.27473
90.88136
39.162315
80.951385
45.849274
21.15744
17.894468
82.289536
37.663216
67.889
50.100525
99.41288
140.83324
177.07117
155.51765
134.36337
95.043304
153.72679
93.518265
122.64148
88.62923
10.831934
17.987223
70.58261
111.339615
61.067627
35.92098
6.3639083
19.985569
52.95871
74.73653
83.484055
38.638523
67.55173
53.739746
94.422134
59.630463
98.514404
18.212477
89.75765
70.57229
113.31248
37.050217
125.09148
91.19555
53.02688
156.66885
76.074974
120.79431
161.58054
86.896866
156.35107
44.204006
48.14122
2.8076332
4.1186533
13.674319
85.22618
93.249855
96.81381
116.08653
99.2798
104.16512
17.394655
47.45917
16.022963
11.969774
99.8573
232.66342
128.0173
77.45476
8.730375
51.881763
43.239586
75.03818
26.100214
25.109467
35.882538
98.74043
90.76678
33.9461
130.17535
10.044615
106.50895
30.119495
58.264122
55.900574
106.05674
129.61655
73.00773
53.274445
35.58875
12.563189
76.080025
2.4605603
98.41728
16.937498
21.14066
26.425543
71.9477
78.47014
50.65211
135.07176
86.97407
185.00145
58.1357
110.12535
10.895823
32.238125
66.62509
147.78342
66.0776
92.67122
74.30088
226.99466
42.96972
18.245996
9.380339
75.85329
147.7067
52.866894
82.65617
151.47392
35.270718
79.205925
44.925236
153.04347
10.3327465
140.5987
15.126303
25.882782
71.70394
112.19607
69.6414
3.2763977
5.0590487
44.808403
146.76279
8.13843
141.29945
59.45918
82.50695
91.392105
165.15717
79.93248
174.52689
18.026506
33.48139
47.54357
44.365044
179.98677
7.015271
16.128775
14.247088
96.65068
114.710594
176.0198
72.261505
70.75361
61.833935
142.46579
113.53506
50.103794
45.02035
36.132027
23.622946
54.878895
182.87137
35.24775
78.95268
35.052032
108.871216
190.98822
137.46756
35.050407
84.0446
15.120494
4.1740823
159.73837
165.38956
285.76
133.78644
98.06627
86.13771
111.62376
99.778366
17.318283
24.89471
68.64972
6.7151313
77.544495
54.609913
163.67258
105.78375
177.61325
35.945427
15.175562
52.429596
70.17813
89.86028
84.33081
16.706537
77.17156
30.236767
25.698029
64.042564
48.495686
84.014534
40.829086
79.092575
91.11573
177.37021
54.997826
72.88505
44.740772
80.64266
78.66242
55.397682
37.072052
84.063416
75.36044
129.85036
38.557903
193.49568
68.66283
42.242493
40.746
134.42651
113.036575
48.478115
120.76062
139.26424
131.72751
169.86623
73.55949
0.6643616
4.3945584
14.513364
21.580215
43.693703
124.09984
66.49528
64.350044
49.02529
57.039806
79.525475
40.783596
79.04502
45.315994
224.71729
141.65761
71.72009
92.40767
74.75394
112.47373
34.00804
78.002914
103.58724
49.930832
67.02659
105.04928
73.21494
64.21736
13.611185
40.389748
72.63433
52.011726
12.816446
14.081495
75.50249
138.9927
63.44452
75.977005
0.22862697
55.943382
75.17383
93.37366
36.840416
36.12713
73.85544
52.811806
125.11902
136.78856
192.65988
6.6159263
55.568756
83.55657
74.7184
61.00993
103.0377
60.72887
108.08905
57.09247
39.47339
95.234726
111.94386
148.9873
60.382988
20.035677
45.514023
100.838394
98.565926
101.14104
141.81004
30.79208
133.97675
19.584484
23.887625
100.10199
226.80232
148.01111
83.30489
47.729614
160.72055
136.42184
95.75673
74.857895
135.81393
99.10753
56.84839
78.08737
16.381718
86.97273
187.91234
86.09821
79.33508
50.273552
52.511402
38.215244
73.76487
57.143238
176.38669
103.508896
114.399864
46.15499
79.64313
65.867035
69.920906
217.61325
19.441338
106.88206
206.14055
2.2817655
0.3413898
37.762047
12.071851
62.251648
64.94139
56.17505
60.094616
194.87112
110.60719
52.193634
179.43834
193.39279
135.71295
114.521095
122.253944
109.250534
42.833485
107.7772
78.317604
71.99851
157.65012
44.397488
39.18049
102.408554
83.12842
44.634766
8.313946
97.95412
10.835044
30.536495
81.41926
52.842937
16.830044
51.697594
57.10044
116.32732
37.676685
75.094315
9.24168
170.02567
170.79063
42.374294
72.263985
46.124886
43.104332
208.16377
38.176147
161.84647
75.95665
106.526855
94.16109
7.094696
107.9623
89.16967
8.351525
54.100136
45.080162
13.227649
117.14413
20.046944
15.637622
34.620872
47.705208
85.8615
2.9264636
112.73763
41.244377
84.57299
65.956314
65.30585
63.281036
127.33102
73.545135
97.99706
79.214745
213.83923
76.91486
57.882557
58.630226
8.37279
15.995867
99.7706
42.56164
81.37332
157.71631
126.8965
117.40261
56.230114
55.201794
116.15261
3.0392537
41.633236
59.079662
16.172169
29.095295
10.353398
67.325226
11.513104
59.875538
51.47399
142.5822
8.618463
8.924091
110.90271
128.24887
38.91998
147.06749
15.652295
65.317764
76.53252
51.22297
9.508406
46.73503
138.76706
47.816086
58.56011
72.24031
43.102383
72.527084
73.721085
128.15067
151.99971
169.69588
11.5857935
10.074373
25.389843
19.389158
3.2847037
94.829994
76.95036
122.87069
98.17671
14.832891
75.0231
39.849113
63.261524
74.05879
110.275085
38.69424
7.1402383
19.644264
99.33796
53.86501
53.440773
13.43519
23.91177
54.872486
13.540936
39.47661
93.66178
80.90493
12.843617
29.506287
8.947487
10.393988
58.767662
82.18178
114.26764
1.4655313
72.299324
68.25058
48.928864
45.373158
211.79668
93.472916
175.95969
116.69574
78.39399
11.568873
50.778744
1.4343191
71.461136
85.9837
115.28606
83.62255
89.70531
129.20633
139.15678
115.182884
46.046352
86.265976
80.36919
90.543045
82.77275
122.89595
63.971813
89.65832
9.16216
55.848366
13.825002
51.76544
46.633354
55.20219
120.910965
71.06599
60.40914
116.487076
7.126593
15.243921
32.963295
74.509315
155.92247
64.740585
45.324486
42.338104
82.54762
9.009854
9.138271
110.86067
65.62874
80.44503
9.339315
90.69985
21.214268
86.41899
42.209835
106.05045
79.8015
92.37748
24.316341
105.44081
59.2754
39.097343
55.78003
85.90233
20.682026
39.9543
41.698082
159.71404
102.19575
94.74601
108.187454
94.0056
47.064598
168.08931
36.17731
170.62048
17.00939
74.48979
50.64631
3.3029428
187.41313
89.24772
90.06879
64.585915
104.5671
97.783264
72.84715
92.81792
93.85344
81.01926
103.36216
5.756524
26.32612
119.91591
136.12819
53.080475
44.370674
36.18007
111.1061
73.11215
38.415066
83.21879
2.4410253
18.824387
122.596924
116.16494
134.10239
95.63882
84.51886
110.33777
72.55729
129.2732
46.539127
84.507034
54.20271
45.06735
39.088013
51.266766
55.622963
47.057697
122.913475
130.47322
93.352806
53.49038
19.256672
62.564716
160.77995
114.031395
56.278687
48.14914
21.691511
58.447437
90.17244
56.95277
106.94905
56.87908
37.935543
91.27121
116.61023
118.28245
74.88224
55.991455
11.106817
69.25453
65.56233
2.1083374
27.4092
77.02413
65.2089
69.23241
64.17271
131.31473
111.873245
84.81423
84.97447
115.42903
45.21658
68.974106
37.486607
112.258446
47.6751
122.43746
143.95163
188.41713
38.849518
58.04844
54.252083
7.5428286
63.77005
9.207602
61.191307
2.2666748
11.28411
9.916605
51.631123
49.561962
36.239243
32.191277
64.81216
76.68715
42.870983
43.699654
51.64344
78.70921
51.56435
47.353996
88.589096
22.598774
107.86159
72.61691
13.937859
17.456993
10.382257
36.68749
173.29512
94.27757
94.469864
21.022774
137.08147
21.31301
87.57773
56.02169
111.81754
80.89986
47.607567
9.551255
52.452362
2.046534
47.779217
176.9668
123.98238
101.22802
185.64584
92.77446
11.59484
137.66425
120.875565
91.938065
176.46017
217.09761
77.13758
132.18239
53.130928
148.1263
71.20828
79.80059
184.30307
20.254002
126.47322
219.71545
127.530655
96.10205
130.65077
58.632763
49.764256
17.59324
74.17253
49.229065
53.380695
83.393265
2.5039983
51.77317
86.149315
8.988513
35.683784
63.466484
69.23822
131.76434
10.779638
8.001108
26.221994
16.213665
86.547134
102.67141
45.938324
121.66626
49.79392
111.602295
60.214344
76.212326
94.155525
112.04929
77.71603
104.8043
85.26574
2.3387852
123.695946
73.81536
48.775654
56.742043
39.429485
45.78223
14.148041
1.1531514
63.811005
63.411366
129.67773
43.403267
40.427635
84.732155
106.00777
13.770864
21.753641
9.41403
13.727498
27.532476
40.29238
56.652325
13.60242
53.56375
87.320885
133.23909
82.621826
44.989677
68.2662
42.81978
115.213196
41.892555
72.74614
87.91979
126.76353
77.442505
163.26167
11.039846
92.40887
63.50649
46.06001
62.09141
75.01292
87.22608
205.73515
155.92722
37.39596
109.64787
89.192154
10.283555
46.824272
144.0311
92.17705
44.160664
10.391348
101.12303
13.880305
31.676228
38.20788
10.072299
118.55525
76.85034
218.07498
50.214256
106.562096
24.831303
91.97323
9.322524
67.243385
103.40592
56.743874
165.69102
3.818873
6.522331
21.039186
48.332676
15.468785
62.00898
91.95763
112.95674
89.50618
84.2879
55.72654
115.11754
39.614536
90.86217
66.21746
81.67478
85.30726
80.38508
127.26528
111.11928
115.78058
87.84624
45.378662
90.25566
124.95376
151.45064
136.98428
82.791916
105.94861
1.6235685
7.7770333
18.551132
52.15252
17.844172
24.28221
127.30231
31.686146
52.010235
42.603374
128.82877
45.634537
114.17006
50.028976
177.38493
46.059517
80.82416
86.939926
8.048922
10.721734
86.517654
80.45198
93.24402
5.518758
31.304953
57.55655
34.587666
17.608082
57.44914
48.86936
18.59228
7.5981874
13.731346
82.27315
15.009178
27.150173
3.5220227
14.303452
30.05688
95.273125
85.687874
91.41181
64.24128
60.521008
49.186905
15.238569
145.92442
61.462852
17.31431
51.59925
39.875656
14.992804
10.826088
83.88244
107.84438
37.264965
87.93944
81.01364
50.449306
108.89601
47.07534
143.88374
22.336287
61.053535
37.55721
3.4662907
96.04871
23.138958
25.689463
154.33595
17.731949
78.55365
86.93946
120.24281
139.51118
182.25499
143.31032
80.41838
120.10841
11.378919
37.38622
28.758173
46.34371
98.2701
122.71089
80.12187
148.16666
67.04892
48.146767
0.8810431
69.03969
94.119354
2.6506
48.436527
87.17674
53.990852
27.622568
14.009691
11.893738
30.099894
40.46196
98.05867
78.688034
72.16856
56.915276
7.635831
83.010475
77.49987
143.13995
174.54903
159.62236
78.25759
192.68279
13.808241
37.52626
34.345753
44.87327
52.746582
128.58421
89.55634
137.03922
36.97379
14.7768345
16.669676
80.268166
109.93716
12.184375
63.99281
52.482933
123.12699
69.094315
64.17346
60.34846
74.636826
43.249958
38.765514
22.059916
14.792604
79.492966
137.50313
159.19771
76.46376
149.5236
97.11829
123.29757
104.70697
51.19065
24.634998
64.72933
97.09578
51.194344
16.71674
11.992704
177.0053
128.74342
167.89601
84.427505
82.25083
18.16482
43.433052
92.30671
68.7661
22.614643
103.75665
52.849964
64.23413
49.143406
77.83748
60.249886
61.210327
199.51962
51.714302
157.09662
65.088036
49.005493
55.530224
177.35449
53.254585
50.589214
128.09715
153.452
46.390373
37.6294
92.83355
10.9714
43.823338
179.0264
154.05173
90.89464
48.67612
86.238754
21.158865
88.525116
126.36937
75.417755
56.570747
83.42007
95.25316
139.61954
97.55965
38.86598
89.34694
56.839508
139.53409
201.7196
93.93944
68.2644
81.45153
196.04468
43.03811
56.1445
81.81315
37.35575
11.968485
94.413666
102.71355
50.638493
63.02851
105.7077
157.07468
22.659618
68.59355
25.002079
10.990504
25.018848
43.50564
20.804312
141.45401
49.49692
84.40059
77.43007
107.49428
47.595673
54.869305
81.0961
107.26479
95.80893
88.456
122.18953
79.11492
4.975856
11.724188
82.630745
170.88286
169.10577
60.15328
71.385086
0.5938243
69.92819
110.62463
91.59753
88.448204
58.58495
88.83601
32.33539
14.934647
28.486298
99.8339
45.63878
46.78966
43.963024
50.625767
94.6031
5.2977786
22.81644
24.628056
61.43865
142.71515
1.8638439
81.49327
233.71916
83.96224
133.39938
97.69352
60.881367
103.48557
111.66428
9.938356
6.078209
36.208885
18.952877
56.262413
81.36423
23.933458
85.31512
71.26933
62.119934
118.21332
50.2494
111.60156
8.242092
13.006673
59.207825
19.92198
49.506905
84.17406
68.513016
38.196846
82.61163
43.167645
43.420204
36.585327
43.220345
50.255592
46.003395
35.885674
25.625309
3.8791175
109.56555
45.51049
117.95326
83.68905
1.7627201
87.93428
70.37034
8.277953
9.677819
90.554955
56.38045
67.785645
128.63484
48.983414
61.42135
59.058643
12.405618
37.868763
131.7243
89.49318
83.97081
5.3712525
21.322048
24.578312
66.944824
43.48425
79.71126
99.45832
10.66577
54.355583
9.532427
0.5665801
28.619461
105.48706
34.06247
25.57421
14.509888
133.40337
101.11356
20.58324
114.76921
10.1036625
4.710316
46.752174
37.3081
75.30505
159.58502
8.3797455
73.557236
112.039536
47.59347
36.61091
25.041672
113.08396
17.071829
90.6826
116.885086
117.952805
128.07628
46.742714
10.228523
10.441896
121.00574
144.25375
6.812024
45.2627
99.56647
84.09039
158.54659
13.599785
39.73226
39.096497
61.47342
21.784643
35.279816
93.350044
74.95568
61.837776
162.96146
16.01114
23.991982
23.924894
79.90165
24.024242
22.772717
41.820663
8.322763
72.80037
40.52212
93.93006
64.3058
13.25948
48.4316
77.781395
141.92096
161.34947
48.272556
10.9782915
90.40551
49.317333
3.6411018
37.07531
47.408512
56.838844
45.68448
8.107219
130.96385
141.88094
99.459
9.878896
25.829676
50.71268
25.310764
42.15071
27.29873
2.4390006
57.909992
150.98567
79.80367
81.9221
110.68673
80.544235
77.348785
308.62122
107.263084
93.39886
38.737877
48.053993
118.77429
70.233536
82.12102
59.13078
29.402582
135.4912
42.782757
102.08494
87.1945
79.1625
22.236969
40.631275
146.21725
79.4474
12.684812
90.21634
126.404625
103.6307
120.88828
73.19701
78.06536
70.272194
38.468204
61.200634
71.795204
43.052937
55.203514
74.02089
141.72934
156.53813
77.048965
101.369354
39.936188
91.84001
28.4354
47.699944
89.71253
10.588606
176.62404
123.71251
48.521893
13.734304
14.7964735
22.871538
110.1356
98.365364
156.25107
44.282784
11.155781
10.312054
15.695274
131.05759
92.23731
49.332172
55.879295
86.968155
113.28099
52.1859
166.35065
55.303295
3.6715157
52.961926
87.89538
118.171974
59.0576
82.75417
76.050095
156.78496
159.02115
27.596329
48.00635
8.098946
34.307117
67.0663
38.35696
32.913918
52.03822
161.23613
99.90006
48.0939
151.06407
147.70245
180.41019
144.14072
133.41122
83.08635
15.566884
85.697784
59.08117
83.02649
90.43715
37.743504
81.9026
123.57571
55.018635
20.150955
78.27937
49.89197
25.680096
20.529057
4.2752495
58.010277
50.3283
12.796658
161.73926
19.614725
24.279621
15.375757
70.4995
31.26089
36.77522
97.70696
155.07893
65.81593
13.173216
86.18501
78.6455
26.690502
40.364925
9.755241
56.85307
128.25784
59.479897
10.653707
14.602226
22.54105
4.2312264
45.013542
39.510727
86.79924
153.25108
88.23619
135.63257
39.74269
78.200905
114.24309
139.36325
100.69051
136.50325
155.49417
64.964066
69.932144
1.4953481
3.0303683
46.40115
84.710594
88.16902
40.763706
16.383062
31.220617
213.27426
43.11036
10.097399
9.966227
2.6361928
43.6475
30.167953
33.94791
77.74244
96.0477
47.42618
60.069603
36.241295
47.666737
1.3239962
21.721174
13.694
62.918568
47.90537
85.69571
11.039882
19.678165
44.535393
7.2528167
57.67594
91.25063
89.40965
91.82301
177.0038
116.86244
42.40969
171.79036
67.59772
73.60159
81.20674
70.110634
11.907815
30.719183
54.439415
39.212708
107.89717
166.73473
68.01553
97.60835
109.70982
155.5107
22.151031
41.533398
54.720306
54.53547
54.408325
10.129847
27.830349
87.91474
103.58443
37.04647
109.91012
108.9774
135.92912
89.09298
121.61455
194.18365
48.093117
42.290062
99.47922
59.260338
45.658092
105.0449
66.43301
86.39885
83.32565
154.19933
0.98529863
95.32118
93.565674
80.58921
53.207806
34.385044
81.54696
86.99444
5.246006
6.4881163
104.027176
69.56805
88.099434
53.430206
76.32138
129.70767
5.050971
48.82012
33.900875
46.71836
67.546036
42.62103
80.525795
56.427643
86.02373
112.66013
142.81853
15.403926
1.6171271
81.252
114.54372
94.88197
9.452898
66.761986
10.684691
79.37284
30.013147
61.93645
167.81842
93.03357
176.94559
83.04724
86.188065
48.947033
84.8228
57.941505
114.02205
81.60189
57.775463
73.00151
154.83423
81.30705
108.02525
99.71965
60.39198
157.38057
111.34379
167.84802
106.426575
84.01468
54.119408
77.46849
71.37157
196.10582
10.749501
56.55137
79.54882
59.567352
50.504646
49.418068
79.17064
38.439384
117.65188
127.54016
30.370813
26.885342
69.034935
3.8745887
76.31697
89.72218
109.722496
104.31577
96.69131
58.324364
96.37068
36.62588
26.44718
35.71978
91.5499
106.452515
169.97116
69.31881
166.35641
142.71144
34.52348
53.018097
65.382996
51.756645
43.213013
81.939224
86.39238
214.89592
253.70049
204.8623
55.977844
93.644005
11.067493
10.567631
14.063818
120.2229
99.776825
177.96004
55.50645
75.9796
16.011757
18.210533
23.868517
45.395683
41.348244
183.2319
10.757146
78.43326
141.33234
31.056372
60.67513
191.1769
90.5712
78.51294
1.5574892
44.385715
36.827797
12.723426
37.755127
69.22208
45.352077
45.074265
109.363525
26.201038
37.68119
35.30525
72.68523
1.4798751
56.35749
100.21433
46.276993
91.06475
104.16514
49.6898
18.81981
50.571026
110.03978
75.28999
62.42395
83.33243
123.94308
44.107597
47.68931
145.83554
189.38202
52.383972
80.937836
57.79769
67.11261
23.005337
93.478714
8.475553
38.17856
94.3969
51.823547
47.130936
18.950584
126.30312
47.81932
143.3914
75.03103
11.105117
39.24773
101.73866
110.57401
39.540474
11.912162
52.07199
42.348495
75.75725
24.2549
21.865456
122.32371
73.798645
84.184044
81.59624
41.442726
46.27921
54.552776
45.209785
32.21135
1.2418104
13.954968
100.849266
0.63655996
15.603267
119.708275
58.991943
115.03872
89.85468
20.515982
11.901503
21.67067
103.73462
40.74881
43.15338
130.99208
57.65684
133.93094
18.12613
12.461548
75.93802
48.100044
44.17736
6.45578
15.007433
40.327187
104.74166
54.28521
113.87504
80.57973
72.64317
113.539474
38.308334
13.429163
12.902216
21.203783
53.120003
48.3023
65.370926
47.575882
87.76833
37.596752
36.676796
53.732746
64.57973
45.933617
123.494064
48.212395
178.10431
86.35788
76.26517
80.82826
85.89367
172.54433
38.300926
173.9607
34.51117
51.345024
17.371342
17.496864
45.2383
148.35515
74.3173
81.61252
74.76393
12.930634
4.6338825
39.242565
47.95938
100.31859
58.39616
74.30613
80.92461
37.352745
65.08301
86.29269
141.59244
52.01473
54.887257
88.71075
17.43674
42.7467
166.40231
78.88179
8.514894
52.30152
83.162445
135.56473
96.81326
19.195919
6.9512725
19.20953
78.546844
116.7628
97.03512
179.52275
96.76187
61.0763
23.640198
13.983061
46.30369
84.70157
72.97426
98.570274
20.72173
9.579652
41.895317
88.50448
50.714947
147.49944
49.997017
122.10304
120.9515
81.48469
70.713
70.81472
97.51518
93.809555
42.08979
38.36898
52.477642
107.0411
114.135666
80.20643
50.808105
50.770683
49.29063
129.64627
36.6689
54.73824
26.343563
91.38402
86.69558
78.56262
73.9312
196.57301
63.625465
58.049957
5.2738976
75.77335
109.928024
171.51581
46.967636
132.77974
45.06448
3.4148743
37.76775
81.66298
61.844086
76.49428
93.3056
56.157726
112.86295
58.932087
34.445145
63.230877
108.50409
143.41556
70.93849
50.00255
88.777664
147.0765
41.907764
15.7017765
49.130028
142.78499
2.533485
110.162415
122.604355
79.78615
83.232475
42.780952
63.21647
77.59475
40.057335
24.305338
43.837986
117.7958
50.277565
246.72461
107.60945
89.43163
125.76499
71.88219
47.624172
91.185814
115.81765
76.13946
121.41244
85.55182
60.99032
88.85499
29.253592
163.84929
108.76859
60.678627
8.1693125
13.621562
45.85481
8.974993
68.63874
85.00178
54.477215
51.587536
125.623985
92.531654
79.613235
5.4638567
9.9649935
102.13057
102.43709
206.5123
84.92655
93.31301
78.21196
135.16351
65.49714
15.481372
56.690357
90.258545
72.02703
46.793167
48.1113
24.682806
21.110987
47.90772
18.78867
88.273964
83.5543
131.33896
101.39123
115.40181
106.6357
74.63788
81.85425
93.92243
80.504715
38.787025
118.78561
9.826666
22.42516
43.721622
95.49251
126.27232
45.553978
74.303635
11.279989
67.67613
74.44206
58.778362
79.21855
147.39989
8.369955
50.578007
50.442528
96.38346
87.68521
142.19797
119.70078
80.37059
49.508034
11.990392
70.5242
36.39909
110.593704
135.87027
58.197803
60.95622
101.012985
227.6311
205.611
128.83354
102.751755
131.78044
15.00738
87.3447
128.59592
96.48618
122.940994
55.063488
164.13988
52.033905
78.58398
56.714867
51.983288
83.07244
74.02667
7.835725
116.46196
93.51637
63.412872
122.22673
84.64737
91.240616
215.29904
157.19147
75.8209
56.963665
125.02942
163.56363
159.25948
69.9795
153.31592
171.24176
93.70848
178.66196
239.3477
17.838207
19.848598
9.815414
38.415565
38.755035
39.255775
85.33764
27.108551
15.102407
130.08092
137.81631
73.5499
99.385025
96.39575
67.60448
110.94102
12.9357815
92.10625
39.966408
123.82024
183.82228
21.149137
33.11892
50.14953
38.867027
51.457664
69.91201
100.39415
41.792187
42.73185
10.867841
74.449905
152.90262
117.363075
152.44476
151.65546
42.0082
18.056242
43.37553
43.43332
84.506004
109.40596
71.622665
29.40324
64.72075
32.04543
99.845474
35.557564
42.706345
73.40425
9.909408
74.721054
102.07695
93.04184
154.56287
119.09617
162.9215
78.3829
76.38191
116.78678
99.00995
79.208275
83.93913
52.765278
218.31714
80.524086
58.6948
20.69408
116.379105
11.326391
84.78117
81.51359
41.188515
142.2164
11.903834
113.98238
53.137897
59.371674
19.420004
78.53046
42.525063
83.74898
30.634907
21.403236
28.234776
50.59759
98.62877
57.28945
137.9533
86.273674
160.92038
230.57002
24.904474
55.423195
182.73427
68.722755
91.67213
58.010784
91.849014
308.09253
40.819534
86.92977
177.8718
51.761986
75.574066
57.066032
56.03434
66.57126
41.529213
103.17196
82.95377
104.61806
45.357346
4.6970034
20.403584
56.72281
56.470165
83.76659
141.77585
36.190376
58.177917
69.634834
128.90143
44.869984
72.241196
86.214096
1.279141
94.90874
18.800518
27.323029
8.418521
12.146242
56.27133
58.95163
34.91001
16.376202
36.788795
124.461914
97.727615
71.928696
177.23631
183.63388
126.8998
3.0522084
44.466473
108.56028
119.56157
153.75198
219.35217
71.88374
22.371414
83.47009
85.64119
76.150276
42.798225
15.701426
71.273285
76.4398
79.448166
75.43533
93.5952
91.0515
22.657917
39.620064
44.635376
75.63332
123.65908
104.666405
95.64165
80.83409
124.534325
70.2672
88.163895
23.728785
87.68577
146.8531
50.699696
102.492386
172.7369
50.223778
43.52033
93.14479
37.224983
57.667675
87.99875
241.32431
117.528114
6.0450954
137.56227
16.72682
4.790395
16.343904
82.991905
99.53375
65.73905
186.52774
203.10281
147.6885
212.21729
107.21067
152.38033
65.11461
138.76816
286.28583
12.609004
58.371147
23.467072
40.162224
35.73451
53.42713
99.82822
55.74643
12.5557375
86.02701
26.305689
90.377235
96.9009
56.874443
135.76138
80.1411
40.687077
82.074776
42.512436
138.98337
76.99692
88.54836
23.993671
89.934425
78.3954
126.632935
81.04216
109.25456
28.005634
172.36893
45.587456
154.95358
77.67134
77.70981
85.027145
11.218282
17.190882
52.628124
36.890755
10.393427
47.141796
44.44607
37.900642
63.944145
99.52611
10.4314375
4.930656
63.20393
79.134636
30.679388
12.321562
12.474413
114.62811
84.2929
34.994644
42.931885
46.686466
142.46774
36.292873
4.608011
80.488144
68.34829
46.56219
77.59644
80.13733
74.94368
45.088444
157.68808
73.566284
47.144638
110.51882
67.475266
94.54852
155.49188
136.52103
149.97311
64.953995
43.917988
45.427753
125.75083
48.3011
0.6282542
53.19933
81.732834
46.703606
79.36066
69.03482
16.559624
62.50769
66.64171
148.32881
142.12068
226.1593
164.2135
105.495384
115.361046
84.23331
111.46531
209.86227
173.399
126.35325
145.90482
115.96617
93.68502
83.354034
41.230938
52.818195
106.360374
103.99095
46.151127
9.895819
20.581783
30.927237
37.046875
103.78231
128.10562
76.450485
79.09925
97.23648
193.86423
95.29915
10.723097
88.51028
71.50688
105.44258
168.06387
41.933834
78.66296
83.149666
92.197784
111.07207
91.09281
256.20602
153.27637
141.3884
119.46167
126.79878
147.66533
20.261086
54.036156
84.613686
53.88153
41.418465
93.371864
51.328514
45.1148
10.234341
21.200512
14.084848
51.859356
142.43196
113.448875
48.569256
71.989845
77.30229
83.6126
1.024646
51.661266
68.2527
53.830097
119.668724
196.54105
14.119639
77.74294
129.75247
23.687983
116.25295
99.4035
60.957863
32.212296
68.86488
11.356799
108.3714
42.694843
45.471146
123.20475
8.155402
34.279156
79.14799
9.631054
23.354494
70.692184
104.1699
219.33215
72.750534
36.800545
70.42417
46.927315
81.046974
30.481766
39.842297
16.502232
62.18104
12.519445
13.11027
7.937351
55.729717
112.69607
11.438215
12.935869
11.903771
55.815765
129.34094
59.84397
84.49233
85.14519
98.31444
40.005157
52.196033
67.2849
48.67619
88.07621
64.92092
80.99957
86.824646
140.39157
86.328705
43.004204
0.116240524
37.30948
15.099808
88.13611
62.9871
51.41787
74.33167
110.4818
20.751787
93.08607
122.21055
68.80461
48.939827
47.70038
147.18173
104.9338
134.00673
151.40811
7.6409426
11.865912
29.702505
54.660137
47.827236
153.83018
100.85891
4.0447097
38.37768
49.951206
115.5742
72.08403
92.048515
39.814186
59.226086
81.44249
102.770325
92.77975
160.92465
42.328693
47.22736
60.816082
97.01825
81.102
124.8879
127.80232
81.48381
121.98899
136.14743
66.87327
103.66235
164.32365
112.81297
169.19374
100.54944
50.94001
40.598763
151.6174
76.22992
182.21738
144.12912
50.899624
51.939392
50.967182
44.390648
110.84682
3.531189
60.350727
57.11029
74.8558
86.44492
38.32793
27.72504
24.523447
61.969337
176.86374
93.06383
16.361172
37.315357
87.4563
39.77315
47.695976
49.34197
72.503006
78.19475
45.643665
82.74337
13.499899
3.031386
9.914164
47.751266
178.03305
10.75823
66.48839
62.53298
64.33081
56.507885
104.808754
144.30577
78.620026
21.913675
20.729473
28.577887
18.736946
92.21132
54.3173
104.52061
43.297836
94.52931
75.58794
9.238378
12.447112
3.446994
23.966532
117.65598
141.49121
83.342064
64.9691
79.59831
13.350505
4.885624
40.108772
107.13668
79.82592
95.08883
41.780403
4.422712
90.79596
90.35356
65.11163
85.008224
151.35068
65.5129
12.875259
85.083916
13.234938
29.047714
28.915003
10.984324
112.090195
120.325485
97.55367
68.18867
60.486927
112.736465
126.14333
15.334645
40.76798
129.48642
212.11926
137.40892
110.31459
21.052223
22.992926
44.65413
77.65199
74.55295
137.12346
12.701554
27.557117
85.777466
119.231155
50.013336
84.13458
79.04329
164.95575
117.71538
3.4680095
79.21658
16.470352
45.74801
86.36244
150.06152
39.251297
169.18283
73.05621
63.346687
98.58709
195.82811
34.395027
104.358154
5.301051
56.144173
107.711716
34.125576
11.516653
44.51252
88.56447
29.319513
58.233986
179.52687
51.785656
49.034584
17.335117
44.21909
42.708656
77.042465
6.1893454
78.12236
13.594923
64.349846
165.67233
136.77829
141.50735
189.19672
76.89045
104.885765
8.931784
48.131554
10.90066
78.25482
85.85262
109.46326
52.20527
69.430756
51.276173
81.25501
85.93496
54.595684
46.362343
78.77339
13.918541
92.06269
44.157547
18.962524
54.812622
55.73986
9.436377
117.194626
2.066612
13.427846
118.505066
43.32629
78.9537
80.95255
79.59409
113.48982
72.41768
50.352474
104.933876
100.05956
68.642265
45.567627
55.26728
125.59645
62.878468
100.02348
113.57643
35.575478
85.34346
56.889854
59.798912
89.535805
146.72725
181.81079
40.61532
74.25664
87.59504
182.01157
60.141945
16.434593
50.97964
17.900925
56.817474
52.06167
74.87878
47.75581
120.34186
120.80571
97.29982
4.478914
79.12508
55.13172
79.645355
36.837585
45.13016
127.987
81.45499
64.00681
43.16138
57.655518
6.7599626
62.584694
41.793053
62.43856
38.921547
108.243546
70.45636
44.144615
77.21914
127.671814
78.099976
64.084595
7.750688
88.16744
43.227333
8.389587
13.408545
41.508263
143.85126
10.471991
74.95174
34.646404
10.9219055
44.358883
145.32156
71.00481
80.75865
113.19621
77.08083
43.690422
2.1626046
20.604471
57.637146
76.88218
49.942123
8.063894
12.542268
62.492634
10.543154
90.68392
185.35815
62.05592
20.870686
52.728203
78.468155
81.929855
123.71493
93.22257
68.902664
114.924255
104.56584
43.997902
80.226555
95.310005
58.501965
10.971638
45.984947
131.47707
77.780685
130.13715
63.59482
84.32531
41.572815
90.6853
47.58799
43.29909
11.123949
1.7343609
15.458156
47.78536
54.427246
133.95535
8.434367
42.588467
101.75795
122.68064
59.101055
19.955263
10.410897
27.621378
40.309177
52.08443
108.03734
8.499992
83.094574
11.155589
20.257587
66.212975
43.032616
37.90538
124.9265
53.776512
129.2739
18.570599
36.118694
38.170815
37.20215
67.22945
115.87207
44.166985
53.20511
73.90927
180.30457
36.448124
146.68936
55.634796
118.7266
55.40374
12.60118
108.38275
95.97601
50.8674
61.441826
109.26829
53.941113
0.5236007
36.004192
60.26889
108.130905
64.53757
77.71244
136.48914
112.43233
103.38589
128.64114
80.417244
45.66303
144.81769
99.9853
25.485388
25.669256
68.61229
94.81747
39.8842
42.220127
107.75581
65.22481
45.718124
43.847065
120.31291
156.0086
61.795105
39.36345
44.350548
157.57266
153.09259
32.836308
24.913036
67.3611
12.53835
72.90915
112.96483
72.02134
88.98216
79.385605
47.983437
83.03703
82.58048
83.900406
57.2253
93.680954
189.57817
93.37352
25.534977
28.36929
48.93797
50.604053
38.928894
76.98768
49.49495
38.98994
57.007275
46.749992
163.14917
140.91719
185.05907
166.3624
102.20255
157.52286
210.98987
175.80035
177.17642
114.797
119.401505
14.506734
51.87151
72.71239
184.21909
75.3745
102.25353
48.34371
49.60854
19.248793
61.04104
54.918346
94.54109
116.102005
16.18646
63.67199
31.01503
66.66753
59.577442
155.7869
86.423874
80.07597
75.812416
118.77806
122.7077
89.95366
211.96745
122.90682
130.96901
140.72299
152.77577
16.491854
95.30025
10.544344
52.81145
16.268726
115.77645
41.471462
174.04869
12.826727
92.56349
44.933784
9.462774
67.672806
76.752365
83.31954
48.632282
62.19467
108.841354
53.103924
123.768555
62.487415
95.38984
60.85916
77.18069
139.18295
130.74344
41.718826
92.687546
153.06961
18.09445
7.5054016
109.91976
107.543945
87.735695
108.96631
71.32662
83.03816
88.74386
2.745415
77.879745
63.84658
90.86817
116.10514
110.02439
140.80159
68.198616
95.04918
105.69228
147.41971
139.6464
120.50775
41.365196
97.469635
82.25096
141.99582
46.73931
37.551277
20.246212
8.059372
4.2253566
34.197823
72.497444
82.77168
123.84233
64.14219
108.709274
128.80978
15.006201
45.46354
92.62964
70.46963
54.761547
74.392044
69.08193
48.654324
59.560616
116.96316
19.016163
12.095715
19.480522
26.370493
78.488205
106.927574
119.38353
121.10647
72.81226
154.74344
120.72622
127.866905
114.70756
113.5801
254.0324
86.54503
82.97595
144.20946
205.1368
147.13301
138.46217
100.37054
73.44984
113.10283
38.236824
247.31194
16.010052
3.2403622
18.831491
74.04413
81.99199
81.384094
111.34074
73.946655
95.80523
87.25275
146.16269
18.133549
124.19118
209.99251
80.2493
23.489346
68.22981
62.134167
130.44565
285.63876
249.06616
2.120048
47.86315
91.428955
118.197815
45.38043
71.37496
67.033905
58.867565
135.74002
21.3753
120.99819
5.654669
15.092043
28.902653
212.42056
75.57158
43.46215
50.019974
41.594383
71.368645
88.949936
50.34371
111.24547
98.02522
185.8252
50.401226
19.656246
89.41774
43.267864
136.99902
59.476727
162.60002
194.41296
151.57712
107.555405
66.24662
202.83395
257.18497
157.77762
124.43447
202.3171
193.20346
200.73087
120.98641
51.539375
68.783806
43.588493
68.03818
256.96826
84.86522
74.0406
44.099
143.01373
87.85832
118.87109
26.565594
93.63045
121.04629
78.68292
75.18545
134.71661
63.334545
89.26836
81.90032
43.104187
102.29846
161.28871
45.179577
171.25308
139.24883
150.88614
56.310394
92.16935
109.561424
118.55934
55.178497
51.155537
85.891525
140.43634
44.022923
38.04884
85.80366
123.03441
112.56206
205.65373
137.61186
100.751045
171.06622
208.44675
143.25269
81.598724
70.517075
81.96514
122.81767
11.589029
22.153107
20.857975
92.12422
23.300816
26.492208
64.980934
32.499477
1.0068164
45.786594
47.862007
90.87915
37.44713
190.8695
59.96692
89.64859
80.96208
45.801525
143.35458
52.379017
149.78421
89.90353
89.78542
128.75746
54.907463
73.70171
89.421555
59.098316
104.45603
43.460846
81.6154
118.86874
63.158134
56.355427
193.41328
6.1881647
28.21236
168.12456
61.3547
104.57591
47.145584
73.94679
122.062035
115.22679
118.11937
170.05379
63.306213
61.756428
167.76761
143.85236
20.098248
28.4254
52.41819
61.385883
42.90901
75.42676
114.24355
81.64241
85.88697
7.63619
78.564804
130.19926
93.55736
113.82255
46.549435
45.52756
23.51237
74.48695
63.35424
21.949713
19.010784
31.92139
24.211813
60.73823
182.4923
111.65774
122.5802
132.44382
36.647934
81.08474
81.30816
3.3347354
71.64653
77.34961
62.30307
86.80901
46.409874
84.99447
104.06832
47.070557
71.18111
2.933617
47.55299
87.708664
85.81768
100.6422
54.695446
35.544636
110.95778
75.786545
10.527742
79.90557
165.84053
131.14099
61.409523
96.81029
195.02754
69.407646
83.56926
91.76021
104.724045
11.566823
179.18193
190.54556
121.92674
36.180874
141.57216
141.31247
100.306366
118.109886
50.6959
7.355502
84.40922
139.2244
55.77044
97.37805
79.22676
81.51417
106.50482
82.11173
64.203964
128.2188
89.295456
56.975544
118.88652
71.17326
77.18105
47.05327
85.940636
74.28078
127.73995
48.682625
57.15856
3.0308013
9.403898
8.919011
65.31111
212.83907
37.06236
41.33798
34.22065
214.52087
136.86407
80.54913
105.79176
60.74951
75.35158
71.06785
100.53347
67.413765
79.54881
159.34377
84.24837
72.307106
85.827225
129.07632
60.538544
47.21072
38.391388
93.63589
100.626884
3.0687718
47.950188
10.5473385
46.475998
5.7683
59.860115
109.544716
57.168682
123.855576
122.48618
174.97852
122.21393
73.18299
132.34358
57.72033
167.33278
97.116486
103.15105
134.4882
79.69365
86.49458
86.998924
0.3308809
32.211597
43.889454
37.707397
53.424248
10.546807
43.525272
49.07923
157.19751
78.368385
124.60881
106.79814
38.00816
168.22134
50.4851
155.5605
40.254616
161.8376
81.270386
137.80722
173.28506
136.72786
43.89291
44.2591
1.8826792
29.705526
16.26237
24.464836
51.76779
35.727123
34.010643
45.529686
73.57164
83.71281
50.0093
160.15189
141.76279
3.4843552
128.3869
81.65313
207.19658
114.77061
120.82373
98.51935
64.40465
78.901535
84.37501
111.669334
60.10619
158.65022
99.062706
136.44066
96.43283
80.69771
53.03294
55.937737
43.724823
43.930046
88.58639
169.02524
158.37311
4.5926905
53.0571
41.957027
265.30194
177.40897
236.68791
269.66492
176.17307
206.94089
152.33435
162.82448
81.052315
142.35104
78.83151
99.39324
14.025508
101.78561
93.614914
68.11528
181.67174
86.21128
189.37003
153.1052
16.644892
33.73234
77.20156
61.7004
116.587524
70.40071
181.7335
110.8103
74.565155
25.767223
41.69762
85.092766
52.429108
87.88684
18.600521
310.60388
197.15442
75.07258
82.410194
62.4735
57.816437
61.02773
150.87842
73.484955
51.207825
18.54509
83.13417
98.6962
69.77388
16.254536
79.06123
198.75935
101.08166
1.8485552
153.01053
229.53777
60.79364
9.844286
45.199562
21.203228
52.517902
75.20133
75.473816
43.668255
37.662445
79.565544
28.36846
27.151562
61.996716
116.57878
39.40707
51.977192
9.388121
76.48877
117.22533
11.497888
21.25045
137.02107
56.52257
53.807983
144.00522
145.57956
98.67837
65.02352
70.75511
96.04024
120.72744
87.43892
68.114204
140.92615
248.69092
142.03638
56.7888
50.2129
156.11783
23.232698
10.074686
72.55539
63.336933
13.408354
49.33445
8.197647
53.025047
16.93507
48.89467
78.6711
40.21461
34.420288
71.97502
87.8243
110.28959
82.45087
6.9244933
44.22761
112.47097
121.77832
119.11597
220.70834
88.699066
111.46547
98.24679
101.7077
94.1743
94.40395
137.59262
36.700066
42.615192
65.506966
58.76235
35.754593
117.3453
98.56537
1.398734
110.78314
89.54128
87.96552
153.42856
42.866493
47.175728
38.026787
21.136517
57.431988
53.167603
142.53146
138.8106
82.047134
55.69409
163.52405
164.11652
91.72921
142.4077
76.579315
156.45543
98.72213
39.689766
111.10585
80.77643
232.09724
322.8613
6.573012
90.803406
49.63372
59.671135
58.2571
15.67969
48.735725
82.15502
49.096638
11.157284
15.455816
134.46237
19.790646
57.948524
7.961492
68.53276
124.456314
39.06555
62.620373
12.118925
5.4458
54.73942
11.90903
140.94954
128.21124
69.897865
34.26901
56.94472
143.75934
90.15397
64.27574
51.070442
2.856142
63.38793
37.989628
86.83707
38.660988
47.03191
74.16698
140.08423
184.89651
110.5342
12.689282
131.12297
9.259836
49.12521
112.95811
0.8527853
161.65201
48.6055
68.88884
104.006935
48.46512
64.93881
82.97074
9.940469
54.607445
18.685324
15.9577055
104.328995
143.6854
21.144627
51.337048
70.96432
59.004547
43.18187
57.46171
197.27875
25.728237
34.93934
125.42055
79.128265
140.48563
52.33067
22.60994
62.614098
60.093037
75.47632
53.790222
35.218525
73.19788
151.45166
88.151695
10.280073
0.14484993
12.278465
27.033298
47.382103
46.03592
88.251945
1.2277604
82.25496
104.25377
144.86815
68.24477
79.859055
122.9845
96.92464
144.55888
72.23213
117.31576
72.85154
117.50527
5.1864314
76.93327
36.41953
191.77808
97.19786
60.434975
110.84348
107.864586
76.08158
146.78906
92.81181
82.345085
56.109528
108.367905
53.8973
39.889435
72.257195
49.098915
138.26065
66.799675
57.72467
122.34746
79.21443
95.92356
111.32963
94.22447
41.242695
57.820488
49.690907
46.80678
39.394554
107.35022
58.48642
85.65483
78.313446
117.41036
63.088764
39.482746
88.21271
51.912884
42.65909
122.51666
83.077965
66.458405
90.50538
115.81404
72.28095
120.82703
112.93944
50.719376
70.57396
8.724854
24.567913
113.88301
95.286446
124.45178
83.05879
163.75508
63.71519
39.35035
46.43869
141.17154
138.89813
154.36456
249.83488
149.04037
142.8012
64.30674
113.47056
90.801056
94.18089
84.93248
10.391161
73.24098
142.58998
185.03598
69.965706
69.5598
5.5454865
48.604027
52.684498
52.154472
85.25817
46.279613
45.492382
16.235943
45.94625
131.44235
56.53551
38.174603
77.49897
38.153206
147.11937
118.29195
84.540955
49.660294
81.177536
117.36697
89.85726
41.59355
56.754925
57.454926
85.07235
74.87274
76.41096
95.819626
46.540234
41.278763
87.14914
88.3347
71.265434
54.089844
75.50876
69.631035
72.25343
155.80893
104.86438
134.8453
109.96013
107.65591
73.31951
162.6351
55.033165
149.49869
145.65092
219.52055
50.427845
18.231428
93.0944
65.21324
33.839306
118.24949
118.4738
97.49977
6.79121
81.922424
219.8252
156.70529
62.524364
12.581224
36.45188
89.94783
100.65698
43.579643
11.584487
66.37355
56.091602
41.88293
54.17922
47.41871
116.84082
120.05232
62.31706
88.61002
124.86843
205.5024
181.84021
180.32175
142.46964
27.796036
82.88718
50.98626
27.002232
25.473856
37.88943
128.03525
151.74168
77.01079
144.47952
63.224346
50.557194
53.45454
9.957054
38.819527
46.87384
92.25001
69.90376
35.144226
152.03702
18.002098
43.872112
78.34163
8.079694
52.22809
103.16597
58.844402
52.891136
207.97527
110.29309
91.71132
113.87218
132.8919
112.68025
272.43158
188.28645
223.19583
140.2963
203.17805
172.65308
177.84627
100.35712
62.42176
28.575281
91.86948
17.259485
67.160774
89.07242
151.24707
94.47193
177.47041
24.670603
22.225534
65.48588
11.488063
21.212137
106.62337
89.597015
15.36745
67.57329
76.168465
93.571335
50.8066
49.9182
87.00228
43.80922
126.21413
46.245773
54.91735
37.304527
81.5815
36.712097
54.13221
91.16518
67.27405
110.48529
37.830334
55.42762
57.838005
127.09453
4.0258207
45.403904
44.114777
32.6541
31.3269
67.47355
103.423965
117.692055
109.344604
65.580826
43.56417
72.1137
178.45816
71.553024
22.442572
4.2841887
122.32021
88.38415
130.41536
130.8597
18.114826
6.7863364
81.0753
97.40718
9.059588
58.092396
47.932426
39.520565
109.32078
133.87283
143.41289
144.76297
182.54274
101.12081
12.995789
119.85764
122.20448
61.899353
106.05888
68.26364
106.23143
38.774567
18.653769
28.170053
69.99657
10.293742
71.93542
49.469963
78.07272
117.70441
52.806816
92.84202
77.03426
99.99564
134.44275
121.91832
111.52031
144.32141
13.718941
82.361
20.554237
58.39245
33.45031
37.053616
25.455475
100.18633
20.739012
81.49844
24.558262
52.483665
51.342773
179.11797
157.15874
130.83356
125.00221
75.89739
98.1849
62.885933
91.349014
173.09622
4.138913
74.20073
61.722656
163.20029
105.88265
222.08113
19.304903
60.55761
148.42682
140.38255
83.327705
90.255875
108.2926
136.82732
61.03874
8.63246
8.262015
114.05553
74.79831
2.8519845
12.800975
68.88601
60.473457
9.13692
6.923312
100.11301
12.805115
43.71357
21.237534
98.798904
135.15804
32.47535
15.506434
20.623358
133.6771
77.86528
59.7247
107.867775
10.179833
50.431
48.867603
41.778835
15.777498
114.77838
81.43578
19.961077
72.58788
134.45174
83.94766
75.90834
80.84806
53.07308
47.12127
57.190777
72.71145
80.599625
66.16899
51.102654
160.85208
55.81418
98.27444
120.38088
243.55745
61.80146
217.29517
84.93035
41.439667
83.4321
72.88947
119.457275
110.26465
103.20857
93.00898
70.36419
78.79027
74.25207
34.748806
153.56747
10.715183
122.199936
85.2173
82.70567
133.51743
75.54411
28.842
56.28642
152.73817
83.51427
51.94444
68.23474
107.02279
16.642767
35.160828
21.22676
44.54361
69.85422
70.26352
67.932205
161.96933
50.224724
90.07253
11.046306
66.533844
151.34433
72.196365
54.855133
56.91366
79.38753
12.789291
155.51303
83.22391
94.23622
18.626368
52.288826
114.33968
132.86417
87.43872
96.42938
60.07209
85.15003
156.30977
190.33908
178.69826
43.36045
1.4247981
21.58212
78.959915
62.615192
59.27611
152.35098
139.40942
8.793274
17.684837
55.764282
91.80199
88.200966
79.96297
60.643097
83.176544
37.60061
144.85483
4.0314493
40.768715
75.28223
162.3904
38.38573
33.3366
43.048256
52.35418
15.437262
3.240872
113.367165
81.748276
131.23227
153.0134
28.726614
21.576616
65.24832
113.900856
3.096911
40.65542
63.429405
117.67297
48.586773
106.33826
109.56327
83.02273
80.427216
87.48175
107.66036
100.13729
91.03961
124.2946
129.27776
63.76763
37.790634
20.854559
20.38026
44.389763
45.336754
83.89124
107.821266
5.7320886
59.864525
69.34199
47.981766
117.35649
95.69325
56.202934
108.49355
115.73958
96.94635
106.999306
43.131004
69.43889
57.37876
143.1229
62.04081
58.020397
111.81991
71.70484
76.19128
14.474864
21.537207
93.35529
83.21889
82.420944
78.67346
4.602739
4.371299
57.65846
15.440111
25.661285
108.68512
75.29449
101.69263
100.74377
140.14352
87.234886
145.34853
88.64016
82.46394
48.72433
69.66615
68.668144
45.63581
99.078445
105.56004
88.92786
1.6894426
63.6963
53.80185
62.551605
117.81161
44.824368
114.188354
83.649796
116.07729
94.930916
63.58603
58.140297
74.69986
74.18208
119.42116
91.57179
36.3441
23.2802
97.845215
94.36766
110.16093
51.00436
116.98865
66.12764
78.932625
74.449684
51.572212
2.718205
57.734364
9.587365
10.065397
220.31442
5.6394634
88.90335
88.16827
134.0618
35.101837
1.9206566
12.859685
55.629597
93.87023
105.18065
53.17193
87.067955
37.698204
87.942444
6.8647184
141.9411
65.886856
90.35705
89.267136
80.12395
86.9162
84.61459
119.12223
68.66122
165.67262
37.591713
19.477293
67.08376
7.4383645
47.26033
13.3097515
46.20439
18.09985
129.39444
44.421165
2.399045
95.45815
104.736305
37.39702
199.45578
2.4159596
90.21268
107.41377
31.074268
123.74679
84.18348
123.521645
123.24432
48.318542
62.93009
95.977196
126.616135
61.894897
116.3452
91.71873
87.125854
53.974335
133.51892
51.52929
111.062035
129.26256
70.344086
4.223052
41.731342
42.845657
12.383558
55.7359
51.842834
89.28952
135.79492
150.71906
216.94205
158.43413
97.26271
137.29813
99.77286
180.3956
137.87967
16.56409
51.290276
158.40836
46.254475
45.657524
117.40727
101.01801
47.04246
128.91833
49.894264
78.10673
52.64395
46.189407
67.519424
65.71121
61.439384
37.035393
89.81578
150.77173
76.94701
125.92473
61.781017
79.24559
96.9003
46.797707
67.33492
112.72227
35.33226
124.74762
102.72778
122.913635
106.33657
96.989006
12.965207
62.65342
87.06091
114.09331
137.57578
14.182828
114.85148
38.105877
50.430187
211.51016
114.04356
60.037933
70.99332
90.18437
53.536438
12.011332
43.226376
77.071785
76.91226
113.29413
72.59676
97.21562
114.296005
22.808033
108.64374
14.891388
53.673756
23.773516
44.96812
14.588366
43.21635
81.784706
91.29753
55.071064
72.07912
149.66855
76.36722
128.10414
22.864044
81.0243
53.935608
5.5133524
46.207733
112.06283
97.49932
44.42077
27.472713
21.46173
21.841063
48.44355
41.33387
119.83763
143.6212
140.8511
57.999622
80.4211
111.054825
69.59996
80.56227
23.454824
118.04553
113.721725
152.1755
119.55708
1.7615715
10.335165
13.695834
82.09642
78.80174
29.350483
92.673416
18.002144
104.06682
10.298632
54.625652
46.630413
124.77205
44.666782
90.66736
64.51648
76.76779
89.71812
61.186882
94.777885
110.878006
79.498215
85.89967
87.23674
84.637634
175.29567
86.75252
56.6099
105.73879
18.185413
175.11182
73.6982
62.973976
6.0674973
41.729916
11.707144
85.09999
51.657177
52.621563
35.42698
51.545937
94.071945
57.276634
95.56817
90.05717
87.294395
74.938095
44.49635
83.013916
40.532352
108.69972
75.14314
143.89091
38.710125
49.2636
46.620567
111.02696
29.431986
121.324524
121.679665
60.944733
133.27437
58.279877
187.55844
78.26387
58.85943
29.932388
74.42575
79.02596
84.09038
38.08604
62.368996
50.21882
44.00088
92.44305
165.29439
43.0257
18.63313
96.26286
159.5389
173.37915
45.85087
74.1559
38.613983
43.870705
58.022594
75.0093
19.147404
101.26626
38.436745
84.54317
158.8676
37.516716
89.67878
16.829845
101.983826
85.08543
87.48219
15.450235
61.642555
49.142933
53.604607
138.82751
43.342346
45.980614
39.192497
83.61392
9.824781
165.2734
35.691566
120.35643
244.00778
73.60745
73.07693
104.99845
116.79673
10.806417
17.20989
88.99766
85.30712
78.93703
79.99237
111.30371
44.844097
55.132866
68.958115
90.66656
41.68393
12.250937
56.92434
78.16854
147.16898
18.58352
114.27661
132.78549
8.932417
146.63916
98.14323
92.75864
96.96565
101.655655
80.67141
51.122036
93.746864
78.98976
95.373764
9.408915
10.398889
11.133571
7.427851
35.16915
38.14553
36.68804
20.048714
111.013916
59.97756
135.00607
64.27617
113.011536
93.410065
53.45586
77.25342
51.368317
31.714865
52.860962
11.813837
36.145565
48.18296
91.153275
55.41561
182.07639
180.92238
32.401722
108.55861
183.67291
80.891846
87.68373
91.18224
67.028625
35.625328
109.85702
90.305565
91.178406
147.3599
35.295887
80.059944
175.27838
46.89015
105.756836
97.680534
176.44966
22.360714
87.38273
60.789886
6.4783645
61.57256
24.240583
39.23536
40.509033
46.244614
35.13844
96.20434
69.0031
45.639027
85.29976
86.29275
110.47664
62.966084
56.02896
63.971855
62.566273
113.79289
43.57248
46.27161
185.40704
84.725624
92.01685
68.74086
52.04078
120.4021
46.10116
22.260044
62.14202
54.410748
70.60288
14.312146
60.453327
10.679579
59.991386
9.04894
57.471733
119.71578
129.77261
53.51069
75.69748
103.34489
116.14553
96.641716
120.28401
141.59048
48.975372
135.94476
177.23947
124.90608
84.80397
99.04477
88.847786
115.90495
16.39485
38.75289
69.16021
96.29245
92.94178
10.785875
54.823994
89.632774
62.449303
51.501076
37.940914
38.10125
69.5486
180.09584
122.65071
128.51743
130.45474
47.80114
35.69303
81.90889
34.93382
42.757195
27.71366
13.441327
72.1938
4.189645
57.29067
54.0807
121.88939
8.337527
9.892835
15.413943
83.91899
49.635143
39.26693
109.22554
42.002388
12.312296
114.48065
61.562386
141.72061
154.45615
103.4068
247.76924
107.40273
59.348186
147.69836
16.051775
63.054634
181.18474
21.907265
11.096682
39.966663
52.995003
71.546906
56.112244
95.11021
1.2843709
66.60777
126.7114
37.927986
220.20102
36.787086
25.04607
47.358257
44.33254
139.87029
102.92954
110.77468
190.96144
118.940506
141.82974
66.24915
87.755165
56.062187
55.054344
113.74522
201.4347
89.84126
100.82741
51.82563
114.25842
73.314964
117.05117
55.987804
79.917404
47.174744
39.094757
109.63761
135.75107
113.77738
89.70801
201.90433
45.62341
35.307632
2.6765985
10.376024
21.589329
48.648018
53.595753
46.39281
44.61908
122.61434
41.98223
38.326088
82.09816
104.75985
4.464793
20.75455
51.573418
33.89155
34.76848
69.5616
105.61843
79.36512
91.978714
55.12451
80.393814
0.8548309
52.007427
14.413205
10.071091
155.3647
112.96102
40.579926
109.70436
23.298143
11.274903
109.69342
79.11836
18.737991
97.74142
138.71631
43.086624
109.97245
81.6536
75.20625
119.073105
80.42154
59.92408
117.79665
148.40546
93.11792
0.4384984
43.7253
43.36889
21.82711
46.2414
46.220936
39.029064
123.50704
197.54822
139.8439
85.78721
124.91914
47.762688
118.80992
115.90476
70.70495
78.900955
121.96464
176.69206
94.98755
14.680501
5.3232045
48.66818
64.48818
85.72456
84.19289
133.47745
98.81403
87.276184
108.58385
261.7232
78.89049
5.9287868
49.96976
39.863583
19.835423
106.83451
69.19854
144.16264
92.07468
88.541336
55.829548
80.14716
77.04611
41.11889
77.899315
81.038376
60.541595
127.0912
127.037415
152.03542
101.40819
68.18286
88.69983
126.8004
150.90578
54.38796
43.19545
82.02087
153.51266
106.32102
124.78047
48.62555
72.18521
0.28251147
10.726987
45.0494
169.0385
14.847539
48.862892
71.239365
87.72356
61.517647
44.96704
72.08031
49.86165
36.260143
51.65249
71.930626
177.93816
173.8691
14.282257
15.583748
60.7588
0.5070881
112.27881
127.48277
102.4105
208.12802
149.29237
31.258991
74.93689
35.286034
21.94518
91.227455
128.08183
61.67929
120.540504
275.52625
133.76428
114.684494
76.00583
67.013565
26.31988
20.418497
167.0024
3.0670252
4.362413
11.613038
18.457544
88.892105
84.516815
41.026283
97.83801
83.83097
37.01621
55.47455
75.346245
46.32633
127.20036
37.545235
50.036125
87.76593
88.62376
83.86284
148.12938
154.32756
106.29799
113.05989
83.608
163.09439
213.27861
130.07361
76.11857
201.55592
58.513268
49.39692
39.868977
65.53688
14.696747
55.068336
81.404396
50.730457
97.70857
106.03233
44.076763
110.01217
111.5602
80.8773
17.206024
94.47815
131.69675
50.811073
65.15874
53.517097
62.02761
106.21696
115.1796
79.35104
79.87208
102.354225
143.6532
133.28345
47.980995
172.43475
40.53325
134.37152
64.07261
70.01954
53.185303
122.386696
209.28674
10.484486
96.0901
97.54051
227.0538
45.394493
154.91084
109.38247
93.93362
56.32672
83.02057
74.07454
61.495995
103.93181
120.123375
106.353836
79.791824
69.14532
36.22774
82.61479
100.44703
58.897022
109.101425
181.9943
154.15195
52.94393
66.0162
57.062164
58.071495
60.299324
71.09212
95.08377
55.534138
120.07178
68.60724
48.103523
141.38615
103.4313
73.58943
13.213411
11.831299
47.67771
47.081936
56.074085
8.570129
32.794857
48.82077
92.0355
73.30556
50.5981
39.75083
10.157385
146.18532
90.588005
49.24276
96.195786
49.32766
69.39408
37.56597
161.60727
114.95333
32.076057
46.19523
98.13403
163.819
9.341265
67.101715
35.41416
69.33946
10.249872
60.236702
79.470665
111.7206
84.505005
141.42755
3.810651
84.548546
4.00619
46.83876
36.135284
84.495346
180.56071
111.622154
38.516197
170.99014
69.98194
15.308687
124.97339
50.16314
84.031906
95.22777
70.929184
92.88697
137.63496
141.78183
40.857143
9.192795
12.866903
1.2640488
26.381214
11.547748
26.165823
60.22871
61.223072
56.05789
55.059135
143.37025
3.684295
137.27708
141.52902
140.96964
37.529022
36.871113
44.31477
54.767296
150.56476
109.00902
69.968216
84.42951
104.19485
70.1437
179.61813
109.45143
73.05578
248.34358
138.69164
79.13515
42.65793
105.5659
38.20716
30.683193
80.689896
131.22366
86.99121
13.205586
46.833637
20.417528
21.11919
94.89496
96.97538
57.855804
37.008972
117.28645
38.00739
96.36733
29.134802
67.42711
117.06419
80.65383
130.38377
56.408913
20.897293
10.964346
52.54471
106.7841
44.67125
69.661224
65.06842
94.0814
54.65387
49.5142
93.80661
184.76761
149.47331
93.832565
75.45811
105.62459
143.18369
15.688319
79.3063
42.900684
40.6677
38.344425
44.14054
36.39328
14.024602
9.163319
89.14937
3.1332607
69.8265
5.26823
134.33968
188.6857
74.49579
114.92104
42.809174
53.00285
68.02074
42.889133
81.418884
51.046364
54.55892
169.25092
72.44867
89.26143
149.78293
119.53739
47.738243
130.8268
72.73777
11.346218
55.34497
130.14775
81.6853
82.82656
89.088066
15.253369
100.5808
184.192
101.90871
89.44455
188.33458
65.37714
118.961624
93.72365
69.67267
156.40604
38.255363
123.9327
64.64341
99.96999
127.64917
38.245213
111.17006
34.717968
39.767963
70.299995
43.58441
45.330814
84.28398
11.922281
55.69984
6.832183
41.38506
73.4256
85.05009
39.114994
142.6539
39.003098
134.63431
147.32211
37.826233
81.27461
53.807343
75.09108
57.125347
51.483246
26.133677
28.94398
110.6996
56.096596
96.450775
130.7061
8.546622
98.5753
46.44117
49.054085
61.37049
83.88115
65.26298
40.52726
91.73773
133.36092
81.633
39.082466
90.5193
94.19039
41.964302
99.52793
81.47446
126.295166
75.61989
2.7905169
37.261616
21.755573
12.616294
58.449677
50.55961
40.150726
71.337265
89.51979
39.373837
114.67488
76.10597
43.941105
11.261397
18.133524
23.028553
37.59381
6.40829
91.39724
98.50934
81.07302
65.77761
50.260307
87.186386
78.51698
83.08765
83.43943
60.409172
13.672407
57.641502
70.53724
1.5813005
79.33037
4.476968
85.93995
2.0639453
6.310372
45.647778
14.186842
10.896507
71.14009
162.6727
133.58199
50.580296
1.3998222
42.328545
85.56086
55.818268
226.01648
111.84065
51.036247
83.0122
87.10868
47.268738
17.140934
87.17146
112.341415
109.30747
14.410271
46.808613
71.4211
132.71123
39.555866
50.252087
79.73012
61.699787
109.70476
89.041565
67.76552
48.860012
167.33817
83.422775
63.405884
61.033775
46.992393
181.81177
65.621216
111.587204
48.94892
45.32657
124.93447
60.83299
2.5666966
22.027998
10.42399
9.327524
16.5954
20.832935
47.09607
119.14116
61.460274
177.56638
126.18394
19.843481
116.33846
128.79547
78.777565
88.535965
52.916557
47.31303
138.64444
133.88858
115.16172
25.963428
68.48322
13.840231
9.104712
15.447563
15.477481
14.814397
62.38851
26.976126
91.98393
3.1759953
26.700705
149.07964
86.54344
86.44856
57.323097
168.398
95.57293
43.907402
98.40734
21.861664
10.93131
52.28819
130.63509
89.45351
12.55389
22.517216
51.820435
44.119762
9.861655
16.124628
21.927029
13.5186205
41.75944
102.738815
53.413464
10.624294
95.785866
128.21318
68.49084
53.43631
99.313545
138.96735
39.133537
8.843447
19.084986
13.01866
59.798378
3.969453
43.59376
106.517456
50.04354
92.04575
11.48983
19.08497
54.63491
80.48965
29.10203
186.55502
115.99709
42.969135
147.88509
122.98396
120.28622
51.277
4.3528366
6.992856
126.51229
94.749756
51.499786
105.82179
22.194992
1.3361205
44.244774
39.16026
45.52571
77.675385
44.888
98.03314
1.5451491
41.709007
83.61771
162.55847
94.88997
27.901318
91.0292
51.393494
123.68425
87.33614
66.995605
48.81635
90.76637
66.029175
49.68915
13.511395
59.49334
132.94774
158.23886
35.919716
43.206146
71.467155
145.80832
66.41937
150.88506
110.35057
51.649364
85.946526
52.024635
76.66957
189.17459
70.16955
105.97359
26.98534
53.972393
46.392616
42.62422
112.5379
48.686516
81.19101
133.5618
119.955734
44.616524
35.35437
9.489168
115.63993
8.563018
44.38541
44.39283
48.34389
41.546337
55.998333
48.54316
128.40913
129.14017
37.145813
106.75246
49.854027
117.72211
13.72269
142.6916
60.395172
197.26413
40.426033
91.77894
50.216145
137.33862
18.40342
55.147987
14.195521
191.21394
149.49895
175.7969
106.70593
45.951443
10.400384
13.822431
16.01009
100.0955
114.495804
118.76701
24.029713
2.7941432
43.80596
86.06319
10.853898
40.646065
29.732883
126.82668
22.42741
36.70262
46.724655
72.65474
12.637761
9.217331
27.11681
57.073853
86.12171
80.97142
76.50074
85.13642
46.149525
11.688706
106.264015
46.410248
82.139435
16.853745
4.257311
28.914501
21.461592
25.919788
16.338078
110.300865
26.89747
41.287766
56.296314
139.79256
145.06009
69.6113
113.729836
62.269215
52.99355
155.18663
117.40111
113.249695
82.53943
77.58473
10.563263
74.141975
130.22238
46.027252
48.440777
38.824696
43.830303
41.048874
52.70049
76.048294
85.9583
46.415333
43.84858
111.798485
17.772974
30.304932
50.423332
107.14518
113.734886
172.91174
10.439372
41.718636
94.128525
16.140045
52.138233
112.46541
91.436714
85.40462
53.79898
109.37645
91.29463
103.393234
86.329956
47.940807
131.93591
78.85209
41.67849
52.108906
107.88641
8.725364
16.544136
44.026
115.0693
72.485794
285.9151
99.4395
107.88121
112.15652
127.73982
19.109549
22.394735
4.2981224
65.83234
11.601542
0.8500433
11.275656
91.438156
101.821556
53.75002
124.1136
73.110054
57.64196
117.01245
81.00688
63.467937
48.451477
141.74573
90.3966
53.701164
24.501842
99.54755
91.885544
97.36748
89.68807
111.528336
98.14375
29.681005
120.07743
70.15008
3.7498055
69.56022
139.7786
45.155197
40.101078
42.230568
52.59801
119.54946
39.524338
112.778885
88.753395
45.799698
55.061165
78.04292
109.79545
20.88832
15.990141
18.642063
33.326714
45.047478
143.2234
37.147816
44.602867
123.84059
3.7247128
41.809464
82.73523
44.464836
39.670124
46.287304
79.907036
78.76524
83.59171
108.883545
38.158558
75.0004
88.94544
81.898575
40.26581
64.414444
2.032309
7.2798066
29.957468
244.02129
82.43472
173.90707
105.44413
112.042885
11.094556
39.46276
76.95329
166.3353
55.010834
90.35438
112.29271
131.66013
52.398357
96.55475
118.85215
119.42283
111.87392
60.508484
44.432835
145.45818
39.094307
14.303688
24.203142
39.25723
53.282757
63.939655
73.39963
2.4333713
139.35342
7.748967
16.89322
102.42839
167.02924
62.267784
228.25046
75.489746
37.821266
50.387123
13.740076
56.73811
79.451866
34.186687
38.235294
99.606316
113.34993
144.00589
160.15962
129.20432
166.30511
53.35976
49.19656
55.93675
66.24669
16.231333
72.26826
17.12543
90.1084
86.94273
106.25771
90.35594
39.66024
58.078228
5.3243785
61.480236
127.77222
113.21184
42.426777
76.9955
110.37334
49.552284
74.800064
80.28037
46.292763
108.13728
47.91386
68.13998
35.926243
138.89166
90.19283
11.577157
45.42426
50.34927
57.3673
79.99585
64.614
3.5216756
36.03109
118.12567
87.01756
81.23669
87.62416
75.64878
36.44148
71.45951
10.938803
37.802765
91.20863
92.72721
14.902463
71.2734
51.957653
113.875404
2.2466087
14.377286
46.922497
49.615486
116.46373
4.337981
33.238884
65.25858
156.95761
125.56775
43.964104
34.234703
139.417
38.153477
102.28115
53.323524
109.4727
78.56761
56.212605
9.503108
6.2753997
35.458344
78.87852
113.75813
169.39137
7.5708323
41.562275
96.1184
59.30648
64.002174
10.467775
66.56319
76.72718
105.51195
39.65294
49.630886
41.881012
121.03129
73.12996
101.76257
169.14618
104.44208
48.759888
70.7947
85.47133
76.82722
13.241117
23.068785
27.145756
81.05166
52.16802
74.07472
56.301598
93.08028
36.343407
15.063652
25.231157
50.446106
84.90388
82.998535
115.006516
159.80132
9.633364
76.71122
35.027077
91.57214
88.97483
201.41006
98.62774
159.80823
137.70909
18.629913
65.94377
47.30386
114.84364
81.65608
59.643883
79.18978
97.84509
88.72955
53.28902
203.51073
117.49724
39.056595
79.72693
20.104473
86.33641
43.989964
57.029915
8.767435
68.58653
132.92377
56.066185
50.120323
73.95417
120.30397
68.03001
78.47087
189.26457
5.5225987
8.594477
53.226418
88.27334
119.61391
7.1583815
102.607445
75.60103
25.568882
8.349685
67.2513
135.74144
60.07345
51.58299
21.937891
15.567923
51.27771
148.4418
22.710426
96.45723
20.547138
78.93046
66.193794
101.44944
87.93525
90.74404
40.74774
37.282253
118.54038
96.29025
100.732704
90.03692
18.452396
46.510098
64.22003
85.03043
93.292244
122.63219
196.90967
200.47409
35.565186
135.2897
103.35642
6.274169
3.6240456
58.45817
70.84808
90.28227
75.294266
136.8027
133.99979
130.13107
79.44093
41.65554
79.38454
146.32121
169.27873
109.40593
86.87366
14.00399
40.605255
93.55459
133.02678
87.68997
71.60903
78.4448
16.69827
46.119648
108.24907
141.64125
19.819452
24.78824
2.5146503
40.024788
65.19554
64.48663
14.551949
48.018883
104.98982
20.524548
46.335503
74.40927
75.00377
135.80565
48.10974
43.607002
64.71862
45.353584
149.08797
13.837006
37.858734
101.04908
105.03981
88.12519
125.708725
124.50675
143.34293
81.99713
44.607597
132.49133
101.37669
1.5257275
23.368198
43.49218
129.79793
103.43407
48.799168
140.94067
139.77864
12.559079
37.71782
70.1991
110.970505
88.006584
61.240196
181.00272
28.145657
137.60153
101.85581
98.79412
87.76326
5.2685943
73.39642
79.78429
35.185524
89.71063
81.96808
109.90105
121.95439
66.72185
80.18825
135.91547
246.78992
125.708755
126.06859
37.39031
54.246918
102.06157
0.16938421
16.472874
12.541194
122.02506
76.397804
27.165674
56.395424
12.983858
74.29614
39.96393
2.752981
59.56089
125.13899
125.685104
99.83957
213.1178
9.000744
32.64341
56.522877
57.77485
19.256182
68.41432
101.24841
93.63109
103.99762
114.13473
108.132164
57.49521
36.25007
88.81478
37.31077
94.37286
81.15083
52.534924
117.80415
73.42778
41.530293
46.854614
133.14346
46.52218
147.11429
141.35722
112.16939
93.60754
42.52656
42.768597
10.884978
10.085811
109.25651
67.68617
13.918765
101.0769
43.892426
117.43164
48.425747
107.796776
68.12588
69.82357
49.39457
79.47678
104.75932
11.012392
13.882182
24.425297
18.748798
56.483624
110.949
9.491074
8.157234
81.238
9.557472
8.75541
2.845585
38.07929
48.956116
104.89618
13.605145
125.04761
97.66537
162.31702
117.39343
52.960655
94.545425
42.599876
15.626172
49.844738
201.70042
128.33925
126.788864
302.43073
37.265713
81.64923
46.45676
43.79567
54.594994
50.68423
21.451214
85.80711
137.71939
135.85098
24.419432
89.49475
12.996061
92.96415
19.844694
52.308876
41.9131
90.599594
62.14445
60.72346
78.82289
50.381706
62.699898
56.360016
132.42569
106.57066
122.91549
19.990469
87.03746
111.22626
56.229298
131.32777
40.76319
185.75412
18.341562
90.11175
64.1881
99.35425
84.25491
290.61752
100.928825
131.79611
6.8026314
40.331696
109.18656
71.5599
62.360455
89.99455
76.20775
74.3355
51.866386
68.82197
267.1916
104.659164
143.37718
36.068428
130.3693
13.810854
31.088064
87.82885
77.6869
14.181372
39.18655
71.08046
95.79779
79.4191
9.591778
59.521534
34.741158
81.589
9.450854
55.03949
73.96881
119.52928
21.077366
81.25455
89.43842
53.452606
93.23842
78.24563
23.429958
22.336987
89.330765
15.698875
120.05746
96.400185
90.94951
153.71399
24.628738
65.14954
65.003586
65.49626
118.45691
45.72806
11.171591
20.07819
11.346346
105.950806
2.928433
73.23208
136.22678
91.90836
161.8787
128.78397
11.5035305
102.84625
37.959362
18.018017
86.315346
40.09768
88.85752
86.183266
96.08717
187.89703
99.82024
129.31335
52.45503
52.01522
76.16574
120.843285
56.233532
84.26204
119.970116
20.199207
52.43263
89.696976
85.917206
5.8787484
124.05432
36.384926
79.23073
44.897743
9.6983185
60.226635
50.334877
43.968803
4.30256
16.185993
16.809471
125.64978
132.2858
168.91849
43.250797
81.09256
42.239628
20.813148
72.78511
45.61812
110.284485
51.13138
157.5887
115.434814
64.777084
98.94377
138.28766
1.6218357
77.26014
81.48288
133.98573
57.01242
104.88274
84.8826
83.44342
110.92983
101.08805
67.22656
135.09773
115.03428
153.96674
163.53697
127.00929
50.736946
107.567055
59.512733
40.31333
16.136156
47.60359
43.01914
0.6893832
50.038612
50.66798
43.73525
44.17981
81.66064
9.438388
48.838364
74.52949
17.912802
34.02224
74.309
120.45919
37.897785
148.55304
42.536552
94.33638
73.25345
23.730625
20.571503
19.107662
19.24417
48.392242
114.75358
118.80184
120.4968
52.87782
49.35777
75.962204
74.94954
44.18388
17.307333
66.43094
89.666794
88.29539
12.547871
72.17041
68.14417
98.51615
13.926636
73.13701
46.068882
50.727856
61.60124
94.38453
45.07689
29.12287
59.585175
82.45701
78.3465
54.206085
121.05251
41.940598
3.707296
62.59552
53.077442
56.866783
1.2409422
56.47396
39.68653
43.962017
97.521965
43.32569
80.37636
53.66393
28.792862
94.531235
51.640614
57.301373
94.96627
230.52011
164.3008
107.12527
71.00563
0.6318029
120.84634
60.980694
156.43373
55.247246
51.973267
18.974815
19.891766
53.398735
149.4208
19.072786
19.752394
62.411846
46.703938
16.18971
67.49225
167.59683
6.346379
47.297146
117.496864
46.05413
80.99412
37.729073
105.66093
9.726426
8.1941805
145.34976
94.451416
71.863235
1.3961662
11.840848
27.440374
17.009212
45.596817
132.79051
43.076992
173.04843
148.35489
99.08034
160.81296
178.57274
127.66068
148.08806
47.769524
13.546965
62.78597
48.305504
21.089283
74.28359
78.56583
161.50478
99.93952
130.36893
49.55786
72.294876
134.4675
77.41481
190.99448
105.70984
10.183642
21.854536
10.140612
114.87981
69.856445
46.897285
81.93191
84.70717
55.676964
88.33071
181.8088
49.172752
78.91272
78.921036
160.32867
45.463524
99.06279
37.852337
16.394743
48.17025
11.570003
95.125885
51.877174
83.20512
42.493347
145.6588
187.31848
20.29984
22.361797
25.847393
70.4261
105.31675
35.553734
24.17551
7.6278663
9.033449
1.6222477
70.22088
58.454365
132.70102
77.075836
59.359642
84.28238
8.340515
104.93585
61.90113
27.578808
37.36015
18.458797
8.455595
23.91824
16.051172
18.931814
115.39125
77.675385
24.969194
20.091444
34.550316
48.02907
67.4727
91.95546
1.2396628
54.733906
123.04823
224.55493
21.02821
65.45015
106.0698
127.93447
47.667645
176.95592
46.5624
132.50235
7.153566
44.065857
123.92125
54.996124
100.0531
82.78259
11.597206
121.34328
63.37423
76.18184
49.439114
38.891106
41.737213
169.69072
172.77037
49.93257
86.499245
207.04309
94.978
71.04149
66.184975
81.520676
17.77606
209.09586
46.932186
55.84554
50.93154
2.4396355
7.3141036
13.719526
14.43721
10.141224
14.71697
15.1869335
98.89519
76.20389
5.885879
57.37095
110.7852
79.80814
71.77345
244.63957
98.75908
43.367382
43.510735
55.804573
47.861492
100.669426
79.0542
130.14812
46.255196
90.35903
99.53864
55.188545
152.34799
86.53812
54.19036
45.287907
112.18971
12.832724
83.043236
72.44667
55.40496
120.77344
92.29858
159.65607
11.392515
23.313946
14.058329
16.392282
59.817486
41.89222
17.939228
70.910904
37.111816
4.379537
21.895662
14.7841625
80.55741
150.23677
70.65073
10.84498
58.078625
42.566967
26.453613
44.76838
117.09879
15.352188
39.027542
58.38045
62.21232
80.95451
168.6857
51.038292
20.019306
29.974522
72.40263
87.82709
76.17127
157.55844
13.143763
23.551992
65.841286
127.95198
48.570683
42.342514
55.197357
22.36636
21.287344
94.43766
42.21868
0.9845241
12.261663
100.66017
38.22242
18.095423
57.45121
51.083214
88.97994
49.33397
8.028871
18.911709
25.794943
23.962688
8.247385
161.50368
112.008194
42.637516
128.70886
156.93954
57.408264
149.3564
121.37382
95.32277
70.3508
36.165806
81.46077
3.7984982
115.83533
105.47367
66.31116
120.514786
132.65826
106.77431
53.682495
162.75865
67.96724
123.06333
20.478176
129.57112
161.65567
138.43263
44.344593
78.0569
37.292744
79.90265
76.40703
101.898674
88.73051
174.75504
116.39911
47.35717
57.7948
19.203876
80.15408
136.77695
20.723467
51.156673
39.36953
20.564636
13.439375
15.7959
78.22835
105.74867
76.51139
48.456272
107.1488
109.68691
55.105824
179.69559
46.289036
58.501503
122.750244
35.38964
57.56602
59.254475
14.526372
16.60571
26.008564
58.495342
110.669655
148.45601
74.60311
37.70796
75.66261
120.20068
86.784744
8.214646
10.557001
83.0885
40.573704
82.321335
12.913414
26.44321
4.0134206
48.61962
49.199455
15.790324
21.128605
58.974384
85.7666
154.188
156.39749
288.42462
90.85209
148.64906
154.26804
59.632812
145.73047
161.32895
92.21693
9.519623
146.5455
111.85531
15.46564
52.73567
56.7661
5.506385
135.23174
101.5779
111.371704
157.96744
65.9948
85.29459
66.69192
95.444046
51.565174
157.13145
125.21741
119.08617
23.330164
43.84325
138.89412
121.57562
113.69298
37.75891
101.02247
52.49218
46.495537
132.74127
130.25772
129.27895
73.449
191.98201
119.142105
26.242136
25.436565
73.80419
50.035954
149.41623
35.681057
6.1972814
10.639414
2.9285269
181.76295
46.075333
45.520443
34.59269
3.0225532
36.49218
6.1264453
45.245216
56.34658
20.38508
59.82546
56.260033
110.16349
22.885874
62.426765
111.72622
38.80384
53.12162
37.133606
125.69389
127.250656
40.06413
29.45084
38.297478
25.169788
18.105625
17.380009
9.185834
39.150036
38.373512
29.365005
116.90196
112.962685
125.507835
78.94515
42.969486
104.26611
19.274506
80.032135
82.573616
108.11283
62.211212
37.06847
49.502846
15.616186
27.405682
46.898098
5.813992
104.78391
127.28429
120.06581
89.39942
116.612816
121.10403
172.98772
5.3651533
58.581116
57.39463
69.72673
94.65666
74.52562
44.592224
46.75064
80.622116
60.48839
71.2431
56.05083
68.41087
81.2564
54.90014
7.590575
80.91604
93.6389
6.564911
48.264664
80.453514
90.14662
55.447838
41.621353
172.32437
7.919108
69.35414
66.045135
52.392467
39.784138
6.204809
40.632545
43.59528
90.88631
5.728915
18.030622
55.719048
24.611492
91.61402
84.712875
53.554955
59.455055
263.94135
218.86148
0.74655545
77.40413
38.07344
120.01288
140.9661
37.867424
75.14497
112.71352
190.12268
99.7665
63.777607
63.53119
74.99162
113.383865
16.644014
74.565796
17.736185
48.484245
14.858347
11.224368
43.72696
185.45935
162.29875
83.861984
87.368546
9.136803
60.51604
16.825907
16.866213
10.157905
20.845566
49.46318
128.3099
63.435966
104.52384
3.1640458
1.5168097
8.173356
84.64798
47.992863
2.5803769
20.644253
24.421217
50.418713
46.80278
79.57014
122.56101
108.20595
18.545
62.598164
124.79042
168.82712
131.27995
63.362072
106.27895
109.07595
100.6194
160.09488
27.447186
4.376409
84.736824
81.899315
118.743935
96.43965
150.58298
16.513119
68.52776
96.39563
74.19564
111.75566
46.852905
7.9713883
161.97359
132.23135
173.4572
93.45671
129.7743
146.3215
20.547436
8.072121
101.453354
125.16426
57.641808
103.27915
5.743577
91.45617
112.911705
46.44068
79.69735
14.070269
95.90883
120.891495
10.022307
90.45436
90.86614
8.582359
108.4317
114.23264
59.753143
1.6969805
46.02845
57.5429
160.17155
140.99326
115.09337
152.41934
69.086105
141.66357
45.759377
26.879093
16.239426
58.47282
50.049442
84.76937
42.67872
145.97145
51.12427
43.50725
40.714375
39.842884
85.22255
87.16868
113.854294
2.0225291
66.69239
4.8087244
128.16782
45.526333
74.18114
120.81061
142.42117
40.85322
104.742516
72.50791
59.168285
178.882
86.968
90.85888
132.70775
98.39804
104.037155
0.7632865
92.81595
23.847767
48.74019
15.927363
61.668835
1.1514622
60.35752
71.05639
67.33634
114.372574
130.54216
22.7178
62.92864
114.38474
127.12595
5.3721037
23.737299
66.43598
11.370469
6.7123604
6.783475
57.67383
76.724365
114.560936
77.264114
35.54873
63.68157
39.87738
140.42314
24.00456
16.677898
25.021257
68.80416
12.296148
12.389973
54.399853
81.31956
14.49225
66.44714
98.02036
12.62492
56.107643
105.12126
54.397034
74.40422
62.271935
126.08836
78.08591
40.184246
0.91055566
70.605415
121.09099
23.623352
14.360684
35.45364
58.70397
39.867897
46.422318
11.695469
72.10103
39.18502
68.39332
3.2524838
104.71944
140.48924
54.743103
125.71216
104.976295
67.56745
184.14926
143.35002
86.85155
86.028854
137.57089
137.9538
181.65613
172.43814
178.33865
45.545612
22.475155
36.48423
9.573864
55.799385
37.247124
15.61629
31.770227
101.9448
86.803696
109.5734
115.87136
53.00772
140.08405
98.11587
18.217556
46.40624
10.09349
52.549053
68.345245
8.974992
42.004955
80.24723
49.218914
90.11924
83.32784
47.60035
9.647917
55.662483
87.96152
49.398163
163.73709
79.47494
168.41435
39.827156
45.174347
44.978386
75.31981
35.691746
72.66567
190.01117
2.6520104
20.28757
26.615738
118.21987
43.56627
87.29469
103.96389
82.83339
65.89677
18.212086
73.66213
121.18152
10.168135
2.437451
70.279144
58.721382
185.47246
7.072747
48.728325
16.614155
44.617073
84.70646
82.87423
71.43959
77.40132
127.9164
107.60222
37.747227
3.8700173
13.0573015
11.857084
18.542088
9.58145
81.28559
105.15315
19.060486
23.624363
77.82865
82.55616
51.62446
54.62792
65.675735
55.986805
77.21175
51.139763
91.63486
87.229576
141.09409
11.891445
9.6651535
79.70919
21.589108
203.267
199.31339
152.38666
173.34323
57.23659
106.57241
80.44844
105.730286
70.241806
72.094666
9.624386
28.647476
85.242584
38.558876
41.30845
58.145958
56.520935
79.265076
107.652565
76.74293
86.506424
125.74156
10.916905
107.191246
122.9678
72.53871
53.626823
124.13058
49.580654
110.10117
87.38081
17.58527
13.001846
79.27838
39.438126
18.887493
73.269394
130.92953
91.87214
81.73676
45.203304
0.25932685
47.760365
25.975077
93.62813
95.3232
87.04856
32.30642
128.52643
10.3355465
90.61725
41.930553
56.050526
58.489674
55.30425
54.825287
10.50242
20.655844
21.635286
95.1619
266.0329
11.514
80.58614
107.76107
66.3476
93.3945
68.46577
124.032326
133.52606
59.86654
102.22296
60.124428
110.03386
113.63194
106.58948
96.580956
142.99905
66.30107
66.89777
14.730492
121.17147
138.37177
69.28801
128.12784
39.751247
10.654356
25.833729
77.90367
33.69906
97.00077
