525.97766
48.455147
52.17265
89.02195
97.822914
158.7487
181.30522
170.21173
104.140465
144.87834
98.02784
93.52638
62.815727
91.17077
74.72964
130.77895
114.47642
78.03175
147.67746
127.16392
70.369545
52.348717
142.12263
120.65879
76.418045
3.3711784
107.37158
81.00481
118.26863
47.91942
77.14301
132.28232
43.839428
135.38605
47.26483
46.859966
175.3298
70.097084
70.31005
45.76371
40.554
91.74449
76.6062
39.50741
43.568764
104.06136
109.13606
90.47237
49.75721
82.03432
35.735706
138.6406
212.03181
175.98697
209.26167
107.0932
38.152203
107.6566
133.85986
134.64154
138.90201
58.237373
46.436928
87.87877
6.6096296
74.414604
72.42204
103.621506
36.11774
37.507675
108.25124
203.54082
35.89836
40.811554
369.80136
196.17188
64.82759
91.04435
60.386787
105.235245
114.52687
191.85829
149.1097
88.470474
121.33047
97.71712
185.64383
162.02948
188.95227
112.229324
89.96788
93.63818
95.5413
246.49373
200.99362
128.16986
90.767975
129.81729
119.49746
129.47069
143.35757
230.19014
208.64066
42.908024
127.94281
165.53665
224.58682
157.19644
72.453
49.100246
117.52046
69.38983
121.45506
72.7675
156.35634
150.16776
75.52329
90.263504
120.34847
69.593216
8.596151
43.088768
45.394936
77.61174
106.86305
35.609447
38.195347
30.784359
71.68088
43.72053
226.08455
95.07797
71.89821
74.06088
44.320866
88.66639
40.10712
48.868336
117.705185
92.699425
80.18211
110.63395
34.374977
74.92981
174.74843
141.82365
78.29745
37.17822
47.069557
84.114365
62.094643
127.15163
104.58246
0.964443
127.75488
95.02488
118.05226
142.88754
121.6223
148.16635
139.3888
87.84808
142.74367
34.982594
139.07124
108.572495
129.63895
156.80672
74.96251
73.7021
35.932415
45.432087
73.569
67.66276
112.365074
117.70254
89.08126
168.3734
93.02257
47.6361
131.90213
113.25187
144.61299
106.660904
64.24581
45.545788
179.94786
41.27047
72.41235
1.0887291
103.58346
77.48133
70.7659
37.773094
163.38745
84.32222
135.99998
117.37352
101.53923
57.26477
96.54171
116.84255
182.08276
81.63791
108.57312
10.601939
163.1203
18.03219
88.44972
2.058721
12.886383
85.553986
38.40921
73.2948
19.936672
136.1231
83.03862
48.84678
75.9482
58.68513
229.62727
106.94307
127.81825
83.540886
18.113804
114.097946
123.10481
185.5107
179.32997
111.35191
118.04795
130.65115
63.35631
254.57158
241.94934
38.571247
131.51651
274.0113
242.6916
139.16002
75.523636
71.69078
84.813126
127.93357
87.45122
86.713844
85.826065
239.15591
37.070316
68.07502
26.162083
19.11027
77.72733
115.970665
108.179344
157.59981
75.01004
29.585484
56.237373
11.087116
61.122368
180.23323
73.67519
72.484726
68.62477
90.784225
75.571205
81.37717
143.54836
79.02449
128.38364
60.91457
75.02516
52.285095
75.118004
49.836388
38.1435
73.85232
74.44032
150.04727
87.186424
120.56179
147.73276
163.24669
110.80515
122.766495
54.067028
131.38266
127.2166
51.86387
36.66523
101.39551
171.66263
36.739998
70.462234
144.92545
68.71837
130.74026
112.51109
84.13698
59.88324
210.66508
88.71112
122.128685
137.79532
57.44622
74.116615
131.69011
37.043465
50.31604
178.05035
275.65738
175.94424
161.99023
128.43028
72.696396
36.870308
139.02127
41.087868
89.192726
281.8039
73.48509
50.73571
53.04194
64.38077
82.3875
89.82811
38.173496
39.618214
122.98718
246.1025
225.98076
147.65773
118.79769
50.497643
37.44236
126.076454
121.252975
107.05867
39.210068
69.09677
76.44208
7.477056
14.224182
40.23078
152.57932
150.13516
80.392265
181.50826
170.92805
112.536354
102.21376
266.76685
88.76726
116.656204
92.98767
40.828293
84.56543
107.26992
119.15812
46.95604
67.336685
133.91121
35.685413
45.885822
58.562218
30.993555
0.5104343
54.40809
177.79628
333.47687
129.19206
79.65871
144.96657
114.357506
91.670456
123.38505
73.72348
49.35189
245.55566
134.85422
227.3002
168.99988
173.55702
49.5216
119.37203
77.612595
188.75107
87.18259
213.82224
260.44125
233.65263
182.90828
93.95351
189.66487
129.42854
102.400345
40.37324
165.19106
96.63307
57.38961
93.72098
81.61418
262.08417
105.194336
75.05546
76.05968
98.80704
79.787315
76.474236
52.88674
73.06145
146.68752
104.63338
196.69131
70.64993
114.946884
138.57132
81.45311
156.52293
159.98611
124.82436
19.049591
61.170876
82.61375
107.09249
80.70323
41.730835
116.47085
134.61864
303.895
91.36986
71.97499
174.56787
95.217
44.875195
37.028774
101.64943
82.62136
40.047256
74.46895
149.92343
48.8186
108.40094
40.33907
41.696808
120.1958
53.885277
34.536453
85.660484
81.23035
82.2314
78.12073
148.40016
0.34692755
99.09754
31.009192
88.969376
77.7521
66.502304
0.80493844
152.27554
0.06598725
78.51741
123.672325
73.776825
14.2747755
63.943817
21.722193
86.994255
131.07362
7.277356
87.061005
140.36064
56.0932
4.0145335
166.43788
141.47314
184.16568
181.66736
126.04398
96.986786
160.2881
149.89722
90.84474
98.86868
81.0885
105.12547
48.752983
112.06636
46.210403
144.492
116.61223
90.49201
77.651535
184.0398
167.62222
74.175354
148.47752
11.20517
8.568166
33.09855
98.683205
52.00647
104.35545
121.21626
47.105354
63.942543
43.79566
101.24796
1.3378291
48.655357
152.40273
86.80234
72.47309
42.31965
0.05104993
36.12339
40.91573
113.64803
121.8444
77.34404
153.25119
71.03139
36.15473
111.23788
152.90689
63.876415
170.08191
185.70459
78.67772
83.57121
156.4112
73.208466
5.6992617
12.339388
58.326458
83.28612
164.82129
187.1196
107.404625
121.390396
288.28613
162.30138
76.92296
42.609657
71.3701
81.50327
210.41289
136.19633
136.4255
81.68099
77.475716
75.87412
16.33914
30.634441
35.201267
12.3418255
54.338306
91.47131
52.813087
70.48216
80.44362
73.503494
202.67065
88.05298
94.09744
39.75947
71.42168
77.94901
17.074444
81.81407
105.837234
94.38278
112.13058
56.363495
66.623886
33.694653
142.65085
77.47722
148.04863
109.4124
125.64807
74.13749
75.75673
74.36894
13.881041
89.911476
140.83249
71.33967
14.909491
57.798687
83.55941
141.49962
151.61221
121.793015
166.51712
67.99111
86.02477
66.75144
56.74172
4.669092
5.206981
75.24794
91.59401
8.819632
34.77955
69.52256
3.7501316
0.74886394
8.142542
6.070181
156.28459
76.96741
86.15134
120.783615
88.57814
88.910995
9.421008
80.09086
108.13025
45.758854
276.96808
143.4299
71.891495
75.00422
37.659363
33.509712
95.48849
108.32881
22.511887
72.48037
125.33826
90.7672
131.06853
0.14766043
33.823654
105.427795
144.99622
94.429665
136.4987
102.31586
81.23363
58.185303
102.95432
46.697533
74.293945
148.87276
106.27727
21.908993
14.536122
50.50098
194.84518
223.6987
30.924664
131.35359
41.605984
82.826416
67.01799
81.77342
85.65242
128.79085
81.441444
117.830055
82.89308
166.7797
107.08419
57.15266
36.293118
134.76247
306.1105
103.58905
94.25528
65.01693
55.43203
137.70474
72.02254
159.80235
123.06962
72.69489
82.53716
213.26651
82.63188
74.06567
35.86298
170.3486
134.72066
47.965126
169.93098
135.49448
37.65383
151.87839
104.05074
72.6526
154.60686
53.738537
66.09713
11.289682
39.30436
252.5881
96.71071
140.3812
153.75842
39.63414
78.12509
215.3969
203.89005
167.06093
122.72284
108.08522
81.68944
129.14832
140.47083
55.01642
48.963432
159.16122
137.70474
86.55452
211.45895
175.551
302.25955
34.674297
13.029561
96.42933
38.26063
110.88668
82.52684
95.3019
87.653336
76.60931
47.473183
193.99066
114.15818
85.225204
217.0734
252.59367
62.641136
139.07698
90.42949
149.08217
128.34467
142.58401
167.2567
178.39798
94.29911
170.42194
82.33818
152.94972
48.117012
107.58254
124.77189
64.17575
109.81543
89.45235
62.01541
68.38686
119.39479
76.17923
310.6267
291.82852
225.85446
126.98456
185.71024
113.290794
38.56999
49.760323
82.48006
46.406525
223.70044
54.777393
243.99553
5.490796
84.76649
137.90718
79.67486
110.120544
35.998672
36.814888
158.447
113.46189
202.96863
195.20406
72.019356
37.010704
122.97505
70.84596
186.92274
184.32791
246.61996
186.4227
210.79305
141.91667
109.18966
64.103035
136.6718
250.92082
334.67157
229.92444
172.02719
99.74562
138.61812
75.728455
70.02236
129.19325
93.371605
76.27868
92.986496
149.82927
153.23495
78.50089
81.94948
129.19034
110.16316
149.75223
36.08994
38.875786
71.38215
36.755116
172.87009
137.07242
40.91328
150.60904
37.745937
0.077206805
40.550552
76.8417
107.16789
73.01057
54.998432
100.476616
109.107285
43.204983
64.42221
106.71307
101.706894
38.084496
56.860817
178.35031
37.96376
63.5771
147.2837
122.88808
129.74384
67.073685
129.99644
155.93588
215.06384
33.089146
4.6714
6.000317
131.03233
91.306435
139.08488
42.489067
0.8644923
117.28157
206.55806
138.2134
108.034744
102.77704
81.455475
46.672207
234.01741
143.24013
226.09985
79.02773
46.14631
34.138737
60.102135
287.75702
119.191666
48.58676
99.18576
126.99217
104.10587
79.97965
70.963585
118.593666
83.88435
21.44074
45.23937
84.63741
104.771835
219.68623
161.29605
55.707966
280.87726
313.4986
186.99396
186.47787
179.41908
77.951706
110.79177
88.84256
151.16617
186.4916
183.57599
95.82298
68.057816
103.55863
39.780647
70.85093
156.67252
72.559364
146.60414
99.50063
215.67102
73.587395
117.7347
73.27929
37.03198
62.79641
32.98821
121.56777
53.72331
142.79617
0.8294409
35.78751
46.913536
38.47587
103.17092
117.77997
68.80339
89.768005
88.85753
85.01994
47.652676
116.353806
86.38746
109.49082
106.74919
11.3309
205.2268
215.61252
253.22922
9.004624
1.2538832
85.9937
66.981705
69.586105
111.42252
54.24187
161.85983
120.141685
133.84192
150.52345
122.40422
38.646828
46.47371
143.84439
74.901405
69.64806
105.14403
87.328285
67.102905
37.778748
102.40774
45.146255
34.333824
35.02095
239.83499
87.60021
174.71593
194.19586
131.14828
105.34817
63.598076
67.40947
66.834465
104.96199
69.089096
40.86339
2.0372186
81.74431
146.94698
106.42808
111.07518
138.59561
41.120415
180.48116
89.45691
138.05815
67.69
36.810646
81.75124
138.75621
44.535217
53.920105
42.511497
35.3139
235.01013
84.696945
63.286884
46.679066
238.45987
191.13145
68.1981
125.37649
206.14444
167.21043
124.26941
83.92569
96.692375
68.78869
165.0672
137.56795
193.15378
49.615913
38.04037
106.01579
40.16964
47.060764
137.04608
92.884415
235.75179
134.21555
62.032722
67.802536
50.97521
70.785545
29.450153
47.452667
47.578056
146.12363
0.31855202
104.527176
186.38647
181.7132
195.86969
338.1389
188.19751
142.98654
76.20569
38.300217
60.922718
190.03215
36.695515
62.796368
69.99904
68.047714
67.221245
68.384865
115.888466
154.23257
98.71183
64.79338
42.258892
69.192154
53.96006
184.28995
194.69968
115.90497
1.7593501
60.410583
79.134636
44.754448
39.626297
34.219215
13.104938
33.824215
46.129707
124.67505
54.763916
54.819763
90.7018
71.106255
35.986774
81.06621
37.263153
101.38005
116.55951
47.256577
36.74884
36.38726
170.89815
34.190273
73.21489
76.50928
117.4163
126.284035
72.75366
65.74878
180.31958
113.92578
12.215184
107.21181
70.2173
117.762375
11.227168
12.010748
95.60536
180.54352
210.86507
47.554253
70.902405
66.325966
49.376896
43.843494
69.06437
97.70995
1.571758
14.376488
143.80139
166.25754
19.846401
46.41468
98.573586
75.31984
1.0916175
78.67638
35.748985
111.61581
80.130775
37.253654
107.14341
71.84769
92.43253
71.53902
42.220787
44.258396
142.63788
47.9948
40.920425
44.22974
167.33893
0.2171869
34.90665
156.92415
73.443726
116.15393
73.44774
46.399902
0.5831133
83.30239
226.47672
155.09366
216.78171
180.96593
175.37675
43.400497
195.1598
199.1915
85.009735
48.05058
37.149956
124.34746
101.53352
30.283499
237.60616
38.720665
21.989166
96.89756
177.92104
262.8832
139.71388
137.88641
117.839294
75.62973
105.12516
89.54293
77.74416
11.52635
67.427444
0.19745736
2.9015644
108.262245
125.7359
99.43938
69.20645
103.85288
81.92746
2.8712764
0.7107673
33.14518
199.27452
99.77193
184.76024
132.29164
133.48132
164.67305
97.227684
113.2077
10.787397
35.350594
122.32866
148.32443
69.94652
79.49401
111.01105
128.19778
85.966034
111.01744
39.27497
78.996635
38.532093
37.364723
176.57652
48.72842
156.7936
129.7491
168.1665
71.4318
127.171486
126.12235
0.9668959
96.42487
1.0607349
43.574856
221.41899
59.57749
55.013203
63.913933
145.55316
109.07894
142.34357
186.91852
20.209097
105.24162
104.952126
154.48642
95.63298
182.3014
87.19553
108.51001
0.07194406
0.40813485
0.71658736
74.20443
56.382824
102.61369
42.268112
49.998806
147.86472
191.7321
293.4618
152.60925
223.97359
223.80913
52.949585
115.74589
72.22155
202.85602
10.55673
97.90851
70.92947
191.51859
47.728058
47.0846
83.15288
126.34751
120.55141
46.5484
155.57236
117.40202
72.78793
154.91373
121.48042
190.50217
76.7616
139.25345
73.77305
116.31484
178.58896
94.49534
116.690506
97.03971
46.123764
106.2906
104.99691
166.8923
85.44028
119.13606
120.83008
99.55903
93.06014
78.08917
104.63689
241.10515
256.16556
148.7951
176.9766
142.06094
48.52009
143.6987
87.18827
54.318737
178.2515
289.55118
214.91568
165.80669
251.93054
162.68324
85.664665
89.91441
46.860584
40.51635
47.47622
43.80396
159.275
100.62056
73.09031
68.60917
72.869934
58.587757
46.50755
82.5794
140.49084
79.256714
41.34179
75.8502
201.67476
65.066635
0.34420016
0.35882282
164.5411
275.9249
70.43005
27.079443
43.050232
45.10859
80.04845
13.194957
24.350983
156.73825
151.60637
196.47217
58.814217
122.120926
39.306725
73.15805
129.41434
84.44878
161.085
30.838657
240.90201
114.45288
75.37737
10.976965
77.56142
77.213455
132.2418
120.4474
129.76468
199.75629
123.60746
99.75787
88.79906
88.23157
89.12558
226.20284
52.59545
44.92298
116.94005
74.000435
136.7175
0.80071545
10.657309
78.30658
155.22182
15.85372
59.679802
124.91292
84.06591
23.219263
66.45033
89.001625
73.40407
41.24592
85.68445
58.481922
117.09171
37.843914
235.26985
147.3024
126.86278
37.278435
108.61757
7.538048
60.625336
77.05009
67.38353
210.16768
11.641391
102.85304
0.9415177
45.6376
80.834335
139.5631
87.32155
191.67581
326.04364
198.76411
82.60091
189.38077
62.3201
114.371925
79.82556
8.425796
143.62746
112.04506
47.726173
130.39497
92.74018
111.390175
176.8971
117.81258
190.55272
199.82352
102.13678
54.27392
118.605286
86.38774
4.558837
103.74784
103.38552
73.94953
157.02376
37.425354
39.9569
151.77032
56.498253
35.379845
200.14333
43.781075
98.809875
25.863525
138.2989
238.89778
32.142372
103.76256
68.92917
43.490334
57.33548
160.05502
60.9416
183.51582
132.5374
145.9307
76.88871
113.617065
79.31323
105.82076
113.64661
39.575962
40.328255
92.423645
38.160175
81.017044
82.360794
37.25173
168.96384
43.36251
86.62697
171.09502
157.25645
104.955345
128.03745
55.224163
113.419876
75.56238
82.10573
255.49483
95.18636
35.899857
146.22057
176.95792
190.44485
50.908016
0.47524816
138.28535
137.1232
98.76664
92.77037
124.86802
126.21391
97.09007
132.89926
124.25371
286.2449
260.8159
68.75728
190.07675
71.935684
120.96499
143.55142
60.245495
49.073856
229.39316
113.93284
138.94897
166.89874
268.81842
22.428753
73.516685
39.823658
136.96077
48.92452
35.65429
142.22578
84.14159
67.80168
74.6873
113.84487
124.47361
38.244343
71.30457
144.42078
79.68276
70.92947
104.07047
36.58429
184.53244
73.76448
112.63713
75.82767
195.62186
120.41896
49.1137
49.620438
77.32691
108.79028
94.06096
73.96773
89.90828
48.534035
198.44547
82.95238
151.93901
197.60312
112.555565
70.89003
89.66435
282.32117
60.611958
53.45871
67.28975
76.08519
43.201775
72.65975
178.27945
191.20174
90.93936
36.7191
73.33566
61.36137
137.84355
81.30968
6.646914
151.66673
43.99968
40.771034
78.50524
2.8116775
202.82993
114.18691
172.92247
46.570183
248.30034
81.57765
2.0949862
35.654713
108.16038
89.66202
111.200806
136.26767
110.38068
35.93353
137.57094
34.404366
14.921786
44.29904
90.811745
234.05295
124.74019
176.71227
50.51464
73.76033
80.521286
127.05204
141.5945
45.58984
36.42646
74.91745
91.92406
47.29841
93.27718
54.32833
82.25006
39.913322
108.71509
105.13701
164.02786
117.32371
84.40606
57.822746
80.89578
66.677895
157.68005
105.31824
131.66953
40.59542
115.26113
180.70006
108.443405
74.43052
71.42947
147.7662
108.98244
67.57224
129.82195
90.88548
118.30499
11.735372
209.89583
74.6317
145.81923
98.77658
126.94037
57.386078
82.71364
40.08973
4.145002
95.25978
71.836105
48.34565
64.773125
34.8263
83.308586
189.31921
221.53586
258.72797
242.36606
332.6812
216.32544
214.8447
234.02124
192.90378
87.66762
99.56036
80.894585
145.25772
128.46103
88.18928
52.48069
52.86794
190.44438
152.78558
107.81155
232.03938
253.23898
223.47507
67.99752
87.490265
94.841
69.38191
299.07217
228.87544
8.632804
92.58551
222.6702
131.3324
72.82305
69.2578
206.9854
139.48636
138.88577
141.73958
230.66646
263.0844
158.96391
138.32312
115.02866
195.52928
72.41518
125.57489
134.23726
85.73063
110.57926
244.15446
151.2988
76.03515
114.659164
1.7729362
2.8335528
40.17361
108.323715
121.31807
41.296944
88.09413
113.00028
209.11307
20.08172
48.534195
83.055
189.0236
95.036255
167.10915
95.227554
82.21123
241.90628
34.383427
56.865974
196.37141
125.54427
105.99831
127.80986
20.353178
121.94364
87.0415
116.97954
74.24956
76.962166
77.64345
33.606503
153.14053
77.8156
140.02689
123.95005
21.524664
153.9739
151.4037
157.83041
79.87575
137.45175
80.241875
94.401184
10.528796
1.2856685
136.70963
246.13533
181.84149
71.70804
74.92713
123.42406
82.804596
37.740715
199.43408
203.12485
395.5127
0.666433
33.886093
44.346786
98.29204
36.612297
184.35461
153.11731
245.74223
67.55553
183.26276
84.62403
150.3022
124.600075
58.47576
183.02902
79.982285
59.246582
50.1262
41.48904
136.02711
226.89436
230.54773
52.676186
115.17883
174.09842
244.18681
358.63797
218.22592
205.22559
152.6292
90.396255
63.685413
106.89376
101.162575
68.216965
34.076637
50.176155
92.88441
120.30959
42.02216
82.42437
113.946655
67.71995
85.191086
63.54479
85.490005
67.89556
46.522514
45.498154
73.715485
226.12415
161.98021
289.59494
167.84186
101.43929
170.95865
42.837223
81.14162
88.40914
72.1414
82.103645
135.46365
111.12842
178.21423
177.38174
341.64435
251.67368
278.0245
346.07034
212.03943
190.92392
207.49222
246.59106
134.03078
86.12363
201.51668
170.5633
106.52181
138.15637
61.72399
106.046585
172.66621
67.2588
68.49837
74.0341
164.63045
52.26115
35.97236
37.81573
196.86577
109.87984
46.913292
114.87394
34.951256
55.441444
48.380756
89.601135
84.097664
34.450424
45.13002
20.570223
24.68062
95.95235
135.85873
109.66549
79.06797
47.424725
187.44714
78.570114
61.816376
12.269041
47.793648
124.27659
160.5481
110.97554
137.3312
97.7151
140.0006
105.43913
97.03185
162.11732
155.57959
137.27316
92.61062
108.68968
35.69479
128.77304
130.84286
100.455284
109.53477
81.09339
43.76781
2.976269
78.765366
107.02724
126.43945
87.94071
133.78574
131.64009
78.97305
13.577054
81.10864
104.78556
67.43001
57.773766
140.53104
71.197784
209.73225
108.14175
109.27342
70.73265
13.961853
199.62485
109.91579
110.48849
73.238495
71.90974
134.08168
64.58349
104.794205
57.863518
197.26096
177.2049
149.01492
77.55486
115.879654
106.931114
56.796722
183.71817
131.57376
159.03975
122.140686
66.215965
87.14661
208.17143
139.43741
59.72528
102.7086
72.73922
57.196342
142.07278
27.8591
90.728165
148.58278
131.17693
110.729675
113.02293
75.59507
7.294603
42.550858
13.337987
13.75148
92.538284
44.967506
115.14598
138.50484
88.96551
92.997215
171.82513
121.60313
65.62498
292.17276
228.63286
244.30974
166.3131
150.34254
38.757713
24.659975
151.8786
70.11018
139.11041
184.46153
107.44584
75.56253
80.62664
172.23573
173.97966
154.84741
147.98091
75.91812
205.31425
38.84914
185.39078
72.71978
0.17358045
66.344826
89.90861
119.34389
233.06079
177.50539
94.45903
34.824043
170.10071
191.82706
168.96173
38.004112
127.47522
50.34539
22.702833
28.157654
161.20189
59.394653
89.43111
159.2695
130.75916
61.00691
187.61829
79.086655
31.311111
99.22344
113.91966
71.9026
68.09004
357.4868
92.34169
203.2953
81.34879
50.1156
72.223
137.42282
40.41048
68.905495
118.67766
157.06937
130.15558
217.26689
150.3884
160.50485
73.1486
100.78671
180.79514
222.8791
298.8818
155.75497
129.16623
83.05859
88.043945
143.00468
3.5306084
14.618492
97.98113
215.43503
285.38977
146.58554
110.21358
149.14516
124.72495
66.09205
457.13702
256.56537
35.27468
32.381187
132.66422
30.093204
28.516031
119.60427
14.20159
85.68107
129.53671
37.3647
87.6848
142.42146
108.67654
107.7242
85.65617
145.50716
233.18254
123.72603
128.28308
123.41545
148.53464
121.95908
194.9582
145.0926
56.032845
42.251358
133.2244
149.38498
62.78512
144.33005
79.97136
114.53951
120.422806
71.335075
36.335735
108.877304
76.55764
119.75441
124.20448
90.68974
204.51256
145.27551
73.174904
82.534744
80.602486
84.49655
82.01975
11.824078
74.09314
76.06492
147.91747
119.035805
22.303967
45.653328
96.13588
12.961223
117.48738
94.00266
176.23822
139.14555
208.8267
156.2156
17.226019
89.630394
37.20806
77.002594
134.26846
163.05435
47.012554
136.71738
82.395355
109.00002
30.131235
37.18914
100.109695
71.72764
138.63702
112.3524
70.315155
136.09737
165.81355
221.681
291.34235
128.52011
133.70618
155.4556
95.60969
12.567442
32.551094
104.72487
35.606415
34.31476
113.211464
39.98875
112.76017
77.51543
331.09738
259.71344
194.75204
96.44185
113.047165
183.44882
202.51163
157.82433
130.33209
151.62273
89.33087
90.03273
82.68492
173.25346
71.55334
69.59053
76.97679
120.23016
73.15094
126.06425
84.350586
174.17703
127.15879
144.6387
119.2161
98.34395
110.5238
127.96537
141.33992
74.240555
110.20237
142.8536
89.60954
195.13516
207.4952
262.50708
73.42512
79.13036
2.2768252
183.62634
110.164536
108.69761
218.84904
83.53906
78.37415
31.33669
4.5066347
79.10524
78.1976
40.586464
56.381603
103.39455
110.23291
104.34224
173.99782
250.83374
94.93547
154.4888
48.99996
157.2465
67.77859
73.46315
48.52257
75.85957
124.54445
118.01982
127.12056
186.12254
34.63776
64.04738
305.06937
219.25371
66.05953
288.2078
27.317987
97.560135
41.59906
82.28638
0.5632747
44.47869
75.80018
130.76744
86.903755
171.94394
90.82206
140.18767
36.92294
107.56123
142.23862
28.697058
217.65071
21.464079
77.472824
104.92198
70.06135
49.574852
82.74132
6.1989675
147.66028
39.646423
152.27849
133.57684
134.94138
40.69783
150.54848
17.956959
46.974895
85.9289
73.08114
117.52932
128.64413
79.96095
37.449722
77.19779
61.09847
239.783
68.4598
178.45837
26.436016
66.9825
178.85269
169.37651
158.85826
227.94414
132.49307
123.71255
147.275
139.9171
105.42397
107.87956
113.37228
0.3034371
146.33313
100.646835
66.350815
91.917114
61.170673
14.206736
98.1488
67.000244
71.21735
122.29873
140.35501
64.09348
65.973305
201.39279
100.2046
221.8304
159.24622
140.91238
239.52173
13.732725
117.81734
137.17332
47.107536
71.48028
71.867615
75.028694
247.1937
1.3018647
39.51098
37.783867
5.911889
256.1873
51.771168
176.30594
1.1865051
65.92011
148.4622
85.9734
35.993286
150.00983
102.78929
130.44264
148.41586
156.3366
141.30867
131.45496
177.90488
29.681793
160.4931
69.47376
122.26266
126.990906
51.33477
85.15383
73.08214
112.26808
82.20596
59.194103
111.17014
84.65437
46.107857
70.16602
232.3016
226.396
81.13322
35.176384
60.44206
137.16486
216.99829
104.53981
105.07654
36.49238
136.418
117.681335
146.46054
50.711067
68.48243
101.23452
68.423836
35.39474
5.008239
67.15499
96.26946
85.4455
97.2979
11.029272
45.69936
104.07243
123.466576
2.220214
43.950672
35.75105
100.391624
110.725426
81.8137
44.025547
142.07759
106.8103
139.76009
83.97946
172.40196
281.43048
191.84067
174.26517
125.82045
86.43987
156.95117
45.85729
40.1962
103.05485
89.788055
109.256485
108.05946
163.94034
91.207504
176.05771
56.35376
96.0724
45.353836
135.4266
108.64552
188.71501
96.499176
78.52245
35.4643
87.995544
133.55951
100.21153
108.267784
65.597755
81.72661
48.11779
81.23424
23.158459
72.60084
17.602581
93.41445
128.41914
130.45876
58.327156
273.70795
205.60257
209.27649
202.40474
132.07053
18.25011
55.521656
142.36937
54.675415
47.18108
207.8442
95.19908
34.975594
70.37974
281.7674
179.07431
176.58662
51.270405
93.69072
117.07048
79.5504
42.80018
124.72218
98.75722
118.065384
15.939493
93.48781
75.335594
141.15836
73.64431
38.91665
166.4172
119.796104
56.27845
145.50937
134.82503
50.71532
74.76494
178.96733
281.4819
344.31085
146.26796
110.239456
98.100266
31.750051
105.0873
9.25307
52.70149
80.76835
189.00278
78.61597
81.341125
45.115665
158.82048
141.73776
234.31609
39.35539
129.70386
92.45594
126.02913
125.61283
145.16777
208.4135
132.40475
147.39473
86.45225
115.782486
145.29283
210.11148
250.227
154.21982
198.05148
154.43294
13.531039
125.86891
102.270836
73.31532
116.66632
38.285427
111.807945
14.322392
105.365616
51.649853
109.31468
81.57909
146.83093
136.62491
109.61958
18.771254
103.628075
36.980812
69.50987
117.36543
41.781876
76.94882
41.676163
111.98977
84.80123
115.98407
135.93338
92.3712
146.56242
82.60649
118.764725
107.90889
108.80088
34.625584
13.55602
52.305794
209.1229
114.0605
39.685013
72.81951
110.16016
42.28992
141.2507
149.1641
60.202293
211.76604
61.066082
43.081287
6.6737413
62.995747
133.70636
75.04702
140.41618
197.2676
42.7534
67.35246
107.16903
104.924194
103.35297
215.63074
59.55009
116.67183
116.35752
73.28588
126.480934
175.73924
147.03764
70.08722
114.085655
94.01727
123.43982
76.414444
396.58286
187.00113
113.67781
82.49518
41.471474
230.16328
87.09818
47.94833
46.68403
169.21614
70.73132
2.7371447
57.36964
122.92
120.92749
49.71887
91.96411
70.927055
42.71417
129.65335
129.9819
255.97404
114.808914
82.1387
28.295126
45.18878
106.64641
63.04552
178.90785
218.74712
78.00497
111.20005
35.54306
36.227924
307.42514
154.81514
210.7976
116.18099
73.26824
230.16768
150.32635
45.833855
5.190131
15.584343
177.06699
115.015076
57.109608
35.405586
158.213
154.42442
168.287
169.03278
9.241793
93.69079
84.29275
112.98899
35.470665
118.44315
30.269947
47.376152
55.27364
44.456448
48.230522
2.5076346
119.55383
142.71071
48.37754
98.67
92.720505
120.70476
106.885765
108.824875
99.542885
96.99904
171.94627
17.35546
152.81137
74.859375
73.94804
56.55715
128.67154
72.1377
88.70999
7.2774286
39.818428
35.845066
33.349632
73.66186
82.61687
140.71815
208.4902
306.65594
158.22864
85.64744
11.926142
17.144669
44.040325
113.84855
37.841476
9.650077
126.083115
22.917902
78.15609
45.62182
94.746864
194.55075
106.91061
0.44585532
33.990913
0.6938471
129.56764
45.655396
35.636517
66.98302
105.32296
69.638245
74.019615
33.48423
31.466202
69.74744
82.64311
246.48347
220.65012
171.02171
229.36557
140.86789
208.18721
107.57219
139.12167
164.4676
189.70576
190.67581
97.27838
181.9064
71.46088
189.16515
8.902163
57.174957
75.5421
118.64232
88.113205
9.071249
116.27653
44.85926
151.3774
36.098404
83.35995
170.83115
35.67308
17.624786
63.50758
131.30602
0.15392324
56.313133
111.188576
313.78116
84.515526
142.2317
37.16018
105.42204
68.711426
20.028088
98.90313
49.10253
18.250607
63.07766
186.7664
172.57196
180.90247
181.14008
201.52704
158.02388
50.153584
12.342588
113.86845
31.327545
138.86111
106.52787
71.36044
124.55121
78.70885
4.2219625
123.705666
6.7194204
44.976067
71.97378
70.885345
9.041414
45.96428
129.2766
171.92868
151.63089
149.14351
68.840866
70.48982
164.38881
35.22015
64.28622
114.75273
78.85472
49.039814
124.678444
143.03831
145.98503
97.71776
99.14254
46.389416
80.17306
223.44815
38.11823
69.95795
147.18254
73.4239
35.936604
86.06688
74.10698
40.752846
108.54321
73.3893
3.5071921
71.49127
103.33742
135.26376
80.543076
47.26917
42.670776
72.599594
150.86105
45.701035
137.40617
64.51077
34.831825
106.077225
104.79567
104.194664
163.64256
193.28127
113.871826
72.66697
110.73704
29.294582
3.286549
61.36438
146.32281
51.061497
74.95847
254.24031
251.0405
249.55469
382.11142
177.91965
155.28375
90.061195
167.04875
86.999374
82.21895
119.17755
56.628033
215.01694
285.3111
156.00818
58.725872
164.10733
72.22479
36.77599
45.735485
50.606873
4.136526
60.114117
250.6563
118.95791
130.7952
111.150894
107.489746
177.20447
37.49601
134.71732
45.55922
185.50818
35.379456
81.273
0.16455086
135.81601
146.89224
8.974327
101.089134
109.720566
130.48799
124.53957
172.6768
129.28162
37.778366
173.3241
68.61861
2.358045
92.23346
79.67994
5.2563615
52.352203
156.53726
102.29048
237.21138
214.2139
245.32849
135.37741
269.0634
212.82877
169.52022
236.69324
190.5419
70.24766
136.9256
137.30006
87.54686
84.28025
36.35061
56.11843
136.29276
145.42522
167.9269
247.81894
82.686516
158.72989
45.51315
108.347534
114.70223
49.657104
224.42339
259.64923
233.3291
128.64046
216.65149
246.26624
129.69617
90.63569
0.7952244
172.66463
88.223305
210.90108
207.29422
1.1406678
83.81803
108.81533
60.103504
67.11542
37.38254
40.286755
150.13614
136.41791
41.795525
23.09673
61.936363
63.76244
160.78621
243.67627
238.06613
60.449505
106.41817
47.310303
105.44685
75.796616
32.962692
119.82015
63.55256
65.485214
72.57321
154.91006
82.82736
85.73742
45.06945
89.58235
114.49571
112.52244
163.81432
220.25131
270.9327
254.01697
249.81888
211.95769
296.06436
31.982397
73.845535
51.972485
109.83467
90.76255
91.3397
114.8996
183.59537
38.251263
233.7205
207.9428
50.02147
174.34573
77.30093
76.32505
72.68209
11.429388
55.780754
130.04631
86.832016
119.42169
104.20038
59.130257
59.070404
83.22059
150.46063
73.98055
150.08589
41.571793
137.18137
100.08198
150.49487
108.77732
79.37482
34.47823
189.41383
226.68863
38.17639
80.98552
81.8069
155.28291
205.56516
43.65963
145.4861
95.590065
164.13782
116.40277
76.240234
72.97609
105.65609
1.0941801
34.70533
46.003765
34.563934
48.945263
79.05018
111.78408
35.224392
24.154541
72.81854
144.08513
22.560476
93.76698
40.350143
125.888245
99.65229
82.63526
174.15715
211.4106
175.60718
176.67154
128.4324
176.94437
242.26973
200.12465
63.889946
80.02888
93.21312
56.519356
80.74294
37.39776
114.7263
38.30284
219.18498
3.9230778
72.72572
82.83829
56.64737
58.348274
59.362488
135.59003
67.55571
187.84007
128.0465
110.74284
95.48501
76.03081
37.320248
237.75537
75.77677
85.67359
109.0048
189.81888
11.05905
20.99509
123.73662
176.2601
109.13346
2.700973
41.344658
24.73016
56.281303
169.17406
152.93619
47.21849
71.931564
109.12058
163.71307
118.69743
43.98067
116.170715
21.932194
22.462671
59.66178
104.722244
37.687187
99.57492
89.21332
184.31927
108.070206
39.623623
190.03152
111.137436
82.146194
77.53733
50.50262
39.511147
122.189896
92.55269
264.19122
117.0551
88.93053
38.370693
4.9981823
120.75127
153.18124
54.84195
76.194176
74.43085
177.55139
110.424194
120.16089
123.83894
126.30105
59.20411
83.17386
192.20114
1.0133021
55.58441
37.869514
39.235775
170.39441
56.20933
80.52135
38.988598
73.545876
104.63706
174.17754
125.829575
99.99587
119.93237
103.03738
155.0661
121.646095
112.48187
80.154816
69.65616
38.59095
73.905716
32.150337
134.2048
91.40304
53.22764
121.823204
166.41287
2.6452835
119.513695
88.59194
76.046906
48.0053
236.99026
95.69684
129.38913
73.11226
120.964134
36.54415
15.79397
57.632812
45.48568
58.243248
48.01491
85.23082
62.11512
35.33211
89.665726
162.06546
4.306574
117.606155
35.101097
112.59432
86.733986
103.854164
37.09025
122.682434
104.21991
97.251816
135.20538
139.26495
140.45258
175.95258
77.62284
85.926216
133.71196
78.02336
75.45222
82.8708
114.590515
105.98051
109.51284
90.00874
135.22015
47.43322
78.32735
78.90715
44.215473
93.35283
0.61813956
75.23226
140.84007
158.83615
87.60228
110.526596
71.43146
117.727394
69.64537
101.1948
65.660355
5.214822
150.85052
56.299572
22.357685
88.049736
54.64016
117.286194
127.44188
47.447838
111.64838
203.19662
46.360443
137.34799
73.7961
106.58351
94.097855
76.41241
71.620285
57.363293
74.66673
24.128529
146.22702
42.602665
36.885986
163.65143
73.95265
117.681885
76.4047
1.5567608
251.6949
260.53
165.39012
13.043594
84.181595
72.59439
87.14329
107.13059
128.29765
149.3149
161.75922
184.86687
190.81781
161.42053
174.85046
263.91678
5.120511
5.7676306
81.88839
78.53783
39.314297
157.30748
65.14236
47.648224
59.86196
204.38394
184.77432
72.08931
68.63847
106.21637
73.56526
36.449493
73.35765
143.59598
71.05329
108.84094
223.50156
75.66758
150.23883
46.743313
143.45169
36.88952
5.4558554
87.49302
85.6426
156.26627
131.18692
52.509743
12.291342
68.4664
81.25939
177.52457
69.921524
72.20648
86.928024
97.488594
109.72453
92.18144
130.95572
116.09108
92.07117
133.47609
107.33794
70.72902
29.188847
112.11935
3.0036688
0.16175568
0.58013976
45.16215
35.591515
64.237854
145.96318
42.08277
308.79602
75.477005
18.592466
11.90629
125.57283
10.813927
0.15711537
40.638874
46.98172
81.14568
50.018044
103.57771
140.77213
56.857464
169.55746
348.518
41.63749
112.275246
94.16392
81.296005
59.06786
37.593357
104.39734
1.1186322
72.19842
70.272446
78.80022
4.4149737
42.862396
81.72882
76.85934
39.787125
38.208237
72.341064
71.63209
143.82153
93.1038
58.093925
108.57866
180.28023
180.03651
172.90324
82.50026
77.043144
7.125642
72.85083
34.795006
175.20781
75.51085
204.98032
102.90834
171.93118
46.212112
53.17553
9.08909
16.282272
121.055435
9.107657
110.53639
129.88708
202.34178
70.23056
41.71401
143.64235
3.7002227
165.71191
156.33377
281.2227
101.11033
237.40445
80.99011
38.806652
272.97018
116.39158
24.898426
95.529785
81.60631
45.390217
164.7463
98.16939
61.343853
66.25808
106.01872
37.109627
85.28385
203.44516
49.16743
54.255127
102.582436
39.60546
93.719154
104.934494
72.97828
37.559364
177.40321
283.25885
188.88148
141.7873
120.439514
109.48277
154.87665
14.369413
107.768005
206.72974
52.174194
0.4277273
29.35051
1.1213677
1.6982956
33.636578
57.232117
121.73641
43.463238
14.083298
8.961354
42.188362
73.76372
34.289078
70.97123
69.61547
188.70357
126.04161
111.92973
127.58632
178.42645
43.396233
113.15161
35.059483
121.317894
72.025955
49.819836
257.378
65.072105
128.8465
156.76756
234.40652
83.40822
141.6729
285.14944
172.10384
219.90727
184.0231
170.09941
168.43558
67.95839
8.653767
37.244774
308.3883
179.35295
110.93959
97.890945
113.523926
104.93795
101.0978
194.2188
76.48045
71.922554
80.30112
58.02253
75.15902
85.73822
132.18307
158.10323
124.7877
118.840675
150.7457
158.08807
19.378319
94.83751
136.70615
108.826195
36.512478
10.749414
142.20218
136.5695
0.8216715
76.44911
104.475876
123.283005
158.56161
49.278084
114.03972
117.100624
11.448203
67.863045
36.96653
142.14993
55.84973
173.22935
64.76645
2.863748
16.585041
122.65143
44.461075
70.385506
138.1091
178.71428
117.00224
93.1566
68.97218
105.4941
137.67262
63.84724
9.439558
61.01484
303.046
76.09512
190.67598
79.36171
103.32103
103.26282
37.93093
45.861168
56.15133
188.94258
70.738716
84.730965
90.58733
163.4217
113.32967
69.55698
59.39513
174.67941
226.77669
49.710762
158.79733
107.45432
35.013695
69.11635
74.39951
136.24985
160.16885
105.95302
168.39487
174.70193
44.477726
81.28608
103.956665
137.92105
147.91464
127.5342
179.92831
251.983
76.61351
73.48936
171.86644
4.4548273
46.163757
90.5685
110.52971
216.6762
205.58017
213.12369
48.84611
50.029305
54.185658
65.149315
79.63224
79.12258
110.658264
155.21103
176.42049
138.02344
85.92916
91.578285
51.31593
21.078531
250.962
120.55194
106.38043
120.22795
43.96229
43.71943
9.250913
97.8311
114.864075
137.36346
124.335205
128.40463
108.765274
113.20204
123.71493
137.2531
49.977425
137.00418
129.90736
163.39078
57.834526
93.73523
45.231445
211.9064
298.11313
119.29209
4.259932
82.5659
14.443094
0.23719831
82.884445
52.76391
12.102835
21.669437
46.495533
7.303251
0.30138344
50.063534
10.666668
131.14525
92.58913
109.77162
47.605377
114.00952
71.99583
93.790855
74.54226
82.312035
175.14915
228.05994
44.4325
112.53912
103.2678
102.26551
50.771736
40.755608
37.70811
37.838535
4.8796606
145.61641
212.28372
11.412523
91.9044
44.822906
62.421143
36.953796
22.5866
25.866665
72.40623
76.81898
128.30142
41.896595
92.39067
191.04199
121.850235
138.156
252.22806
101.25661
78.9486
258.2734
189.27005
250.59143
79.864
101.24718
58.70758
101.51885
151.9783
54.561127
152.21507
110.33677
18.74527
4.386052
40.116985
69.81233
59.25371
79.84271
95.291985
143.5549
232.70744
96.111244
124.32353
120.929504
69.13373
205.70451
34.2064
147.76782
148.16339
154.91278
109.977005
141.76067
70.111435
121.409195
95.01982
1.7315413
13.111856
111.59519
53.28344
116.50757
68.2728
90.871666
58.28465
96.967575
41.67157
47.191467
48.343914
40.603638
92.07667
206.52933
92.85108
155.33725
63.25161
4.9701996
45.764973
70.9305
191.37692
77.219955
76.53499
104.200035
143.20157
35.785004
29.570461
18.420126
120.82023
79.89331
42.38279
117.481544
144.70517
139.49167
73.89954
159.19397
65.99366
102.97211
130.24747
82.888794
85.66093
73.68673
37.690865
81.0333
2.2911153
89.42901
42.4839
42.9134
145.55795
196.09012
101.78841
190.93535
155.09749
97.41469
65.08638
38.21099
70.880486
72.3121
31.333881
101.55828
119.66927
155.02641
132.28995
85.69429
78.81613
109.6816
122.18315
141.73444
48.640945
33.867912
195.44022
169.71378
82.27323
185.29935
116.98812
145.16011
159.63754
46.28253
61.71916
41.558525
142.2526
86.45317
45.797707
104.113365
19.622927
182.26102
148.87479
47.38959
73.315414
3.7138457
45.216267
331.86426
123.508194
46.683746
92.55307
74.22573
180.65166
72.10589
79.71065
148.10796
86.7436
113.21377
38.52909
143.33269
126.031166
71.99015
105.49544
138.6485
179.86446
43.39837
182.61063
23.427456
60.06559
260.14145
216.4871
150.8544
145.57854
110.33882
196.28255
139.7092
82.11878
92.86177
220.55852
35.902096
70.95265
272.83398
73.313774
71.69938
37.77663
65.57504
66.550156
50.808846
78.91473
75.929146
77.09995
71.349464
157.52817
65.29866
143.96835
157.23389
56.5888
98.710945
139.77966
48.64939
107.18721
64.29451
103.08301
38.073387
56.04661
2.3004215
31.132284
80.89265
65.006195
79.11226
40.025253
118.17218
178.28113
80.533035
120.99038
5.352565
4.8738666
94.31362
51.34613
72.782845
93.0886
87.01179
113.37888
157.76224
72.544334
29.40578
152.10225
137.16794
117.58252
113.284225
77.71019
69.09576
129.75693
56.437523
42.018867
86.41893
51.574352
65.01412
73.52215
158.05719
216.14877
180.15234
185.63553
232.47116
131.47641
64.31201
141.06432
64.02803
237.4407
153.48238
172.49449
354.21597
162.27757
36.56559
111.17831
104.70708
162.01822
155.24295
128.86903
129.95036
221.70305
135.17264
0.6083306
90.95369
4.757605
95.75296
107.64003
70.39296
33.29731
62.590252
177.44424
66.505005
118.82163
2.8686757
98.714134
60.358955
44.89888
36.417984
180.29617
146.40694
99.576225
78.01339
101.27908
163.25139
55.0945
92.17557
37.682457
39.06757
30.574238
67.67326
65.964676
153.63393
43.549057
83.85225
62.150288
32.95885
65.59737
284.60248
173.36317
160.42294
273.12054
75.923935
61.52659
36.053734
35.69909
73.131035
22.552515
244.68796
178.02812
88.743484
9.8882475
92.92509
141.54974
141.26274
99.17069
140.04138
56.982037
2.3555768
22.594652
51.99054
45.591038
63.346107
129.7446
172.90791
132.09076
49.802982
64.34584
85.01503
67.54575
119.45518
109.49259
39.65336
139.68173
126.734695
41.92997
89.13017
31.542273
23.28743
72.51955
65.52352
38.290134
37.889477
200.6724
65.38249
147.89372
102.86145
72.28534
197.36269
98.07622
74.9765
81.38695
82.418526
72.72641
127.549255
54.974342
86.10558
134.85403
39.710655
189.28442
160.86882
98.29159
215.38376
142.4902
109.89321
128.2212
181.09473
114.666565
252.75162
195.1873
71.2227
20.387272
80.64236
139.35574
46.62658
120.276405
109.23804
39.97966
38.447067
108.90863
84.30842
39.22103
57.013153
156.30325
110.64143
77.71651
51.72865
49.98426
50.62161
74.21416
47.7943
87.61907
177.60841
38.18647
95.08994
50.51894
71.88498
222.62231
127.38991
83.69926
77.58322
51.56015
103.85756
89.01216
88.968216
4.875903
3.718883
218.27682
154.83853
58.171898
179.27003
147.55984
229.09285
93.88784
102.59741
128.86447
129.47299
113.21968
63.2885
51.363873
1.3999336
180.58778
184.28159
180.25917
0.843928
39.52214
139.79523
174.40556
152.22443
72.0364
46.032696
94.49972
74.57756
74.24368
36.667763
153.68086
107.99725
129.36351
146.97934
183.67664
125.74715
129.79355
73.983444
77.143616
114.5139
20.543034
86.57778
68.755226
145.33197
84.03269
220.21863
118.39044
74.55675
121.87927
67.70321
128.0037
67.60475
107.12789
256.68167
74.00696
71.88402
49.6271
93.606804
74.46287
66.965996
38.250225
119.52147
125.91841
72.58092
119.91233
129.49455
91.530136
90.12222
215.30472
129.24373
68.85056
134.32866
113.36937
127.55806
110.64101
84.05097
116.29491
38.3912
16.374937
128.54822
0.92049533
179.18509
125.44147
34.49979
1.4106377
23.301342
82.74375
91.73965
141.49048
91.6443
96.205086
231.5675
115.60679
88.11333
3.157915
34.49087
47.661476
100.9422
126.706345
39.324036
35.994846
155.3866
26.56485
72.61338
184.44417
19.291006
32.973145
124.35429
87.196625
36.158657
107.16764
138.90813
150.38644
159.25731
233.15642
97.301216
40.012047
251.80093
248.88911
283.60352
242.31982
256.82306
104.124
108.91044
39.281017
10.143727
43.46665
46.722656
75.68473
100.66118
84.26859
106.52207
67.42689
109.89238
257.3482
86.85767
123.15405
344.73868
69.5435
243.45996
145.9614
151.0795
139.31491
1.3860886
36.293926
108.23314
102.812546
49.68735
14.970184
115.90049
66.540955
69.078354
70.82926
144.08664
71.63464
42.081707
90.11181
93.08296
13.971949
50.0365
46.32658
112.87317
55.34188
81.09749
109.68691
56.20642
182.59824
90.08241
85.80764
95.54518
89.77934
56.782574
5.3568697
94.46588
34.766247
68.45392
50.923042
118.403175
46.067772
84.81697
55.930786
37.65287
153.14209
43.6755
2.8133037
38.34675
136.68637
75.841354
217.36267
179.3154
244.00241
154.66762
114.82063
57.28242
45.970963
167.63129
107.52989
3.282785
0.86366713
105.98265
69.28845
161.33963
183.4628
263.4217
309.5948
245.10025
38.668884
108.79592
172.07344
49.246998
141.9303
218.04959
86.58232
78.581985
82.11395
145.12979
72.36757
85.54289
81.38389
49.169857
75.765
8.678791
110.36687
39.571938
106.60773
67.05315
42.8112
46.429977
146.32498
119.922585
191.49033
237.66696
96.95479
118.21419
45.872723
99.61258
202.40562
152.62274
72.30319
91.75751
6.8814645
95.357994
110.26353
144.93918
71.306435
188.43942
35.385773
43.95984
74.25819
74.1703
92.249146
56.31652
53.839363
42.098343
51.795837
1.8027264
11.077369
70.38952
33.025833
76.850555
43.54727
193.12152
291.50613
269.72748
200.97353
168.51764
126.885086
144.5229
120.45061
47.64025
82.42302
75.71576
239.3741
47.732216
72.47547
93.71147
146.36215
68.245316
84.652
67.46124
105.71954
94.7296
116.95872
0.7106865
0.7744863
37.8121
106.89449
48.10676
108.09316
101.657135
89.78841
33.768852
10.84477
183.5969
95.62606
40.539474
116.27834
54.855263
40.759174
126.67468
38.957817
96.968925
40.03457
73.10881
154.83057
233.31094
111.88733
63.585346
22.270107
56.092915
133.86484
35.197784
149.50635
50.80962
107.24461
94.160736
180.33203
18.038305
162.28142
57.783043
81.6349
76.37103
39.996128
69.94373
70.03425
69.650085
104.90267
70.72482
65.34218
202.75035
52.887245
38.497105
89.07442
89.632034
136.92508
74.69198
135.93317
53.70221
241.71854
9.140814
140.59366
39.362534
111.13214
71.10614
132.24715
44.61692
34.02917
36.944153
105.19133
237.55786
134.49614
48.528694
204.00096
34.581093
131.81009
124.57355
90.68373
9.303134
212.5469
208.61531
278.59772
154.15714
155.5886
424.15414
175.77817
248.3934
236.31519
70.93138
140.49393
84.957535
145.35588
155.74997
60.506096
134.5331
60.454517
123.07579
46.813282
73.87492
167.09233
173.8545
193.3883
45.772957
60.74215
10.698282
13.955752
20.029215
49.930103
47.7333
68.6147
73.87215
3.8091083
55.37384
199.99478
247.59688
35.788963
133.77473
122.77689
34.974506
208.06941
72.08525
194.97224
122.502625
46.721214
55.226295
217.07442
115.84924
133.69571
80.73344
121.95998
67.09102
109.41659
36.402496
88.40282
158.6357
34.930637
81.421425
158.04684
67.94843
111.79769
183.99883
359.38583
118.554504
91.70839
85.11656
47.695824
71.84821
97.37887
108.1817
118.11885
82.245026
38.886803
150.18434
88.05979
72.227554
85.82643
16.983137
120.858604
155.53105
159.88206
257.9833
272.237
262.30508
176.29025
218.74011
217.26831
440.89453
94.66298
2.7819889
111.93878
0.33065894
23.042877
111.4833
69.796555
0.09106432
106.03105
50.43299
108.43773
86.52543
200.79947
96.44816
133.14906
70.47575
43.70626
106.60587
156.90326
17.206394
11.25266
133.22774
238.99179
159.50749
98.73404
80.09158
160.58882
192.01096
231.58292
121.33241
133.5347
64.45235
205.9615
36.9383
145.88028
155.1795
109.542274
82.00508
108.93748
37.64478
116.06706
47.723446
114.65553
143.52396
71.149185
51.03
209.64853
213.21477
141.38623
136.43086
121.32664
124.06234
127.27315
231.7114
208.78389
231.44666
296.2691
43.347904
112.2642
47.664116
8.628213
164.45985
141.01755
23.661053
31.885828
45.589928
49.628765
186.40488
87.63887
28.506775
149.70737
37.747986
4.887398
12.405856
87.480576
23.038692
121.21828
66.49005
116.843765
73.456375
121.48366
97.510574
178.48843
103.84068
145.56807
99.89644
55.356903
142.00027
189.99966
25.674572
21.256693
20.417458
60.407032
109.07991
92.42079
37.9889
263.64294
200.53183
212.89377
139.10092
186.2826
168.578
118.644325
49.903053
86.80003
155.70479
40.39422
115.29498
153.61201
175.15207
0.32257664
89.793396
112.3188
115.373024
59.659412
77.907715
34.29216
36.897602
44.916637
139.6637
10.628962
52.032543
121.90869
83.11571
110.791824
44.700745
113.83765
102.17623
152.7927
88.94427
175.49782
98.848366
120.04553
160.66348
78.02467
73.70662
34.472702
102.983315
115.29038
96.296616
148.12383
140.21852
88.9951
44.977524
54.69117
43.731194
122.97063
128.57169
143.84537
170.79549
92.24503
114.66359
53.424347
206.82242
36.298058
95.07194
192.39305
81.40673
183.59192
160.05872
102.46428
87.17474
129.54596
30.953503
79.72196
46.463078
180.18784
187.7167
116.62349
22.952753
61.357086
77.43619
114.196556
37.836124
148.48874
155.97746
49.815315
86.448746
71.52398
50.246887
131.18895
193.83289
117.01249
253.2937
295.53067
110.528
46.367043
132.90962
14.616681
85.032364
111.92757
85.83149
74.87459
110.79582
308.05923
10.83383
39.018764
132.02115
149.97989
104.48456
131.19818
90.9422
65.765114
83.050156
60.706768
203.1314
95.069534
56.800507
67.95471
115.58156
74.5824
166.2609
96.712234
84.13068
48.773983
148.13823
82.164154
40.68399
67.2881
101.041916
77.38145
88.92819
35.431236
146.33377
76.358826
104.7495
38.616917
63.085114
157.34502
127.8748
49.6121
122.475174
37.74028
139.31055
197.69188
217.93404
188.18198
105.281815
205.91154
247.98892
107.60471
98.732895
188.8698
120.29657
141.52393
78.171425
30.490753
12.912165
28.44923
67.00371
112.756485
73.35749
167.74303
18.102156
53.103607
0.4763232
80.94872
85.20711
160.15967
240.74248
51.188805
219.4509
54.354053
116.44004
7.6558504
94.16771
252.20268
37.25275
100.64982
148.83493
72.62007
35.8823
0.5191108
86.78459
114.410355
187.24095
111.18788
44.71456
108.23573
110.03157
91.813736
226.32234
43.680977
101.02876
11.819071
63.17582
92.79707
2.6650472
20.000404
127.930374
135.51434
76.95728
82.8281
114.81339
218.82097
188.11734
379.89984
266.6917
290.05865
40.497704
93.60362
113.57914
109.59951
57.14033
286.11197
60.471992
84.8177
167.40018
57.316856
56.86889
0.048364427
37.7325
10.362926
173.96701
57.573902
64.41302
195.82901
89.91896
308.35828
161.40227
121.10307
68.55391
93.6663
114.45199
62.105934
138.37752
139.98
75.78249
234.80762
148.56696
42.80192
276.0904
136.31625
240.60733
121.91846
45.040367
41.386005
97.24391
179.2117
41.076748
185.5829
102.97036
57.42747
59.65976
239.38803
191.12018
197.82008
168.7003
193.77437
189.12914
111.96806
188.69832
66.6918
107.46855
107.01034
184.73509
213.09077
56.597023
203.61813
127.959885
217.79355
181.70229
96.28827
76.44408
58.282055
78.08086
59.03127
68.88664
195.1962
89.75682
144.95251
96.4165
159.18002
118.977585
137.71915
144.93698
125.83512
111.10189
15.602173
73.60212
101.51174
102.62773
115.74266
72.586235
75.756546
153.1396
101.05924
48.53941
143.14114
176.08844
38.408134
69.99645
72.33537
38.438614
76.64579
72.06683
122.11118
42.10882
5.0803003
117.11015
74.7823
26.095463
68.77624
152.9682
199.2372
52.578392
161.38313
204.83658
114.958336
106.263466
162.98505
136.56682
57.938683
113.983444
141.31023
97.767265
15.325874
126.904015
49.17282
225.64482
39.30155
115.25386
54.132027
39.57372
49.92497
50.73324
122.975266
121.12358
158.41086
147.1393
200.78784
241.51997
387.57022
241.59668
82.02118
70.33267
115.99562
73.10162
107.58321
107.68585
94.71039
41.287113
138.64478
155.11348
193.51611
225.44162
139.55966
157.03865
143.20428
138.38432
131.58444
230.75159
78.38935
76.76056
117.32823
305.40515
73.83647
110.13821
160.8196
83.23076
30.192444
304.0272
114.72439
43.287663
35.564137
91.541275
35.191074
59.53703
125.57355
124.51778
67.610596
2.442395
75.08577
49.22998
107.63631
176.93022
94.89155
73.61558
148.40088
74.36731
222.31816
213.83955
119.96071
192.17184
200.92879
289.89648
213.96353
30.513144
49.706352
182.74216
120.51048
119.80559
189.90878
153.97612
233.4943
36.252216
8.120642
95.91569
69.65712
105.925674
214.17581
34.55024
75.98046
214.58049
47.43728
76.40964
103.99259
154.2694
227.0848
281.22418
436.18463
180.83505
232.82764
193.04265
1.2595783
35.307156
123.69098
78.39321
2.23553
13.27968
69.20651
81.72203
34.344093
131.14043
75.09047
133.04893
78.926865
42.917835
74.79671
57.26828
41.07104
70.79974
72.30171
66.65194
82.01053
36.423225
37.84397
5.866179
7.940174
94.56175
113.5178
109.1875
44.649506
44.110428
44.835533
48.002422
96.89271
91.43312
134.64041
84.947205
154.77666
122.22949
214.32051
289.01086
211.33342
211.32988
284.95807
255.64946
95.66774
84.23841
112.993
47.07299
106.38542
51.10665
175.19878
170.28532
95.333824
82.14561
103.54634
49.3589
117.350136
228.0231
90.56582
57.56835
53.617058
159.96695
91.09008
82.33499
88.52219
226.31528
207.87415
228.613
117.5977
108.87325
115.53154
149.20535
99.54896
38.506325
182.51382
50.50205
13.066495
58.963257
109.19173
66.28967
5.672204
95.37571
176.54422
81.3985
138.3115
4.445189
29.86026
76.11839
94.625
73.00543
67.87835
128.34436
98.96333
0.5300946
79.33993
75.268814
60.30567
82.241035
61.020897
43.17925
62.00593
78.94169
69.71194
25.839756
64.187096
12.226857
72.47728
173.72253
123.6047
170.77888
25.429304
43.467945
67.87699
107.37795
153.7807
40.96612
79.79738
40.637756
41.77044
29.207458
1.8230737
10.199598
14.442889
36.08373
53.921898
5.673416
98.492744
106.76709
8.376177
5.7191095
95.50018
130.95299
43.640713
88.615555
147.27075
71.524765
59.389355
43.45456
33.838436
108.57546
196.41963
120.126
40.681004
7.217195
152.54454
14.430113
68.881676
57.40429
45.113003
29.09047
63.8621
107.2819
54.928
70.57893
55.095757
57.53546
82.11692
106.59503
137.01901
160.18016
96.04035
36.339314
113.4901
91.12188
24.208555
78.99975
141.59262
116.93424
123.12486
116.08063
79.384476
131.45381
151.55856
151.98242
113.57882
85.47825
28.779728
72.89425
88.313705
49.783955
137.50111
51.263374
45.529377
58.146473
52.957653
37.915836
37.523354
190.14784
133.0697
86.58309
4.8059263
80.11496
52.645927
129.36237
99.59154
69.739
262.64978
26.55932
104.46256
119.1656
47.21334
72.573044
20.467
42.76866
73.40874
59.581047
19.16691
18.698065
52.630318
133.77235
56.00704
115.7773
114.82902
40.843395
148.44847
112.75366
122.29807
3.0318398
30.618322
71.0886
50.048866
38.41857
110.406395
63.078285
41.685463
44.615784
96.5494
38.494194
205.39197
91.44205
60.0795
136.08243
80.12886
88.84919
136.76279
79.54099
80.66352
177.41428
77.43076
110.0696
28.027271
72.57527
78.06987
42.06796
74.59613
40.03576
137.25232
172.98166
66.494934
96.47351
93.10682
129.94144
10.961439
98.996544
77.57984
58.04496
70.33286
61.64456
40.444153
13.089827
56.262215
93.24872
215.026
100.6148
86.88319
34.701168
43.16976
32.567104
91.64272
70.95085
61.370605
197.49199
133.33989
86.27214
172.78537
11.8989105
14.976954
44.14431
41.222137
25.732065
96.120834
107.86739
75.338974
139.7553
74.934425
115.37882
32.726963
84.82738
2.774382
9.096249
44.18198
84.58977
8.993297
7.4535356
109.18113
38.595997
35.75968
89.00204
141.80551
45.379906
47.38712
59.929817
200.67313
133.10739
44.45388
39.00332
36.596077
23.922495
77.6393
34.073574
64.63227
53.056328
88.97447
40.210823
49.896076
58.044426
0.88308924
21.333668
120.78381
111.14524
52.12089
137.10088
40.124573
57.36193
13.035044
40.56129
58.462067
9.805159
78.11783
70.498665
10.757374
37.882122
43.687138
11.350523
4.7810354
68.87402
70.30263
19.573383
169.68896
57.325615
125.3326
140.80966
115.31637
70.8067
67.644455
53.756706
32.55674
105.69728
65.50914
74.975624
107.856186
40.02049
111.37831
29.864445
45.08275
156.51492
90.043274
58.536602
25.520473
79.202545
44.193573
40.236404
14.47614
111.264404
17.62407
78.715744
44.147644
7.556464
8.056841
109.65916
52.80781
83.49135
94.25483
109.06764
199.55461
68.05216
116.77759
38.80533
73.4019
41.351875
46.99234
105.915115
54.452007
107.88381
83.48466
92.2629
39.77381
133.87704
54.729485
73.64009
48.547684
90.28432
53.143604
66.999886
60.822155
147.80237
70.60793
136.62329
44.727528
131.51761
61.10778
68.02434
84.61739
158.59338
188.56796
160.13516
26.70669
61.849236
125.24137
167.27615
77.844666
140.45023
170.60286
72.69554
75.45025
86.33204
72.65519
115.66603
84.86745
74.96853
130.92099
82.662094
36.93379
138.31117
116.2006
69.59091
106.136986
74.13466
14.437017
57.15876
101.99223
73.152885
85.25658
38.83072
69.476395
92.94253
32.69575
28.04166
38.95822
83.34863
35.605747
98.49867
8.202784
109.74463
21.802607
61.129566
3.1431859
71.52411
109.130104
34.544018
93.88336
146.698
125.47146
121.518715
183.17285
64.64567
44.320564
103.65729
36.39983
33.314163
119.412575
100.156296
67.24863
77.98316
142.50294
117.356674
70.83473
48.086315
73.66243
70.348015
101.01921
89.50925
165.53853
109.899376
120.18385
122.44387
35.713463
69.95796
137.03557
109.32747
71.06823
140.81444
18.337444
45.24477
52.56579
80.40283
76.269485
3.3859215
63.198383
35.96547
34.128094
38.06112
63.229046
81.17219
72.36064
21.186132
27.740585
71.67829
9.601955
77.75571
91.70104
135.36517
80.54676
162.92801
112.3557
139.09114
39.17881
144.12369
88.63096
118.73224
83.045334
147.95569
161.82959
63.813683
84.34279
88.460686
158.6973
38.09391
37.539864
109.91705
44.69732
120.51257
140.25542
90.589775
114.916016
176.50554
43.599667
78.34062
46.09255
86.85634
98.8707
112.588905
20.418478
12.227644
27.569157
112.39451
72.16197
249.46342
152.17516
173.83168
196.31918
38.831406
9.3394985
57.52658
144.47371
38.710915
119.2733
48.329937
130.94406
140.45303
54.221264
57.22279
185.0435
56.301044
102.64537
93.49829
84.61273
20.560337
43.86632
317.225
82.85813
77.86418
158.2875
149.82124
9.787558
83.2325
68.49226
102.03664
70.08161
56.711723
52.76513
69.989044
39.078644
116.65553
72.66063
148.7058
156.40784
23.587986
165.56862
169.79437
167.46603
169.01215
108.05166
34.098484
150.70236
70.70438
316.6793
207.71696
39.28
125.80559
145.29288
115.197754
110.32225
123.20061
39.133087
60.47898
52.27456
129.68463
63.16748
79.56754
189.9715
178.39204
189.2606
38.64016
162.3577
128.68774
124.81571
169.07385
82.68895
104.98209
172.48955
135.10355
0.5575435
50.47214
46.207253
115.113144
81.4276
107.32835
156.36299
75.842896
137.07498
78.37254
147.1838
95.366135
50.028725
46.095947
43.487476
35.64382
46.72367
106.710144
72.11961
74.54921
108.36659
39.26449
79.43587
161.8513
83.449326
26.62569
72.85122
66.469154
2.9367805
107.76759
2.7988613
171.24185
97.31352
174.01863
47.624332
254.45085
81.55085
41.744473
136.15836
167.94731
157.4281
94.59699
93.598465
41.86097
141.62984
5.870066
3.9825058
19.23465
150.50903
66.418106
173.12753
101.87198
102.175896
48.332253
70.174835
54.559986
43.598892
106.47251
12.082204
72.87549
233.54245
256.6153
65.98442
38.63288
39.624252
57.525322
3.3982253
83.993645
105.07185
53.06298
42.66106
2.2476828
42.413597
38.846306
80.16938
119.551285
61.30439
82.42845
40.212486
120.16478
51.14347
88.65668
120.43673
101.449066
51.16961
85.23969
112.06338
114.08437
171.17047
238.1873
7.4773164
5.9028473
65.23549
102.053665
168.13148
203.95284
180.10216
281.91925
242.50491
277.10114
134.40134
16.634323
242.26135
41.579628
104.74027
36.764767
181.44281
66.12595
39.2293
71.072044
104.48674
263.8161
68.246574
43.946495
73.65146
120.02016
186.12738
74.76988
82.42126
70.626175
113.797
52.94697
153.46703
46.514023
91.77815
158.38872
167.37668
87.17184
49.12819
71.575584
36.637444
80.339226
124.89272
11.627249
79.135574
66.74697
119.09861
0.9390751
83.6284
116.93508
7.865317
192.40782
202.6052
82.121956
33.616783
76.97575
70.79875
190.30685
270.7935
100.656906
126.03629
117.50143
49.426407
115.46525
5.9694834
135.08212
49.904896
72.11115
1.7203938
94.20984
56.985363
57.31588
139.47864
166.26746
67.14165
105.3539
93.69216
116.32948
3.653628
57.324272
72.75417
192.05595
99.17062
105.62014
191.15973
38.3591
64.58382
114.8515
0.16978593
122.69413
111.16168
35.621796
71.839294
43.87253
111.07678
89.10559
71.25026
36.494553
118.96165
58.05062
150.37833
239.64673
106.49867
81.5069
69.1407
35.331085
195.79648
87.797554
401.06918
234.1401
166.37894
124.21301
169.19662
109.0942
38.769356
182.4512
85.742294
86.680176
98.12268
82.26536
133.38918
78.53777
32.552933
138.34874
167.1688
64.06775
4.9980254
238.76848
43.625618
143.62236
174.868
46.51611
35.558643
146.7568
86.21761
100.72839
0.21607682
37.64637
10.272929
58.59953
81.99539
79.86402
82.27439
80.18221
188.1616
47.861927
38.301754
103.340614
97.87541
120.11719
124.77843
96.13446
2.7676961
37.65981
244.9991
123.40228
81.14821
66.55545
97.41703
36.882244
136.01762
72.59103
156.13483
39.178944
70.893684
114.4432
110.41178
0.3455778
72.56282
102.0915
206.08247
229.48422
137.04396
96.95592
108.90324
100.930855
176.45193
56.358906
37.19494
72.65697
41.960823
49.981586
37.129055
104.32295
124.76436
213.02763
192.44101
127.08783
201.52231
82.87059
106.73274
65.97844
67.54511
121.17485
74.87707
2.4270027
35.682747
72.77207
60.26248
72.77617
11.07218
17.700191
60.4849
71.56053
81.20003
300.2441
210.11626
177.65524
210.70976
84.26843
108.57623
54.047844
2.2146773
18.845203
58.237335
100.56865
35.5449
53.41909
72.94624
0.30395284
20.135912
121.80465
45.962944
1.313406
103.81218
36.980606
211.53484
128.63062
147.5692
300.33716
258.8734
143.9856
178.65262
206.03789
332.25787
240.09497
155.07292
120.15993
68.2986
58.047447
154.96468
190.84299
305.04108
146.42801
219.36917
20.658846
114.46767
79.51655
164.46756
144.26187
54.7541
51.324074
107.87118
36.691628
183.09811
112.65859
184.40787
37.1427
76.83843
55.799847
85.13985
215.35413
110.75737
70.98487
34.329124
153.20328
107.35818
132.02463
69.38237
0.5802859
12.748244
106.89059
134.94876
86.86496
51.53109
91.13286
150.0842
47.8079
37.40219
120.98717
45.36758
154.48941
46.585423
3.319942
46.73941
60.14262
93.830284
20.851166
117.05304
107.06673
48.981133
39.30367
30.314526
119.34872
43.848286
77.66844
109.18671
49.43088
118.270676
127.38318
79.35986
87.17251
122.726074
157.8808
48.56526
214.35934
119.62614
108.5555
84.61003
158.84354
97.01578
120.70874
89.4221
82.04264
83.92476
77.239876
178.14919
211.47444
212.47229
292.21573
289.85184
185.53175
39.285122
103.631615
31.84592
37.572754
9.805461
8.625563
88.05675
103.453415
107.99156
172.1438
68.24812
67.264145
23.9232
211.24747
167.16037
99.932175
160.99725
78.5905
77.597435
44.88285
201.4563
152.97652
157.26318
0.60108465
53.27013
107.346535
146.4526
143.64977
135.92516
71.45172
94.971756
54.36797
50.77248
155.60564
77.08417
113.40593
46.129448
53.44742
103.994545
156.06723
117.526695
123.59895
111.07164
179.41167
78.552345
70.50015
72.6444
130.10654
127.47307
163.62015
81.91248
169.31964
47.997154
43.071457
85.731026
180.69516
88.06301
39.29147
36.814728
70.39626
72.64207
151.5575
69.67464
38.918106
59.39849
94.012375
106.41982
71.286575
56.50368
106.512634
28.454468
65.738174
132.46805
222.23042
205.48508
214.16081
250.91797
278.12863
204.13876
82.88132
95.780594
109.548134
79.486824
96.868835
164.95213
82.63935
82.74748
30.937815
180.62477
37.238503
103.14015
72.32131
46.87396
95.22345
226.35396
142.16693
184.64929
155.36841
91.1563
69.18877
71.07084
90.598526
255.8533
250.56734
282.90497
116.777794
149.00427
37.985
30.633184
20.825436
78.375565
113.183266
87.520386
143.31934
187.12863
216.7605
115.49434
142.48735
197.08507
276.2416
144.52751
240.0087
178.95212
50.10525
179.63974
245.58682
10.70603
18.528873
12.039148
126.23064
141.92157
140.08447
118.26143
228.04187
189.67313
252.10452
125.69438
33.236042
215.51407
216.79898
127.152
121.26497
152.78548
177.09273
123.60111
169.4809
220.26518
78.34013
77.84675
46.465946
154.63138
121.92438
182.25916
284.5666
246.30441
81.72987
110.1192
50.212967
158.08757
54.59008
9.757765
65.04616
6.5404143
185.69418
182.80124
39.09919
36.010242
141.23802
38.09783
74.99489
267.0927
78.63716
165.02298
91.386765
94.54518
129.65953
67.34122
46.858456
46.58747
92.078896
142.7537
102.95323
23.735752
154.74185
76.57586
71.94959
51.1055
85.657715
218.99239
164.27322
51.198975
61.512054
77.02758
152.34813
36.706203
70.91895
19.612457
117.0822
124.20927
94.371506
124.73934
33.985348
13.087706
149.40303
59.206654
96.91051
290.7232
145.00345
259.3637
68.474205
47.091774
111.14955
34.57889
91.97084
64.59877
227.33247
142.9425
71.47114
180.52002
193.86006
57.287556
176.43462
140.50922
172.00298
123.03048
182.0298
41.659874
16.820927
24.606222
51.823204
52.993755
89.63582
172.87398
101.68612
48.065598
37.451847
96.28388
88.28051
89.95942
48.011837
83.14685
36.840645
81.17298
113.15696
2.3360431
85.28638
71.20479
139.95589
183.24838
79.19788
142.23685
145.58672
107.02378
129.20084
58.908386
214.14421
72.076775
52.000904
50.10209
217.57117
164.65671
320.31024
62.519806
266.9632
152.51999
121.03774
166.44644
164.23
87.20624
96.49746
193.29668
143.31107
143.43756
137.68022
120.993126
130.50299
133.1529
134.30318
82.90493
14.359721
64.2343
91.83891
110.57922
178.44394
185.27466
116.70758
199.99626
4.9873366
125.35641
105.30953
158.2393
174.64023
92.23787
130.98177
191.94696
124.77722
191.6398
144.75604
194.07104
162.82608
153.84593
121.21688
140.45232
81.657455
277.31036
141.42561
96.632095
111.111984
107.73995
37.677498
84.15068
57.371105
82.89376
46.4964
177.52863
164.21587
159.73381
108.945724
99.244
108.15177
61.59071
105.403885
134.08627
187.6997
37.781
41.865547
145.06369
41.674187
10.323197
47.27012
83.05979
115.37201
121.28778
84.01001
85.46566
120.24272
50.79847
75.93211
2.0525303
65.81237
38.00595
146.03574
69.17757
74.27962
113.010826
186.9792
85.848465
245.90536
59.714012
111.73836
37.71554
20.870628
72.03238
8.236444
84.64417
57.7122
39.169777
71.3959
37.81627
82.459755
81.4667
103.19585
108.26305
89.80763
49.009926
22.371046
71.298355
216.30779
227.17659
37.68961
88.27925
80.74547
117.38696
134.73767
231.51445
13.254053
31.6497
45.396866
141.78015
56.9705
108.98131
115.9921
142.14777
12.380743
58.355915
158.78586
72.09566
56.590584
86.37093
4.7451563
90.20347
116.662186
46.558678
47.33807
153.59732
104.09749
83.44747
182.6559
84.99165
172.95721
225.05457
152.89503
34.359367
106.706055
116.71153
72.66961
212.53943
70.63964
72.068474
138.70227
49.64983
107.05534
81.36717
154.08926
106.03654
111.92491
72.34757
95.27031
103.062706
70.735016
75.38065
149.87898
78.780045
164.8171
70.85272
84.995514
74.63936
78.977905
3.8721008
107.33457
35.454906
49.544308
38.24486
121.46454
122.180786
235.1403
184.12285
171.23845
40.57876
54.367382
149.81429
99.585464
108.680954
27.106686
60.434593
110.00881
0.3413002
77.24422
110.93788
159.35948
97.94057
139.06192
1.8686574
144.78114
212.43857
217.60776
72.197784
38.33418
133.82187
89.9384
255.85342
406.0843
190.45567
72.85769
46.034626
37.158768
231.34846
157.81322
235.17188
14.684988
63.542213
143.57968
51.03546
107.377686
131.11374
109.92979
77.94394
99.63865
37.48855
146.3795
11.309073
36.884884
99.4678
117.66891
86.822784
49.53746
88.036804
84.75377
82.98506
81.65298
121.78685
101.95265
178.22726
189.0907
223.22075
143.1867
84.07353
57.42206
50.505226
59.140644
66.96306
42.32666
219.58286
258.97247
141.17021
182.91928
251.17761
117.703026
142.15524
194.72627
152.13428
84.65619
38.578278
76.350945
91.55467
74.819954
111.49107
38.099346
117.71448
153.37973
131.83928
124.89563
145.71986
46.29191
92.54759
150.38571
97.633705
133.89912
113.035355
119.268616
170.91245
213.16635
109.2805
94.73961
57.126198
0.96744955
23.302402
70.20133
89.93932
86.15756
195.23106
177.95685
107.34556
61.827778
101.45202
111.77179
145.70624
118.807495
88.22673
120.9348
5.0504646
75.38391
115.57412
178.37216
130.59703
131.60243
233.8051
19.835764
164.21928
76.154594
65.36653
151.52953
121.9991
72.90788
185.77307
144.36778
78.19941
0.41087216
10.602412
14.561597
89.067856
57.13545
155.5151
70.79194
117.26225
87.821335
49.568157
135.67638
110.62773
158.17262
146.65508
38.83298
87.09646
0.86103106
122.571594
12.552885
134.59541
150.335
158.74715
113.78098
68.896866
88.27043
77.0094
89.2495
81.69658
98.69041
57.42283
94.764084
37.9604
43.62509
155.822
2.7965086
14.883029
18.224054
16.180347
94.53184
50.604683
164.32353
136.09781
124.5604
64.495766
27.981466
128.84352
154.69777
217.24448
179.33539
237.25598
93.10878
70.3667
74.48124
138.84889
76.7545
210.67123
265.47656
242.2972
327.9594
34.9869
102.92302
94.874695
79.380455
72.63635
102.28269
107.82384
69.895
121.57973
149.28687
104.137596
101.77397
45.815586
124.54659
78.820984
104.03758
103.3741
0.27474236
73.71916
68.40826
31.04929
230.7955
53.037254
74.996475
111.51868
32.489964
73.44625
80.7185
70.34423
98.898636
102.78538
210.02168
192.14847
68.60991
145.1123
11.525462
60.173576
0.64178216
75.43235
47.183647
312.84894
85.46625
44.78808
23.339756
81.63292
134.9077
94.89958
105.613914
2.2775302
3.762476
35.08739
69.22094
94.30828
71.306435
44.23707
40.122448
80.21995
36.64551
88.92732
90.65963
129.06947
48.2649
149.23418
44.99938
19.036295
110.56992
47.773205
77.56377
38.276623
37.31321
145.45514
87.83878
76.14821
90.91527
48.20692
72.958084
73.822334
114.080826
223.50891
17.006565
8.990193
49.011497
75.31245
162.68803
119.08225
119.97872
97.78117
49.656197
52.018013
98.763695
50.726616
12.467432
11.251966
90.48464
74.36189
11.345368
124.061356
73.44025
122.58042
91.28215
81.48453
146.05898
118.751236
129.90968
17.308846
0.63590723
133.79756
147.51224
35.83039
92.92434
111.16996
109.17938
191.215
89.20366
154.6091
194.40906
155.57639
132.33344
172.43762
153.95442
46.716045
81.695984
81.16142
267.96808
240.3044
113.064865
41.64645
148.473
100.93373
85.13998
0.0829314
32.788612
148.82152
38.97927
120.29478
277.6174
279.62485
8.577559
60.841637
101.99269
54.01002
115.48197
107.89856
79.12872
70.81639
51.42991
141.0983
165.03079
108.477036
127.42256
107.90344
79.95036
139.89554
94.78438
84.20487
215.97856
138.54677
148.30664
87.732864
102.67295
98.724106
102.35383
52.114826
113.50395
182.09802
161.54727
119.44741
165.21269
151.4095
76.87093
123.981155
76.69672
110.381454
103.0999
35.048313
102.29552
145.33896
85.08031
10.600539
67.57893
114.47831
90.95512
14.448499
96.29982
160.15529
73.59625
159.36496
53.665718
72.119934
45.66793
83.69869
223.89961
47.14567
51.249054
51.60311
72.72119
52.13618
217.68672
50.46218
87.0932
139.54233
114.58519
74.21468
40.32263
131.58566
1.7921569
139.0635
209.93413
105.19466
48.30098
10.097951
118.220375
46.51356
145.60254
78.06114
43.280373
40.249866
26.602062
8.979789
17.71243
77.03432
69.37891
119.12447
65.11913
155.4201
103.38426
71.36855
128.0464
102.44936
69.45383
112.358826
72.76157
256.45468
179.75925
250.65312
221.2167
173.64214
246.06995
175.66959
217.19324
139.27109
164.8775
143.90656
87.96065
2.1494575
62.470783
181.44029
111.971985
75.25512
92.046616
105.64681
97.710976
108.84416
40.28763
111.76634
254.98206
118.706665
281.47314
247.2369
119.83213
187.26616
216.95035
323.70242
199.4654
15.1612015
0.36059552
23.482283
102.5822
69.27774
115.07656
87.19089
66.69383
80.04186
76.403854
42.349277
80.87954
69.801575
46.839077
108.895485
72.484695
160.05571
77.16338
96.82744
40.79708
50.52769
108.323105
38.09044
162.93141
106.269394
187.14082
77.22486
149.04718
11.218052
0.13922605
72.69281
41.03058
64.34742
159.70377
155.75612
19.877058
10.99214
64.558
141.64972
150.7662
2.442718
153.53384
80.43608
129.79343
142.5637
133.9413
105.89612
254.11038
116.01113
94.64858
78.340225
73.42162
147.46048
88.625885
106.91301
169.37236
220.28357
81.0552
158.96544
0.10139041
76.0744
55.630756
135.06567
127.805435
117.82595
154.37845
109.33156
88.216736
110.80937
256.83136
104.959335
81.721085
115.50343
194.47615
66.485695
154.37317
71.11989
137.83134
120.33146
71.976166
49.356926
116.50466
114.74021
91.85372
49.22269
0.3008948
80.26959
82.52125
159.32622
69.55589
37.936924
217.22415
3.9508164
87.90336
161.30174
46.81565
171.1741
30.682522
130.49448
43.6461
109.958374
200.02292
156.93077
181.79936
57.917183
72.52543
17.954498
110.03585
125.12362
66.604
132.37184
14.633516
58.08479
81.15706
77.26956
165.34691
75.83503
127.40546
229.82104
143.64694
48.766865
104.14229
115.96555
176.18417
108.22516
160.436
68.30061
38.72573
43.862892
98.918655
45.18052
45.2725
138.97299
108.98796
56.92801
163.42163
150.51012
130.85219
2.5330586
170.38693
116.13713
120.07887
129.65927
237.75664
413.17807
135.26006
140.37473
146.10144
59.89518
73.62999
37.26488
105.03951
99.827126
56.092934
68.80037
95.17224
35.35494
3.3236148
46.96483
116.004196
165.43924
34.24184
127.548965
171.64005
37.92817
331.29092
82.99546
108.84409
120.76514
57.61326
206.61124
109.284836
46.82853
142.07346
74.03637
241.22343
79.90274
151.5769
73.60735
119.42059
71.92865
168.46193
246.59753
58.422047
69.94322
87.14431
34.11952
16.127172
13.399521
121.44743
201.46484
115.17517
168.54517
91.80389
223.48589
76.707825
8.895283
73.35311
115.87351
108.58803
175.99945
168.58896
90.88277
142.21143
61.52011
76.53075
104.73683
0.7228166
67.461174
101.36372
100.65433
74.47103
112.180504
34.962204
139.12534
58.841805
238.6147
169.80125
146.48367
126.59877
72.51105
99.19417
122.18445
153.0405
68.01134
108.7007
38.559765
216.25363
124.17903
302.71536
101.61159
147.33469
108.72117
45.29316
54.57975
73.82454
222.87411
250.13644
257.07117
345.7738
214.07602
143.0308
127.0262
61.306206
166.53635
34.93656
73.13792
100.321976
129.75705
11.64167
91.40423
78.19039
163.85825
82.77121
15.320206
16.651867
82.87331
47.35783
20.756388
105.78584
73.591286
78.08563
74.94756
64.782906
151.33705
268.62762
39.75614
108.53127
144.5864
79.48582
92.85835
128.56284
169.97849
83.49352
86.10274
69.23295
69.78129
216.9266
73.45448
82.356094
56.46746
70.62977
101.35938
104.15279
126.257935
45.697395
111.73091
112.309875
153.73502
71.04884
275.32916
212.16438
180.39478
132.5035
79.963936
107.27777
102.4987
115.31169
49.202282
71.85399
55.834118
47.840195
221.43372
89.63731
93.433
147.22992
166.40442
107.4116
143.66411
123.08093
97.73588
124.37634
139.27608
112.7675
104.13371
4.7661
46.732574
112.78994
194.67178
100.4731
93.213356
146.71542
46.08772
70.395
106.36804
116.740456
70.96886
72.92977
61.684803
85.76297
13.714824
129.78595
266.42136
137.89157
95.748634
38.8179
65.32271
65.4547
155.18169
76.11623
30.345383
106.42554
228.07968
250.89116
227.16373
231.89624
254.42484
50.79467
68.68374
108.88689
142.83705
98.82821
58.241974
127.103516
76.44393
81.791565
153.19063
133.76883
46.983185
89.727295
51.41868
50.487526
67.64387
53.92338
73.27418
166.47255
99.47285
6.0420837
38.915718
176.38837
77.666374
45.419613
45.028637
149.12059
58.11664
77.61962
51.272034
34.84395
35.32755
121.09031
79.51224
144.18593
214.89108
236.89055
104.83232
167.61252
103.60496
172.70125
100.54848
2.6549664
60.50953
46.068214
135.44792
19.607922
47.382435
143.27554
82.7118
151.1466
55.348488
115.735916
227.18416
305.84827
145.04391
101.92067
103.72134
109.58301
62.954796
124.26333
40.52341
76.67051
112.20123
36.61625
195.19264
40.631306
124.53214
65.92502
36.391613
91.00932
215.93054
97.940445
207.03719
116.51497
101.575966
264.607
252.42815
305.8058
184.01852
81.331696
246.72871
142.1759
51.645233
129.81976
223.04
65.869255
134.12027
56.581062
108.968544
177.6263
194.36166
250.26538
357.0758
246.96988
212.72249
352.7182
127.30276
48.2821
9.83448
17.206007
71.23506
140.41599
115.02926
108.8417
139.78073
24.799135
112.276505
38.209435
47.628468
199.54503
70.327194
17.818325
104.13629
101.42143
61.631878
71.17333
145.24086
143.89613
105.11153
81.974
153.249
143.83948
73.18522
74.07778
177.66452
163.67754
117.75295
42.99977
240.31116
4.344922
152.78189
100.510056
56.578606
69.50675
64.371994
146.99869
129.3155
30.861456
16.496536
156.24794
46.84475
86.242195
128.46935
38.79097
165.03769
99.425964
57.608955
47.298447
85.97217
202.39563
284.9992
290.52982
211.30363
347.3052
83.98485
91.83525
118.10588
115.90773
183.75214
70.63965
36.071117
56.68701
106.6606
236.42648
13.527529
147.0885
176.98604
23.447
73.079414
37.128628
56.200188
294.31396
207.36496
201.99551
33.875237
42.271477
136.06119
124.32528
72.08855
46.07236
0.12856367
112.56984
106.43162
80.401245
118.899315
113.841515
75.032936
109.93495
147.84271
4.220027
44.009552
34.376884
77.34853
210.73564
107.831566
82.94349
70.219086
36.335873
37.62943
100.21367
58.35459
224.29724
175.32822
142.59499
14.914668
36.131836
182.06154
4.9214716
123.79695
115.46504
92.61159
104.22807
149.50005
53.26709
42.72312
76.96266
95.57823
129.59808
122.085434
159.40396
88.20708
71.75954
142.88948
83.02464
160.46535
106.76302
192.1964
182.8179
94.68798
37.122444
3.4485793
205.77881
140.3503
62.788513
99.140854
37.978218
133.63675
92.336624
136.28197
136.53085
36.668262
214.2037
99.52733
130.9501
103.95311
76.60498
98.76996
73.16423
89.001175
38.83642
78.43339
38.640167
46.333897
161.31395
190.91946
293.08133
269.12912
223.05997
183.2183
179.10959
144.94943
192.47426
175.23636
101.98114
0.3396445
178.6895
258.82874
75.913574
73.662834
53.78897
169.7383
155.83829
48.974594
42.377598
39.291798
83.48905
43.723457
172.70657
89.60942
40.57076
48.89315
32.16555
48.292072
36.10984
45.674564
34.284264
99.21918
44.448193
149.75839
226.17073
70.70645
40.583546
75.95179
2.644677
47.035706
46.94012
149.72122
70.41432
96.67549
185.51028
258.90747
238.0752
182.49777
198.96861
148.8828
198.03995
134.34967
68.97312
142.2645
76.883224
84.95213
69.667465
82.19977
74.79038
36.589024
183.91838
192.79097
229.82315
150.81436
104.93563
33.85848
67.94766
39.95561
32.61981
3.2574573
1.3471264
6.192822
41.014503
123.178505
64.930504
74.81327
130.89505
42.420086
63.80297
114.04405
36.33501
71.051926
104.16219
69.32812
28.876017
233.14522
240.48413
87.9903
70.028175
69.70587
80.90275
60.98055
38.763958
83.54627
95.227646
35.809177
70.73006
77.23112
34.51185
138.1009
106.055626
83.79569
63.874287
36.792595
49.198708
76.329315
92.68583
37.936184
101.62288
105.997025
106.89553
133.89397
74.51077
221.33183
161.33882
99.77588
115.477196
201.75743
148.43329
172.64096
64.23476
108.27922
101.1143
221.1742
164.42648
69.38273
76.60013
100.953926
84.92949
44.31398
47.243324
178.04764
38.55636
58.698853
46.784286
119.09824
171.6358
159.44324
36.0936
134.83545
189.1757
157.62564
65.85066
70.191666
70.814835
45.9343
74.17764
8.7881365
119.20848
140.46951
117.39767
120.43471
42.089233
114.01637
82.791916
74.80216
74.54402
64.96269
165.44763
155.62544
95.21291
139.48064
234.45418
123.05534
59.82892
91.87942
74.11657
40.326256
81.88629
97.072266
114.919106
107.33346
85.16405
46.40758
33.313534
84.81106
71.95244
3.375758
92.586525
19.755747
6.436403
69.039474
122.46529
38.20053
105.972206
139.52635
59.28239
57.039925
48.457577
66.06147
71.71925
54.674824
3.5067356
43.463142
32.56585
89.87429
72.6721
173.83676
4.913134
26.967707
84.40421
70.00846
44.622616
37.070126
81.91503
59.13612
139.20917
75.54671
117.205
47.51672
75.20047
182.70549
147.52951
223.89261
165.2237
182.80298
57.479942
2.675346
114.64703
0.93360025
192.79466
45.212486
17.392673
77.50066
192.27829
141.17165
153.37094
205.37558
38.110382
38.32168
44.15969
8.235484
43.415123
34.65322
146.7747
194.72507
247.06694
5.886309
120.99516
121.77336
2.2618344
74.84734
108.56016
86.33861
109.52982
110.55119
140.49391
206.30476
70.54456
47.177094
164.30649
168.13803
192.73216
198.42117
303.29855
263.87592
186.48587
235.20964
172.71634
186.3832
67.87517
200.90979
101.13426
46.494205
51.737164
148.71526
52.698322
134.342
105.24229
35.782288
94.80239
0.54821056
38.484924
69.916595
67.688774
106.74929
38.47039
88.149994
112.52462
57.288666
162.7128
123.45309
158.12527
102.73411
38.210365
110.76212
68.346466
40.744656
68.16495
145.15681
151.43439
112.45372
83.19643
87.902115
121.044174
78.67131
43.878143
48.589977
224.06596
169.2797
142.35487
15.623362
46.61492
73.911575
139.31894
92.15755
277.2752
97.55483
193.71585
88.77223
227.39407
219.72807
118.76451
74.12999
86.85655
345.38623
49.845406
50.31762
116.329445
79.81779
71.07801
79.118576
118.127884
12.00711
130.57288
39.319168
191.78342
200.04417
118.50627
2.4679024
29.546543
75.46733
123.28147
140.55171
52.712788
1.9909416
282.11414
6.9441156
92.74084
107.01051
50.015667
83.93077
34.214302
161.4004
85.78206
145.88509
68.15602
71.18535
4.051436
27.45766
91.8353
106.96486
213.70987
280.2591
324.0907
144.59117
144.26115
226.13925
240.66919
140.34128
156.61734
95.237305
129.14197
383.03375
218.94438
155.9024
200.8437
241.65878
282.59723
133.45464
84.14151
47.044537
148.09764
251.15862
199.60727
43.20253
38.670563
45.061672
40.382214
120.388
156.46117
95.495
237.25655
93.149635
189.83469
110.58024
166.6041
172.07486
201.49174
185.71562
143.43454
238.15039
142.66173
10.893897
83.13385
97.645096
101.66817
43.777626
145.12576
105.5814
152.57762
19.844072
8.613241
48.59295
90.6004
35.47251
117.75442
38.044598
41.053974
76.59034
0.45852265
70.62386
107.34938
22.901901
115.6899
48.101753
85.96388
132.87837
63.935493
36.32966
86.64116
41.251087
83.74846
44.089325
115.4563
44.260338
142.38658
110.00429
53.55708
76.34944
38.857826
75.0157
247.6019
137.21684
171.94054
4.4894967
7.264903
23.196844
209.564
191.35048
178.68039
144.42087
206.47395
32.28639
69.69442
2.5556836
126.96796
88.02217
58.76728
19.841349
147.5126
223.00566
151.11798
183.57132
124.1818
39.328
57.98577
80.85636
54.56952
102.464554
264.80707
248.38455
112.26882
36.611256
15.785342
43.925964
39.34
193.91536
158.5931
230.07938
144.16426
192.62553
81.28499
79.57832
100.091125
114.87825
93.900826
92.032814
101.78748
73.66603
65.55226
145.5733
147.0971
98.288155
143.89359
72.67608
76.19939
70.51259
46.994045
48.67966
41.664787
107.29014
72.02531
40.102867
119.77401
60.472576
37.944492
154.29868
66.08778
141.04807
64.33545
147.39514
121.34961
90.57254
152.2771
106.41632
132.58186
160.04468
246.93161
208.73666
97.206375
146.63828
170.82626
84.39847
68.15428
11.704317
98.11919
104.260826
169.90898
85.41411
199.17233
120.13518
83.74311
92.482346
53.00589
2.37352
37.05101
65.8432
104.770836
48.157444
45.62171
107.79254
49.900448
82.104126
105.38838
158.40407
41.436287
72.81035
104.73484
48.487053
153.06284
114.77873
71.184456
26.573025
52.01496
81.17525
49.813995
123.05227
78.89754
125.46725
164.77695
82.52858
95.201004
81.727165
157.32451
187.44217
54.239662
248.53938
40.054817
83.225395
72.7378
150.96481
175.27437
97.25661
118.88297
166.04482
237.26321
208.09077
116.136246
162.18822
120.71153
167.7238
148.26746
85.12167
3.7086644
49.653915
72.35676
73.70627
88.545845
71.16541
47.24114
82.339386
194.10674
176.40067
182.3749
115.385925
123.567345
79.69685
42.68151
68.28737
149.97949
81.98952
48.830917
150.01472
129.19333
47.62905
136.49496
71.881035
88.886856
91.652855
73.73018
41.906704
76.31375
204.73372
34.821327
60.22458
102.21864
29.199366
47.41572
145.1919
41.588497
54.538696
34.63724
99.1072
76.901535
83.02149
107.91237
94.579216
97.284706
183.10725
287.95047
231.03787
90.586914
128.64694
45.18633
105.50679
78.37114
79.65583
13.325778
138.73418
86.53264
181.22346
218.67961
50.64303
200.4294
268.8202
209.73848
145.31119
120.82815
77.63179
27.33186
46.090748
90.60113
194.56352
216.6364
59.240948
194.94798
145.17569
59.416637
107.5687
43.917034
116.84969
85.30969
0.5060621
36.503716
179.95366
126.06637
212.72058
180.49684
242.50647
296.1384
120.990944
89.43434
197.4057
107.825485
71.67569
145.68367
41.103783
42.982468
149.9846
132.78448
183.09166
168.79623
127.30074
37.74716
101.87197
2.7556522
97.084755
96.39222
126.76399
76.2412
3.3754601
67.9155
53.56643
78.44899
72.58109
283.45135
202.29576
143.55527
16.301924
21.734959
94.05975
50.334114
105.82339
74.10642
212.2667
44.946083
0.5509313
120.0215
82.7773
84.75444
65.08946
104.03546
126.68907
150.04123
40.117706
107.39354
69.77974
69.99776
105.48049
140.2827
81.916245
145.70026
203.72769
493.34552
145.25508
183.62296
212.3796
36.471092
88.58092
41.393044
94.21174
166.43095
0.5047935
237.2041
195.93661
190.50693
96.02072
103.170044
100.599365
86.38212
91.723946
65.82733
133.24997
85.71761
115.71358
185.74756
88.282364
212.35071
106.85118
112.87504
69.21663
104.74375
12.357646
61.496864
60.234352
104.3104
80.78387
133.72705
237.5657
47.921383
71.22933
82.465515
8.820239
4.182248
66.62999
10.674318
111.21629
74.92027
116.16925
51.69757
197.94936
274.7614
142.8863
342.19568
44.77564
71.45826
35.32592
30.376408
98.01114
107.970314
122.76721
43.550674
163.83493
137.69083
57.62209
36.930744
108.44846
113.5062
71.9536
50.924263
83.80885
52.36914
236.56909
141.61984
0.53711903
104.30436
37.56388
185.42538
38.5407
49.7324
186.42891
268.14307
249.73201
95.079636
87.917496
79.88277
37.869682
51.673027
149.69153
77.98818
36.284996
92.81186
179.72664
119.448135
47.524025
153.71835
119.123276
97.555984
76.830154
43.14627
101.16862
91.417725
123.19822
82.83881
113.34474
54.517273
158.81096
155.93314
131.39345
37.99317
72.994736
153.71112
35.183044
36.71618
12.283045
0.7947043
124.7892
107.23728
64.03331
16.115713
10.337548
126.30161
35.39681
2.439836
75.6778
152.5651
124.667336
82.08266
72.38365
73.124954
105.10695
109.374146
217.46098
200.75162
149.16603
95.84764
81.1472
120.47202
100.81946
35.71949
97.799736
119.192245
147.34528
99.70024
124.20101
28.755981
175.56854
4.6471715
126.76504
33.098793
16.26263
75.66355
185.14421
253.29024
154.36678
28.28782
191.13773
121.564575
75.88279
108.869835
35.791107
72.182755
123.45952
41.526947
38.05229
143.21442
15.294935
125.45209
235.92488
73.01907
0.2289916
124.17818
41.956764
39.546246
49.954823
100.2532
59.90091
78.80096
64.805016
128.25598
134.72867
86.77343
6.2528243
31.05073
0.65965563
15.107996
11.835947
41.384743
0.69412094
90.30024
217.31387
149.07158
7.359848
54.6733
117.36782
138.05394
158.00836
157.32932
214.60562
57.691
219.01672
209.91171
119.339645
64.49421
126.35396
176.26266
2.5017025
98.09419
81.70329
11.422781
50.146255
64.890274
77.45639
100.19909
83.82935
79.71753
142.61801
85.77028
20.225403
48.553394
34.739468
49.377083
264.19122
94.751205
47.751392
5.399585
111.47488
108.08756
80.425125
119.94397
146.49936
26.079727
54.062725
99.61914
58.754772
36.399254
210.35945
97.08615
48.571976
38.730434
115.718956
23.029675
143.21956
129.475
106.02047
55.87492
103.93562
81.833855
113.23653
118.718605
234.03873
210.56985
53.768353
68.28269
152.3257
132.67207
99.101616
129.42058
71.74363
113.69814
83.73336
183.4518
105.26027
137.36624
66.904106
46.59481
34.399776
36.776768
104.436325
133.97403
93.2976
62.627594
233.97238
96.52281
108.652855
151.9192
116.8729
35.847775
21.093605
70.87593
191.19998
108.2206
15.47778
77.86107
117.31171
275.53088
218.53267
251.58171
184.02388
177.70984
154.97566
76.88414
73.71555
153.4813
151.25284
90.99857
121.29765
131.42154
50.393574
140.28568
90.068695
82.0034
93.712814
101.06364
59.093555
139.50357
162.63556
156.35342
331.26144
62.526134
116.630936
13.680379
93.110214
56.37191
34.777992
164.92242
56.437054
140.27493
2.9512386
51.350494
113.62766
2.2996662
41.734238
73.29967
46.28613
34.76597
52.018475
72.66803
0.39258555
11.331525
67.14325
102.015945
87.91087
108.50099
69.16678
158.83658
72.24356
117.13057
37.8806
98.30862
39.320866
71.7241
114.10597
36.55531
133.57748
110.61189
107.78363
96.990005
90.756134
73.314735
94.97732
79.51254
179.97852
120.56041
71.32179
48.590176
146.8508
164.19058
92.09126
50.22736
92.28769
107.78821
166.38474
154.26366
86.55714
150.6857
120.553635
39.87449
102.41427
103.72894
150.64671
93.90767
157.65308
137.2197
45.44759
80.005005
110.80919
69.565994
7.6809626
33.951164
121.73811
101.66831
63.223286
188.81073
68.52248
88.51686
83.74553
36.75452
47.52276
87.732056
38.8498
178.08978
59.85149
39.28039
36.92272
46.275944
47.54139
68.14833
78.92041
151.32025
124.41594
93.01687
58.630383
136.25923
143.98885
4.6706705
117.14736
122.535866
73.21761
71.12567
106.74042
157.1906
59.362495
80.33324
0.3093884
14.314525
116.847496
157.53647
143.91898
79.33609
71.17704
183.00812
152.84325
36.007942
44.726723
78.3451
88.90611
109.76686
169.26653
97.21706
98.51274
63.086693
67.82551
46.177353
37.437874
150.37225
53.69643
70.86522
144.60532
180.24174
280.48495
71.08714
35.190533
108.27512
168.14848
131.50821
0.675928
13.1100025
156.1561
179.64714
179.05115
224.12271
158.11716
192.45045
249.12012
226.78885
130.45181
251.74162
188.25423
229.5179
63.927418
96.72922
70.23476
80.47139
50.52395
6.6800003
106.40015
139.6948
329.6573
259.67023
48.749336
85.06553
111.9811
231.50113
34.566425
84.33929
103.22264
39.173668
48.74457
118.00022
155.37622
152.77527
45.26895
72.58397
2.3823056
23.819958
83.31172
2.8310716
143.03964
60.254005
61.25544
76.92027
119.439674
201.86897
152.96939
214.0783
107.55376
193.55261
52.767742
21.731018
44.970158
35.984154
43.166725
80.794785
104.236496
63.086823
143.68472
88.814224
134.01909
115.04527
17.113873
36.46494
25.608576
142.31804
168.26517
69.988525
0.6598384
115.91244
47.551674
96.33421
87.15543
128.13359
120.56177
309.34918
203.10612
262.13812
154.91023
115.71688
74.83487
110.6219
85.761
81.181625
77.68465
72.05694
76.83521
82.8534
119.73592
76.83696
85.96189
228.60872
51.93273
36.34469
129.29471
152.05453
125.333595
141.09793
73.73821
34.519707
56.34745
72.937195
125.60103
93.710846
57.02297
91.38728
108.129555
97.90416
90.46996
124.57179
78.77816
221.22449
195.89162
270.0635
254.8313
133.02553
96.1349
74.68144
105.53772
102.72099
81.38301
144.1935
186.52878
246.92534
115.09021
57.656597
186.51213
96.626305
251.26477
57.6526
156.9349
161.97461
129.66281
69.81785
89.85562
235.22983
31.976542
74.120316
80.97481
132.94382
148.86441
281.92404
242.26172
199.22537
74.49965
110.43925
145.50052
83.96765
77.99227
74.22414
113.8322
75.069016
39.723267
115.53953
218.09311
70.58291
91.25224
143.83316
49.61225
91.80313
83.57431
72.432915
72.80494
105.50022
46.97081
61.876823
46.348614
86.15633
106.23368
20.54174
58.553
164.85416
66.70968
113.63735
53.650696
231.76851
75.34444
127.10378
145.14815
146.84613
202.18747
212.95906
121.21987
77.09047
38.07058
73.69835
99.90764
210.4393
120.965164
114.06789
186.30759
125.64557
110.187294
156.66039
70.77516
153.08751
55.102814
74.38664
103.80776
105.761696
122.014084
41.717777
106.68577
0.91170275
101.356674
37.14397
173.43282
171.16037
318.90695
285.1131
164.31912
133.15994
68.40087
79.0194
79.636734
71.16843
111.79262
80.526596
34.243366
97.98918
155.5732
180.72375
210.677
157.22665
37.089184
34.415146
116.564896
38.178337
57.384636
40.120567
148.81665
68.76341
180.6216
37.102917
75.64091
79.78689
68.37472
69.33721
48.44215
122.12539
1.974321
4.813577
81.56206
0.56655574
42.99832
30.749996
84.723885
40.746464
122.04751
121.960106
51.505993
80.263626
222.28271
73.667366
47.535988
229.64104
85.72002
115.97379
54.831444
242.89157
143.66786
364.36804
38.524277
64.38646
106.32617
37.72065
233.81479
0.44817272
166.37512
74.26461
88.61172
120.23164
216.18904
159.9032
68.57674
82.59148
95.312744
21.174404
209.47366
39.87014
120.05093
88.73259
53.513905
121.5167
155.34917
36.549828
214.35995
195.58391
214.62366
192.62755
17.277136
42.99339
2.3384209
3.2712188
48.041718
9.432167
48.781136
38.64849
78.66172
108.14146
88.6364
165.24008
186.76732
74.1841
125.20585
50.270424
215.11162
228.65793
147.08194
95.82335
91.83412
112.49723
51.760498
0.37563664
57.64918
55.191334
141.18956
75.98662
164.16101
74.21155
141.41588
99.3124
2.0768483
36.84481
39.945736
75.61636
32.62384
87.975075
82.39809
73.419815
108.41078
124.68339
129.24979
37.86803
92.8698
146.32541
131.60118
67.43958
194.18367
72.488266
96.07882
81.461296
128.02386
88.112656
76.6533
73.443924
129.35605
191.63309
123.21486
126.13458
91.93581
161.03163
75.247284
126.996414
149.86232
59.13495
63.565407
208.39905
70.86826
69.85545
18.041103
66.24721
110.53928
73.783676
69.19163
4.9017043
13.666005
44.20655
11.305457
50.549957
62.269035
28.691105
1.9534729
106.47565
114.364685
158.5254
135.42368
144.90543
153.04265
151.2781
240.49155
145.87155
176.68282
43.337917
93.02956
129.11967
69.214424
59.453785
140.13971
89.76674
157.67819
47.900112
98.50082
146.5822
81.57683
72.819275
190.7081
153.27307
46.03301
140.23355
91.35982
102.08453
80.36708
40.575596
125.44725
218.69145
134.82948
152.54785
193.65474
176.64687
63.71279
185.16399
82.69953
49.084522
60.93824
127.262924
108.51384
144.09262
48.671642
102.561806
209.98254
196.89922
210.9416
207.3895
149.22208
121.36586
72.79215
45.580376
86.82815
69.39196
100.9336
81.47322
164.22075
36.944145
36.397503
59.24975
156.78287
236.97893
148.75148
229.79692
213.05302
191.45639
93.45585
192.35973
232.17245
145.2781
80.840775
75.899734
46.129116
49.12301
257.12677
110.95137
81.537224
105.89524
71.44291
63.250378
87.07108
119.690445
101.30661
100.20297
126.68169
138.41354
115.23799
114.67741
139.10558
74.7703
82.11034
59.617107
76.61394
189.58096
126.72665
139.2423
143.0509
221.21915
99.413025
252.11246
110.18911
178.62445
32.991974
119.60939
41.95769
172.21448
280.58572
177.20525
130.64703
103.15614
72.62275
80.43035
14.970342
92.367546
118.53452
101.91144
107.9677
138.71346
37.560688
210.72937
46.835392
111.12936
188.6103
233.35913
181.48312
197.40549
188.3411
136.4863
81.13348
170.61992
94.4077
128.09323
90.61215
99.043976
50.253654
143.10805
150.63667
60.53653
78.5056
46.38637
81.31578
119.20437
144.52036
116.540726
96.20422
150.0596
111.93785
73.83358
1.5742053
1.4468944
122.4066
131.64105
133.42223
131.709
105.54616
109.32222
30.499222
80.84888
66.41662
81.257126
139.64748
70.56355
37.283173
114.495766
99.406906
64.732254
125.23763
139.96158
65.65053
27.389008
119.07959
65.84072
225.86813
349.42133
172.56001
161.43631
141.98587
37.93598
36.370403
46.527832
97.453354
12.8413105
77.39011
77.07723
63.90838
132.03831
106.60465
140.67732
106.67318
104.14116
0.6751579
4.652006
184.55104
174.13779
0.46310225
33.32588
98.177086
210.75017
65.438095
54.369305
67.77279
111.47117
78.91813
96.28676
97.915634
182.88817
45.413734
67.94685
103.6733
89.795166
100.41139
81.1891
76.92056
34.75483
109.75029
93.65249
115.85834
77.90169
68.337524
103.65652
40.272354
1.1936728
49.242016
142.27573
79.4629
64.207245
203.36505
69.321465
97.54404
112.93298
114.19507
87.15497
77.87578
82.83125
131.20364
164.37344
43.356552
108.97782
78.47398
34.515526
93.44416
53.71087
339.03192
260.22003
238.7082
46.609337
34.229767
40.19995
39.35503
59.925995
73.032005
105.93569
132.9368
119.45807
298.2061
118.680786
240.32706
209.65857
127.83016
128.12605
156.78217
119.832886
50.04195
129.47655
107.90697
119.301575
50.92462
64.21527
71.784
121.753174
34.449924
153.02835
71.397224
36.791668
136.21953
177.15318
204.38615
203.24387
51.727135
146.65538
79.42732
141.26761
96.34065
125.69818
144.71124
121.85449
129.49452
84.015625
157.21027
81.40945
157.41513
155.21365
125.62508
36.67267
32.499996
45.24665
111.520424
138.12386
31.752676
11.584392
25.83988
91.70018
96.77214
200.26328
83.53829
43.892925
70.075386
34.21082
41.74654
94.81385
110.0294
90.45094
156.2615
98.4308
231.82906
213.26326
311.81668
36.782528
73.43767
81.10659
9.716135
102.261215
102.173416
45.898533
120.303116
113.156815
233.37259
35.899025
0.63663954
143.358
68.30543
173.7551
104.10551
180.13211
91.76176
80.62761
171.81949
60.72936
115.02026
83.157295
227.47285
215.67497
181.36842
294.236
223.33623
206.34311
151.0122
156.10661
219.10025
138.90602
182.08063
214.10823
46.488472
101.61197
136.28772
67.75888
101.64208
109.26738
105.30766
166.47372
36.82602
44.33742
91.93423
97.442375
67.64112
15.560179
18.05433
84.831856
134.26286
122.439
97.26387
243.60258
170.56554
372.70276
220.74309
207.91342
218.69238
156.91605
20.112587
182.6571
196.17366
142.73315
220.21346
144.20807
191.12164
272.81305
140.4507
216.34074
23.1961
65.93985
214.81253
120.21548
114.65861
105.63119
120.77754
219.19388
208.07283
41.26247
228.12846
120.20509
130.95212
42.794807
241.79929
268.4813
136.37729
90.22465
3.8785644
40.977283
61.701744
258.06964
85.589905
100.4987
183.78195
258.77838
206.60591
332.24222
153.19553
92.12526
123.93225
86.873764
98.85455
164.50327
140.2965
179.98103
35.06783
2.8784747
38.287292
33.91382
0.8673294
35.31269
81.55235
82.288895
60.81832
199.09608
164.68872
138.79794
68.528435
69.70853
178.27625
86.783745
184.87207
66.902245
64.43941
99.259026
103.37932
280.3708
152.80252
79.66156
145.34415
100.282715
117.13729
222.24016
93.59076
107.792564
12.551667
33.045395
5.909623
116.26227
70.43739
43.320854
42.049294
114.310776
116.96364
1.4686352
43.263973
78.97631
2.7997756
80.6805
44.089375
48.57909
67.51375
118.477394
42.260487
66.221535
91.14644
121.08557
59.213013
70.45197
174.70297
252.4056
166.98979
90.18641
144.8912
133.812
200.11089
0.10524732
69.41237
111.42622
34.171936
68.38381
54.732033
36.46373
179.90105
176.63557
240.59346
49.746986
84.60663
174.43849
241.69815
25.30656
33.19679
129.60104
98.04048
106.63617
38.547386
180.06833
127.57564
175.07352
48.25306
199.44107
101.931
35.017616
136.80042
9.6094265
116.87712
124.64958
0.89234245
74.28807
128.85959
69.49565
0.19793065
65.59279
34.398098
4.6853285
69.43389
37.691303
115.24392
71.391655
132.60928
44.887875
120.40501
92.99812
72.21537
85.15965
78.38342
187.83298
81.07766
103.07747
178.21254
32.31099
62.195732
36.11712
39.5999
0.93131506
82.52098
145.85919
45.280495
76.99431
126.44381
74.60802
148.97183
57.26003
212.04317
33.80474
6.921974
79.84016
113.26768
136.09537
135.98242
111.83894
85.00091
34.7324
62.310303
137.28311
77.39409
70.20287
98.33462
62.108223
32.400433
191.99411
83.26131
132.91739
148.33006
93.93623
99.58894
119.88069
78.86915
79.613846
20.231327
37.923294
36.285473
100.31719
6.4941626
102.797485
228.81674
181.48799
53.770935
10.460021
81.46132
40.99072
75.04445
145.9115
41.622734
102.17149
193.27243
112.26189
127.34829
98.743164
71.535904
59.49093
95.905685
77.640915
80.19126
123.371864
82.22347
71.93999
72.25436
69.87407
233.32336
204.07513
69.31332
80.578835
87.9379
86.060844
113.74265
69.00215
101.00133
28.720144
28.941174
12.090252
36.543427
37.036797
72.097145
47.343056
187.15785
196.95053
247.39893
171.88773
230.14218
202.07285
34.4276
139.1226
80.70978
99.89542
13.686354
45.36748
43.24981
64.90006
83.4654
143.55728
108.77727
99.17146
120.83291
219.97774
33.514397
33.79812
76.70061
0.42694902
34.153584
11.664629
14.157236
37.792397
47.1547
117.70054
14.881714
64.24306
164.47565
141.04716
220.16072
59.861603
93.28543
68.48518
66.401855
156.56618
99.517845
94.2833
135.71883
43.155193
3.9610589
18.661226
81.71603
44.75975
137.07365
55.77958
45.71169
65.16354
121.848
87.28884
46.955452
135.69803
89.21046
173.63608
85.0053
103.18137
249.67197
110.14748
2.6477883
83.58105
48.818035
79.42089
87.323364
18.075497
45.802757
75.74105
131.62845
155.19145
106.89154
66.11159
148.08931
129.71674
61.974464
71.30513
120.890274
139.42471
63.458088
207.38936
340.46704
149.64682
85.85091
85.29588
87.083954
96.443405
62.170776
35.073143
70.5238
121.86879
115.69438
58.233925
60.172707
23.112577
70.15248
90.55197
112.66017
115.72142
142.5774
2.8236802
161.82161
93.46998
314.09613
84.616394
81.34151
144.69974
150.65147
125.07539
175.22624
57.54355
73.41493
69.53645
33.97792
35.10897
130.42319
92.90739
44.935417
57.402607
32.69941
45.235874
194.78346
0.0904863
82.485275
38.713066
30.024902
45.303257
65.357994
68.56617
78.63367
54.179554
44.029087
73.74193
76.2393
113.83828
146.01651
122.54948
28.552303
38.619106
37.574394
111.4084
9.316047
38.946922
1.0133084
36.948704
74.98924
39.28362
94.8528
117.49741
9.785615
11.352013
1.9463758
76.349655
86.06387
34.270767
51.327045
125.01711
110.23761
49.376095
78.04825
146.6291
104.56754
70.80911
102.83063
308.7649
166.8461
86.73866
84.7463
141.1382
113.940796
68.98396
154.59961
136.84058
206.3536
34.259693
87.90111
154.56061
74.48198
162.2729
40.52471
92.121
74.32839
108.71886
133.99992
154.0539
1.2531321
35.57856
33.655766
82.06295
46.973343
45.142036
122.959946
185.62436
14.534285
78.60115
107.19344
122.29641
50.007557
140.5765
56.371407
75.88298
108.51099
134.58023
47.73166
46.153706
210.3964
222.42542
77.038376
3.3642871
36.556576
172.08365
171.25383
92.747246
30.090723
74.01434
59.389362
71.55974
138.43843
111.95357
21.569925
65.6776
60.219658
221.47746
74.3185
48.278473
81.101494
95.059044
89.27559
249.0418
113.52207
136.47768
97.42194
85.68384
263.75204
124.53469
48.615246
108.860695
10.688189
184.44456
177.97726
227.77563
248.67053
97.11664
151.11522
86.40133
79.26552
80.85544
96.08713
57.636982
118.10018
182.68076
34.86163
289.6361
86.40243
47.204155
45.931534
228.2292
48.20932
81.81909
143.02846
247.08481
54.699207
182.94049
178.69589
149.25504
35.362137
95.24558
51.699757
101.56868
92.242096
133.00058
137.54385
95.97837
148.1357
96.39812
107.19621
90.14075
97.90288
190.0503
201.02126
92.535934
0.16731612
114.57365
0.35937983
55.07508
78.458496
144.89412
110.68446
12.9946
93.65995
76.29302
115.57953
1.9734423
106.28147
112.31213
360.31583
164.53276
38.0022
0.7752951
217.12735
76.85144
36.84217
156.81241
115.133606
173.71117
105.73051
72.05847
157.71785
36.257713
12.64071
18.853025
43.37179
83.12183
94.07527
85.76308
59.25952
48.32867
243.75874
187.0842
187.7327
187.58475
267.9726
158.95831
120.262634
118.324135
105.76955
250.123
129.46103
96.01751
173.29828
82.58371
110.56223
44.801918
109.61845
57.602364
95.08648
91.30259
156.1846
109.97843
208.3147
74.94964
143.06332
155.08133
84.13485
61.013084
171.0335
197.57416
107.946
87.29738
126.215904
27.567764
140.87044
67.350395
72.06145
42.829422
19.346071
195.48495
158.11328
163.78702
56.29696
188.50851
133.02739
70.395355
