348.65417
153.04674
62.691246
71.44338
250.54646
23.057596
107.48611
104.92129
97.81847
74.59898
40.891113
41.86534
107.29358
88.21083
77.59684
63.567177
13.254683
82.365555
11.143408
13.474915
56.552837
136.78003
8.730663
28.544165
29.145512
85.58178
43.575554
82.94152
108.78839
144.75354
75.35925
22.326311
8.195672
143.03317
188.90755
120.49556
149.67752
106.30904
65.78016
130.34486
128.66498
145.81836
205.55196
212.01265
195.7366
46.677364
49.992615
118.89095
40.887104
66.0096
145.47452
73.20877
34.871178
93.57071
109.421585
162.20006
21.125801
7.0833273
37.741623
62.546684
4.7270474
39.571663
11.480879
57.171974
75.641365
154.63434
175.24948
145.34561
45.251915
10.241413
47.54722
146.79257
73.622536
124.1814
5.4170656
82.72621
122.0732
57.443115
146.69115
108.39441
99.16939
55.986103
157.43051
78.75743
156.94438
84.02836
11.778879
83.99713
141.22275
50.62838
38.759968
124.7073
124.67743
48.190716
57.963142
72.10574
155.64725
174.77625
160.00632
82.814285
205.11063
197.11963
172.75137
11.106753
172.57889
35.343143
36.325977
76.922035
188.12442
185.08118
46.57101
181.81932
114.887695
127.68736
223.4747
153.34164
231.25858
155.69597
0.31131744
323.4352
160.20097
101.69418
51.715485
98.71573
50.999718
38.608707
36.600925
122.9807
176.4031
8.863574
138.54474
22.950394
121.177635
63.672455
134.85452
107.20786
133.57442
112.816055
36.460033
127.344604
46.41827
72.58281
146.36035
114.899574
47.3003
109.955215
280.63007
94.48216
196.92554
302.7031
138.10706
183.89713
179.34497
203.73494
63.94168
138.36792
191.14243
67.31608
104.09043
230.04446
217.10579
115.53284
73.93988
71.7057
24.058664
45.65497
135.08871
99.36184
0.5096135
193.91507
71.515564
64.8682
10.044061
39.208046
0.65654546
80.82825
62.648674
2.4339738
4.730587
56.015705
49.155125
87.42163
154.31357
106.26648
113.10199
42.354507
146.614
198.37656
111.52586
76.47376
157.84793
266.74615
134.13644
115.59033
111.798546
165.09126
145.62878
42.14872
77.16101
156.02011
36.41723
89.75398
102.75498
43.956276
65.54695
137.93265
100.29162
72.51125
149.41624
200.96098
99.8797
106.539474
41.899067
118.91544
38.34594
30.52485
76.57935
79.90449
96.8786
7.8251534
11.123667
39.105434
137.259
110.86665
137.02423
220.84189
110.40035
37.665245
77.27251
48.51043
133.21086
108.026474
104.36
104.660545
36.421196
166.65176
244.58615
208.92749
42.918236
67.22615
189.9691
17.840136
14.082258
55.729664
1.5825137
102.291756
9.912856
35.8075
1.6525543
74.53154
84.31441
145.491
89.624374
98.56773
193.30637
88.58855
33.259453
73.72101
77.9672
99.84495
35.9402
2.4290109
90.802505
63.749916
96.68636
26.932713
171.24648
117.990036
111.275
114.49906
83.44815
38.07863
178.9342
152.57732
151.48679
120.537636
152.72247
115.87325
77.41264
62.355705
69.45067
32.983673
141.10269
162.90205
23.5885
82.73418
65.0078
201.0957
129.00049
179.99896
37.37682
45.671516
93.88852
53.73133
46.832073
57.197803
180.85423
124.14146
205.8466
75.94078
38.752533
120.48649
64.82454
70.37233
36.72785
36.18999
76.950714
70.45546
84.51377
81.63308
124.80935
232.98697
69.589874
41.170677
152.01811
93.61677
157.22258
33.037544
36.3892
150.28996
190.31233
122.17336
230.62662
47.704838
168.00247
158.16068
57.182983
113.39906
121.690285
88.795456
138.0959
80.69232
37.099625
86.49548
149.25252
87.23891
39.70425
91.4135
61.20855
108.085526
62.10827
35.697227
34.39611
75.55761
230.41714
99.20041
154.26517
95.51836
146.44662
145.2761
141.83466
36.95147
114.620224
64.794365
95.2368
123.33529
89.4824
159.29893
129.0529
230.19028
125.37073
112.481995
128.52586
150.51973
100.35698
104.54148
188.53374
65.875114
12.092679
85.51737
133.03638
158.47115
75.705605
101.16774
139.99612
39.092247
31.328436
55.919464
94.54679
125.2729
130.14156
105.857765
85.50609
131.88286
31.198711
66.81342
140.40488
39.2914
70.52974
37.929497
37.890343
35.75753
155.07083
130.36018
71.16962
104.43947
101.04686
91.08258
168.54463
166.16422
105.46641
149.30748
122.07908
0.9805956
75.609604
98.96625
131.07974
124.24016
32.73662
28.358013
151.98318
47.80906
81.76121
46.068066
153.03757
143.66841
120.172775
208.34988
69.739784
87.42032
43.18391
159.17879
135.01437
180.46347
197.85094
306.4645
216.76428
183.22363
201.72531
229.98091
201.43515
93.510056
1.0894585
37.489323
3.0590243
0.23701906
33.663807
49.108654
61.527393
42.917233
127.35986
6.7126875
77.228485
2.6056645
0.47612005
208.90625
205.9664
66.20062
39.703346
68.32318
111.459946
71.44859
13.337397
14.889798
132.24431
124.43998
89.98183
247.58125
124.77193
128.79488
98.72154
70.6871
0.84711635
61.14443
166.18796
189.36453
149.4738
161.99074
140.2133
57.662945
75.97824
38.364967
298.3155
121.479614
49.963306
110.8562
117.818436
129.30736
135.92441
119.85696
325.66473
138.43561
178.70476
65.943115
114.65303
82.26306
103.780945
199.27982
37.718163
97.78452
46.469925
108.323105
103.80465
80.12895
122.92778
79.20882
92.96513
216.08896
86.41197
85.34403
117.534225
204.60762
2.722987
42.424488
67.52076
199.9526
134.4404
34.169968
43.410686
89.371445
164.11096
35.37554
86.35061
158.85983
52.443512
94.53822
121.99666
196.63815
44.18659
38.21804
88.5432
128.62674
117.63115
187.04234
112.30823
113.237206
94.89327
188.82367
202.37839
116.80758
89.2341
61.251137
191.40182
66.40792
76.13902
0.99777335
143.52238
80.17083
97.872925
58.72869
97.08079
59.125084
57.195904
233.962
99.40253
83.70244
51.171745
24.138899
79.75437
93.44963
18.159275
58.760902
216.05466
273.68097
75.83256
205.40913
4.822119
29.300241
126.234985
34.77113
205.07271
5.080536
49.19645
81.38571
83.36099
125.68291
68.99322
87.34157
53.26676
47.380066
108.42314
10.430505
152.48987
130.73825
170.89157
152.98077
165.71114
129.96307
94.15807
65.507614
37.59266
13.818163
84.83132
80.59049
70.78889
100.45213
50.593918
43.712883
106.76156
186.01773
178.78418
132.15115
224.19832
167.79141
136.27214
108.50039
53.872307
95.20811
123.12421
197.34744
56.342712
121.5105
0.4571526
147.18092
112.56142
50.64127
85.7367
72.609276
106.12091
0.32690665
35.34242
38.111736
21.420542
146.79333
37.814774
34.556873
56.178905
85.74405
61.37559
75.00686
45.764088
4.9662037
196.63272
100.10391
37.889256
0.52243185
157.5275
36.16665
75.96428
187.75838
70.79187
28.305332
119.2432
189.98471
126.52399
43.48849
66.56695
55.606606
57.403862
63.38493
150.81583
180.31706
162.4023
119.96568
79.46854
152.6562
3.3809543
2.702296
72.369064
122.41628
39.63467
48.27282
48.410927
0.37208045
64.6742
60.15639
60.723763
30.476742
0.37076873
66.13432
93.54846
68.05372
111.21222
122.49402
57.238148
63.384834
149.85846
15.200437
96.23666
35.158745
154.59927
134.58952
116.008545
81.55452
136.60861
4.5566077
38.098392
40.167274
72.37823
119.97374
123.17145
62.495007
75.358444
63.92679
143.91008
65.31517
168.70169
111.87754
26.876215
62.960182
99.39044
1.3435358
13.917885
17.496248
66.34093
0.7218781
62.583946
114.34971
38.732075
111.77993
142.31094
77.20465
54.347157
122.46614
214.65378
39.926296
84.578964
119.32615
244.5313
13.697752
1.0061371
15.081296
105.959274
164.10957
80.66608
76.03436
125.403885
229.39983
177.57655
138.67
216.25505
262.62396
156.91367
217.05347
20.876148
117.94292
134.57625
132.54494
39.34468
237.73099
173.37378
173.2179
200.56578
110.22125
49.14306
37.36667
52.534737
110.124344
96.634705
75.21031
66.288536
91.9364
75.66847
41.57902
139.45647
127.41887
92.57634
23.766008
28.14529
29.4803
64.75855
165.98033
41.699688
72.67409
53.882652
30.71603
56.411083
44.63631
149.19212
107.49532
82.24956
132.56111
201.36252
216.76701
40.740284
67.56589
125.909325
99.59922
132.86922
50.248474
66.3996
126.73824
276.7797
268.05206
156.52216
77.70018
128.38518
16.356256
45.928284
70.23724
73.56924
99.98234
69.422516
184.61543
64.725945
119.74027
232.90454
117.85087
35.95127
81.59577
15.773204
36.568806
98.97841
104.05593
66.95653
81.486015
92.991776
113.35585
159.42279
269.27118
249.41565
73.85031
122.9705
81.109146
127.24687
184.24817
199.78494
197.87183
148.59337
126.4386
89.65212
119.20354
36.223534
40.57114
96.84031
50.53437
243.37944
86.969376
201.9315
6.226886
36.422333
2.447393
74.041626
36.34912
124.39427
95.511635
159.57126
61.165386
89.30825
89.43022
279.4704
90.01106
1.359762
69.86704
125.80737
62.334064
162.71762
101.30405
103.17379
97.13725
64.16631
46.800148
155.38127
167.35391
191.2372
129.23404
147.1138
66.61308
98.526855
128.0013
157.15375
73.30437
48.686893
73.25125
27.570145
93.15441
27.7028
165.53555
172.07364
134.0115
148.74205
35.916443
51.798805
70.061676
62.18573
167.41763
39.51084
75.32182
40.946285
77.88258
27.967325
40.610897
111.339645
37.449234
37.8708
41.265785
60.349426
69.977844
106.362564
89.519485
55.93874
89.17721
86.463394
124.30464
79.81635
160.07642
101.97036
165.75908
96.95899
134.22221
39.883842
30.122929
178.78665
105.22459
111.759476
101.18474
93.678444
106.06746
72.14328
33.94579
202.75797
188.43312
149.10443
97.11122
143.70097
33.044094
27.735416
128.89589
99.267334
151.42996
75.98375
37.3119
78.574875
43.40246
76.47136
173.46268
187.34326
349.92126
149.54745
37.357983
69.60181
185.45938
48.75998
91.59206
14.122607
35.570435
69.96357
124.98024
207.59329
142.00223
137.08115
55.036194
87.701
86.61257
168.05612
156.26077
21.076544
38.53794
2.5311737
87.6891
100.35345
56.39384
110.15275
42.374027
109.49447
43.949352
45.340492
15.448889
27.17799
88.85417
68.19555
70.272514
69.81282
158.9108
263.53244
90.887566
230.21375
30.664616
5.9225817
149.25607
112.34209
168.26814
214.72061
272.90845
208.16374
443.26862
220.70377
174.6727
190.02107
101.44303
321.7345
93.86076
160.48962
147.26596
105.93949
44.871574
117.841286
11.187764
47.816345
149.0759
34.469017
68.8505
81.59852
74.05012
299.71063
74.85262
11.800019
75.19713
81.74023
122.03711
114.38859
42.65992
262.9025
146.28557
209.02141
70.25572
88.535904
37.275024
42.139328
19.430637
134.75449
149.92569
76.039505
85.46654
36.307053
45.53904
135.1691
81.57989
11.81378
145.25035
217.4833
195.48912
177.83203
130.73836
46.88764
73.854904
39.42567
45.197273
133.92343
106.49341
45.907906
93.35581
51.397564
66.291245
120.917984
10.67196
55.94102
197.02924
51.336475
68.24163
150.06226
87.65197
40.628784
75.159805
78.028404
93.10607
119.02379
83.302345
94.91476
283.34937
67.41255
81.322845
222.93661
219.59436
60.17983
104.5282
29.836956
257.06656
146.05087
305.16498
172.67851
298.44598
177.47954
144.42068
180.62494
124.01051
155.90825
144.52725
74.3159
38.36157
76.179306
94.940094
105.15883
96.50116
114.017784
69.155396
7.611048
146.15408
52.058575
85.25477
94.68861
67.601006
152.75734
85.69613
153.4412
98.47926
38.13592
47.34655
136.65671
158.53995
121.52714
142.4003
134.39552
38.49632
82.76659
66.23845
124.41081
89.52971
38.683777
73.550896
142.3895
65.59874
39.403534
298.42035
91.26674
85.31802
201.17383
76.45083
203.30832
192.18971
83.89531
109.966125
206.4102
109.51035
35.960762
69.27499
88.482605
42.387985
299.63348
200.67752
31.844065
112.22294
161.46439
69.593056
2.3510728
76.89357
116.99833
13.848752
11.775978
79.8725
47.381058
73.013466
103.05922
73.29701
38.422554
105.37376
29.832464
79.51793
105.950356
212.39676
100.244736
11.060483
72.02154
0.55310255
14.315872
57.641285
64.92969
2.3195584
126.35795
9.295716
20.042673
86.29729
132.46591
90.39154
93.68498
113.50901
36.973854
70.98195
4.307166
74.49314
238.09213
155.57782
83.03489
183.59282
34.203697
195.22818
54.789703
91.14029
46.511387
134.74579
84.03457
91.45219
75.29375
29.654886
138.10257
29.635578
45.55051
317.53552
192.47513
119.36749
168.37894
77.72868
46.05529
277.87067
72.058334
75.92173
70.87683
74.65862
108.846924
164.29008
80.29095
37.525513
145.74126
142.42653
48.82149
218.01758
132.16096
167.63243
156.86116
162.28435
205.45169
145.36284
143.7653
45.12162
82.243
85.99233
45.306656
276.26
62.526573
124.92499
121.519615
155.89822
175.17297
84.40176
73.83357
112.055565
37.34005
67.23927
190.0953
155.76529
121.05646
177.01305
131.55025
62.494923
186.5088
155.55681
172.00354
162.8836
169.63928
50.737835
112.57503
46.62915
159.8992
105.64885
101.158066
138.88628
118.271095
94.25773
73.78804
3.0976462
86.82338
92.298744
150.63754
86.81285
112.05093
38.40071
108.06294
151.32562
49.555103
144.51082
154.7082
124.681946
52.48194
140.68915
2.2678688
29.619904
145.30473
38.64321
198.66353
47.82459
143.58119
4.6001463
13.743871
71.97834
124.72848
65.09223
105.72278
84.36885
39.37546
48.81878
43.47849
39.29256
68.9631
124.609634
192.59708
131.12466
78.6944
194.95566
123.28331
141.4711
41.865807
217.35742
60.03473
178.53415
134.68106
55.435535
235.36914
92.94673
84.36089
73.61
113.88783
68.49617
70.71562
345.1866
81.29328
105.645164
134.69751
174.1234
198.56848
143.75098
100.79555
135.8734
130.78217
56.079964
71.22569
52.08465
132.17905
250.04358
67.58499
91.5546
88.7644
161.03973
121.135086
167.98186
118.02389
0.5222378
34.968052
179.51929
108.514915
88.87385
214.37057
49.433434
13.93871
57.33418
108.55725
69.194565
18.325703
90.57497
173.38396
0.76884127
62.999046
70.88551
38.528557
47.082985
115.64363
38.094635
108.07715
41.467472
85.717804
3.0256846
24.014257
161.40575
102.829666
124.024734
88.54394
94.42793
71.37763
37.5366
256.54147
91.25346
36.386406
107.48716
5.56864
138.21991
100.57046
83.13773
81.985344
3.1824665
140.29218
179.35538
214.18144
181.92899
143.22049
62.649742
117.77681
256.36282
300.3803
139.40288
211.79411
54.16903
82.31699
90.32123
192.44685
41.921124
83.85686
198.79791
161.34322
81.34499
150.12871
35.915443
129.72821
28.692423
0.911979
76.342834
0.35609934
125.519
76.340225
103.15798
37.333885
116.84308
42.974953
68.27459
351.21228
245.93039
145.31424
293.72528
250.07019
573.60986
283.89996
191.09222
88.974205
357.99435
204.31175
202.60286
57.698174
75.64123
56.769917
132.94005
120.22258
56.95051
68.87331
221.04195
215.42815
159.70065
83.08396
41.348076
79.22597
139.51872
75.69231
47.70509
100.22982
125.71712
132.12827
185.89996
128.56665
77.73428
3.4655538
63.318077
65.1253
69.324776
75.722534
33.820656
44.84447
195.53482
3.0433292
48.329735
77.61405
81.05403
178.88301
197.70522
216.36783
178.0697
30.829473
31.541672
55.98332
168.62741
12.988797
56.686615
71.25616
55.94996
73.4191
112.24601
218.54202
86.54906
176.78288
113.913475
36.188663
35.961246
176.0822
14.037854
48.499535
73.361015
90.76667
141.85541
194.52968
156.32602
63.808167
103.82546
71.194855
105.347496
127.605225
118.862564
71.38344
140.39029
211.47905
215.55293
146.88351
205.15495
160.06273
35.414078
80.306335
74.07871
21.33913
51.94129
78.19829
74.583275
53.525078
107.97569
227.8686
12.783399
56.498222
95.70128
194.22243
82.026276
96.13322
86.48407
37.218693
113.57815
139.54214
154.39828
135.44844
39.109028
105.659386
151.06464
41.54093
158.07721
128.86278
79.35361
102.385704
151.62398
70.8363
38.6692
113.691635
145.20985
120.44033
69.87878
81.58241
63.99128
0.77525127
13.422567
37.758778
105.739
83.46859
90.23971
286.60895
214.43416
237.52054
42.758293
78.72441
22.194843
167.22704
157.8888
81.58975
113.10669
149.37572
244.9915
251.53165
190.57841
278.9483
158.40715
75.09277
126.430435
107.63295
87.68623
60.286064
294.01224
45.970406
75.33567
9.40451
1.8924986
77.846954
40.24275
47.432434
45.19085
53.119457
67.9632
10.119876
39.73742
72.19877
80.123695
38.689125
76.705795
90.57556
110.98584
41.820583
111.62364
133.69247
76.90125
77.82697
86.60596
82.12254
89.233925
73.30942
96.779366
147.28459
40.071083
92.38886
258.93152
208.94775
157.00282
185.30113
73.31927
169.0661
284.97858
191.40234
215.69836
364.7104
144.61333
118.52345
44.918373
37.810024
110.10793
137.60715
65.355965
110.592606
148.05452
91.772156
54.23398
88.030045
122.78871
127.6118
76.32804
123.319824
142.92238
37.80291
51.08626
83.2545
40.204353
142.67696
48.72752
113.02389
14.955309
51.983498
118.197
42.715244
82.50928
230.13509
60.689953
143.10277
70.153915
94.652016
190.64957
99.25863
92.567276
230.17326
233.07198
93.69073
152.37624
46.380634
154.87085
37.386993
36.495804
40.93458
81.19304
58.419098
71.976326
80.84617
120.78589
86.71344
70.77407
111.43142
122.4778
41.16805
71.851555
71.38711
58.794434
95.412796
77.678055
145.27356
92.27577
102.62411
211.6657
151.95796
178.09297
92.62597
91.621185
76.4153
147.69133
55.983467
142.41348
201.74925
54.53409
139.13164
81.76416
188.92926
255.59006
160.45738
37.268986
119.328064
41.81224
190.204
168.39314
140.81763
84.05217
403.8477
119.96645
183.00005
152.22322
168.89491
100.89228
83.15032
32.18965
9.550791
51.76339
53.171608
112.32849
38.6615
121.54663
101.36841
173.08943
81.150986
143.34435
211.5636
90.31629
126.689125
161.62167
56.343945
69.79707
68.06255
4.432019
50.597363
39.818203
115.78939
148.18483
79.30647
44.79436
39.798027
211.34848
328.0461
0.59694743
141.86055
62.92749
105.41058
127.11526
92.990585
89.5068
157.33298
45.552235
19.165226
171.36006
76.78907
45.431183
107.33791
38.463932
84.71389
90.54588
33.897583
38.15395
74.897385
48.598484
54.808228
141.66925
268.03064
44.949093
38.344204
86.78813
45.146416
53.947193
147.90012
46.818157
153.75526
3.159758
77.87904
84.42661
122.165665
10.407608
43.336166
73.78139
279.25616
213.83492
61.407463
70.33452
56.821045
172.81071
37.355156
131.20236
59.42489
70.738266
44.544846
114.55503
96.728836
257.19342
216.57901
87.000595
78.85713
125.51227
44.95417
220.0614
221.53093
72.705894
47.65291
144.69644
87.98793
141.89594
111.90053
74.49434
130.08925
88.13234
134.3858
56.04403
62.412437
32.313824
43.03266
219.84937
219.91687
112.34883
74.02402
87.007065
116.92037
168.69196
48.259766
47.719616
43.312115
8.817215
120.19637
174.21959
35.980183
11.726894
178.33551
91.03685
102.59349
37.42428
137.3157
70.25313
88.32781
1.8805077
44.290913
12.373307
82.929184
266.73215
81.12428
64.38259
151.30322
55.749397
93.20401
97.13845
39.461773
6.4731216
70.544205
138.81143
162.51239
91.96188
136.51472
77.057724
107.653725
44.560555
12.542011
155.76018
91.5584
61.89159
168.24666
116.713974
75.47488
130.7803
122.23418
131.75438
175.15866
121.09359
82.76773
104.2325
187.94438
159.39496
155.5074
189.70593
218.76033
146.48206
195.24974
188.38786
130.81247
134.55368
40.63546
141.68262
178.07811
126.780716
126.98271
120.79155
114.19203
265.35593
182.39818
189.9465
57.570484
99.40471
96.45216
144.22075
35.875404
0.2709381
36.92344
112.78551
154.06958
139.67479
52.97819
158.60274
84.390564
91.81054
78.09471
125.56488
147.44333
203.83408
100.67407
226.52588
43.467644
58.79994
39.269768
121.89073
77.53303
87.34962
118.88082
121.894226
123.81685
68.75862
86.9744
105.58944
9.527982
83.947
159.58842
98.03007
164.84402
172.65306
286.3587
203.74216
46.322655
68.855484
83.0021
36.351788
105.095436
63.812176
21.931082
124.45066
63.508648
74.26096
64.4412
119.80434
58.808052
134.34659
108.5095
188.50064
42.1213
85.50855
41.000164
186.83139
116.29674
2.7358632
256.12616
164.37741
43.678356
84.820045
51.72776
179.2507
156.00266
154.01532
183.43538
214.67075
189.63045
145.55492
216.60991
145.09964
37.0203
87.07108
85.095276
69.30983
66.25017
177.76552
183.19096
114.83742
112.993774
76.719604
121.877174
148.23299
137.53522
80.20298
62.45527
2.7991672
29.922314
35.537426
206.00423
115.344444
156.10353
50.688545
157.02696
123.03147
62.34789
162.64575
251.42874
119.01013
65.25447
95.4706
110.524414
139.24414
93.72941
153.60718
83.40917
70.985634
70.94482
70.58764
140.95065
112.30662
36.550762
171.30714
88.09942
83.58514
124.03993
83.9727
38.39197
256.74335
140.98845
176.80093
62.341553
76.25398
190.84824
30.330984
2.8256226
62.242035
210.2208
33.73626
158.21494
105.45598
85.71464
112.927
80.233665
116.62892
79.83002
46.493103
35.858315
136.44644
121.464905
51.431225
111.354904
141.42415
85.38867
73.82184
110.13847
68.41257
60.010643
139.62843
16.739914
85.02241
1.5539081
113.6169
78.52507
97.18297
69.84206
81.36308
59.78316
149.22404
252.13579
172.50383
293.7295
219.72873
43.249973
73.96949
98.76208
33.981636
82.58107
189.79422
153.41945
12.633138
136.32211
135.465
21.503153
36.1962
69.56712
112.562515
95.77175
73.877365
66.26732
195.6904
58.45707
272.19196
287.8792
90.97294
71.63543
93.53152
59.144024
113.33287
77.68867
55.509663
37.04703
34.151276
149.7657
159.56058
166.64542
21.2558
165.75183
137.18333
51.8095
337.54266
280.19165
172.98563
204.246
167.92123
253.4768
54.3402
145.8718
193.1036
145.3012
42.974922
331.7396
243.71638
167.81985
356.4107
123.13905
91.163376
99.59343
177.56224
200.02057
164.02954
87.66075
36.34635
68.132835
53.455322
129.6171
259.76865
72.46199
100.5156
66.91141
78.069565
102.54008
30.927673
54.35797
77.9036
129.73984
95.59705
77.946335
76.59517
93.3886
59.315575
15.272682
113.500854
2.4767385
93.46397
53.49115
106.89909
138.18294
67.711525
122.34409
77.339325
38.101906
70.77594
174.95883
30.996548
123.708496
83.203835
147.7977
106.78807
77.615555
152.79832
147.32831
34.42135
17.16695
3.8518443
47.511604
113.22835
133.97684
68.68672
71.91731
98.86192
104.50948
58.65695
102.99187
223.33614
226.1097
182.1268
120.4152
76.50621
116.128006
95.38027
47.25702
82.07517
45.665806
204.20906
151.63977
248.2996
39.792137
126.9435
3.5694747
73.79032
35.169136
8.780239
46.00434
31.25912
13.241156
3.7124813
203.88634
116.42821
14.827604
78.052635
3.9760017
115.47185
48.582146
146.59282
48.517616
166.5133
48.376686
1.2229564
68.3108
175.99597
137.64825
120.91842
122.803894
92.907486
96.898766
119.4447
132.8924
129.94302
144.20871
110.83069
46.875088
105.210815
18.7434
56.218742
151.27594
14.726207
35.090466
31.01904
32.08581
43.253033
99.4502
209.70757
151.29506
128.67514
163.30008
196.48042
4.835292
47.469566
187.4026
112.203354
140.51102
120.380775
39.94142
162.2759
67.20449
139.76115
69.25897
75.30488
93.98222
63.045605
37.383247
2.4927487
37.152737
79.65359
48.326164
68.15887
132.40569
100.16872
133.25441
75.43196
0.3159582
198.6002
123.11375
153.35074
126.80154
13.996946
8.277849
125.76546
5.135545
168.74835
134.60886
199.7013
39.93356
33.282013
16.998325
116.998535
134.27835
43.120773
93.6545
38.905907
109.09389
48.38381
87.790825
209.4902
173.89766
194.51802
302.3935
145.32027
276.87314
326.90634
80.70945
203.48167
51.140507
74.244385
105.17619
120.86741
76.47641
110.16437
128.08665
182.54538
119.15916
130.92111
81.05141
146.54306
153.22983
138.85828
130.46669
118.98972
132.95564
2.296207
47.135464
104.11605
112.42729
107.26666
149.31187
130.93503
98.7453
35.68154
114.98201
167.95792
93.28122
44.6475
71.99401
136.49487
97.23499
107.351845
121.51149
53.73916
81.942276
114.83877
4.2168856
96.07647
88.70152
233.26006
83.5731
22.09531
113.18618
33.547127
149.11826
35.194855
61.30371
99.476204
111.76444
76.16158
37.22175
15.732994
36.4546
224.36328
53.569946
106.74359
126.05161
44.287357
40.629585
143.76035
33.265812
126.19609
50.60716
64.89259
21.207964
125.71571
94.278824
3.3317027
45.898117
44.202984
78.00571
83.12988
37.916813
102.57609
73.808044
100.61916
118.25907
97.388794
12.7671
145.42906
175.87323
65.84413
110.60172
121.384544
10.914609
43.958614
56.78965
55.63565
128.86098
71.10185
66.689255
37.509647
81.01088
70.331856
168.21999
30.81717
98.8644
5.1697264
48.83819
142.2169
78.73619
37.95455
273.8906
279.8286
93.20505
230.18063
161.10934
70.48326
108.93679
120.12146
123.30101
135.0438
49.902603
73.113365
102.81377
176.99149
54.716278
11.30485
35.218082
202.40112
175.27435
7.3557043
89.13145
47.882572
143.1665
148.10168
220.82365
207.28203
131.06436
143.24155
100.52772
36.930252
0.5522403
88.3779
73.855835
144.46265
147.69751
112.841995
90.3013
90.933685
176.62454
34.857143
43.473824
127.199135
37.168827
97.25912
42.39446
250.23418
53.1699
51.871178
85.47294
84.52797
50.27767
130.72018
48.073357
122.27649
87.7503
145.75986
137.19084
93.174545
82.522446
70.96573
103.99459
71.00815
115.973305
69.28325
0.7509373
37.054604
31.630985
18.590918
134.48972
123.90376
170.87967
167.66315
141.07767
43.010597
1.4469042
52.937035
35.531975
69.200424
83.47499
134.51357
56.52105
40.596214
89.48006
103.392784
153.48709
93.2984
131.97325
75.845146
169.69827
0.068890005
34.9741
56.480824
266.66827
75.600784
75.77516
165.66792
53.364708
93.827095
79.401535
94.01094
340.5501
40.72233
81.18288
1.4756914
55.004993
197.66975
48.588936
99.19173
115.80199
91.4294
51.068283
76.49576
76.84358
36.80616
157.9201
96.15537
92.88014
68.17119
225.29683
22.68095
91.41763
48.970684
177.41476
69.91249
70.65159
89.64668
38.052845
61.48405
92.11872
12.242121
48.909336
108.2076
121.92799
110.75472
276.43176
147.56094
57.041924
228.207
38.583427
71.47273
34.953194
102.68166
103.44208
70.41362
56.20445
143.74059
108.6039
79.470116
190.7791
80.67593
98.479614
87.71086
175.69394
130.68242
106.34646
103.37284
62.7919
92.28229
153.75142
72.092865
136.944
35.800297
36.27707
113.67421
112.96006
257.39398
81.3264
253.39986
189.40244
195.44363
92.20817
123.93373
96.56318
47.651665
47.769455
80.34945
225.34793
172.73889
168.67117
114.38887
114.41919
69.38198
203.13556
36.123722
47.29441
163.49232
113.136925
37.74218
141.3475
236.1387
176.23181
108.62627
107.479935
128.15738
110.94812
37.984398
158.03598
150.99252
209.1458
187.53024
190.9583
190.8247
392.63214
161.40575
82.53877
135.5249
131.19087
82.87875
152.68874
229.83533
114.05985
304.91718
153.35612
109.41455
105.07809
80.317184
38.314266
24.092726
16.49634
48.1054
248.36885
174.9053
120.53252
185.592
103.10779
93.81266
73.822014
143.10384
50.077496
140.54567
168.60846
114.6709
133.0606
59.645683
76.70918
179.77518
43.43756
45.091503
8.101373
11.43059
113.98147
253.0083
142.38803
57.992695
196.15341
129.39081
63.36631
2.3007576
40.125374
74.79052
82.023094
37.09738
47.19009
143.16577
118.72145
72.666084
84.26158
117.19419
117.45542
75.96356
101.70037
102.110825
72.910355
98.637405
91.046906
37.332542
57.481163
14.678484
124.73927
23.15491
107.98146
83.091324
107.728775
95.054054
65.738594
94.16817
51.59611
236.13081
201.1424
85.361786
185.15742
342.57196
163.21416
49.001198
110.34615
72.36068
39.50714
145.40298
254.92696
303.6107
212.94815
173.74529
57.06629
130.20773
86.14286
122.220375
43.512787
74.45788
311.46014
46.09802
24.471594
2.8265877
41.46907
48.027744
143.36185
75.93938
138.94151
87.830864
140.00865
108.72815
218.1691
123.162
57.552746
105.23026
241.46432
171.06892
36.09576
180.50105
93.9579
243.09952
115.707924
113.99546
77.40635
115.450035
119.12425
126.01847
219.5333
132.77263
87.631226
43.734394
253.14175
219.1665
204.00943
149.00392
260.5086
250.69254
199.44365
155.93729
22.058788
109.71948
105.81588
81.94539
37.096073
144.10744
63.31057
106.391174
73.26683
83.1046
113.81911
11.240118
35.385757
255.63293
105.845825
86.029175
146.5266
111.43412
129.63766
71.76779
38.925583
110.4531
128.9912
156.35283
34.56662
104.62074
111.00319
149.53673
45.72258
45.84374
112.469055
116.01882
177.93726
171.73012
162.46109
159.86792
117.73657
135.52942
93.16038
108.72089
105.79067
156.57803
211.43106
2.6166987
142.73743
76.308365
0.83022434
34.06774
36.304268
87.36474
94.74263
155.32664
240.09677
37.438126
48.197395
130.94128
157.929
121.33252
53.34507
105.669655
79.231514
81.875656
177.73378
112.31431
0.89114773
2.9954367
16.484041
2.5384994
62.846893
146.58261
108.58742
228.75562
249.82993
148.46152
168.10999
51.026707
86.60872
65.874146
77.75721
77.14494
152.73184
87.01831
158.75085
39.424088
103.62398
137.28522
14.08132
121.93524
73.89874
89.10301
119.39585
11.054067
51.2354
188.19896
40.693214
118.924034
84.829605
171.7253
296.11633
270.14423
180.43057
95.04715
9.866169
46.839355
32.90355
116.990746
18.922215
141.53625
150.37549
121.53966
49.96545
38.00117
81.55574
54.146515
75.69789
202.23106
117.44206
100.241585
37.392776
59.6453
132.97418
100.81576
20.63094
119.0543
109.44894
32.78805
81.647896
85.41359
77.60903
40.583244
47.967354
234.95918
67.738846
89.70463
81.35352
23.550343
47.767975
206.38455
103.92012
75.62184
92.27115
41.177963
155.23506
103.03752
74.358734
37.241936
70.8756
127.173706
109.180016
70.34458
35.472374
34.63872
56.55882
118.733665
182.47258
81.709366
74.1942
108.28398
36.076477
23.128727
105.39598
134.33723
141.95059
48.109653
147.44841
94.312256
149.60303
215.55411
66.57952
38.10105
80.470085
49.783318
110.605774
72.10455
109.3416
76.97972
72.561264
71.97827
119.07948
113.2075
85.75078
72.00677
172.72148
272.9182
330.8316
124.95194
149.89102
177.29495
169.60014
106.02582
56.800697
155.79182
115.71492
56.74341
105.08026
66.939224
74.95952
117.95335
47.291603
34.177288
50.510963
42.846336
51.946342
102.52174
110.27411
154.16931
42.641216
298.30084
141.71474
157.0138
212.80461
73.195175
48.870796
76.551636
145.28886
77.86393
38.46412
81.60344
46.752617
83.46187
98.44307
172.24648
122.61288
85.02899
2.8250904
84.2305
106.33211
48.564964
72.80835
37.938896
115.07455
80.80901
105.1652
88.52122
109.01991
153.32414
151.34433
110.40735
87.25216
68.1524
98.19077
109.214066
168.7906
43.565556
79.427414
104.61759
195.16235
206.94669
196.66599
200.88062
106.49705
147.94228
223.70845
37.71392
42.62837
43.321754
80.87687
175.68999
103.50006
77.70103
193.06479
74.56952
4.388142
81.9191
154.3867
34.70141
75.03868
34.859
42.01922
69.78563
138.364
75.10568
142.4801
78.06886
111.8264
48.77334
185.77922
215.52634
174.07773
152.62401
45.27402
81.28746
173.8304
164.21896
101.59597
91.973206
64.666534
126.67627
128.45956
124.311325
107.77046
88.06674
74.645065
60.67633
114.2513
299.28558
222.90092
58.170673
121.845505
87.677
42.808056
74.429344
49.263153
15.467296
118.76992
72.50808
110.574486
91.421455
148.78978
156.63345
153.32889
150.00589
4.7190914
46.806755
68.12499
4.422845
161.95242
82.99332
150.8922
74.973656
162.99763
76.410225
68.24898
47.279205
141.0212
79.55068
142.55054
191.19919
38.66114
71.827835
151.61514
143.93114
144.87686
178.36029
145.39545
127.021835
99.90465
59.15037
71.93535
94.58577
78.93547
107.9389
5.7642403
107.23558
78.685394
46.776237
44.85688
54.051003
36.788353
119.813156
83.122055
103.29264
109.0756
180.46141
232.82153
36.089714
38.90931
45.605232
98.11929
191.06015
125.32146
39.357063
285.569
32.077415
49.97187
147.24533
85.063774
111.53304
128.20636
83.94176
192.56407
98.88613
131.4878
11.288853
72.06847
116.077965
75.971596
272.16678
75.0094
229.8169
144.71713
117.097084
73.96096
82.09126
101.00327
123.647934
161.13474
102.81932
175.29784
122.63766
196.10046
95.180405
82.49605
75.39773
114.38242
202.72086
126.973404
149.79575
196.2299
99.68565
3.8219707
58.702095
1.4351602
125.7112
143.47375
78.7805
82.519936
98.91643
117.62285
50.17025
153.18983
160.48418
145.32947
112.9089
196.55862
178.18764
256.78604
224.19797
183.19926
151.44023
129.50204
128.69702
37.92188
34.05707
167.10388
42.928997
108.57084
110.885254
93.3186
125.65796
179.55386
80.8018
38.517174
40.865364
91.21745
99.842545
150.7306
113.05349
37.055893
71.57517
46.33649
45.61947
115.36001
141.14731
122.04392
77.491905
69.9996
101.85114
188.72935
90.183205
85.61068
211.81316
139.18253
144.32281
140.2515
99.2178
172.13031
124.2628
138.68375
160.97005
119.911194
88.37398
87.93419
98.71101
152.67102
87.95602
202.76532
162.16446
157.60422
60.934296
116.74855
97.557945
108.910904
16.266628
2.1754432
36.729713
127.909744
117.9066
121.74126
156.99713
39.98393
231.27298
34.201416
71.78241
49.667767
69.393486
156.01291
278.9731
142.06026
155.15561
183.03757
169.6644
58.979877
94.7437
227.75298
3.1297932
190.05966
160.11531
87.61473
187.18082
194.7338
127.06529
110.07698
146.56944
118.07096
73.26155
38.935333
46.60091
150.79637
152.6084
45.928368
73.13743
74.64978
35.2694
0.36225814
17.510431
3.1178896
5.6891565
92.560616
112.005714
140.30598
92.903824
88.59253
120.65177
58.171654
116.415344
123.01823
87.191505
52.55304
119.443344
263.36984
211.17085
86.25654
107.35221
38.461212
241.2054
3.322229
178.49765
33.92645
38.64334
12.038332
34.265724
6.4363923
42.98853
147.87512
329.87
185.81026
324.10492
11.917569
163.93666
327.0431
238.69475
103.093605
51.875763
0.5778955
44.80282
47.436325
138.80746
72.52226
117.300964
75.203
72.15838
122.7162
34.31431
36.270767
54.51112
70.98375
141.87834
54.30539
146.43477
92.46714
149.73116
66.94706
115.43645
42.910915
61.713215
117.41875
0.44559783
75.88464
38.77639
70.29695
102.94218
183.49142
66.05344
83.479256
37.24462
15.21835
33.020668
142.65997
86.68385
108.61576
95.13132
59.696327
149.7143
72.56203
92.09534
137.05446
60.268047
166.12271
79.71297
132.739
144.01646
155.74472
72.94563
55.552635
94.11866
52.336113
142.22282
78.78251
103.10411
123.54744
11.085983
37.257866
48.787804
58.23756
76.44678
22.725239
102.63045
90.31775
85.402916
97.92787
86.648994
83.89961
89.705246
190.65337
64.460175
43.930794
111.8163
81.153656
247.11258
303.22308
41.81182
75.319336
97.38205
19.927874
76.552284
94.4748
84.09891
49.750835
77.664505
98.41231
129.54329
93.509125
225.54448
120.351425
40.85595
105.188805
10.854777
46.724903
82.631996
113.29537
37.202682
124.920494
115.39778
11.536991
12.259292
59.823376
50.27617
84.0523
78.46992
110.74032
93.919815
84.46862
84.20096
14.317919
205.49724
112.46831
61.19945
184.4095
101.23089
63.090233
110.10459
71.067604
112.324356
36.635822
69.59125
107.650795
43.886677
140.5952
106.34625
102.29917
100.15239
147.17676
149.40004
148.16588
119.88379
99.13039
214.9281
107.636475
87.30435
97.307724
123.260635
12.350769
133.40851
173.86299
24.076557
90.04906
43.68828
57.348083
201.83804
122.06317
111.14722
72.24193
83.99812
36.3119
96.665115
115.669044
92.421906
87.00999
142.17586
95.62415
96.52495
194.43463
139.14987
97.07383
100.877464
114.03452
228.64188
176.8145
231.76848
142.52887
60.28222
166.00763
140.19833
102.12397
220.01465
94.72515
60.674538
121.82072
151.35541
211.20871
213.92676
244.27583
182.17212
209.5411
154.1739
220.41739
71.29565
70.59871
143.26236
126.78328
133.72372
78.63376
75.4824
17.314672
206.47514
150.36766
37.11432
95.30883
80.89954
7.911883
113.07507
81.93613
72.59271
67.61441
34.001522
99.04996
98.00243
66.439865
50.92509
8.724458
16.236246
1.5091178
94.079636
109.5635
186.6246
235.00488
76.25305
70.45958
108.49412
103.21073
253.68913
180.87859
91.73594
75.23625
81.584435
63.76293
44.888683
75.66353
78.01675
90.4409
228.94687
191.18985
4.5307775
79.06169
11.021311
85.9488
175.11467
133.78258
127.92644
238.02905
205.65823
128.02269
122.50089
171.12039
48.23415
123.2311
170.0481
141.40796
48.961884
114.59055
42.97415
53.532173
35.605217
48.88084
145.86368
70.093796
86.71241
76.04697
108.41592
97.34395
49.91163
111.936646
75.5885
153.40524
38.342854
165.11125
124.75637
1.9754808
137.38977
108.96593
81.25943
201.23155
136.57101
143.58926
38.414448
64.207016
201.18053
37.293617
111.84209
157.09203
205.81721
187.71046
7.292525
54.313885
181.11703
148.20361
176.6483
33.837593
64.07692
109.14481
23.039787
40.850716
183.87286
40.577858
179.67834
87.526726
10.767114
21.367237
4.3977637
46.270966
30.782528
86.2
118.2416
51.732014
82.94602
187.35234
90.178734
75.999016
20.455662
0.6845745
67.93543
56.576946
116.74396
89.556885
174.91118
23.316557
57.984386
100.85384
61.89126
64.99756
159.82137
8.946967
89.63037
186.37886
70.06667
79.079056
47.69684
77.78186
73.65997
177.99683
151.24155
276.79526
187.2626
246.25447
208.97163
169.70992
211.83557
232.30075
213.4259
141.33075
66.7785
83.57105
173.21149
88.42226
36.5191
130.87685
111.55601
100.66541
73.488365
106.51648
122.0226
135.49815
35.633675
63.067585
34.88266
53.15152
67.47035
252.73288
34.161808
106.75641
35.76704
53.87668
196.7171
156.79715
196.38263
61.476746
80.81168
87.53668
92.53943
128.23392
97.19374
79.14309
342.2789
200.75044
211.20786
71.43671
139.97643
72.70309
151.87302
41.337902
22.778622
68.95462
168.18826
151.82571
152.00583
190.80363
155.7143
65.097466
124.97135
2.6359205
260.9858
205.1038
152.1304
186.37979
112.30046
143.33052
113.81737
54.877808
80.22591
48.295837
16.29324
15.382521
136.28723
38.282223
163.77966
86.017204
75.98142
66.98363
7.3971925
39.494
12.536355
120.78162
54.72123
42.004944
39.582897
168.04109
144.53952
125.914
41.01883
37.789787
147.56558
4.0054197
50.887787
0.95195425
113.318275
185.0381
260.30777
29.243946
6.8659678
30.3108
75.776474
94.29911
141.77669
78.12524
107.6214
125.89888
75.57635
177.4521
120.10244
93.26563
87.91257
54.040943
245.71599
230.25122
110.5047
108.67256
119.05514
69.08002
100.345924
119.71659
90.281624
75.58777
94.41739
2.4337611
65.68092
206.33493
66.8378
189.51682
94.07875
28.756674
0.5005403
0.062276136
27.037579
73.93993
3.1913571
149.50237
115.32149
105.43617
99.57843
138.75247
60.268696
52.67155
4.2897334
80.56376
94.00209
164.02945
173.14206
116.650856
41.3684
142.97733
163.04666
49.56276
22.050644
212.55896
83.56662
155.4707
217.29248
142.77542
174.18625
247.52844
264.5804
85.63044
40.41699
90.48051
44.56196
164.70538
93.76936
218.59549
205.15787
222.71957
33.63546
134.65479
153.72812
139.15082
189.68466
36.387604
92.02735
105.73977
67.45912
49.86268
96.18788
72.61366
72.69327
106.51286
51.478558
59.500404
38.75822
37.06199
58.101295
38.42187
161.74979
126.38927
164.85507
87.09141
27.909357
28.342392
114.65957
94.85033
173.70708
38.836906
4.119317
26.370443
58.4056
76.86012
130.86633
119.02411
144.48706
74.26601
92.59171
24.59613
64.33467
83.908295
62.6614
38.26065
41.459053
132.74706
228.86218
5.122483
31.707508
76.72854
117.70913
37.737312
66.767456
87.95896
27.383541
79.62466
42.651707
60.58544
63.265656
36.53123
119.66831
16.49786
125.168045
185.17088
105.865135
61.832176
76.89037
57.901314
3.281741
39.309227
83.03497
27.732143
149.09392
36.097282
37.630527
107.06077
94.93288
73.8871
34.07191
66.67107
37.323025
179.98624
190.28624
153.85696
0.356711
42.329567
8.533976
49.925583
159.96786
41.177605
156.8118
85.15022
131.65985
120.532326
126.16789
110.79624
145.53403
155.47388
91.36234
161.41043
66.744804
38.24015
138.34665
79.810104
152.7631
124.07405
117.09867
142.82071
93.84314
183.09055
122.09639
131.45598
185.26053
217.86467
144.37184
128.96872
99.26431
128.11044
116.90757
101.66961
135.50204
93.27983
71.6974
268.3253
193.82806
51.699013
127.45569
98.83946
91.86287
125.06289
110.08836
245.63701
88.91799
137.75908
64.365166
38.288063
57.885124
77.64055
101.17331
1.5297382
18.117126
14.788463
43.77051
95.9993
8.298847
58.33663
181.53946
109.21041
64.72188
196.41513
125.45278
60.460396
95.8703
1.146599
31.12171
118.67114
73.3568
14.69267
47.515488
14.713797
43.436577
59.87437
212.34077
95.753136
129.77374
146.347
127.49027
82.50557
90.54552
47.88396
67.92173
101.548836
52.94173
123.7995
23.739416
58.60835
98.15132
164.15897
200.97885
6.2766037
99.40816
73.87373
0.99813414
0.12792149
64.84596
43.582157
61.399242
65.642746
57.012733
126.855995
61.047325
40.38666
72.03752
150.66298
64.646
49.204945
210.63313
145.78177
57.405296
92.43794
195.82962
135.97151
109.72152
168.56718
80.96489
126.91075
108.75527
56.80835
108.428406
69.44377
43.77402
39.543194
99.60927
209.38254
111.85362
132.94226
76.79294
1.1826822
15.231343
14.3942585
70.1544
36.702908
22.81468
160.38153
86.543915
119.18185
223.62337
157.90594
138.0124
2.361314
17.721163
76.70373
191.26297
22.14218
15.901332
211.76193
64.344986
71.495705
87.47966
58.42744
36.6776
36.997257
296.83267
251.264
156.92947
86.25484
40.610054
89.808075
46.587067
96.93565
181.23523
54.82419
83.48313
185.64789
93.47729
78.69967
70.38591
114.6255
36.427444
64.50607
77.08767
31.839855
61.369915
46.02427
76.54899
89.62852
129.18411
104.42743
61.572304
40.449917
4.552197
50.571854
26.337402
62.893196
19.535748
102.559204
78.70777
41.649757
29.932108
56.97475
315.35687
125.55635
27.983154
31.061512
114.11354
43.352318
194.94711
44.300175
78.47839
183.18793
81.61436
78.275
192.43639
35.109016
177.57214
52.719616
5.5905247
77.52416
76.83348
70.12002
182.31999
178.08914
218.31375
205.6066
175.98892
136.65111
82.36693
96.30961
99.846466
78.85866
35.02494
35.307
69.85979
221.68503
37.128323
99.41915
190.82649
56.513195
32.112053
109.57805
98.06443
77.15597
47.086517
110.993675
77.47194
108.0047
16.091406
77.735405
69.118935
70.0121
112.7178
140.03915
58.69232
73.121574
36.276
121.56455
99.383995
141.44064
112.24336
85.63506
90.88505
101.83996
181.79868
160.18015
72.022194
66.06139
108.712326
194.01787
204.10349
82.17944
127.94585
216.65347
103.5375
93.12022
136.95236
116.34853
69.02802
94.629715
200.55183
127.33095
133.92189
96.54682
124.81343
125.33883
140.10574
138.02324
84.95543
135.77425
162.40219
83.80727
73.66192
43.924797
137.69217
286.82504
263.63153
206.13957
204.77646
233.81909
82.02611
82.889984
32.008034
111.25681
39.045265
393.86237
142.62613
121.94553
103.32463
96.932846
128.04555
236.6973
2.8531873
37.112526
214.55876
254.99353
315.1908
112.376915
166.33627
168.41205
90.38702
150.55396
172.9837
61.626472
126.2182
160.30037
126.73342
11.041838
105.43832
97.322365
84.17371
126.749535
161.55669
37.26482
34.866673
70.358826
140.51144
194.54066
38.55683
48.67117
127.705956
34.460518
245.29861
97.82535
116.004395
124.52045
210.32217
76.20924
71.12703
64.22213
35.11057
228.01212
187.02148
126.87925
126.43318
129.15802
180.7381
138.14182
126.238014
157.54836
165.77405
133.75362
98.63237
97.25951
128.40485
141.05498
46.092796
133.0115
264.01492
136.76503
115.788284
94.98104
109.03375
166.50803
178.25133
102.59407
52.964455
91.34211
78.07027
38.287247
142.46622
106.50417
44.930145
138.18707
85.77648
85.55699
207.32242
87.23627
146.40222
115.42175
0.22310574
111.595566
95.398315
232.24997
201.213
293.5147
237.83444
48.02578
27.96188
44.215034
22.083124
121.036705
123.70874
44.021217
38.258835
137.67122
70.191666
5.986777
50.352013
72.54384
45.38077
156.02292
103.03931
92.25274
112.27063
5.2690783
191.86725
105.09155
73.30597
127.67833
44.517372
83.99895
138.80423
205.7352
134.41522
93.40198
72.99402
38.872887
77.80109
76.08365
76.54414
108.56679
225.38374
51.136806
53.08863
78.63062
144.82724
194.90712
173.82852
85.492294
74.084305
157.55453
137.04948
92.07925
78.64547
51.257256
83.8098
147.26752
82.84653
109.99178
114.99007
143.47842
47.16364
53.366425
86.270645
120.939674
73.749275
85.92287
195.13248
256.55475
153.45752
30.634777
88.47529
96.7
3.8263893
68.819534
45.609146
44.446606
76.53045
144.32237
40.26626
34.508842
43.35099
104.5281
38.55773
90.91792
102.20924
36.625877
112.92155
135.13321
77.89636
58.717995
78.268974
2.5544996
1.4014508
39.35762
9.011704
164.32332
37.654568
47.298073
78.27318
111.825745
292.8533
44.42594
110.36931
40.47007
85.95545
65.60052
307.34113
183.11604
155.23636
242.0361
216.63176
122.99176
78.01471
140.20578
210.18938
133.92662
113.54574
43.603188
38.078255
168.4891
120.74082
96.32593
81.86621
77.98149
48.817974
275.23523
190.3519
94.05802
111.53208
154.11879
80.98667
127.27
20.184387
82.549675
37.15644
24.980734
83.03086
105.767044
47.902473
40.604404
82.30592
61.26829
95.40059
118.49009
155.79897
72.54573
153.22527
9.141855
88.58391
5.2763777
20.26384
44.52238
0.66856617
81.66395
48.198025
74.557106
106.63893
88.91629
79.74574
82.46355
71.63637
201.31305
215.38834
173.45207
63.35617
297.99542
193.35
91.027084
71.99905
116.06106
129.16692
53.2737
176.34532
204.52945
212.62532
301.33447
266.41803
204.41487
298.29727
87.34413
194.92387
5.7324615
27.663248
73.28112
75.5917
39.40728
70.3987
88.10419
114.76382
72.946
46.64373
0.37512642
86.35799
76.68896
82.44538
60.45708
135.92209
39.50591
185.99832
118.45381
56.38167
67.6891
70.00939
47.705948
144.35794
111.48466
97.254166
136.21333
116.495285
53.161644
101.06526
89.95936
255.96855
57.597248
101.949814
131.99931
214.13948
150.28613
60.137714
140.11215
156.47812
141.24268
238.5024
117.78343
107.7349
147.12123
58.715076
129.79298
101.1742
104.869934
114.57639
72.10744
116.20616
90.917854
102.38707
64.00967
112.48826
19.15437
94.92714
101.72905
78.21273
116.37736
97.62539
213.13144
48.759396
148.92838
37.51839
67.76521
42.441082
70.44035
47.401535
83.64529
39.52721
65.10985
78.9769
88.370865
137.73534
82.070045
65.906876
80.799385
85.756775
37.29386
102.436966
173.48203
145.82483
90.82167
143.49141
91.72076
300.25293
85.752975
40.780876
8.757673
111.36583
35.21893
105.14673
147.60255
84.11619
121.46865
138.03378
119.64154
47.02117
77.66639
76.41575
173.77048
72.300316
67.29583
137.37018
105.30464
38.124607
58.648033
108.83207
4.4314203
161.41147
57.624092
35.360916
45.734016
31.48406
39.274323
60.341114
69.797745
52.22248
195.94688
181.00728
184.67625
158.61777
136.29044
168.0339
77.301
97.11324
46.479683
8.692513
102.25014
64.6917
217.25208
136.2973
71.60463
217.92343
159.63077
125.40283
120.68349
39.259476
140.95639
44.664635
96.21651
78.08455
4.9324403
11.777261
35.944176
52.679268
93.291626
93.67622
140.19846
94.46031
70.0751
94.743454
198.27881
125.37402
227.8617
266.56534
2.2306778
3.1731648
82.757416
36.133034
51.796154
256.75348
311.5546
264.35016
98.916916
66.78798
93.17979
13.12531
58.616997
37.627056
104.63182
127.566635
72.95107
165.70992
173.00653
98.55912
159.44824
52.081093
99.84666
65.47625
119.7053
115.329666
195.71457
83.71259
267.83942
121.14551
85.09417
110.82412
225.89407
94.91399
35.59208
43.646976
111.64607
106.31858
42.66725
44.692974
69.99035
185.86641
137.89766
120.80973
206.68655
83.83704
107.182884
112.469765
45.3797
60.666424
112.29079
13.835027
35.133217
13.786705
156.13158
0.33121186
58.679577
79.092964
123.543495
125.84819
176.95312
0.3234242
38.304806
153.43262
83.44353
85.32969
6.47987
140.22824
153.86978
230.53365
162.69939
240.04851
198.58199
150.3396
177.661
278.95706
185.06168
211.88676
344.5219
289.01367
246.60555
197.97466
124.849655
34.975033
167.51825
106.33122
70.60199
94.429436
48.418404
72.668236
132.11282
171.955
71.675735
17.625141
118.54474
68.70811
142.32237
45.969696
79.61672
149.42238
33.599674
86.71021
108.797104
107.48812
69.46722
70.02287
149.04361
125.89358
381.96832
235.32007
255.1088
174.26477
74.57625
110.60149
207.80893
74.78496
126.49304
203.65883
37.02612
153.74782
79.27102
73.44989
81.86751
173.38303
176.61978
249.00911
264.71994
78.54932
44.17922
204.15271
288.07965
294.9231
87.06508
107.32884
85.4563
95.96278
43.952686
75.03722
30.780024
76.30786
114.39714
77.96206
24.950514
86.86296
2.2345881
110.69277
137.35977
151.81918
15.471538
65.79445
106.38872
86.436905
39.988205
109.06718
167.58313
115.4398
66.84413
87.53106
72.71479
83.303
111.17128
74.04811
57.11507
213.45718
12.0058775
58.252308
127.27708
145.6149
91.47777
137.1455
158.09644
57.963158
190.91989
187.09224
77.31878
65.39326
79.55348
157.88252
2.264925
52.04712
34.650925
52.843742
37.163483
122.33695
34.137615
245.77328
74.189804
56.55182
180.99887
147.41833
53.643623
122.29906
40.91954
111.47766
40.96565
4.3636513
1.438021
84.10419
37.761574
152.29648
130.15182
159.17172
25.586285
109.05312
126.78265
128.89519
65.775024
40.878857
109.36582
47.680305
125.796974
31.062185
110.24827
112.17269
0.3587618
64.457016
138.3141
44.44235
152.4887
169.72359
31.982716
59.553413
35.336033
42.07594
137.74136
144.11911
244.668
219.01892
89.09654
218.80742
128.46768
131.9545
106.667564
128.17715
49.042328
119.50267
216.03384
210.66565
207.15678
166.54474
75.29027
83.97039
73.37366
83.42064
262.80054
62.882618
92.94194
130.99002
94.527596
60.666603
108.12327
71.52461
274.17703
144.13593
173.93515
201.52003
83.46617
35.010933
171.37491
135.94484
217.93079
390.22476
250.10742
45.002453
68.523026
121.83154
195.88676
87.76623
105.30028
94.853485
222.09326
165.06876
123.21698
193.19438
129.24045
169.78802
134.88979
49.839973
152.10231
137.5369
114.37728
242.24649
234.49951
237.54517
185.76367
178.27356
215.26749
40.35858
105.73238
71.60181
68.43631
34.85997
135.8485
45.799416
32.816845
41.909203
75.08201
183.34195
57.418804
85.58666
65.82887
46.4385
70.340775
69.7096
53.44173
65.72072
45.47235
89.81827
159.12582
71.93627
195.89505
249.89066
53.77118
125.07462
101.197556
14.756773
197.88153
136.69626
61.987072
74.95091
79.49742
272.7718
219.32756
73.68424
130.72945
68.605194
97.84972
194.81924
108.325584
102.99868
85.7946
128.68263
58.030975
44.46288
71.469376
122.78461
110.56233
51.435173
105.986755
78.181015
110.3954
179.20724
69.57651
117.29598
281.2457
191.72745
217.16904
111.258194
67.942986
128.84125
34.635353
89.876915
115.18024
78.30392
39.539234
55.569153
149.44797
102.870056
166.17201
75.60133
38.105183
24.10015
75.53274
76.70797
114.6913
133.77127
155.01189
47.454395
147.10088
186.61693
92.23451
145.55508
302.3498
215.49057
228.30281
183.73706
289.8626
153.19885
56.9857
38.34751
58.07203
265.05148
251.44736
227.21553
182.78015
222.42688
277.8819
112.420456
168.0968
174.75058
70.05223
92.9182
69.70683
111.10138
135.55579
83.09088
131.40482
211.85356
238.58943
0.26056588
151.91461
107.62457
39.106598
172.53679
182.77354
188.20117
125.35014
121.44556
220.44678
259.52063
74.74477
53.418556
160.6687
136.92838
58.067657
57.349873
136.79494
233.47336
80.95575
187.79593
241.02475
41.18219
47.668255
10.934931
23.678604
91.50632
11.1200285
136.5068
253.53076
253.2463
50.43603
109.78032
45.56019
79.22002
80.19105
71.19923
91.968124
169.14505
77.56869
115.081406
111.69417
54.62025
17.072681
48.596367
131.0726
149.54648
74.83205
66.9807
105.1407
109.65834
219.06046
39.402046
111.55809
121.46816
84.88127
49.18364
96.45998
38.186314
52.27771
94.37627
83.56092
46.158966
151.40053
62.189533
180.55154
151.22215
97.674194
100.59704
39.623787
99.000755
54.84893
93.55369
101.18576
134.4847
96.54191
63.90844
68.39229
123.28688
62.991405
157.81241
135.8321
130.32547
327.5675
232.92978
232.06865
188.35538
305.66772
183.90768
408.38055
65.45128
154.99785
146.37016
149.95297
230.0817
120.7959
109.07646
99.64237
139.16238
119.931076
205.56918
3.9694424
5.9199715
168.59499
236.87715
123.64913
81.83798
106.62998
75.37559
81.14322
69.42369
103.7244
63.86564
264.2995
141.93611
74.18568
174.93591
131.48976
108.78081
66.900734
38.922302
20.13952
63.016846
143.19344
145.04356
185.4042
135.79321
91.02172
218.43745
141.43555
156.44339
110.59767
166.16891
143.40614
59.861572
164.45218
123.123795
145.4879
174.02135
52.24392
112.9955
36.75344
81.47679
95.29323
115.87569
64.186905
153.1232
139.71672
405.28387
276.40295
213.272
84.02265
50.633537
139.94662
100.33499
38.841885
114.35634
55.25628
48.195076
84.543594
85.7544
142.69357
48.80854
94.272415
81.44169
1.0468115
31.420633
77.77447
53.724426
47.238125
1.4262629
66.70877
155.3475
72.58389
65.071526
45.62863
105.71555
106.54429
183.90808
223.7052
37.839638
73.71031
190.76888
84.95208
87.20891
51.727562
49.240074
84.247536
89.328896
88.77081
35.832634
34.306377
87.03038
55.23701
83.63228
32.22981
49.500626
188.25989
38.19765
211.52539
282.48645
113.76524
88.769165
46.513214
212.03555
4.31298
67.05528
343.8467
159.01656
84.25588
90.34544
75.3067
83.14271
49.582058
192.65604
106.820946
74.164696
92.58256
93.30515
77.28971
169.04193
182.8628
93.67427
16.760254
37.276726
43.00377
125.48122
121.95052
76.30919
102.474
129.88138
93.71993
159.26564
229.3942
291.03778
198.52026
107.68086
100.08219
148.6423
111.427
235.62589
183.38176
307.0667
170.97478
41.92814
36.471714
224.28853
79.4503
159.73323
2.7194757
3.1514153
71.54319
118.06964
71.06142
68.482254
59.190033
44.697613
44.295837
83.56381
80.1799
87.57545
160.91737
54.37334
150.92014
89.264755
6.641539
106.46969
59.86189
64.01815
141.66925
80.719025
116.725174
94.2311
60.00243
112.626564
89.79811
79.28398
105.99638
48.493824
144.67545
252.00826
283.13907
120.03728
178.72343
71.87579
71.59483
98.35929
43.91096
9.045312
58.191307
71.83374
50.638477
0.9170693
185.53659
134.53615
93.21562
138.28282
43.23501
35.27604
45.22486
106.90929
98.27071
167.8723
60.24932
73.03279
84.19961
59.163776
79.57912
0.061988592
39.2725
232.96762
228.35403
254.75674
224.47824
225.47498
252.11569
163.95839
296.89667
281.2783
148.85901
63.58407
64.406944
108.80422
116.27368
102.22437
70.499435
93.52509
47.236145
0.79335517
47.971813
16.312872
105.303894
141.65736
166.69632
129.81197
115.460434
125.7896
216.43628
93.543106
99.38481
97.398964
92.102325
100.04201
76.69922
271.09717
121.43709
67.71272
55.770935
62.189087
99.21167
82.17979
4.6293263
145.09596
84.18541
42.4135
159.24179
40.76028
112.2339
48.270653
76.51164
45.79439
83.32168
129.35631
81.26564
48.032448
106.42311
208.67818
124.59235
10.954455
46.88696
46.974247
139.54053
104.78176
95.48287
117.6949
41.230713
181.93436
94.77829
58.96228
107.380356
54.1326
38.181812
66.91978
68.680916
88.92967
124.19757
128.65295
50.729836
35.72362
118.62618
161.09697
78.87102
159.71152
84.74647
133.29648
119.71971
279.58957
261.97144
48.168854
109.33856
3.8117268
44.580975
43.030457
72.46824
119.70534
34.461117
106.15176
14.161539
131.50119
124.77628
254.0253
40.273026
104.94027
40.54162
118.66986
5.292089
112.52051
48.858116
40.901455
59.688587
12.8444395
64.7571
8.754236
147.8325
38.395393
87.133995
79.450775
74.16989
73.009384
48.1256
79.82515
13.201685
72.12807
153.93457
76.00962
46.727478
48.861702
120.20652
141.72716
137.13004
113.46946
159.04668
132.6149
109.03249
87.46267
140.52036
159.50247
217.12483
78.89045
16.120792
26.150043
56.68691
40.70643
35.432808
9.878611
125.161255
135.8038
79.9886
86.103836
5.8127127
115.57973
42.618034
38.59652
275.399
172.92569
150.75467
86.568985
159.07681
40.217354
31.509293
187.5464
158.99297
99.95873
72.55259
72.490395
129.08641
217.20064
165.81215
130.82008
143.72331
248.93982
133.74942
42.94167
39.127827
176.25673
91.86732
40.228634
12.915878
13.279836
48.623833
58.421276
34.576813
325.06284
126.983604
74.06481
62.32354
73.0464
126.43673
55.56479
176.17293
204.22495
23.948929
10.546478
143.65794
114.79289
99.74039
40.58649
84.88377
137.17438
4.475825
71.54991
44.58169
40.612034
108.29112
76.16197
172.61267
47.77301
176.20154
207.25676
207.03609
162.35808
155.8127
208.49956
81.07714
22.036884
129.77585
36.03472
78.176315
45.24122
106.62636
104.79414
110.38806
83.15531
152.8811
53.99408
73.34992
79.768074
81.46156
97.96639
97.18075
139.28748
47.660847
122.22544
118.39988
89.53957
86.70042
113.26369
47.450054
157.0093
156.34518
220.52576
222.47897
249.30867
172.52011
61.45158
147.0997
192.69695
211.88956
95.51883
119.30629
150.2714
11.187293
10.074522
114.38953
45.385357
143.76274
38.57918
49.616188
192.46095
176.94817
3.703109
73.857376
56.530357
159.06245
206.94064
89.9949
172.83781
237.17825
108.86416
201.39243
34.293324
68.04799
108.82699
222.58786
108.66345
254.3005
280.2518
116.50008
78.64032
104.27742
75.06567
52.76159
93.92571
107.062965
100.37421
42.99411
132.32294
41.18136
89.46605
82.155556
70.00696
35.436127
13.477915
44.159782
71.92692
0.497753
21.081184
69.354645
17.470652
102.92833
197.18137
177.06517
85.94382
74.38647
73.9055
195.09232
153.2979
198.1235
279.86432
221.2983
247.08858
196.72256
209.19614
6.785029
38.440292
73.94795
92.94776
66.264336
34.925434
226.48575
120.6323
44.676323
1.1749328
85.82506
84.39713
291.72406
201.84651
159.41492
109.4271
130.74074
32.16982
117.70015
80.3039
62.562115
46.836864
98.33334
36.93138
147.66269
78.663124
171.52353
88.716324
55.021492
46.808113
89.79784
139.64616
118.336815
58.586952
98.99414
97.078445
72.41644
54.2104
78.471725
122.52513
66.55839
196.11166
191.6352
127.282455
202.01639
73.34779
36.57168
149.86621
175.96945
43.731007
119.352234
77.45036
107.70817
96.02992
168.61656
98.754166
55.70684
56.090096
164.79898
68.92832
45.887745
83.891495
183.67946
91.894585
94.81929
74.2751
42.53676
173.79338
36.564285
185.74136
114.268005
140.48703
41.286068
164.93587
81.43153
69.534035
102.23454
103.635315
172.28885
197.39105
98.776146
42.30193
113.08761
36.203106
100.49918
166.87553
204.1591
65.74011
44.25515
48.621956
71.742325
109.23445
160.55492
51.805237
117.005295
159.17531
118.91724
91.201256
3.1930766
19.545593
54.007977
106.50625
186.46455
215.3259
48.470467
216.24927
81.03566
79.1789
32.095432
204.49893
90.25502
6.287985
37.52761
28.097345
48.90557
78.14281
59.09668
84.67908
89.232765
103.264854
72.19423
153.5245
133.97847
0.7858757
68.10154
78.310036
104.30603
102.442604
103.240456
147.7913
79.64597
36.09962
201.21707
97.2134
105.98523
43.7061
64.21651
69.78923
107.72554
73.4601
103.98196
73.54341
54.011864
90.44643
161.10823
168.43388
98.80056
91.80757
119.26339
115.29411
65.40968
83.77689
34.097923
135.00537
36.782967
139.75652
127.14563
121.34188
51.41101
13.124745
80.10866
136.5415
202.98538
241.95822
116.43874
161.59665
147.62329
220.27092
183.88084
44.985
115.22688
108.208694
33.52116
136.53787
83.180786
117.05876
36.75099
102.458755
31.982733
106.49265
227.87447
41.954506
112.989525
66.844154
73.23231
226.66635
114.63285
45.194267
84.45567
75.97615
86.296814
32.16241
202.60413
101.12261
210.90242
116.19849
128.15509
151.91972
65.723335
68.031364
66.47046
238.66573
135.39902
211.34526
188.39677
110.46018
63.263905
135.80392
0.59027874
36.649242
103.74251
71.58113
78.02651
140.59415
80.86508
112.489296
97.151535
51.785103
44.913677
68.75008
45.647312
55.848785
110.47298
225.224
184.22061
48.6407
140.21935
72.62966
46.19941
3.0909
34.599724
84.46529
120.599464
34.842854
64.38827
65.68536
80.501465
163.57362
107.43939
70.65934
86.610855
191.02226
69.693535
185.22372
40.857285
136.14896
95.275894
73.34559
96.40734
47.853615
65.66734
223.83377
32.490925
126.27527
122.297
48.32272
70.28917
91.08705
78.7307
45.378204
53.395515
70.0002
97.12427
62.946716
85.5146
5.3933005
253.65738
415.52655
7.14216
148.58942
124.43562
143.25256
80.26869
71.981735
38.42883
115.60935
240.83858
253.70352
190.13142
209.62483
112.612625
107.26787
47.316357
100.67291
47.56245
118.88889
35.53546
128.12096
47.184822
33.573746
8.241541
52.60907
90.56386
120.67759
175.95581
94.41814
67.65363
83.5199
208.99594
42.397224
148.04605
105.58193
39.44239
20.52613
135.89977
26.277058
49.3424
99.059
69.53425
71.75099
75.86939
38.042828
139.42157
110.72864
156.61504
120.571655
107.91907
47.26967
127.636986
0.26503748
44.28611
100.25807
34.857246
34.84201
92.8982
65.1573
116.5934
35.958992
110.43589
245.03606
43.837097
0.9549923
29.919748
36.2493
65.423546
158.10153
37.893612
175.24277
44.766666
97.64529
83.29827
114.080055
13.02404
46.812557
67.59052
40.405445
10.735873
53.86303
74.568825
38.3348
39.24787
44.924034
155.36885
55.183807
170.63022
36.053185
66.97386
97.93975
117.67444
39.027878
57.995483
36.67005
36.77182
91.616135
100.33818
71.6512
95.99589
3.212033
186.42644
109.30959
88.8354
167.94505
91.18207
219.88644
123.601524
138.88722
39.956738
182.30856
110.679825
124.18355
34.23071
5.608722
103.31651
120.050095
296.29526
198.73659
88.03148
275.3413
111.268845
88.635544
37.04873
142.36539
54.01063
81.84892
123.651024
69.326546
163.44398
175.07285
82.82437
113.50822
105.10016
70.57749
132.79662
77.342155
35.783276
94.80382
134.8118
0.7430432
230.35672
37.517876
86.77332
88.224144
91.84296
34.95028
11.210516
106.31466
69.80634
104.814186
102.65411
73.86666
35.421654
68.76986
80.05668
226.51875
117.66742
47.533813
69.79711
126.67052
270.708
86.45001
224.19377
39.037575
46.97999
97.80446
75.12345
102.27507
103.6895
144.99677
106.70382
38.86608
93.51498
50.220528
198.64505
181.88673
67.72302
59.51307
88.367905
221.81454
35.76947
8.850511
10.565721
54.602562
83.78447
138.37477
124.126816
126.179825
99.52889
124.62976
36.052876
35.832558
79.309654
123.62697
85.41413
248.01111
93.96547
150.14763
246.00566
212.0155
204.30266
414.08307
199.24649
74.29712
73.81759
84.16852
144.08499
178.48793
120.960106
136.91904
76.901596
36.267216
137.94077
196.5383
172.19547
46.128838
80.10352
129.82176
77.31415
84.20479
109.89127
77.48922
260.51315
127.852005
102.73474
39.86507
114.28499
128.65514
99.505356
101.70146
70.16243
86.10176
56.53318
145.63733
127.818954
71.362114
194.09995
80.15805
90.51607
80.774574
136.2102
74.35445
142.42569
164.60837
131.09412
81.64472
30.799088
84.97198
50.048347
313.35287
218.21577
184.20413
280.6386
152.83707
51.251842
108.69259
197.67982
75.39368
105.459145
63.565437
81.59385
38.382133
168.60054
263.5916
62.78428
74.81474
79.624954
249.50562
74.18204
98.269135
57.760216
109.95549
9.391887
94.56356
71.42212
59.78936
103.11104
266.995
122.56685
70.42543
53.2788
106.077866
116.81592
36.64064
76.86028
57.266743
58.324383
105.602135
70.189644
45.41458
1.6008794
89.76626
33.867973
91.751785
133.03397
87.64666
152.657
222.98965
196.51411
120.76044
71.93242
81.830154
108.190346
71.51176
148.39401
106.13893
78.2744
146.63019
50.18469
43.51907
108.40675
47.462414
73.40639
113.9503
143.70615
111.74109
38.192635
250.98776
149.02951
110.554214
95.07585
106.907715
144.20325
60.488514
39.31633
38.263004
44.099785
110.43483
123.611855
148.38336
140.45206
121.83585
116.22658
78.29746
87.71273
176.43553
42.115887
94.35171
48.98222
139.09769
140.25516
104.47737
127.59849
93.11516
12.298048
66.208115
129.65623
94.776566
77.30772
74.35102
116.862625
146.85056
71.78053
37.610905
142.98822
39.962093
184.47267
76.77801
29.644903
42.462166
73.93379
38.381634
73.35263
107.56877
23.203691
36.239098
1.3479065
47.161724
97.53132
173.27457
164.3616
115.242386
0.8735005
71.64415
35.23075
240.02632
188.24759
200.49283
143.99966
91.04604
38.571896
35.565933
37.278282
91.12184
69.08642
171.76688
109.93591
100.950935
78.520706
128.47244
72.981995
208.3514
169.57236
106.61571
62.063606
33.66544
54.28244
10.496503
159.45493
140.23077
216.91891
154.14597
68.70345
76.89939
48.764927
241.05905
207.64392
9.101211
0.1513517
70.92948
114.07234
147.50018
335.96512
42.010086
38.16572
42.113605
69.80353
167.20885
168.16867
65.454155
36.25402
138.16843
70.33501
152.1308
51.968086
77.08857
62.71754
14.494466
36.38244
38.532204
45.89577
66.15331
66.800224
95.97188
64.935165
200.23474
173.69191
236.20601
304.80844
243.2708
357.35077
211.36716
167.15193
206.32666
171.20932
248.63391
234.78049
47.308876
238.46939
67.47596
36.080353
123.83684
1.0391152
7.3590674
36.59684
73.43327
43.474113
44.64319
116.496864
79.0733
114.26803
78.05179
132.33156
127.62449
84.058205
69.69205
50.021263
136.17287
108.57568
91.13893
111.912704
55.395794
64.23236
150.58232
112.6463
76.27551
143.8856
184.90707
185.42332
87.28961
118.800514
67.53594
37.624645
51.34974
125.36495
194.21939
103.5741
54.6828
71.09038
106.268394
111.08567
114.866905
184.57881
87.23666
67.81011
133.64786
34.9023
1.8265842
77.64929
109.63119
49.577705
210.81824
70.690186
35.390396
45.83995
123.739784
81.56319
92.61748
28.545498
169.64426
118.184044
100.90592
69.19209
229.80428
94.16607
156.52795
103.89497
64.000175
39.570667
96.80028
176.12991
305.64734
190.92647
198.54884
83.51184
37.60804
67.95518
35.60148
131.45222
0.43109092
100.785904
145.79582
7.2718706
154.12712
51.555126
82.54879
76.291214
187.45544
90.132515
90.11623
170.8266
215.03555
13.021756
45.29298
72.30434
83.18638
74.39302
195.87361
36.064484
131.89407
81.41925
87.027756
84.44451
97.44584
87.5917
1.8232231
117.45296
250.21265
217.35696
36.09456
201.67574
162.24405
164.87448
194.92163
47.31744
167.04799
143.01889
106.84688
78.745056
35.959435
70.08668
133.6362
38.062283
107.63613
18.1635
20.9464
17.95563
12.735289
34.199684
226.74153
105.24369
151.18156
111.2193
31.558868
134.9911
11.282798
118.321365
156.62234
21.98124
173.37314
190.4719
20.910162
233.83163
110.379005
77.08962
13.745962
45.760265
3.1978047
53.732716
165.02283
9.237242
81.54598
74.760574
45.034176
139.46724
139.19275
116.92732
103.64473
145.66447
36.31275
115.64607
72.12763
143.55722
74.68528
59.278664
47.049423
23.462814
11.538775
93.00216
150.99222
9.905072
131.95377
127.860245
254.07552
182.3317
143.63399
64.12459
88.52626
77.97693
46.24215
46.404446
95.32411
53.16059
173.58372
78.50854
98.82561
34.399246
71.40416
193.68196
241.84714
236.91138
188.31442
267.6645
207.66812
157.0181
71.37113
46.006763
58.392662
134.98935
107.594666
145.03311
135.07658
281.207
73.794975
115.958206
33.675358
66.249306
32.021633
75.44536
114.93343
99.36341
103.46985
28.386194
76.48226
80.58888
123.509384
83.140945
56.304607
236.00237
181.0903
235.76062
141.35147
95.003494
4.3664637
177.70512
74.9853
109.973305
272.33093
186.81195
194.0665
101.65163
175.72484
141.48927
364.1564
66.40014
62.412
156.3718
295.50992
222.53145
61.830406
35.23177
142.52536
170.24724
127.07611
46.832832
281.8205
38.14376
141.40428
132.89865
107.19509
71.67642
47.60025
11.055834
46.27894
80.57124
139.6819
207.59236
301.84552
244.95297
146.74493
50.979073
90.12651
168.52583
22.585049
104.96222
237.7541
201.87125
32.26272
135.25359
80.67188
98.26497
181.65764
127.25234
105.74442
118.784836
57.37136
78.314064
40.72231
42.921837
104.76951
117.39848
144.62396
76.901726
314.0609
145.60756
152.04588
254.96504
89.385315
178.19772
180.38516
49.205696
130.33704
72.103645
36.45574
122.65542
53.753845
216.24246
82.785576
52.317444
103.99266
94.544785
92.072205
91.220764
331.87503
67.39123
84.12239
139.08575
160.27995
132.77849
55.83142
95.62728
161.04654
97.1712
41.910725
81.15669
124.1512
53.29197
69.21429
100.668236
69.16638
81.46425
98.35654
153.54503
223.18828
23.171368
1.1282088
60.856926
13.307193
87.45008
87.02036
103.736465
45.13502
87.61883
95.46489
68.15368
132.47195
189.68004
1.1706212
39.342354
180.91585
34.092594
59.1356
103.37402
123.33871
80.427124
66.18121
250.32968
88.34296
65.98342
50.870842
45.940224
70.06356
110.440796
109.16122
37.973217
61.36753
79.55777
158.899
211.48918
74.731155
64.24235
29.910831
2.388928
1.7551537
86.209625
0.92180175
156.97723
155.84152
83.49925
216.11978
96.32717
92.50645
26.450232
106.30831
112.47079
109.3207
49.6544
60.794567
73.14412
90.56966
35.341972
106.39397
34.119633
117.51237
75.00492
269.58047
66.44623
118.282326
72.45787
46.20254
155.69675
60.950195
110.01328
85.43786
156.28394
49.0381
169.62016
112.51398
75.09813
73.857994
154.1578
104.54945
0.75020003
35.408638
102.33728
160.46944
160.7095
58.86051
50.06583
86.88469
119.67497
124.67049
134.84569
86.03589
173.49193
194.82182
42.84501
214.52925
73.10558
45.263893
156.87924
42.709534
61.988068
137.14883
44.618034
132.1244
19.609264
72.77246
48.50303
66.650185
34.986713
115.3371
32.00237
71.237206
44.766922
66.71404
98.26365
38.69565
215.41422
233.3426
126.68469
56.76823
92.14039
130.2574
43.837273
244.67752
222.59953
189.17816
73.7173
112.40852
12.533323
187.464
51.653637
121.406395
36.64411
50.78235
96.367714
127.88883
48.797356
156.88396
149.33223
41.87017
123.5438
49.192543
99.725845
86.88919
179.0236
51.11413
96.49596
99.65542
265.3428
258.49823
236.97981
113.35774
99.46016
93.52468
92.22746
90.3823
95.014206
185.45465
83.7835
95.54374
118.002975
123.98543
69.74544
284.3968
206.26953
82.30875
117.3502
146.43912
79.15484
118.76151
77.98309
112.18114
132.34378
15.554769
109.53038
3.7275252
75.642006
227.68266
178.10118
79.14121
110.564255
214.60892
182.05093
190.16536
224.76599
296.2791
55.619476
65.53385
173.51749
68.12143
92.22591
111.49168
38.357014
94.532974
65.90933
172.51416
46.91956
234.5427
47.31468
72.093376
95.74977
21.31593
95.82664
48.812138
40.892307
125.27494
31.507969
111.38579
60.277374
83.227646
247.84253
46.375496
17.251497
69.6783
53.486927
46.556763
73.531746
39.52216
123.6664
72.467636
53.055878
74.159164
100.36553
91.23338
69.51383
139.49396
58.469917
130.32945
63.9038
37.525986
143.89937
132.94461
37.33123
71.28929
92.26533
13.276571
9.812897
90.72148
256.3612
58.508343
77.96146
82.26443
140.55522
82.62035
91.98625
77.36006
79.95006
145.82256
322.60336
251.53186
131.99501
107.675255
110.52521
126.36749
19.66898
114.37004
109.44698
72.93596
141.61621
172.00613
136.9572
58.9391
95.62585
36.128468
120.80949
36.126595
51.64028
98.52925
143.38284
75.484604
33.27533
33.38227
112.30217
68.57608
141.85114
110.49015
48.14081
21.662273
47.639286
37.43302
140.40752
49.72059
184.18517
73.08519
107.62465
99.618965
103.2109
107.968895
81.323364
39.69227
177.09547
232.54195
147.09274
70.187935
256.67645
214.63753
121.66028
142.0076
51.464283
87.125534
48.114006
35.61872
103.848755
88.34541
55.73722
122.3334
117.77712
118.7097
144.77489
152.4923
67.87624
111.36511
147.47607
6.226087
111.45929
187.40189
218.12341
71.62731
10.1665745
15.120979
126.66383
93.26911
73.90721
3.0298777
117.1864
141.897
168.31837
46.696133
125.318054
85.357704
106.03176
46.98059
111.99406
73.20815
79.33413
91.33795
80.93025
81.011604
88.427345
81.020226
134.67905
51.88691
278.8676
60.267555
98.993416
80.97492
124.35301
193.43039
90.28091
133.32176
72.5165
42.146008
49.167583
244.39053
244.61511
143.40854
125.05257
73.12758
152.28865
34.918236
48.047325
61.21212
84.20418
259.23383
71.36678
119.693825
38.232044
83.22316
163.78824
88.84878
38.491722
115.98765
40.018982
83.347855
74.49831
19.837187
155.3517
41.844162
70.36511
53.799065
107.01105
172.65988
150.33888
132.83691
139.77557
106.046036
65.34567
40.812756
263.61783
222.8204
253.95439
42.00108
239.52827
144.07558
180.46552
111.91801
249.68433
27.235647
91.39583
73.95596
151.02249
179.86627
39.842373
26.109324
163.56635
341.54355
171.31058
303.16855
173.26797
239.69678
86.42692
57.66374
121.805504
127.77861
100.1566
173.40146
0.8296231
89.38496
9.386639
160.4381
285.8116
48.316395
90.46927
138.19217
35.811123
2.2112155
68.59529
111.78546
106.29531
172.14375
34.68982
51.7414
35.962708
13.005976
107.395164
34.951256
45.7539
73.965294
47.9182
92.60547
35.927547
260.93643
38.537468
132.18016
58.35536
0.1137777
48.39143
17.409328
29.58878
6.9313774
50.391838
143.32785
105.978905
2.8020196
114.91459
87.439766
107.93874
86.40291
101.08095
107.406006
121.20524
30.784643
101.96547
170.03384
155.65709
35.726315
68.34659
137.29987
98.340164
121.86416
274.34036
52.927204
143.63045
83.39634
168.73831
49.37143
163.46606
45.290176
49.975655
38.43458
227.52347
220.26443
220.81963
206.50705
39.8832
5.332237
45.204765
80.360725
47.584534
82.37187
214.48027
135.83455
204.4288
5.259953
62.010216
0.27589703
72.637146
136.05995
92.71919
40.648895
81.69501
128.43944
170.20816
52.13199
203.97273
104.27195
40.725647
78.782936
155.94537
84.28175
65.35244
61.308094
98.994064
215.30708
131.74626
38.593666
168.80855
205.603
47.09179
36.38716
104.9385
89.29823
96.66688
199.71501
141.11734
94.20288
276.4163
96.60742
44.844196
11.276405
38.204205
43.4872
34.081684
149.84668
188.26949
225.91202
115.83496
97.56659
30.252441
86.1798
44.73191
160.16612
41.387993
140.10573
221.04964
122.831055
92.75382
383.8416
167.74953
203.16312
143.98857
136.01306
135.35092
197.41873
168.05167
316.63123
230.93082
123.02849
33.942986
77.6635
71.35346
80.616875
139.34923
44.707848
98.281815
67.82638
70.796814
41.53107
70.60504
113.609474
52.562275
136.01813
173.80817
134.1215
135.68484
160.19344
77.330154
106.87752
76.07395
157.6975
96.45209
57.06759
68.87402
57.750263
132.7854
65.724846
106.30367
63.70224
96.89365
67.055336
106.92119
18.663162
102.20248
152.6138
7.005868
61.62284
107.088455
53.663857
85.02274
247.4755
78.45555
167.8595
84.88274
3.023925
132.67607
188.21579
167.9592
116.55151
109.21602
73.784065
191.62016
119.25749
41.73883
209.24112
50.36435
70.97323
109.74453
97.97551
109.17699
60.286263
38.638515
65.81628
47.662075
108.3726
135.00822
36.057587
36.36063
0.6013202
39.122185
121.44222
59.148163
61.149616
114.16229
161.48123
77.32878
61.223076
36.464462
49.622246
89.68709
165.71823
69.354965
56.694702
81.7731
44.727028
37.41562
90.01476
161.72632
91.51009
72.570274
90.634796
97.0161
77.366646
288.08206
497.64813
252.01958
160.47897
76.36264
2.9982994
25.394827
54.361805
144.65892
115.68373
8.864464
132.86435
114.87622
39.019165
104.48186
142.6598
56.476723
86.10362
120.43779
73.22906
33.983513
76.98062
100.141556
158.66658
110.1308
224.96855
68.03154
83.54854
55.142254
34.837723
201.13112
53.369682
13.541179
82.20843
74.51958
91.06276
122.17839
0.33783773
102.81178
43.567776
118.97355
49.673122
97.18365
9.270708
20.621868
33.81014
38.056705
75.29847
100.49351
116.76064
154.58105
188.66646
148.40195
134.5555
83.90333
71.9029
147.72964
39.619694
64.210365
144.46252
94.01259
144.85963
68.00759
35.438965
54.89162
204.52623
57.673286
106.48639
4.402742
120.107376
186.60226
115.19369
41.785408
125.817184
115.22975
98.18344
71.48723
116.34564
90.90621
81.33038
62.047222
192.79167
178.82787
275.36475
193.92007
175.93423
230.62411
145.10121
124.549484
161.55063
66.5072
100.38016
93.27435
124.47156
46.289467
190.43982
184.86073
47.639305
204.03316
9.238371
53.482807
11.364771
11.499666
0.74938935
155.64442
119.936584
74.70412
171.305
241.13742
0.98413724
89.924965
71.28619
168.24399
155.99162
204.61058
101.794754
119.25265
22.277979
110.88678
193.64761
194.60966
135.42282
81.70999
186.29936
198.27507
213.56094
99.95793
142.38762
68.299225
172.2645
90.3491
85.13784
128.09315
37.043785
45.53046
58.200634
72.64607
79.46692
80.49235
81.66936
152.71999
44.247826
45.79877
145.42119
62.246178
242.59697
176.46503
137.10011
84.34766
156.56435
24.212376
112.2478
236.16777
103.14744
208.52669
199.99152
200.03595
285.10168
136.83145
2.6319668
118.7525
202.51851
58.80433
220.43677
143.30179
204.08267
203.16592
133.29535
238.33875
139.21046
34.0344
102.7606
82.03057
183.87137
110.000244
139.23795
168.65193
95.16359
77.701675
87.34391
57.75544
111.89943
353.51556
178.23708
178.74706
240.35847
148.00504
76.957085
74.737076
53.898487
142.82185
211.86206
35.90388
44.743267
142.66707
2.2906132
106.42214
159.4214
37.806267
155.10324
80.57973
46.473274
56.5271
178.26935
50.74575
59.770996
178.07907
88.09764
237.74475
192.62598
78.888115
165.47484
137.84471
104.2418
92.54319
13.053251
117.869064
53.603798
120.08275
108.70366
117.135925
4.418429
69.25234
57.27599
164.08005
60.452686
154.47266
177.264
87.21672
134.26323
186.67178
21.774496
38.267876
44.25094
110.55531
209.72566
150.27853
176.38423
150.95241
271.07852
139.27682
85.40384
181.1425
31.03453
40.68113
35.402172
151.36815
48.961452
43.00095
137.9079
59.35401
52.20864
86.974655
129.63872
174.48306
76.6046
3.0034363
101.28934
38.326626
97.15749
88.76042
105.46653
64.72107
222.12044
47.80077
111.895935
137.60284
51.01354
214.54842
154.52998
75.06999
420.99396
86.02967
49.480316
72.743576
78.830315
71.97323
162.11368
50.670784
77.22356
39.451244
0.4076643
1.9660177
0.06723561
31.906149
9.329885
55.101677
162.48064
33.02448
55.322838
110.59647
198.59773
40.880867
114.68953
44.37961
96.47148
263.70624
74.99267
235.07014
124.538345
36.108788
75.69744
36.91721
68.05806
90.23469
139.79298
54.740826
184.22044
43.656376
39.058807
71.44428
118.7057
141.01926
0.095576555
11.747887
169.62735
137.05612
22.15755
23.599339
103.29173
128.26859
125.339066
75.47494
71.45841
83.349396
36.234306
127.5475
123.847916
36.735878
153.89488
129.00478
236.66667
70.53367
46.011803
113.848045
88.50874
19.538078
109.01184
181.84836
55.68644
105.75105
124.63578
134.46635
149.14653
71.493515
2.8371627
72.954475
4.6669273
86.999214
124.70457
282.18085
87.511154
95.60001
93.74187
94.331726
41.748344
82.96451
140.70146
105.789536
79.62234
189.64734
110.995926
84.62357
77.59511
195.66537
130.5044
209.32529
137.48245
148.52817
165.38919
57.467396
142.42693
47.77158
67.35344
221.45586
111.97844
334.9339
62.671204
130.84052
126.39268
114.98425
103.88666
152.9335
90.472084
125.28833
45.34644
34.638653
132.69519
38.505516
76.9615
74.01651
85.66556
97.07505
68.44038
15.608803
31.235668
106.16238
112.44881
62.555042
94.46269
125.22805
200.01022
311.1759
139.26451
302.41876
59.805267
97.6018
49.693794
72.75615
2.5438824
81.39081
147.61888
168.57152
70.65006
18.11077
63.42794
95.41368
110.30625
113.638466
94.90578
96.70282
40.005043
77.99434
157.38226
132.25362
56.00825
103.00368
138.54437
350.36798
154.15189
138.35172
145.47353
127.65631
71.109535
80.19592
72.61322
34.120644
170.24692
102.768715
133.5039
73.12274
111.56508
93.867836
78.46189
16.757915
106.44379
43.20168
50.86782
120.11796
37.96337
9.347258
103.392456
31.128525
66.47185
34.59766
11.264303
17.09955
11.610345
97.0979
8.848265
92.905716
13.337755
0.7088553
14.209183
153.96504
178.83183
73.971725
47.428078
31.497854
67.3498
49.673367
36.199875
88.161514
24.349804
53.194054
120.11195
4.607623
42.553085
137.33894
137.29755
41.16899
73.2307
114.59198
75.02498
67.69232
48.20514
98.32802
156.28972
18.401724
122.81787
38.86689
164.10033
157.21158
72.414246
60.925545
80.50491
38.786045
143.88998
202.93692
108.8239
106.54751
75.384865
145.54074
231.57027
197.09421
228.69441
155.34866
38.79135
141.09988
234.15445
194.33023
188.30923
2.3213074
58.195564
116.19657
89.32856
153.21548
35.796177
149.07408
236.76181
227.6615
151.20828
161.93034
49.74374
162.1897
81.14397
36.822742
54.40285
86.305824
60.611275
73.60564
71.14677
114.74404
155.38211
47.215767
85.70645
140.11884
75.58153
79.80863
104.34353
142.15079
65.06604
10.469187
22.278088
68.30705
58.858845
102.779076
72.99477
125.65983
126.69183
155.70737
73.49439
78.47716
119.71183
87.929375
47.53187
143.79471
131.81006
107.05647
231.85999
95.610985
119.755455
129.69165
177.8565
127.80701
81.77512
30.730154
110.40526
109.12057
273.7802
74.30008
93.98677
82.39699
98.36851
106.1589
102.263565
90.67707
163.88577
87.22847
91.52194
89.80028
143.29616
45.46824
11.7517605
135.29936
65.56044
37.559795
70.4365
208.02824
122.3067
35.173584
73.046005
99.74673
111.11611
50.7567
70.57343
71.07299
36.63495
43.657345
67.1124
233.8689
45.028816
85.35073
44.93834
88.45066
93.838295
123.34786
56.863293
121.616776
20.524548
36.769684
97.05774
251.65274
151.33292
73.326256
106.14801
139.71799
72.83998
112.60022
73.797966
62.27775
211.23538
53.60833
155.4528
177.98044
139.502
92.31097
115.91079
121.25088
82.420044
34.32044
180.42105
167.11938
108.984055
159.39128
91.216866
156.05705
72.8253
30.638351
111.10067
54.69978
38.580772
89.7022
37.048405
197.09618
14.473894
45.03635
2.1282763
84.294975
36.321445
212.12064
107.12423
107.48341
127.96602
114.47378
126.867905
109.503075
114.86815
2.0763412
48.775356
92.349464
11.852102
45.375916
18.750263
36.574867
104.76068
118.054726
75.77647
167.55832
158.9216
111.350204
128.82535
85.320724
76.81799
40.492588
115.87138
72.44457
37.510544
60.531593
33.38193
75.972244
55.16395
63.854515
134.92712
4.0619593
47.347412
78.86533
200.5807
70.47271
261.79102
178.93243
85.871925
108.762146
64.464745
53.37094
113.62343
109.81112
32.59566
182.72235
79.64655
38.44264
121.79081
82.15148
114.19621
80.601906
202.46545
103.88689
26.776022
174.0795
93.54131
34.11425
9.662252
120.507126
80.78666
58.645973
45.383644
80.95076
147.57108
150.4347
38.507256
34.673286
72.904686
61.768047
76.952866
47.58791
159.36122
67.133896
115.711205
117.78772
68.704666
105.55931
81.14521
177.93314
197.42827
332.86465
293.27063
285.06537
269.0353
186.08353
316.8365
215.36081
96.97174
161.42151
128.06067
135.68619
153.99706
94.323166
99.707
88.881935
80.14057
44.081432
84.02715
67.454544
46.736122
94.172775
164.02533
95.21348
44.014015
0.6123879
113.39646
37.403816
89.58111
45.809666
161.36075
39.931164
217.62134
105.37278
201.48955
14.252394
32.177467
49.092796
79.42167
100.0178
73.22376
148.59161
36.65307
79.99452
73.29396
55.967712
33.15689
11.8418865
140.40569
2.6021624
172.24748
87.70546
95.19067
52.50599
75.47777
56.64989
139.04265
73.61532
10.831301
116.84007
28.121426
125.74153
55.364815
100.772
83.11955
77.89061
89.706856
22.688494
110.876755
0.2598754
3.81213
36.669205
167.2516
69.37019
14.409758
14.470835
44.399376
101.618546
105.89921
65.4429
131.99722
43.12122
134.78741
50.011642
57.01418
183.66655
83.69297
62.349445
34.05906
102.00853
118.79811
88.10945
107.004555
3.1606495
169.0114
39.18528
57.83144
124.25061
52.40679
62.691628
358.42938
237.2313
104.59684
109.35178
294.9771
100.491234
144.61122
57.995155
82.746605
114.35304
115.50331
84.61723
39.809227
161.76286
91.36424
80.74083
93.48351
158.68585
50.570156
107.78499
182.94308
84.07646
0.7426634
71.97438
156.35977
145.95773
127.29884
122.72656
142.31064
141.21233
99.685936
105.02211
106.58762
228.53384
138.26901
73.797775
75.930115
120.40653
78.72206
34.861946
9.499962
17.285393
59.733643
99.879326
47.77343
47.8926
39.113705
5.091113
53.13512
7.078228
50.92497
65.30298
120.10665
36.965427
191.7833
111.29807
115.80122
55.436554
149.92795
80.30247
29.66006
35.190987
29.56554
89.34848
47.71664
128.58804
166.86494
59.35206
144.67339
11.78526
189.49918
51.069603
130.02415
69.949776
11.948543
74.48458
60.280968
104.74687
7.7173853
58.993866
102.19386
82.78209
176.56343
102.43892
78.04566
58.944225
125.185104
118.638535
9.779658
82.67472
77.33211
78.47656
141.5232
191.13474
171.03738
53.1099
15.459523
176.54536
302.93134
78.97184
207.32954
99.535164
47.171207
73.407104
8.254089
41.084667
45.2329
66.92593
67.472466
76.60539
88.37685
50.74833
106.88579
46.564262
50.496468
47.76193
94.77157
57.703075
111.63633
107.466774
176.35306
68.36977
113.04857
7.8149743
44.824955
35.48609
22.278913
32.476814
59.425312
66.31478
5.589841
22.05486
5.127073
15.108931
48.508354
9.080542
37.912792
85.01368
107.89565
114.42715
36.074955
90.92061
76.18031
119.281296
84.11091
140.63098
174.74393
72.92466
135.87524
116.82715
112.244286
162.78227
145.59438
64.44758
150.36783
44.97656
60.354065
105.157776
162.02148
122.01848
3.581712
30.31134
37.281006
10.057394
8.057672
55.36676
52.17808
43.901863
48.23197
171.80406
114.502975
182.94951
76.203545
109.88126
38.7668
52.477192
58.63038
93.66862
46.4338
19.779554
50.642735
72.242676
37.353676
21.08312
100.79796
50.24801
40.79905
122.364975
53.622944
152.53561
62.17628
35.08129
27.758663
103.82967
52.788696
11.255894
10.801119
55.445362
141.26184
18.261547
21.37617
62.13272
75.084404
45.532425
73.64804
35.739017
7.829455
29.75509
36.293083
72.54027
77.86075
148.97217
99.76625
3.4973216
24.913488
32.04993
97.51964
134.41943
232.1586
113.50454
81.497696
167.91019
80.20244
14.697728
77.71878
191.67105
45.16348
61.313957
90.190475
139.60814
6.457536
139.31987
42.55248
105.005936
140.00974
71.89366
7.581897
65.76524
79.25063
73.806564
12.783489
83.4099
22.830008
70.94319
107.174355
51.262184
42.376842
41.305367
8.342904
33.778893
7.391511
43.253365
80.95856
112.5276
39.8236
41.60821
135.08015
22.99348
9.296175
74.17796
36.98634
125.42882
235.62419
99.553314
200.59189
112.65941
111.435646
144.5415
131.3549
76.939255
121.98328
7.868207
55.11388
139.91586
93.35249
37.877293
129.80211
52.765736
57.72282
121.65128
101.862854
65.676956
45.759747
39.540337
102.001236
13.275459
32.061535
30.279995
19.397106
119.57965
82.98109
12.210371
10.17856
58.708992
37.656246
160.98265
34.909065
123.68132
42.11241
76.53923
66.08358
41.27575
146.59453
158.2942
125.98271
89.9174
80.98557
124.77244
52.44459
37.596264
162.61038
107.97157
184.51425
122.46039
99.978165
66.48562
39.44652
37.4765
40.05317
100.12138
78.04424
41.754547
83.32576
179.45845
154.10983
156.9393
49.627823
68.12019
128.82732
97.22694
118.99487
27.685497
72.21442
100.35527
88.661804
26.829172
77.7045
32.06684
45.033894
139.51251
96.05812
87.50937
137.72476
140.2555
64.24688
45.530083
82.66942
110.164856
77.069885
25.553947
92.64995
132.38322
128.10791
101.90464
116.60272
222.33232
88.46346
185.45369
26.568329
134.09718
164.2888
68.771065
82.13449
97.20225
73.011665
18.220072
74.79269
47.79753
129.82846
77.2206
28.831375
27.660095
119.34739
59.648518
37.83706
126.494606
92.08455
96.39442
188.40712
59.624977
61.049446
134.07314
119.302025
66.910614
80.38649
58.51338
96.462845
64.02129
92.84886
8.099877
4.6213107
76.493195
72.48854
91.54404
23.54852
19.250685
44.801884
80.70681
76.0257
139.21742
87.75785
87.1439
152.72299
144.53714
40.880917
75.57887
69.11352
74.50014
28.517141
94.30492
44.212177
15.794902
19.617325
67.550995
73.902504
26.125828
120.960594
74.13223
76.97689
115.31686
102.33211
85.39385
25.718664
26.836838
36.53521
53.950207
93.28166
166.93394
132.47273
136.92714
139.98685
194.92009
86.77095
67.64131
198.79697
94.77688
72.8885
7.9301057
79.2137
38.49263
75.44535
41.9961
98.72689
197.40436
58.582855
138.87506
63.137665
162.10922
136.9625
56.699524
69.00488
111.22565
90.12253
61.824535
111.40884
191.53903
156.82108
75.61287
101.93666
2.8642576
8.085664
57.048775
38.949566
41.0137
98.56515
62.10724
6.0431604
45.164078
42.9316
36.736103
5.644199
61.48646
74.66281
60.548676
50.451286
7.963002
148.99686
9.070978
97.062256
39.58612
82.89344
56.65197
122.99626
8.986066
9.815845
126.76973
149.33545
158.98169
42.87842
162.31943
163.95903
236.5546
33.050537
27.347183
49.65175
5.486547
6.187702
16.097462
28.61973
53.645977
38.885456
38.410576
9.898242
2.7145326
55.960297
79.85057
65.15321
41.493416
8.56833
37.296295
25.76615
11.962301
42.789894
4.062655
38.627945
47.78263
74.391846
8.585508
46.747322
64.00443
96.39775
99.15782
112.61586
150.0378
145.70247
174.93489
21.966215
23.110155
21.847218
24.793756
71.06373
30.051462
138.26953
31.676548
64.94594
65.75741
64.43849
44.895878
77.03537
37.207207
66.46256
71.52597
75.95025
53.86446
57.30548
6.656091
47.914436
6.8199286
8.474667
85.813
176.54163
13.810346
5.00907
36.601967
80.1535
63.808247
23.932367
96.00147
126.545334
61.778313
36.062595
43.52807
72.41714
132.1873
41.285065
65.34685
85.09289
96.713585
101.79702
63.63968
61.785797
15.511642
41.301247
92.60179
107.38607
83.11238
3.981792
27.78157
77.97477
82.22326
8.608636
81.76654
79.27161
49.084923
33.68475
54.84971
175.91533
115.403366
53.657677
297.5093
204.68164
291.45163
127.95577
77.63603
135.5433
55.67027
4.516431
60.21653
145.60727
14.801567
147.21162
75.39529
68.844795
43.613
25.11279
88.51462
6.806193
36.371174
35.138153
13.26521
53.246014
5.930854
36.403973
67.51154
71.684364
96.80376
93.577614
85.11664
73.21414
40.79981
113.50338
40.332394
39.91915
74.6806
27.879536
64.626595
63.813362
58.7419
37.59273
67.49682
74.21556
3.8025417
48.641594
44.900574
112.31529
135.15677
117.05637
154.98485
275.5229
119.444565
112.1844
129.00778
59.343395
75.40453
76.418945
193.15955
85.97728
64.05738
40.484844
99.56609
36.80308
40.458347
124.68599
80.6442
58.732155
25.577171
31.023754
25.292074
36.028862
61.079956
181.11247
61.3487
84.86461
90.973915
8.813477
39.06861
161.96886
143.22833
66.97026
9.915012
26.262909
52.072136
51.016132
140.41867
115.6179
97.037186
32.12423
45.25135
61.7017
7.469947
59.362823
109.36623
200.89868
140.69682
144.7996
62.88972
147.96577
25.266888
9.606857
91.14244
91.05449
8.808273
56.685474
3.8258312
4.1817102
1.178228
13.245775
138.10738
169.30977
309.41272
86.25836
64.27852
40.71897
8.204313
6.223668
45.196564
113.93701
76.614716
55.958763
40.541218
80.54389
41.66337
71.58456
103.544716
168.20949
116.62306
86.61412
130.89572
169.76886
91.19223
142.19972
45.0413
34.4318
83.48674
74.53813
144.3278
32.159966
80.79243
27.589344
141.20168
98.69054
40.32238
140.3606
164.9716
136.53697
140.02817
68.42569
50.229515
64.254105
170.38371
78.62309
44.940598
115.3854
116.6265
199.3812
148.88448
43.26906
106.375465
76.20983
117.23814
41.697807
33.9887
57.92093
112.51953
40.44387
71.297134
75.812
8.459233
8.999892
25.936691
25.686665
21.653448
72.74238
39.744034
25.910572
6.4340935
81.34692
90.45579
144.96161
57.65199
110.52712
143.59908
77.58574
79.15813
6.222109
21.330475
50.83436
39.073338
98.101845
91.51962
51.862263
104.05876
141.75949
188.39133
94.87089
57.077034
110.95866
74.8939
37.302673
75.29874
113.05062
7.3129616
44.087444
104.85773
93.58263
51.12747
54.327618
31.851135
130.11945
76.77898
151.78537
223.08359
28.32434
8.152433
48.707176
35.530384
84.76996
79.28761
35.412598
73.356186
30.70103
46.201183
51.95274
82.30548
55.929413
63.494854
36.68107
84.118225
68.8103
41.652187
88.083466
59.09627
42.637474
92.66084
71.174995
66.09193
37.220528
93.39543
127.47662
180.77328
61.98298
63.87635
34.83394
120.47721
97.3167
131.7988
38.138218
74.524506
56.788513
54.09452
70.61194
73.45228
43.636078
121.51707
45.52746
83.88859
91.9821
46.60815
22.029879
27.3496
69.96878
154.22565
40.037575
46.59001
97.325676
180.81746
97.11695
114.37456
175.45232
103.43648
174.87337
64.43302
137.9535
48.466843
81.21313
112.57339
184.4745
157.1259
123.48283
91.84891
90.837906
224.84746
24.260262
121.263794
111.19669
79.02818
38.377434
134.71968
57.841663
85.935776
105.80327
96.986855
59.114647
179.58702
108.37189
68.28445
38.230385
82.228065
170.26201
45.63712
63.319813
134.5886
170.21947
104.918655
213.405
42.528934
5.81849
76.39955
99.29387
43.599335
15.619902
109.375084
75.559525
40.249687
6.3194985
42.167633
101.05635
113.27611
121.44298
89.22829
43.417904
13.287348
88.39164
39.42423
116.60864
88.7491
121.33031
42.205296
94.986694
101.73894
93.662766
60.965424
81.42805
72.28464
241.84062
188.64343
90.85127
58.035816
4.343356
33.876347
117.390526
20.901741
77.84176
107.263504
96.863815
3.1537561
59.009663
48.23219
157.30823
107.43972
39.95449
38.87175
93.900986
32.008392
123.538795
70.902985
80.73915
77.43137
152.74692
112.82481
24.357311
45.54742
104.32405
50.238182
5.0295496
4.5505924
19.940483
141.42397
40.986053
75.03575
121.696396
169.67506
43.478085
12.990501
51.54901
43.22202
26.797068
67.596695
51.86031
24.34354
118.15083
36.148643
78.51917
58.1633
77.7043
42.02107
45.823586
50.00424
72.61104
70.72671
37.594894
193.02246
85.35338
58.652046
7.632701
58.64383
77.60033
93.436844
75.74048
85.074875
149.10196
150.93718
100.973015
54.02536
60.068672
37.359646
9.668996
48.05377
5.235553
3.315868
36.699047
73.416016
77.982834
147.71094
78.01002
94.76485
119.20418
9.735872
5.948376
12.241485
11.48234
41.44332
85.73722
73.20024
38.072224
52.881
71.60401
107.20457
74.73972
42.719532
106.859695
74.28456
56.54552
77.775314
38.57998
149.31448
80.275764
34.940426
41.785614
38.426376
38.426846
90.60942
79.70735
135.49489
122.09161
80.08002
68.09767
73.53802
51.82865
31.351145
72.10447
189.14647
77.27617
12.634065
52.936096
141.33151
128.37137
72.72637
7.6215296
22.121183
7.192385
8.267915
4.879007
25.779123
9.817708
63.616768
51.936268
76.80553
24.89404
75.360855
4.1021566
126.862656
147.16449
120.80015
152.20053
116.007324
126.17898
233.76372
100.06829
211.40962
75.60596
40.361206
66.97178
198.04419
211.5684
175.99297
174.30775
123.16344
107.06826
189.20671
70.1903
139.0265
57.99362
42.55201
71.16255
66.53007
100.1053
113.40251
74.48779
70.56813
4.6787653
146.84946
151.6657
215.49683
137.60156
163.04556
26.49433
107.19072
185.454
122.92747
17.184523
34.08108
127.369484
171.12334
100.25087
35.072952
177.15466
139.68571
76.21295
75.18425
112.11222
67.33742
129.76443
96.290054
127.086655
117.9044
102.12608
49.40648
79.49418
50.768913
27.701847
23.68795
21.14256
60.924488
61.688362
81.02672
35.60358
113.60545
329.09412
245.29846
93.897995
127.83063
38.704094
38.858376
76.50511
78.54135
23.874504
103.79802
69.476
112.76298
186.48674
65.667404
47.3986
44.338463
78.79827
97.49327
163.39505
122.6777
99.411964
115.954
106.56083
110.18361
136.77419
94.64863
59.577168
12.444133
10.706869
41.32072
96.15455
74.52161
47.015957
1.3970878
95.32984
108.62815
99.95601
166.22357
148.05817
125.17478
149.74686
161.77951
226.68042
221.32535
65.521774
117.089355
154.53792
111.32462
138.67087
29.719156
97.49168
67.465744
70.66205
72.48098
79.85344
167.27505
94.22769
5.177467
64.93275
68.430954
83.88423
175.53897
49.02614
139.23917
46.762703
124.46156
56.43169
73.37421
126.054306
95.76916
3.2510052
72.64604
77.88649
35.273235
77.87264
4.619723
49.39965
84.74033
43.80997
8.857292
40.187176
42.978157
78.173546
19.772438
5.056098
5.367184
114.45796
77.1888
77.784676
80.47556
10.675144
83.840225
39.25459
28.059366
5.5267344
49.419605
174.20895
173.10309
85.16208
166.34142
135.6733
104.363365
156.9437
53.220093
55.96591
37.52201
84.44505
105.735794
48.867443
75.461075
36.57174
96.136154
139.2171
101.82473
3.5086799
14.754672
27.58364
43.8496
81.43744
41.217674
43.10729
65.380875
54.08608
49.833065
69.69248
94.565094
133.53316
104.63845
46.885323
80.236435
92.33673
37.762043
65.86422
47.554432
170.03252
105.88847
120.12453
42.911507
95.7037
71.53955
108.61855
19.279871
66.733734
156.35036
45.579765
134.17921
146.3
35.527916
57.074516
136.58255
61.42677
0.21796076
8.167001
115.16091
43.391766
41.206882
88.83537
38.38384
4.931599
10.362965
30.747166
106.52621
60.950764
129.1219
55.163414
118.80658
166.71463
130.56436
113.860245
112.25626
213.75504
181.68314
158.38708
149.06981
93.56888
56.431263
96.19569
108.61812
121.241615
159.2974
69.93659
3.9210515
40.862526
44.257484
19.500416
27.543324
37.955116
33.496696
43.665833
43.34686
69.89951
167.27344
97.171906
37.856575
81.297386
75.837776
6.7005997
24.539165
85.19517
132.2282
53.839363
126.50322
115.458984
126.592
41.583702
85.48447
69.24196
79.51069
245.26248
97.379585
128.88466
105.4765
142.71207
99.74105
94.76537
81.73153
76.683815
194.98167
88.6568
140.49953
174.59099
85.09855
188.65836
159.87273
137.36786
101.53343
206.71004
104.92259
158.09378
49.319798
125.60569
130.49086
10.821636
68.077934
68.94713
144.11972
41.651863
91.448006
82.02697
34.88563
37.502846
74.544525
88.053635
22.528622
8.059937
88.61653
77.794174
76.657486
136.62688
76.975914
121.4103
4.8589716
46.011875
155.48051
109.497475
112.85472
57.67038
66.63197
204.306
175.5367
12.402954
86.69652
79.13124
60.12731
42.63031
101.56624
86.161514
78.95291
56.12069
46.40631
104.9338
42.80522
19.514187
152.40988
43.51369
57.421272
43.82499
67.892746
63.08977
61.37144
175.64458
67.62704
37.222084
56.358868
74.99238
155.0133
126.965805
73.267136
75.753586
230.6636
371.267
190.16689
127.05237
58.57096
44.8297
40.37088
92.60726
74.942444
51.210083
42.409515
100.016495
152.52434
24.67725
44.879417
72.80274
139.64561
172.61911
59.874443
74.61754
50.64591
3.5866723
21.452755
121.26857
112.31509
75.83501
74.98004
111.86403
104.298485
9.356727
5.567203
44.84748
60.800884
109.58067
117.626076
67.63011
46.32509
204.21048
38.03408
40.268444
121.86127
64.89241
178.73834
43.37966
75.24769
42.92503
91.99861
72.8731
29.597244
0.5178984
66.75137
62.27015
119.23073
60.904564
36.84945
64.443275
78.05816
103.8517
110.67727
115.78142
184.0902
66.73127
60.96115
125.114525
30.129532
78.561295
128.35489
110.923485
27.570812
43.58681
86.367294
10.887088
29.025742
65.52632
43.73394
64.44592
112.33862
96.690384
121.25027
78.3853
86.10811
149.42183
55.721172
93.85913
67.751236
78.158714
59.883064
0.81561136
144.05675
73.49412
64.099815
46.519806
107.26097
58.544518
74.20793
4.9120092
6.3608212
75.97868
40.94282
72.012375
165.6515
33.359684
94.0533
76.35782
147.03342
5.153136
44.39664
75.39289
88.07099
130.01299
10.0171385
8.455458
46.946346
216.76138
62.440624
34.76892
100.116615
55.095654
146.35954
208.76535
230.90225
47.03985
25.344128
28.23312
18.272177
138.25533
36.649975
74.83249
70.36351
46.163662
19.118977
49.436592
7.333154
61.4375
9.504541
35.3708
114.03705
48.7663
6.2851467
41.665
138.05765
140.98935
304.31415
173.71913
182.99127
169.91794
59.05605
11.074876
38.889664
186.16313
74.338776
17.766977
8.846619
4.09293
5.78811
81.4244
42.799633
77.46352
53.19107
26.018885
20.732847
160.39177
90.611725
60.64942
95.832306
82.083626
72.872604
5.189475
9.53752
101.10067
80.51868
19.390162
35.354168
80.87813
60.55668
40.20513
33.448322
108.64565
8.8120365
26.588175
16.38074
35.238304
108.59648
114.1001
92.8842
76.2431
23.129383
27.727062
112.99524
44.987152
178.88048
83.00499
3.8253815
123.69006
68.37315
103.92332
102.551796
118.387085
149.76941
124.181885
289.13275
199.61359
66.026764
77.92214
39.815132
99.260315
56.00808
5.3188086
29.106018
51.544933
17.946861
38.291744
39.78494
107.22947
140.43358
111.96529
6.4074564
105.358444
36.529068
76.306656
3.4511566
6.512834
49.200184
91.033775
64.01468
73.77399
11.739881
8.588762
41.648117
146.92644
128.43727
60.554558
113.59457
24.01661
31.490635
60.894707
31.02739
24.6229
138.17964
21.08083
11.126209
38.624077
62.883533
67.75145
102.130264
107.66963
127.288795
20.612173
109.411575
29.700434
7.581637
44.733852
78.83352
78.57074
140.57578
141.03453
56.49339
31.082447
82.76166
104.061874
127.10759
69.246574
71.95959
93.79676
127.58164
92.96596
92.71655
41.982246
12.120058
70.45354
73.32181
44.264957
50.120106
43.327843
196.92645
61.05896
83.274254
9.334033
42.76813
79.70476
35.55941
50.308426
29.55692
88.92312
181.87836
13.031998
68.99383
94.03923
73.43622
73.79727
58.223022
49.741474
37.38735
207.89392
187.76395
22.517532
75.42376
10.667289
43.181824
80.6225
20.91078
15.886516
97.53542
94.123276
105.706505
43.54271
26.497066
4.131112
104.33238
239.7634
143.11348
108.20874
120.22361
237.59505
101.92421
46.633743
72.825516
43.682556
42.420937
126.98637
116.589096
44.56714
4.7015414
12.929384
25.807135
54.55529
54.994396
110.6349
94.01268
34.72992
42.558807
175.63188
51.337452
90.57874
143.0263
81.12226
121.88973
61.559643
67.08919
76.697815
39.42088
153.46083
39.700813
31.900684
39.318077
145.26006
162.31522
46.69985
21.759388
28.318546
114.936035
152.25052
54.78377
46.17578
95.9868
171.91336
72.580795
43.65351
161.80441
142.72647
107.12008
160.32034
5.0207906
46.440144
106.89522
107.55619
78.64808
51.37789
1.7917786
73.15915
38.14077
70.72714
4.771726
16.701374
17.306181
119.28145
57.094032
63.95858
84.79815
18.963444
6.580742
176.78201
129.78482
104.466415
164.8884
265.83276
112.736465
95.387024
89.72315
99.31853
145.2446
68.750244
80.7911
82.957664
82.475105
80.62678
86.47099
75.42609
18.0104
49.7743
41.364586
131.10262
72.08861
56.443714
7.1735625
80.60582
74.52918
97.342865
111.58928
60.566902
173.77832
189.0341
146.54486
62.19335
54.285515
34.89862
79.751076
74.48937
122.08958
58.111145
86.78009
11.609575
13.224859
54.357506
33.08889
39.965435
41.041817
62.67979
44.666603
110.885666
39.57009
141.28897
25.608118
180.39117
139.70944
125.21487
89.29378
70.438
157.22495
106.493286
82.846664
75.019455
101.83413
93.4844
76.51101
38.44654
25.161543
25.78068
7.393074
108.72133
142.37183
27.26
15.919466
53.55122
70.97138
72.011826
73.773285
73.74309
39.241035
140.49608
106.09609
240.33401
169.96396
151.66899
108.53264
54.61991
9.764833
7.460847
21.43276
19.894108
23.068205
36.562843
195.47841
37.32924
31.616516
67.11977
121.35258
51.132732
5.4663405
76.650375
82.626976
9.16695
18.570553
39.32128
22.022713
67.6022
92.64397
