474.98346
75.75979
40.85335
40.46412
40.15728
85.34452
39.83872
32.671276
19.47639
69.843216
233.9642
54.392487
7.0247164
11.7136545
108.55379
59.125263
91.32793
46.524307
42.208057
34.23892
186.06169
140.1161
125.25897
35.916687
62.736473
69.19084
70.16417
109.856735
123.32656
143.3804
23.737196
8.24496
66.95243
69.11873
3.1518087
5.2718763
72.583206
106.85972
39.747543
44.966103
110.200806
73.31157
66.86345
56.382557
163.96281
101.07577
107.03141
12.291499
37.003914
22.743477
46.571148
60.001537
40.281853
64.16464
98.68156
72.95999
5.818687
54.151623
84.40519
87.83103
43.063
116.32027
109.225464
67.69752
2.286163
34.834267
28.32897
137.4198
239.06937
189.72311
66.05162
74.62968
70.54532
36.714386
47.947872
125.589615
39.756485
17.905176
54.7703
66.940895
55.798225
68.29247
31.978397
89.424995
94.125206
2.9020061
40.656906
133.50194
24.286407
40.700817
75.85802
3.9851727
92.644516
40.589935
86.41455
68.91326
60.24372
83.23262
5.619124
13.976782
34.035824
46.101936
126.553604
111.15061
51.557964
53.04412
113.66919
79.29787
76.39394
48.861744
59.368195
44.265907
99.90887
110.09672
64.2594
62.244793
139.70218
80.818115
68.606186
115.24729
80.561356
25.308674
129.37741
114.32552
50.7626
66.61078
117.11589
43.888695
96.649315
46.19548
138.55765
43.301853
121.42528
187.49985
118.15332
1.0309153
54.847496
90.02329
158.89868
146.61522
112.5789
167.36832
93.13093
9.451623
23.404324
58.07087
97.51843
49.61925
51.02259
1.6544241
23.657543
277.7875
127.84025
59.592335
13.578871
90.58447
37.86484
82.82428
10.727069
103.011536
34.613285
38.258347
88.719345
34.96267
32.5814
7.9979935
118.73091
74.73787
55.69922
106.19765
36.23663
108.00142
34.702923
84.52283
83.817856
66.87692
114.76459
68.60924
45.660458
121.139854
172.7396
146.39839
78.00371
39.69238
16.054752
82.36109
11.112748
18.002747
117.54918
105.5554
66.596756
71.54205
29.246592
41.25915
63.635353
64.30998
72.45085
104.97179
20.709892
107.84409
36.295998
119.4483
16.24778
55.979897
72.98198
142.32333
92.91966
77.44137
78.981255
42.461716
128.49222
92.15758
7.1162515
9.034386
73.64964
94.84209
146.53754
140.26547
180.34682
41.71411
5.26416
57.317528
9.645096
35.598392
46.064022
110.85277
68.48238
10.501688
33.510384
26.943415
88.81264
16.768978
78.70912
83.18077
35.977074
75.04638
49.240265
63.452545
85.84993
57.59899
54.20069
104.64481
58.550438
8.200637
10.989618
46.78811
100.040276
45.900814
47.91341
88.78418
104.22716
143.65344
72.82292
128.61185
49.772972
12.428883
67.46623
119.03538
127.243004
105.558304
71.95962
65.971306
111.86018
4.1678286
74.0694
55.941822
28.991556
35.849686
21.913033
38.602596
41.00913
81.814125
33.310745
69.041336
17.912624
74.90715
174.54825
115.5192
98.55364
83.97266
75.44601
35.417152
82.497826
115.337975
74.22052
24.774004
24.373228
97.34065
41.14962
102.10033
74.632256
109.34584
209.5915
129.41225
77.59767
72.0457
36.579914
16.75469
63.30625
55.633705
30.765192
43.283333
43.47973
69.07559
72.80853
75.90468
129.54413
81.74747
102.42474
154.13503
17.069569
96.96626
111.416725
133.03445
25.00456
24.032703
54.7719
100.963
97.0659
53.947437
77.69466
37.63547
78.168724
102.67008
49.73002
72.24158
142.82596
20.819511
20.706537
4.472791
42.00601
70.69963
157.25296
64.67287
74.97771
133.87735
105.78938
148.56754
115.47292
41.626137
62.68167
191.63419
80.48634
86.353516
22.650194
91.29945
58.325275
82.125
74.804146
122.01144
72.87522
174.72124
58.777008
35.21738
10.163297
97.47968
132.57478
44.898865
192.93137
65.03886
35.87365
90.85049
4.1198435
22.316277
83.73132
50.034473
67.85053
35.572075
64.17961
128.03055
80.38961
43.413868
130.92169
68.207985
111.054054
73.91154
136.26897
107.97026
140.12173
83.59924
20.01176
26.260921
66.65317
63.36618
254.18967
85.80267
42.530025
49.161266
90.58783
85.81738
134.53659
37.24222
129.11493
69.10349
95.38593
9.969772
45.552155
52.776756
42.207455
80.611046
116.160355
109.10414
72.83659
128.00964
102.17014
52.15785
73.09673
88.70635
110.85221
8.653892
12.2259655
45.276062
100.973335
118.260666
66.62637
106.39165
149.33806
69.11705
130.99686
182.00461
167.3376
96.01649
139.64134
142.87566
216.7476
117.26339
236.03055
84.30211
141.01378
163.1768
9.656294
77.0145
63.592003
104.71328
118.556335
20.479736
40.11584
26.375067
39.59899
61.4187
63.01772
106.137695
51.315346
29.56488
69.17428
8.563369
21.353008
6.438407
46.70745
69.13406
102.312065
64.73175
37.769737
137.2947
78.087746
87.74003
35.98096
104.16101
51.64035
32.996346
59.15674
124.39525
122.83807
139.67575
82.60899
16.5493
43.774673
86.93634
51.741158
21.28134
72.31466
57.472664
49.425224
23.181335
74.3843
20.135517
50.932297
123.69347
38.442627
68.14775
40.463894
21.366138
33.176918
131.10811
127.834045
42.52567
42.29426
71.54661
1.3200397
35.426617
42.058304
95.16499
107.91042
169.09288
28.211658
27.37182
45.21995
53.439228
43.545555
66.43679
98.12483
72.130356
91.99504
88.66401
184.39653
232.59737
216.13066
10.095471
5.7935667
51.62079
43.174957
136.9335
32.120567
42.01428
10.138901
14.741531
54.721912
121.62901
52.08612
67.127464
37.979088
63.349995
104.74022
22.735243
184.91342
39.046764
40.090145
104.9792
51.014885
58.998882
164.65096
8.26279
25.758816
5.878772
38.54252
73.34115
3.0069807
4.470867
65.36915
74.31622
75.497894
7.717623
19.747898
21.001675
90.56691
71.40411
66.05403
53.6363
30.282648
36.42665
119.20032
37.56645
83.15986
98.05379
6.4973145
45.51009
77.38917
100.73805
72.27235
84.50215
79.04988
15.40562
106.783585
127.61228
25.685741
73.277245
24.260128
77.798965
90.33432
102.99707
34.10421
69.041855
16.823956
57.056774
83.6379
71.17391
64.40779
44.618416
45.741264
32.141964
57.80993
222.43652
168.7759
109.84426
87.484024
11.654092
21.344437
7.333388
49.280117
1.1611301
75.37411
94.644516
133.2172
126.35857
135.39278
39.737617
7.525313
92.26767
58.689037
101.09541
34.70542
60.166058
114.387245
157.69003
86.199234
79.51137
133.10568
102.84782
20.375813
74.4684
217.16533
129.60162
76.06738
126.52739
124.68617
54.47703
171.66855
229.64526
119.668274
143.68283
21.489079
50.44949
106.57198
54.03631
54.32472
71.82642
36.361763
34.765923
67.02562
78.08716
65.976456
92.412125
133.96841
134.35233
98.97514
214.47017
16.784473
23.724985
64.39124
119.2527
108.125755
45.830257
58.52578
151.6228
51.470745
4.3316445
40.697376
104.08136
108.76174
119.63983
92.553856
121.9908
16.87016
8.636402
135.94131
9.8891325
55.177105
77.009705
91.45936
40.11468
37.59736
6.7651243
54.033276
105.85327
80.05644
34.086678
73.33322
66.49002
162.51227
24.464504
42.81876
110.78056
75.27107
69.38861
75.056076
75.151634
122.09729
93.10871
128.45271
85.489395
47.595695
71.8523
84.11343
76.695076
50.120865
39.32376
73.20902
66.39308
12.402876
53.6916
46.726112
107.88759
101.01253
80.971245
93.07352
94.881424
117.23588
52.473183
121.05027
121.94381
111.04109
86.24286
146.05019
127.16917
102.086815
148.9679
72.3659
27.985958
78.83413
24.672672
24.355577
64.52065
108.427574
184.86316
139.5468
102.28047
2.905531
64.20907
68.08066
53.717823
4.5430617
84.70486
8.562668
24.65347
39.198265
54.287575
64.08577
11.10235
105.6555
122.20394
3.4858081
135.36722
30.595959
73.16564
92.9738
4.0772624
6.06293
47.645752
93.35201
47.462643
10.164757
9.521919
52.19341
52.77907
71.09748
100.01073
66.66844
33.63243
72.51456
57.633247
52.47043
84.24436
84.33345
68.39507
69.49067
65.425095
65.22299
16.87089
43.091026
37.25909
149.75343
139.79773
165.9871
189.94724
143.62807
8.771104
43.639652
50.413013
176.73288
37.342194
34.353184
67.873825
39.527138
63.750847
94.497055
87.00339
152.97267
156.10812
52.746532
102.60415
83.185295
37.145805
4.5406075
26.449078
64.57402
23.270815
25.783361
102.73417
14.708063
104.11084
68.72047
108.1771
132.98555
143.02577
51.07316
169.89095
231.91443
127.31917
159.30925
106.38424
113.623375
133.85957
139.00125
59.54848
109.96541
65.32219
69.005135
4.3560777
80.34409
6.443911
62.865795
65.44851
37.54973
42.61229
47.65178
41.282906
185.29858
13.423952
60.6232
85.946236
5.24164
8.397847
163.17838
34.718727
37.289314
40.215958
65.322586
70.37069
41.525906
123.014465
40.602077
142.4899
39.491096
121.977036
98.12533
84.23091
106.56708
90.447105
2.9685779
175.13655
33.89638
30.395178
7.41738
43.349224
103.2962
91.49485
118.25462
135.30672
71.89883
69.9091
54.611153
81.30598
75.40283
106.32477
16.168667
68.7904
45.043877
61.124306
23.636187
124.26074
99.74565
66.83482
242.09111
112.18213
84.25636
87.31153
61.990246
82.98065
76.92338
68.787895
161.14139
61.91139
33.08802
69.29051
97.02149
18.423477
71.87258
66.12581
39.838417
62.519238
115.69535
118.73695
95.45805
101.604324
84.86128
28.96059
51.882454
56.3286
9.420034
17.084133
21.04228
76.89873
43.24166
53.798393
48.878223
86.06276
148.25847
157.68837
110.84568
89.72447
88.8099
154.34335
73.22761
49.895348
112.52446
203.48528
255.788
148.3193
19.424448
31.400537
24.63385
12.528971
100.58927
40.16616
116.04077
104.147484
75.42609
67.92278
20.542479
75.54979
32.31788
60.11149
22.76139
128.65924
56.349262
93.21094
38.404808
109.88258
217.85583
192.98643
47.113655
48.91169
78.21199
135.55434
123.17051
98.56319
96.327225
143.85678
185.17458
9.461133
8.930792
3.8186378
40.62426
71.495705
175.15256
27.209208
206.01836
43.04783
58.376625
42.43136
41.759655
45.619255
111.23488
4.27292
6.7601843
53.529205
33.790707
57.48213
20.021736
12.211474
10.220044
109.83756
59.969734
65.70795
7.7701554
135.79738
64.35249
67.36223
39.242382
102.4574
44.8069
11.235887
18.157188
24.2823
81.1621
75.85727
100.01738
15.724871
39.129013
97.77304
98.96781
39.46324
79.50258
152.11597
111.20718
53.53132
125.675865
54.43786
6.444589
50.87406
61.402428
81.61984
101.66482
72.07086
41.224022
38.868484
64.66207
77.974335
73.7689
51.423298
74.23044
64.03321
71.27694
81.10507
155.38583
103.71684
82.15135
92.09957
110.554054
73.57527
100.16657
6.5232024
37.81601
25.950495
85.30239
37.000942
6.8446264
49.760307
34.303394
38.84944
6.790071
34.71875
104.419876
62.578186
53.35094
66.46893
99.9395
60.96926
26.593914
13.713852
20.272213
40.694492
23.143353
110.59995
39.139153
3.5489247
10.436283
44.00232
13.227216
13.89324
19.466934
14.780812
55.904045
148.1235
181.12704
82.25383
78.2977
60.233997
6.849579
111.08779
63.479378
7.769217
34.663155
64.20748
98.266754
47.714214
25.989315
85.35363
58.421394
11.419429
57.236156
129.60109
27.392176
171.63159
34.339375
94.501945
72.11475
103.492004
126.24648
88.52324
8.62178
61.345165
32.58952
36.604286
40.381706
241.84665
53.113403
61.87216
118.60897
91.19354
24.68499
36.626244
53.794727
196.24313
104.745255
178.70949
156.65793
40.11799
29.645945
95.965775
40.200058
175.20363
60.261883
82.07529
15.669395
92.76335
36.337837
27.570755
67.679855
104.93085
76.91721
113.83618
209.47139
101.588974
101.817245
101.08235
59.169945
50.24394
59.52123
41.15367
105.79557
124.92995
75.56284
34.503513
67.50119
58.120228
135.16086
93.05158
86.5151
123.91251
136.63838
41.46303
38.109356
106.36812
37.32699
10.919573
197.48068
182.44583
104.699036
9.621941
61.86184
162.92615
130.47398
53.67097
134.0329
181.60469
44.934742
33.445396
44.63687
43.086655
84.763275
4.1142983
24.676065
37.4162
55.45832
18.799404
48.347527
99.75193
136.80371
67.7325
51.518593
66.17972
67.99523
259.5744
31.627476
85.74727
120.02576
45.737526
173.69925
187.85661
165.2258
109.731285
77.27316
93.364845
172.40909
117.27671
146.41508
34.90995
44.925884
46.684883
63.027214
41.53139
55.795765
40.849724
74.267555
39.214134
48.366444
7.4481254
4.1761365
38.086765
37.76597
84.154915
23.991583
89.76735
114.73893
153.95192
66.139336
71.316055
48.75246
66.82148
77.81671
77.09703
187.99683
194.56729
94.53174
83.62395
51.587914
67.8601
53.645203
205.46411
154.74747
74.530045
90.690186
61.420197
68.21182
83.36061
36.233128
92.302574
66.83667
66.70404
40.28308
175.53073
55.080193
159.1157
46.48991
7.97062
62.627125
66.46624
105.78761
114.64268
24.016989
7.822313
138.90866
74.83908
79.7285
2.231214
58.821938
30.269588
45.257626
52.23568
90.27254
42.232597
122.232254
132.89912
9.987052
99.85774
109.722046
71.56758
41.917397
83.56128
134.01135
50.242622
109.540115
42.919266
41.373756
97.69036
42.76348
38.366905
45.583252
14.95534
12.076225
28.985565
2.7840126
56.08264
96.800316
116.90132
15.074326
36.120655
54.32953
58.04145
18.656996
17.303783
72.94543
153.1319
60.810284
67.11345
1.5759655
51.68975
10.568982
13.47366
7.3936434
40.44561
115.018005
2.875246
37.277508
132.87402
99.652115
118.77232
42.432545
43.00379
41.69678
74.125626
99.300934
76.74814
171.35287
20.795897
9.383222
67.86072
51.293907
106.26521
89.83208
41.62388
71.898544
39.621258
91.02132
121.71165
56.872185
33.721752
19.115154
59.834095
88.36355
36.578884
16.647564
85.86741
97.48918
178.56625
50.137074
33.862
117.03642
72.34695
89.135185
35.706367
2.6196752
4.1952925
91.41658
59.342407
49.955822
106.575455
17.923922
33.5004
127.73149
76.39677
42.76727
36.04769
83.985146
27.957901
102.95332
45.11556
14.432768
34.52553
18.104313
44.835594
42.10914
50.71353
17.69938
40.925446
9.634598
216.37187
76.1407
97.15449
198.53122
117.82286
115.30294
49.74035
79.60894
43.314995
129.96237
81.15873
61.248558
54.234875
176.04562
100.78325
33.036434
65.330605
34.866875
32.941574
115.88273
2.7427287
23.987652
173.18228
118.629654
32.84548
63.50521
119.655396
13.225294
140.89798
70.119934
42.595757
159.9758
147.94681
40.24619
92.166985
169.13657
4.3951025
63.718456
79.362686
37.698185
97.78118
31.976841
45.48578
67.43208
98.06151
60.360542
10.44162
40.93249
68.09883
49.423737
9.653489
7.102703
36.403564
122.74496
107.15299
248.3499
90.78701
77.73357
76.794525
99.36348
17.152271
43.712368
18.662674
114.60298
196.35373
91.33985
62.489014
87.44579
68.72072
38.417847
65.77394
51.651497
110.4904
81.48072
50.690224
90.75342
16.969656
70.36905
59.5659
33.731377
88.01723
54.076477
60.413464
23.393995
10.821766
15.086235
26.765493
57.11152
98.78402
78.23595
7.061541
38.80678
64.365486
39.095524
68.68955
77.01683
16.710608
33.06373
111.80161
9.889647
81.49778
111.91268
35.704792
177.9165
77.60406
40.576714
184.32544
62.131184
89.47221
32.590797
107.868164
98.036316
4.858991
100.012344
133.87845
43.421974
17.866209
70.180954
49.279503
4.128783
6.6733184
13.126953
91.61282
89.18431
140.89066
113.398155
4.2795906
36.72921
40.327274
55.563408
112.11477
29.88361
20.255678
28.160954
39.11962
22.658077
76.24251
125.93087
163.57016
66.01452
37.05384
50.6644
33.63783
28.934204
49.675087
6.897466
19.481037
96.47505
61.992867
166.18051
57.41045
61.12334
41.281914
87.428055
39.5714
102.85216
34.034424
150.60751
148.14919
182.32655
254.55203
190.76965
40.499374
92.926926
199.92372
132.58212
48.99154
63.227345
134.84659
10.466699
118.4082
103.76912
12.809171
37.727665
39.33274
12.973422
29.513363
83.46559
97.684555
59.614555
49.1102
152.27724
113.15755
104.07088
42.315166
50.510357
110.79985
179.54628
56.17237
111.30576
105.057945
13.564214
11.354391
35.644768
68.99132
20.738466
149.85213
19.0163
12.635134
139.2158
9.49857
8.842281
54.621758
34.54726
1.4579623
42.56785
13.626114
69.06195
8.519339
33.085632
9.0071335
42.390404
96.19702
152.18646
290.7806
9.266192
22.360914
99.435616
34.670372
71.34948
99.89846
154.35577
44.272697
130.39876
140.42761
127.76231
85.71511
83.963615
50.6409
94.00133
23.935547
16.321249
50.53383
130.02328
25.98791
149.56197
102.10841
8.722906
51.360455
74.006775
105.567856
8.04788
16.029224
48.865105
61.462547
44.148476
7.509198
5.729375
2.7858877
115.51455
76.17264
51.336353
68.57048
46.558277
70.507126
71.158485
108.72964
39.098618
118.38316
76.01552
19.44542
93.8055
160.22339
138.87517
124.40159
84.79533
72.927086
71.50998
128.02477
66.87153
37.243603
40.321434
82.90615
110.86487
128.15569
106.207565
48.252235
50.94817
60.266132
5.158123
90.6566
160.82855
80.35382
36.225475
89.87622
198.9126
131.27727
21.771534
142.8335
78.82634
172.69241
121.61229
148.36942
162.47025
97.76821
72.5681
60.071465
122.47237
41.94017
3.2871768
69.91316
117.82965
69.804634
193.99446
122.274734
164.33879
23.820532
68.119736
9.589403
75.85202
139.95299
139.55603
45.30308
78.456894
110.90725
144.23643
37.087887
91.948074
58.18363
146.62173
33.853394
75.12953
88.86744
179.90227
63.68751
66.88772
76.745834
42.711952
7.8505144
73.50752
20.999447
41.582634
67.963
114.85134
17.976576
33.543312
119.12168
51.655415
42.561058
31.743565
77.36479
4.0150104
9.503836
23.89995
13.470869
125.22738
24.907677
102.37067
11.770461
155.11653
76.66149
109.26482
156.1664
102.6814
71.11061
7.070531
56.58861
104.23568
170.78836
194.33954
172.54063
86.7052
82.35899
140.573
10.093546
10.89985
17.913286
9.605062
76.36769
98.95808
37.550156
19.249388
50.821922
139.70293
51.85147
73.99864
65.01017
48.262016
78.63124
166.37593
140.96928
104.44662
88.451096
133.39291
18.787052
27.856125
17.459322
45.808464
104.19187
70.808876
136.23418
45.443146
32.245922
21.33031
58.993553
42.553486
7.213599
6.2626433
129.72089
24.8791
37.409863
48.736107
102.00103
9.606329
20.806385
9.404125
67.23524
110.57353
137.60626
43.22006
69.00861
50.115585
25.59228
64.925156
51.706505
20.855677
33.723145
41.459827
104.94551
65.10132
36.27594
68.242935
36.496357
72.984184
12.640374
86.01221
48.30471
68.3073
138.16133
167.91498
143.26363
129.437
166.99792
89.54629
63.173157
67.20827
77.83274
32.901134
39.371742
101.995834
41.455833
73.53323
69.18806
41.187344
3.740841
83.19544
54.932793
121.41435
91.01523
56.81734
66.681854
34.01931
63.729637
91.53569
76.178085
49.159172
66.89622
127.41933
118.9377
185.93938
79.57082
42.714783
14.744787
35.68648
85.379105
34.884056
48.32776
42.617565
145.2125
108.99324
70.06914
16.089394
100.26852
98.95833
98.51017
105.22111
48.602783
90.79845
97.016304
45.025723
135.07553
39.153656
79.506546
56.433765
80.176735
38.098644
138.42667
192.22826
102.92357
97.36078
72.13956
40.50434
28.530355
54.76336
35.405273
73.047165
132.03217
63.265564
110.97805
136.3121
106.440636
74.183586
97.67394
68.47781
61.00066
52.436718
34.068497
87.394005
96.284996
78.71126
71.70732
42.75129
50.87742
33.943024
170.12883
3.165399
6.072159
47.274895
42.26602
98.57032
104.012634
172.46135
83.22489
96.28702
77.36421
104.97178
102.91129
14.689845
58.385426
151.95076
4.0766473
10.08063
49.128548
73.03155
186.5146
250.81575
207.64917
96.171524
40.173985
70.22546
129.49269
103.11165
37.42415
12.988905
25.845196
84.5461
211.56323
209.27312
27.193691
73.70817
75.00865
83.09326
146.46846
1.5595844
78.859505
213.08646
163.89403
105.324936
61.394836
84.11705
176.6069
52.88912
228.13643
232.41592
205.17892
164.28804
330.14142
134.48611
44.072186
67.09168
74.45611
49.146572
65.93797
74.3427
111.49768
1.5029143
105.238464
98.51908
46.400906
117.603134
106.293945
273.86227
172.21838
102.52541
151.5813
107.87401
112.28922
84.02798
51.59852
10.426555
127.19456
88.39058
83.89941
213.45158
115.123856
95.90473
44.729565
32.356644
274.68607
218.83472
70.40341
0.6964998
80.690125
17.027813
78.56038
111.154396
270.9937
199.7631
234.43852
271.77158
289.29547
223.66562
236.66235
438.72842
212.14078
48.66756
70.624435
35.525692
34.755943
98.4352
40.67822
141.49435
78.46806
77.81922
68.379715
265.72076
143.71204
58.32308
87.69029
118.20119
74.96501
139.20169
56.981293
78.71672
51.879383
111.97029
99.407524
154.3826
53.72821
40.60374
138.54951
116.68302
67.15815
57.98985
150.51889
103.673546
73.722916
36.750206
58.11901
102.57566
46.57933
11.201245
76.23533
39.44583
248.77666
247.01807
136.96317
90.75355
225.83066
42.6185
43.49679
34.72139
120.32301
49.723248
86.95592
130.0445
142.84615
102.26307
143.26425
68.80941
76.4411
42.550762
31.943125
121.81419
54.941566
22.275074
85.933975
82.41018
98.7475
90.7418
112.56545
102.98576
35.381416
122.91901
1.9821705
68.824715
87.51366
107.64696
8.09577
13.156961
86.48953
54.144398
13.126323
14.891116
138.50618
182.72838
6.412731
40.979908
224.74687
83.62135
6.0508947
68.54599
113.42621
190.11171
197.47372
70.725784
34.184208
75.22997
100.73055
164.63277
33.71357
2.6898665
42.34539
256.2258
316.02936
273.2268
158.4703
222.66704
188.29459
352.06354
50.56307
101.12949
35.930786
126.39822
33.630264
69.66771
70.04759
75.525566
33.958385
139.71776
94.92108
75.85454
159.98555
165.49321
74.39805
167.17784
81.51161
153.70462
89.310265
50.423145
134.70447
121.749535
154.2686
5.3083005
142.54515
60.626484
88.32673
124.68723
75.405685
95.02412
47.141453
225.82852
224.2489
65.090225
90.083206
44.008297
83.22907
139.59213
90.4791
102.17696
73.33495
114.45846
105.465416
17.104029
2.5541697
46.67249
134.23637
114.579056
177.68332
183.38235
32.379234
0.2681653
223.16348
148.75668
124.999535
85.901726
130.05052
155.6139
118.775856
279.3837
147.68054
229.77144
307.86774
269.93463
131.54851
91.08777
110.60384
129.03024
9.461858
94.67621
85.32803
2.7053914
96.42466
66.68658
180.96288
50.756504
78.23571
173.00754
198.25447
77.51158
146.51106
61.79364
104.996376
107.2631
127.56584
55.991272
106.18852
118.009995
43.7427
87.253654
137.4173
140.1643
48.048485
48.333527
135.57903
126.10338
125.327415
150.39137
252.54965
160.30476
69.913826
136.06021
86.35494
76.76186
158.05331
256.1549
173.54874
204.94125
1.3205707
119.8009
44.183453
113.63534
47.43604
55.158337
110.203354
66.14457
43.234306
179.66957
85.350235
142.83096
113.33504
41.495037
84.47987
63.154346
52.47339
143.82315
47.34688
216.88815
288.80896
121.9718
106.26898
110.97494
85.08754
54.40089
76.10647
102.651306
63.681282
76.690285
69.7798
34.899834
77.48368
85.682014
154.68423
75.880394
142.95949
83.51428
217.18196
47.52583
9.780123
25.31673
89.96935
13.879646
139.47382
171.46214
82.80021
34.3881
160.89041
52.248333
62.31832
117.9728
47.289013
45.691948
52.87483
131.30173
214.70297
55.10888
66.12533
110.04862
87.01947
124.564476
138.27531
77.70943
91.49194
40.92379
95.32045
269.18695
276.4345
205.91159
199.85371
59.758858
173.89114
110.10262
100.79977
47.246696
74.80282
44.264065
142.14365
155.28914
80.08727
90.24779
166.24942
102.95089
64.46222
137.74138
95.261795
51.32911
9.904375
119.95652
37.56269
46.662212
33.073925
168.93774
79.196526
11.196911
114.09886
116.83504
117.03611
127.86615
126.21971
215.9595
148.78967
96.76559
47.093548
0.8080288
91.265854
44.657715
53.8539
92.08053
84.93079
91.36325
82.67308
110.86047
33.732502
80.8086
16.471676
89.019005
19.341885
65.492805
165.17982
44.040123
118.55147
3.0125754
15.828058
104.254776
93.40498
122.42395
41.269447
9.914271
54.412342
79.71035
67.26782
39.156826
41.041267
110.30914
89.95527
0.94408435
159.64584
0.23459065
27.040676
129.08847
126.95885
2.7724557
132.95384
100.752365
85.08387
141.38313
106.074936
237.363
82.74627
136.08395
116.55515
261.66144
215.99924
244.16953
287.80316
300.22165
333.4007
241.47058
246.98923
225.04892
195.3677
129.38899
73.58064
51.228645
67.638565
179.62874
49.561935
77.70729
83.753136
66.86061
112.06419
134.49161
139.97781
92.77238
60.032116
93.99461
44.73031
120.913086
44.85014
84.1797
88.60356
85.036194
140.96619
155.82298
86.79363
82.606186
25.411072
136.18106
248.66455
299.3753
92.6605
47.909435
226.88628
199.46213
233.38777
214.4979
178.24373
197.90877
222.87842
76.649216
121.09109
16.880354
90.584045
109.903366
73.93402
84.894
142.45045
83.145065
90.586914
231.81906
224.67566
113.45571
35.024925
134.34662
92.01809
10.016457
91.14805
19.482885
85.89837
48.1167
37.459953
46.86081
162.79242
115.82278
67.73433
186.9078
133.65936
79.74703
79.60847
158.66777
181.24515
128.90186
103.275986
179.20114
178.35233
91.57028
76.00932
226.99788
160.2493
132.03116
32.979763
42.661377
72.20208
161.64896
50.778538
95.03812
36.795635
220.37064
76.18638
236.80673
34.848103
163.35117
179.57979
68.4918
114.690285
180.97827
134.74683
107.152245
48.293377
234.50212
54.00395
21.147564
84.16527
188.13538
117.64122
120.47832
35.69685
44.681473
50.802376
118.468445
124.6005
44.189022
34.677048
111.71944
271.49323
49.811577
150.50261
75.436066
99.77077
185.86154
40.218235
89.708015
278.93085
292.25543
229.48965
173.00082
338.25836
199.1807
63.82013
118.81006
245.08655
111.132835
277.0135
290.2178
62.576347
86.265366
44.04842
52.692493
66.18602
107.770645
3.4990265
25.586802
4.784419
46.115147
149.72775
311.9013
53.43463
34.49938
34.34905
121.531944
28.303549
21.179546
55.984344
132.59015
85.85138
80.64502
116.05357
84.14199
133.507
72.23258
66.432816
194.10109
125.05837
115.63208
82.84978
124.482056
41.757534
79.06378
198.11403
185.53099
204.51204
126.18644
47.19735
130.57884
88.39522
150.43796
87.652855
10.5793295
198.40768
306.91995
156.48463
83.129326
87.60345
161.97708
133.9556
222.12859
160.59666
245.47188
320.4595
91.07359
111.02676
288.12537
139.65535
181.32457
79.718575
59.972595
99.97764
95.86614
195.6842
154.98361
195.09077
16.70265
59.61971
205.90543
50.462708
142.59116
192.32892
168.03893
44.792294
67.89793
38.533615
191.14847
52.965065
110.72658
165.60255
153.24248
131.79158
78.03391
93.71081
207.44678
239.73865
182.46239
223.53964
7.238925
233.0411
121.80154
129.0242
92.47102
134.91045
123.63249
68.48164
71.65714
39.443794
40.83466
71.42983
122.46712
174.12027
66.244064
133.59752
313.5097
332.23398
118.8091
119.421524
265.38815
26.173834
149.58975
45.87411
129.80678
136.60469
180.55351
241.98471
322.0355
211.12051
133.23923
68.9052
34.53157
44.176777
99.218376
99.46488
108.397316
76.192726
109.59377
131.81335
62.95347
42.982796
153.03401
78.29635
76.82463
65.68278
69.125885
74.2424
165.9923
91.79278
99.189575
166.72318
134.75888
57.0978
106.951805
113.1357
77.35836
75.5953
97.01972
105.216515
84.12735
104.46444
156.08209
184.73264
194.16176
170.08423
291.63538
276.56842
266.85193
72.746025
279.54407
241.79
161.71603
180.17494
119.80107
49.246925
157.4845
149.83267
104.51024
20.672985
103.73663
118.31323
100.37078
82.4644
26.381887
48.167603
43.12484
42.195168
43.544086
30.944988
74.75052
199.10312
189.10983
75.31374
74.706985
126.80072
99.07203
35.36596
86.57713
99.39945
164.20415
139.7957
201.23988
220.83786
203.23071
40.7458
180.24997
42.697216
101.78275
82.67248
95.36295
82.55959
98.477165
4.3878317
54.85974
50.274044
90.120895
128.82417
176.76828
71.17486
52.38601
122.004845
172.51663
95.75816
84.96473
43.855247
124.0453
1.6841204
34.3571
52.596413
241.39754
160.90295
168.4328
68.21211
185.07144
79.551155
76.400246
9.9460535
0.63225275
49.828514
154.92618
81.80052
43.209526
59.005207
148.24619
138.23395
142.64665
92.64659
143.81955
98.62206
64.04418
60.637024
226.53333
141.63213
118.9149
99.948006
15.989862
51.293938
125.34226
58.719067
143.30873
45.04751
100.76739
77.31343
39.568535
200.58311
210.81088
101.46901
160.7557
128.62852
133.3333
114.3687
90.44925
154.8361
76.83837
120.56738
92.80427
92.7901
148.34671
141.31186
187.76663
253.3149
117.28713
190.04404
44.21745
67.53717
35.848415
261.3418
84.138885
150.45963
44.52088
121.27211
80.06645
159.4909
35.795803
145.26596
132.84912
75.06808
126.60364
88.47599
82.1246
35.942772
11.533502
54.647552
46.60337
144.96768
252.1491
251.88034
179.35655
220.63803
301.66397
146.05238
162.76701
262.85623
34.13261
70.02348
96.073746
112.43013
188.99971
42.9936
129.6471
68.98983
41.926327
107.92377
108.561134
242.73962
42.09312
55.126842
66.66017
17.009254
22.40095
113.81154
7.4501853
81.04506
32.815594
13.4492235
105.43889
158.70688
72.08583
93.724945
53.770336
94.61292
250.95691
73.23826
132.66037
190.91501
224.9584
89.36029
134.67458
93.02037
152.53265
152.78482
150.98715
105.69352
73.51085
137.88072
40.31536
140.42741
86.26488
130.77194
84.54544
132.52094
173.74458
90.74878
164.3276
114.45463
98.56126
2.4457393
52.028748
74.152115
132.52374
137.04362
154.75865
132.79591
132.41565
87.60324
36.874153
215.57405
183.22253
161.71573
160.59964
59.821453
41.707836
78.608864
86.534225
53.826294
135.53983
130.85512
1.3825412
78.16828
63.33834
218.60457
189.73776
197.37491
212.1486
128.16771
258.1606
110.83673
330.5052
50.66623
103.50629
113.99599
160.72073
122.37602
132.17918
89.95046
17.602364
18.01633
93.872505
46.827553
152.31483
85.09888
15.28703
58.755146
83.13544
200.30585
37.86958
111.012634
115.015114
74.11908
113.5
123.56516
91.22778
124.408875
77.38871
59.06709
49.480553
189.72835
52.02464
53.79194
75.171104
62.485207
133.43613
61.997993
89.4127
95.32066
135.18054
74.64708
43.598648
48.984547
69.05496
122.78689
81.289696
155.49391
77.98961
49.560944
102.19308
144.09813
123.2927
91.01601
172.01323
45.13408
50.602993
8.083772
13.433148
108.25035
41.255123
37.928272
227.6865
79.85233
118.51286
153.2102
35.533363
0.76000893
0.49798077
79.82395
103.27144
57.99717
131.54033
143.399
113.800575
133.89552
62.526222
141.32864
144.71512
50.884705
123.41557
67.847855
26.082928
76.41837
68.454994
135.20724
96.89043
62.639397
10.704921
43.65592
76.49759
105.90074
136.36514
175.24486
267.1186
223.23723
243.93411
257.63174
66.59215
38.97448
0.48768616
47.842064
58.038597
195.1854
194.11821
187.17953
52.530445
158.96725
10.461705
76.11786
154.88924
156.06296
92.79238
411.59702
68.75956
85.041046
9.884158
58.532787
98.3571
109.38139
133.1149
91.44139
46.882908
43.270466
137.39658
108.6284
49.57118
33.782524
51.53125
197.28831
52.75526
74.76433
122.571655
66.764
36.43618
1.4841664
52.15984
140.98203
43.44923
248.0953
85.09395
267.21918
61.077435
266.9829
143.6866
198.10805
200.94615
44.01307
47.372444
83.362915
13.9074955
56.24948
18.384853
85.05773
140.69572
13.218097
156.90982
4.0488467
5.510259
36.890343
108.00151
66.57359
42.93629
72.442154
11.517221
51.277203
124.219055
182.17711
79.81084
47.398155
182.95335
45.39158
45.787605
197.78383
166.12549
159.41203
79.56698
78.78755
73.640976
87.73096
143.55931
72.78569
41.250626
73.91038
84.49841
81.18208
56.38329
112.88167
46.17791
84.967995
59.7472
65.483986
175.37505
178.50803
140.00671
173.87975
230.10129
214.538
81.20204
76.959816
111.00674
189.84921
125.12317
147.25629
88.92139
43.529293
82.79443
78.38173
261.41818
102.32101
150.94965
97.14351
61.58257
7.077545
81.27152
70.5933
230.44011
195.54619
91.71623
111.44198
165.7249
104.5197
88.64452
71.42082
184.92299
152.32413
274.31528
235.29214
259.8528
10.830344
45.49495
75.04646
85.935135
43.240067
116.8267
348.05682
244.70847
182.01793
38.251404
38.62249
33.878117
121.15898
78.536125
120.986755
87.059494
66.17189
42.724922
68.92833
90.61754
43.619465
42.653893
6.3104224
146.35391
94.549835
51.164745
159.72739
81.363266
84.344284
34.719044
116.8373
36.419533
5.74
147.43666
249.96146
225.14583
102.228836
138.02986
110.65232
85.286385
40.775215
53.83845
149.9133
49.497353
268.77173
398.6882
256.70294
155.26996
74.22055
73.09701
67.50812
52.940907
0.5461775
79.82539
118.17961
85.30366
92.61733
109.77605
91.75154
49.472282
117.53218
152.40865
40.547485
26.963846
101.71074
84.243744
116.43752
80.76337
63.14558
65.52215
67.25719
66.17675
230.77803
92.31539
162.78098
100.73249
111.225
127.121666
74.046005
0.5258226
172.1646
104.44448
115.24402
86.36467
71.30892
68.904045
44.745026
68.59434
155.47562
183.88522
72.08489
116.67198
40.970295
146.31296
41.590046
91.83818
125.647194
98.314156
131.22675
47.175526
135.77328
158.73819
36.468636
34.70374
108.147644
114.15765
50.039696
134.61728
82.175804
50.284256
70.27728
98.44211
151.13034
106.473434
285.6484
157.06808
36.58756
94.708046
111.25918
102.13985
73.969406
50.518288
77.36635
83.00335
211.49463
296.0581
49.443066
170.6933
54.85911
4.530494
74.61587
103.40531
75.241165
73.80146
165.9373
85.17203
100.95133
118.92765
151.97769
79.54049
33.051952
183.20277
43.10162
129.036
167.3302
87.91875
42.55082
126.920364
86.39645
102.32162
75.9522
146.7212
39.73022
108.83506
75.44698
68.67119
105.578514
76.09065
193.64563
74.2508
10.42443
56.08999
156.74037
85.28404
139.15553
47.293644
45.97488
44.810165
11.635762
67.73624
116.327576
1.3091581
292.25684
491.7436
153.49364
77.476364
35.28683
82.47625
93.19688
136.74814
60.84854
83.89058
52.672264
106.21505
211.42061
163.11615
60.82545
57.549126
50.45759
276.3081
45.375923
60.567017
92.74394
4.9957514
52.769836
123.783104
59.34857
49.7104
205.64392
261.4903
114.845825
352.4217
218.21858
110.41014
88.28296
79.64617
45.439926
93.069016
55.54917
107.18618
99.84559
87.73045
87.44722
33.975704
235.81015
175.34192
153.49174
182.66235
123.1499
137.18661
161.28159
120.769775
89.186035
75.94703
292.5323
172.84454
186.0259
64.69939
69.14612
129.7819
150.47224
92.81682
92.19799
127.57625
143.90967
11.218438
46.09315
66.32391
109.792175
180.74646
74.08823
188.83382
327.74115
72.33148
56.16759
60.696724
54.299267
86.672
51.88103
152.74854
39.78948
33.036358
106.83104
143.15659
159.2489
54.51356
136.45476
95.98741
90.431526
70.70947
109.69265
73.69544
165.93143
2.7991803
163.47792
168.14587
117.36589
75.17329
75.633736
108.532166
32.40708
112.92145
183.11731
84.70921
357.22806
19.54779
119.34652
74.13753
122.71999
290.73468
0.37754
3.196406
70.70931
75.44105
147.14172
105.17515
104.64107
64.86272
127.12132
209.63579
113.71974
3.7364113
144.93808
3.8708224
75.8911
66.35427
76.87746
39.392735
35.025784
139.45413
49.904778
116.80235
137.07622
97.179665
49.998497
82.22776
117.5201
41.56966
34.023895
27.75231
194.32608
68.56788
46.771217
13.267069
67.79514
86.9868
65.80351
86.53581
126.287964
43.602066
71.17351
106.705
1.4288543
85.98569
36.4204
127.308945
67.098175
128.4473
43.299526
142.45619
125.88274
79.46851
117.3821
54.44953
63.41175
83.185905
90.99524
84.23213
120.63495
34.957996
6.664608
85.616
100.94686
25.721624
6.724765
1.7597233
11.275942
1.0980878
51.904102
77.03478
138.88809
26.537222
1.0391748
79.81095
74.06004
251.41006
73.9982
13.15283
46.244568
107.544655
0.35134745
81.60507
69.68269
67.15288
133.45987
4.087191
117.73319
92.902245
92.15903
107.39496
117.00295
95.55608
112.12013
44.915443
31.815899
38.12805
99.81117
33.970512
142.55392
72.75368
12.858378
2.772554
98.692345
109.72064
92.15335
94.8819
72.849396
110.14198
167.22662
74.63896
127.330505
145.82823
109.01672
108.09895
124.837074
207.08267
233.72234
35.108963
73.51516
60.228424
114.51383
172.93423
284.72958
85.84526
36.74061
73.73534
35.53846
42.74122
102.85691
43.77147
14.215877
172.04819
284.1513
134.34624
82.89098
170.13857
159.22581
105.64547
11.02422
40.419346
94.09361
1.1476595
0.73358536
4.1833987
83.249985
51.417305
49.197247
91.57367
238.05766
163.32109
62.830475
40.37016
76.98576
59.797443
128.38438
82.95628
161.85422
94.546524
90.72261
43.712376
76.42024
80.64751
158.91809
155.51701
279.10858
169.31435
80.49479
196.71439
84.00523
111.61532
43.765194
118.472946
118.64003
58.863506
42.839867
59.49938
58.065697
133.77054
145.16779
83.32704
84.531105
41.9594
230.62143
49.918594
105.762245
38.753586
65.94523
55.785595
12.345316
64.87392
86.93926
102.9998
103.92674
110.707016
54.312218
82.90579
91.744644
59.183147
108.128746
82.43724
114.249794
154.87543
116.229996
166.68536
173.41498
127.631836
181.30476
214.60703
207.40308
221.62483
261.09076
187.38016
131.58354
154.47751
239.79231
167.12325
576.18054
41.215324
45.740837
43.273327
109.70779
108.761086
135.21217
49.639988
256.6596
91.653465
82.596275
45.73609
51.91551
171.65405
117.69651
207.52258
34.252453
81.00075
51.022026
91.46362
3.4889627
39.36263
77.651436
109.34878
78.58093
69.928406
26.261578
100.20277
119.65104
53.611
213.93384
277.91754
222.43352
55.800854
32.20509
47.396126
71.40426
34.50958
84.26644
140.57315
48.684883
73.7717
124.81465
182.16592
132.52332
112.897446
96.47397
80.56581
89.75215
3.2127748
80.29056
12.028372
83.28346
175.42758
63.668854
89.486786
49.04967
104.221924
146.56346
18.367304
52.63042
17.773916
82.387405
38.61113
32.16354
129.89551
125.04301
35.646915
10.531642
54.97517
42.74409
35.661037
110.452415
175.76108
128.05263
108.89998
0.3905463
13.081632
77.71015
145.78334
156.66313
271.90262
102.85918
218.53181
270.61398
80.49303
226.64595
67.35055
83.88111
2.2546053
51.291267
3.428653
128.74232
67.643585
38.639652
3.3554885
22.659931
13.250479
121.48656
114.1082
168.97014
87.95482
206.36186
137.72751
5.1767445
3.5128913
197.2875
109.765976
62.135883
125.0222
118.081764
41.96521
54.39204
79.16758
16.310396
94.71489
68.78559
172.41818
40.058517
37.09496
111.0813
76.280045
88.27631
81.43576
92.05097
120.22207
198.49576
0.5964031
86.444595
74.40083
92.85211
99.37273
42.88365
85.41813
196.24959
106.839745
69.11049
52.895294
51.512672
148.73311
196.80836
372.0634
123.07436
74.207756
73.53371
66.38632
113.21155
156.65776
194.12216
118.426125
10.17969
198.07095
165.30899
114.67865
4.144271
14.487088
62.408424
52.203785
183.86285
120.3822
93.87529
46.969383
117.82497
75.5703
75.946976
72.615425
78.702866
61.952087
107.388695
130.93002
34.156143
121.42865
12.8968935
213.01236
209.98569
224.01782
191.91365
122.41618
95.66029
106.518776
73.54874
74.651245
108.90133
127.26909
98.62722
115.265236
276.2622
51.793934
182.35716
31.35051
91.551216
42.977814
38.223793
77.78722
27.82221
66.89873
196.7229
34.50102
58.31875
59.061882
134.64279
81.67807
148.16797
64.00985
21.336695
40.48456
99.61389
149.16852
89.95173
13.693834
93.45527
73.04726
84.49541
147.01974
106.25267
47.872364
130.18188
34.171165
122.67361
72.2696
165.18687
112.876686
40.551247
104.76829
88.24288
63.467567
165.08508
195.77092
236.74222
94.522934
41.047676
3.372377
41.678284
35.97759
10.60467
125.75327
105.90047
95.56732
215.71233
47.838512
148.11673
92.79462
92.621895
96.592255
90.91383
36.613228
53.044716
173.14836
123.42629
6.591114
80.874115
32.358543
43.268726
83.67385
35.212856
44.790634
66.991844
4.552712
11.70876
40.390778
55.685814
186.18887
43.591682
109.21023
41.840874
116.7173
111.94627
82.50444
287.01993
119.30377
116.844444
147.38945
97.59902
124.19562
63.381054
101.48164
122.31712
90.04933
77.09438
49.795895
153.16226
43.218742
76.046036
156.98853
96.85965
52.94804
84.41713
191.70938
72.77507
134.67828
131.35443
196.88922
281.06647
60.415894
159.2989
64.80434
42.39813
36.243664
199.28659
276.37018
308.38608
186.13506
275.75797
190.61795
159.66145
76.91475
134.38539
118.67546
124.27075
47.718025
199.22952
117.62777
44.132847
52.16947
95.74669
120.17444
44.820736
43.288593
51.697594
108.10801
9.968446
131.51822
118.88362
91.29439
125.73218
95.38378
196.8093
305.18427
187.43307
184.58571
115.52409
267.05362
48.190178
10.313532
69.05532
191.93483
203.91159
54.330303
40.041603
73.84019
83.49232
113.59977
81.97329
103.8936
115.49632
214.68442
97.662735
162.7274
65.32221
123.056984
44.537918
73.5078
78.87099
76.62229
0.9990042
0.6894599
90.2697
80.06214
88.501045
148.36255
82.34917
45.405254
35.709824
142.10483
98.156
204.0632
300.0876
97.73251
5.6320553
50.795837
238.32535
75.41609
157.14865
195.45601
122.634384
98.092514
143.60213
122.64127
131.69075
125.23794
84.05585
58.606285
140.7556
91.74871
95.23844
78.10574
15.277023
24.784657
68.02983
146.26332
107.29576
50.614902
39.121468
137.92589
123.0836
82.15737
95.452774
138.49207
42.423794
43.21421
101.59879
157.45923
46.507404
111.82269
94.20463
112.95784
1.4129782
55.886497
131.65219
49.230976
169.63126
120.965065
49.652927
107.82477
95.85966
66.500534
72.63061
202.6016
127.277145
126.03198
66.422874
163.52364
50.067913
106.32478
213.04251
247.35869
175.84383
242.62769
191.86455
222.69295
190.3631
172.23799
164.22069
142.2955
136.37021
1.1193478
46.482212
104.095604
94.42416
70.16417
35.38698
225.42288
60.200737
115.34579
77.49556
42.806187
33.822765
79.33594
3.563382
7.0499306
20.569712
65.52733
22.557396
15.107158
59.814636
220.99031
127.06474
129.68779
101.88512
212.02652
96.792366
126.5011
209.40048
207.0073
137.98883
137.33737
294.52054
155.35345
95.077034
272.3061
208.56047
131.89296
94.544586
65.19863
111.68369
7.3974457
72.737816
127.911644
305.05118
123.860214
91.909
153.47925
78.40305
94.912766
90.32048
64.86229
86.24485
106.39337
111.9821
41.039333
40.94864
143.37292
4.097462
89.084755
83.000656
70.390755
98.51979
131.81798
81.46349
115.20683
2.318343
117.49982
46.33288
132.08263
187.68091
127.62114
225.34131
95.535515
93.217575
212.22453
93.55264
54.746754
87.795975
146.80606
93.25277
39.135605
246.14188
19.782904
1.6487465
111.72925
75.79527
78.07903
89.13133
90.40478
50.220192
52.371246
84.68004
118.76341
73.64409
215.88591
188.44116
263.65765
187.38272
53.05139
117.04114
100.70939
295.88922
158.70827
3.7456806
41.786377
37.604958
109.23389
54.92752
149.82854
123.07851
131.8154
10.765905
29.100794
34.672768
107.10759
34.491875
106.72859
106.25212
46.090076
83.84654
86.56268
119.50804
169.976
173.07974
50.665035
61.137596
22.748629
76.65528
169.98154
61.846497
71.30623
281.59012
126.01477
172.63846
6.908572
92.83078
41.128212
82.84585
120.23712
154.96002
215.14966
125.76143
119.440384
77.08894
37.77228
80.08041
123.32461
115.95872
81.77903
62.2643
128.26146
57.104256
31.707317
159.80925
142.34755
96.256454
265.91183
155.13246
115.548294
88.60248
0.86906433
3.6068606
151.44652
134.70297
145.98032
138.65747
131.48978
113.95024
36.33187
103.2345
90.44394
113.20994
105.37618
60.735363
76.7806
100.295395
42.52523
146.5588
117.53163
112.88652
50.274055
46.236443
129.74794
47.67953
160.55891
130.50961
162.88411
89.589615
147.1703
44.140083
52.005993
41.30076
117.6546
171.56168
174.99722
108.3499
143.67839
253.52779
47.707172
64.061646
89.71043
1.7206137
49.885796
108.08275
22.60919
41.980293
49.689495
2.7656343
52.201862
104.25984
199.38394
186.61154
166.75012
69.264206
101.0084
84.8814
78.25549
114.49288
120.816605
74.25428
102.67023
120.76266
52.48454
131.6172
39.51443
48.25404
46.63836
115.494606
99.21342
43.673985
36.477917
50.47378
148.1859
196.16359
186.402
161.97182
165.23973
167.44284
40.051926
166.86438
12.812849
78.07402
196.38351
179.10219
22.579
48.922215
69.95599
63.258137
73.266655
42.56034
151.25081
170.51257
82.559555
101.93562
75.15114
49.566505
80.80015
128.75789
131.17535
41.26224
41.267426
138.94742
89.53689
189.33995
186.56964
182.94579
76.35579
203.91347
137.37018
66.67421
85.08035
114.362564
114.715294
316.4142
101.896194
105.43469
251.8759
159.44257
234.10432
123.3568
51.593224
144.99803
323.2543
296.39426
84.036606
86.008965
55.20819
76.698784
79.84944
19.67503
53.534454
197.1401
143.73605
75.06281
79.484375
39.843365
133.27467
60.380077
203.08516
90.44863
73.62666
52.91211
186.93796
128.78687
205.25618
85.77095
75.583336
109.087296
78.89078
13.270884
105.4515
126.161255
92.82857
106.03011
42.453182
19.088362
191.08563
150.11856
125.92815
211.08809
71.507774
44.23037
2.873837
110.86894
100.63622
43.082603
178.9028
47.040905
119.16654
201.03258
151.8085
10.438358
10.565539
67.88911
10.724373
56.00312
33.37951
108.70101
115.62734
41.23191
89.503105
120.46362
60.92686
129.06229
101.21856
149.50095
163.85036
138.80136
92.07402
158.11887
23.560238
103.247765
109.15291
177.06021
116.49834
122.364685
122.12644
85.01776
90.34316
57.90877
64.52621
140.09842
100.46781
151.07915
114.00163
117.70731
117.1155
20.70773
110.26955
132.83449
132.42789
117.571205
124.43038
29.211384
76.40728
137.86543
65.761986
177.17001
78.92988
72.86047
91.96866
97.54286
97.971085
151.9808
74.70579
107.64604
118.06211
329.52554
71.61766
217.8276
72.72857
61.48116
33.729683
13.3650055
82.73797
62.766815
21.798216
2.6687715
76.40718
42.84542
65.82822
50.05613
250.6501
50.8466
119.55105
206.32178
1.0224595
50.5673
105.67422
56.102753
256.45135
34.48017
53.2003
112.625
116.72737
116.1818
43.192783
64.714
62.890736
200.62712
154.62955
152.82431
139.43958
51.54729
132.31926
11.516509
78.682724
129.0728
86.818886
277.39154
35.093246
158.75941
118.6001
83.84386
267.4333
196.62888
213.69304
109.721214
118.54726
132.40143
81.43863
108.29598
141.35995
148.6756
135.19644
159.68834
194.74553
81.49176
141.59195
65.763794
159.30101
129.23247
248.31287
156.06564
187.81702
33.171684
123.72742
105.45858
94.69167
108.612686
136.51279
86.815186
86.95766
87.784164
207.87175
107.89614
54.40335
65.443146
78.4514
96.15433
184.13539
2.2578263
48.426884
30.326351
102.40935
83.47373
154.7001
102.74896
128.824
119.91148
174.37076
149.19658
132.2185
81.79822
152.62527
122.13725
66.28196
173.9222
193.8475
198.40799
124.21777
55.562054
120.92186
43.025547
37.108658
11.928851
99.80416
104.91472
162.50009
269.32364
54.403656
288.1181
249.35764
44.012966
133.28127
73.7288
95.280815
48.478123
43.34056
40.918533
85.70794
73.61969
43.58666
10.985735
60.348743
33.687447
179.79669
159.13452
157.32036
108.40758
67.322334
0.29520068
76.75567
128.15373
143.06082
47.09142
169.86656
347.81494
176.01315
202.00436
42.045456
82.7949
53.897278
42.179085
36.231606
44.44379
144.59671
11.404417
73.51077
33.883644
84.94138
144.82828
150.21321
99.83053
215.01062
17.543848
165.25407
90.3865
284.51508
240.58809
114.46283
107.28043
49.725437
123.52748
99.42363
50.123817
83.72307
70.7971
75.86304
10.703931
21.648193
11.3494835
34.527924
144.56052
33.220413
53.39384
187.73315
256.19974
69.65405
137.49072
183.94519
121.66685
139.24944
65.84993
168.84814
99.46673
117.1335
50.595146
72.89695
161.3591
80.471924
9.401742
101.88524
179.33733
59.606953
212.24258
250.58554
139.01846
68.67627
145.63039
44.232994
67.303345
234.41003
11.684851
9.590818
88.26607
43.791645
106.337364
115.222595
40.31304
84.44867
42.381516
116.30176
64.6594
54.119007
135.65091
59.861656
52.40265
133.40933
73.75807
123.45183
192.54182
177.67621
99.971016
107.78982
231.0137
229.7019
142.80215
150.42302
226.51302
122.938416
148.08147
118.87771
110.40314
41.22326
120.25999
163.68561
76.47225
146.29257
11.799549
160.25903
95.77069
33.56315
127.79158
68.87999
83.07387
37.08326
113.12627
2.6640122
3.0790124
70.536385
51.17616
97.95973
115.58307
128.99243
212.31473
47.22116
179.17786
195.1672
44.406944
23.150736
54.841877
62.904797
109.735245
113.45689
49.445293
89.53373
131.89583
127.399124
185.7691
200.40976
215.1294
62.648964
126.41852
87.90889
327.09424
266.74188
238.17386
239.47702
94.753494
49.567856
64.79663
275.5526
246.03702
235.79362
159.41214
144.4248
159.14886
163.2778
45.455685
54.41043
39.456123
170.24915
115.88729
93.31756
132.19292
75.93377
54.592846
24.758417
65.62589
178.348
43.11091
171.08823
39.91662
171.08597
60.2995
104.09532
118.612915
126.632065
57.214954
149.99605
43.489937
75.57337
91.65255
147.35033
127.70964
82.75325
146.01007
20.168728
136.38261
133.50201
211.84326
36.23223
75.06655
28.56311
78.07206
10.138175
77.00824
37.585762
151.91695
49.55332
163.03636
8.883875
95.219124
107.5616
43.31652
61.460518
154.31879
33.91425
111.71167
234.1377
115.91693
19.558094
386.23975
19.958086
128.65735
123.67112
116.61924
159.31644
83.35676
0.33448735
38.49165
39.405014
84.847885
108.410866
114.53365
125.10297
121.468994
126.21399
78.85722
50.32305
93.05849
107.643906
33.680183
53.9398
50.7304
40.9395
83.05675
113.55277
162.11484
78.24728
148.86153
149.2054
186.9175
203.84497
219.25757
219.02927
124.758446
158.9642
241.85042
73.580826
160.53104
43.773277
109.98628
159.07126
41.59351
0.425982
74.70462
52.128326
151.11241
193.66006
40.167156
139.6892
65.056625
76.6062
53.6959
116.76134
39.953957
92.27689
116.71682
222.34546
263.9776
148.8798
163.68895
168.48279
2.2009146
79.10825
3.5066257
82.63806
84.83551
40.647194
11.058188
181.25365
70.66832
152.75533
111.14613
115.793076
55.854515
53.43415
42.739304
101.36751
231.64395
3.6176522
3.2758794
67.84065
111.59166
44.411873
85.98241
98.79338
103.30864
86.74498
67.11637
68.244156
190.55054
165.58752
1.0684043
75.655235
99.902985
76.20445
43.148308
57.45873
131.70634
123.284836
20.813229
128.73662
104.71776
212.76285
262.30804
159.95349
42.41387
87.55723
43.724995
38.725082
77.125244
236.35612
111.059326
135.00464
113.44029
76.76869
18.347237
76.28718
34.054054
12.002601
53.72868
33.55297
148.78067
160.31859
269.4456
104.44789
94.988235
19.008398
73.02193
45.554226
11.364794
85.179886
83.634384
140.62549
50.995888
132.35258
110.06478
106.02415
109.96278
39.792206
55.789513
10.195921
36.5547
76.09713
83.217415
41.618706
81.68105
163.75687
128.51933
159.92073
190.51054
59.2716
7.900546
42.287006
353.80347
195.04953
125.84019
231.61313
33.557144
107.02993
63.562695
117.15641
137.81065
123.417336
105.752884
56.854805
9.241724
24.629757
97.13016
80.144424
67.119286
86.234116
50.016956
76.50508
124.86967
61.709248
134.64684
145.72543
99.977554
237.65076
254.856
107.10321
51.711945
94.3589
138.89386
101.42019
55.23833
99.1907
46.220425
251.84334
60.866608
86.91377
66.80969
33.856293
49.240616
116.1038
253.87854
126.624794
83.8535
83.71843
82.88307
121.91052
47.13125
137.15884
143.04851
129.98003
121.57579
134.3881
184.11092
87.627975
93.60488
217.85294
78.744
134.7269
77.035194
139.42542
128.4556
116.47432
68.666336
125.70597
42.00554
2.4747741
101.88623
0.2843364
10.637655
119.651695
81.33806
113.71394
157.95451
117.899475
98.02373
81.71929
75.88964
83.37607
40.946655
143.21617
72.4275
98.775795
128.75208
139.87302
36.88445
114.090805
83.647194
72.11863
262.4816
150.41318
39.34891
6.27894
37.314434
67.23605
43.601208
76.45236
91.77544
147.41339
116.353745
161.97737
71.348305
199.34882
54.12674
128.83667
89.35261
204.77551
61.708015
139.2231
27.452215
20.697208
49.47251
123.37899
88.27869
266.6441
116.523705
122.35836
60.262077
139.70158
156.31242
99.04165
43.182194
0.3827227
110.23808
61.142822
116.23356
165.89395
62.77102
50.26694
6.53284
43.511818
114.56584
119.01878
90.41173
122.42918
9.949811
62.906322
91.1485
96.2949
25.53946
24.2972
52.151325
9.321856
222.45312
4.041255
115.853836
36.65473
119.95101
111.21178
83.352104
5.5702124
36.717182
72.92893
144.56299
125.91038
69.23435
91.324234
179.55539
41.25567
165.79672
114.44603
86.05466
109.03351
75.62984
38.92321
120.4482
190.32854
127.62756
56.437183
0.5828974
5.7931514
5.9318495
42.699753
72.89778
215.1541
189.94077
210.54903
259.11017
284.9267
113.97835
51.772022
223.65596
148.49355
228.57495
153.03073
71.63621
35.004234
35.650093
133.14389
151.70778
10.867823
19.192226
52.605854
259.87213
124.07039
165.18222
181.42076
34.734367
34.538147
190.72977
102.62361
50.97179
70.42239
55.230103
155.50748
69.69863
92.76249
10.768429
58.87726
161.16078
156.77835
44.3266
76.418846
1.1317413
1.2214513
83.02016
65.906265
90.34474
42.536934
126.76609
44.0779
75.897964
3.5768287
38.765038
65.38697
139.69142
93.31481
63.869286
72.834984
260.2355
182.03705
162.68411
182.86487
107.84712
148.73898
90.99431
120.95054
124.68169
71.74467
46.28699
135.2693
46.359306
151.29767
83.50325
78.27505
84.66082
100.97663
164.86334
122.846054
93.04273
87.24042
63.22508
47.01948
187.30197
107.318886
1.0707428
10.06896
59.649323
91.683044
11.04777
72.816635
98.292854
52.56759
118.509056
235.18631
263.30728
212.9801
250.83003
179.71307
286.0141
167.23114
183.24022
156.35933
173.66159
171.28117
194.54836
194.40042
191.45833
127.02698
166.22461
84.52908
178.93282
197.43457
141.41248
121.91841
168.56703
148.788
157.67886
211.67032
91.426796
229.84917
81.29854
107.004654
53.228943
53.4578
102.29562
109.03819
159.89925
71.70373
109.14143
85.543976
43.47721
302.43353
69.978615
115.667885
265.81305
255.24136
213.51892
83.35707
172.83792
48.315193
144.86241
41.26725
49.456284
32.564003
109.51627
122.82731
140.96753
37.2262
9.462889
43.255226
40.637363
147.15375
109.79765
153.13235
73.1719
94.13344
321.81458
244.57065
117.60895
134.55263
241.82108
85.21211
73.49254
170.08994
73.614456
143.6952
84.488144
39.382774
10.832281
92.24742
15.175604
112.68866
156.96973
42.904682
220.87418
93.64811
10.153077
65.24208
2.068581
93.99513
20.431568
57.61195
85.26868
155.98856
158.53569
146.45705
171.50278
89.93007
42.250195
59.325165
166.91106
107.043434
289.7216
210.43033
310.5923
315.8915
232.96567
241.9937
128.77888
74.87167
120.47325
59.173656
244.64949
127.87047
222.21037
101.35547
124.89357
149.6279
105.80373
74.52203
66.20102
19.08015
150.59816
124.08183
92.68919
65.956085
78.865875
190.2252
92.64959
84.14033
32.834133
130.4128
44.327526
142.08559
59.06192
131.50827
122.81692
177.23698
91.573715
78.547806
148.62857
10.673542
18.433912
107.91632
106.33433
74.150986
173.86128
192.56711
131.69534
182.6384
273.38132
200.56409
112.585655
48.05262
81.99087
126.17012
143.7472
134.81694
139.09543
97.20194
59.025623
52.93404
155.9362
50.984993
215.85367
105.51753
106.88103
155.2073
200.58888
65.17712
18.732304
315.4692
77.029785
96.261345
196.92908
48.315624
0.90750134
43.557194
410.96832
72.86232
9.674479
58.01189
333.33136
154.95442
237.44458
45.573105
120.43888
147.54286
211.67346
83.35443
140.69044
95.053116
117.55754
52.301167
248.04716
69.49054
157.9417
99.05348
121.89618
53.265984
36.57033
153.11284
67.26644
41.195614
42.085426
75.978714
36.371864
126.47772
89.770905
58.316315
41.959373
85.16569
75.07563
88.159164
76.63249
70.988754
165.16885
187.32913
121.108505
87.0275
102.68186
123.347496
116.87435
211.87466
166.61856
35.544315
4.8781796
111.10835
146.91722
261.31873
184.45682
253.20967
150.52954
88.55035
150.73279
125.095055
45.298107
106.096214
57.3019
142.32466
245.64583
126.60848
98.566696
161.94986
84.64354
138.6903
9.977882
19.433275
45.58601
91.01845
78.793915
60.673042
75.940575
103.30928
135.90411
150.77054
129.30075
101.569725
193.70595
250.71475
231.5938
265.26727
227.28195
186.95053
188.35947
184.7185
130.37651
76.736595
237.24556
116.711365
87.73828
45.032948
45.89823
150.37688
119.52223
77.90712
122.78725
165.79935
60.782654
89.1624
87.349335
62.229195
205.4985
123.23179
43.405033
84.97446
170.47775
104.964294
238.87497
233.95015
131.73544
52.152428
130.21077
84.88051
50.46544
66.7043
161.51929
104.41701
127.19454
54.349884
0.56787497
86.52609
224.96228
58.71441
77.30326
51.61001
275.84674
208.95212
242.92302
179.36055
67.48891
88.33738
147.27731
260.30536
231.32585
85.51271
160.53867
98.93669
108.0082
83.46109
165.40836
130.02884
115.838524
81.804886
169.19122
76.72642
168.08517
207.63272
262.75903
253.81918
102.53169
80.96815
37.72213
129.33018
49.137566
84.579445
98.885635
43.627586
182.88269
109.21826
78.04367
148.80482
108.59099
35.364754
61.299927
115.342285
43.970695
73.96626
86.53346
207.67587
52.315613
82.184494
52.536
265.8469
196.25122
289.7882
77.91068
11.231512
114.36754
38.6258
18.332333
80.21851
78.305374
94.0157
4.5538187
55.971153
149.3197
218.00423
224.9302
161.64694
90.80989
135.70647
58.679058
98.71846
146.08215
152.97563
288.6674
225.38567
76.5256
98.03762
156.73825
120.00743
93.80763
109.10154
33.79869
32.154747
55.04463
73.61704
126.02982
99.55206
15.74865
117.72306
21.93335
64.84778
42.6844
46.217556
105.40389
97.494545
83.24461
107.89531
77.76455
291.9427
219.12125
212.93347
107.56035
118.054955
119.49461
157.38724
260.28735
106.58191
36.81173
34.39555
43.56185
103.942505
239.86882
78.10166
73.74317
61.60116
108.17472
235.30379
319.56277
88.34259
167.2631
41.18234
120.081314
43.4999
140.85268
62.339684
43.190178
46.57167
25.293072
73.200966
42.0467
199.8707
122.7358
123.476295
48.461067
75.412796
79.26377
36.023594
237.22949
55.68703
11.492094
83.75188
142.30124
96.612045
108.17629
172.12105
95.34961
163.30754
160.98483
96.95591
180.83194
94.43763
107.6712
33.79612
146.26698
93.01488
68.531906
79.45681
108.493225
104.459366
208.54166
182.73509
94.29491
128.57806
111.43166
118.12634
70.54185
45.382576
140.52522
107.29691
95.67227
137.82845
44.36563
97.61127
226.05928
51.794964
62.688255
51.22777
3.1771817
102.011856
80.97216
67.74974
166.34709
173.91808
193.46057
166.6016
150.06758
59.65921
81.0724
43.313747
114.14259
82.789734
13.621854
54.26539
52.481873
66.84044
34.55831
66.25823
56.384167
160.41315
294.83475
106.65114
33.800697
43.713
51.543793
77.92463
128.80542
76.76969
108.428024
83.35285
204.06537
106.04067
49.066597
88.51631
66.53531
75.24071
81.99371
85.57941
74.407
110.58834
126.02495
157.27145
93.53265
130.27982
173.9801
197.05037
96.19485
95.56265
123.071594
179.0726
108.60317
102.40068
178.91563
101.41678
76.830956
1.4745718
158.86424
36.798042
90.09483
48.39646
89.01624
110.208084
84.4906
232.83833
246.7972
226.08044
123.74672
167.37778
75.53984
103.1058
110.57628
79.86708
217.25981
205.36142
281.8269
86.86392
167.57623
169.73564
124.99872
193.31076
238.86319
144.6738
81.176895
0.5530911
80.15492
119.97206
94.22399
136.45728
56.14021
178.86836
112.406784
243.92415
201.54312
126.108475
149.37137
136.5693
151.9157
111.00651
60.62676
160.39513
236.75034
3.2926269
44.623005
175.33841
143.88176
126.04502
79.02782
12.231803
42.83786
145.97148
118.17501
102.0694
238.75237
139.77963
111.4906
231.82425
127.15411
104.07216
51.055588
140.09898
54.365456
126.08456
46.161987
156.70163
84.40518
53.70046
155.07379
108.95717
89.529305
63.091393
184.81325
286.06158
234.84981
83.802284
54.6439
145.71841
26.079586
185.27069
64.29153
97.48028
39.30033
119.55576
92.27178
183.94803
83.4155
75.02496
38.92831
33.790375
175.10648
93.15176
155.00955
88.048195
196.79907
47.108086
161.17313
195.65372
220.71902
96.752945
76.75862
129.48439
130.11722
81.63063
105.63621
98.74852
144.1367
74.684814
78.69466
116.1616
127.70099
167.27382
108.37883
76.99727
149.70332
93.26184
127.46394
85.317665
121.30747
156.53754
74.90711
104.28912
160.95006
64.338066
43.186077
1.0069246
1.0263938
74.77071
76.775986
137.3153
78.01737
92.47639
108.23671
92.90125
64.916
77.645584
156.32054
41.71719
85.08413
60.37278
20.63338
63.335518
101.89667
73.53519
34.53563
76.6913
40.62374
51.183212
143.01944
59.77843
85.844284
94.91881
185.907
157.86673
53.516796
103.88945
137.51741
39.347893
170.98343
96.54478
236.52005
191.25815
9.687063
46.33721
51.555614
88.78054
57.935516
78.01533
73.469604
63.15913
121.22301
21.407345
36.6389
110.45508
45.41079
45.27493
53.990517
151.54637
74.10482
85.61851
317.53012
210.9833
170.04614
39.458218
51.59568
187.90012
16.024632
140.1675
78.99411
121.533264
0.84405786
45.76613
89.28451
180.17612
147.85672
86.2692
90.98454
138.90266
64.40181
20.500454
54.220448
43.64263
45.972935
66.24536
43.066246
18.819294
73.336334
116.43339
28.71666
119.99984
49.673622
113.94685
91.85097
58.523895
60.447212
138.70879
184.22269
118.37252
91.13987
145.478
89.82643
56.942955
161.66891
106.44576
121.58382
408.49384
270.87573
228.51685
297.12595
197.4789
82.987404
54.06422
94.80929
58.2607
79.756485
242.09946
161.01053
72.50844
42.496445
210.81247
44.61561
35.760334
2.4227834
72.243065
164.42667
182.21916
118.12598
92.52052
90.34633
174.88528
172.68402
64.31344
113.62368
84.888794
13.263741
38.700245
34.40546
87.1715
88.10681
72.86428
113.88457
10.1604185
54.785316
44.156715
125.19802
43.61002
147.13454
92.44051
10.176756
11.00267
12.326306
94.41943
59.754993
137.50458
60.23756
70.918785
94.42082
82.43226
110.81938
33.992664
193.03249
81.778244
94.497055
211.25146
45.079628
185.28519
74.03542
81.03606
84.402794
43.129356
159.532
26.101574
89.39647
2.432076
1.2759159
126.85707
106.85469
109.506615
82.001564
107.2054
261.06488
156.06656
50.296764
137.67331
83.32791
49.889744
176.24161
55.676933
112.10358
115.940956
71.21775
120.226524
35.83667
11.81016
71.15653
96.93639
164.74957
99.84955
110.49916
148.85794
180.5123
164.18246
187.01364
250.45515
239.1573
258.4232
219.02771
210.11382
78.9539
114.734375
49.444145
43.891167
117.445114
0.19480485
78.689865
106.24876
85.41351
97.890976
172.69656
9.734256
12.207129
75.227165
79.290146
59.422638
133.03743
39.36958
45.668537
60.708862
108.62053
52.595905
160.90633
14.014938
81.75788
96.2733
108.56173
75.0605
146.35927
78.578064
165.61905
122.25902
44.39689
45.50205
172.92674
161.73967
26.037003
45.679962
2.9448504
31.355618
134.19312
41.232937
188.30351
0.2407349
36.79847
102.75327
130.0211
85.22597
119.8376
80.31251
88.06161
159.39297
79.373726
62.994026
143.79373
257.01056
208.26474
198.36665
164.8328
299.20215
157.02849
215.61479
128.32425
86.75539
120.05747
170.35416
134.8648
95.794655
160.09264
182.46887
123.668655
117.80281
80.864174
73.695
53.2559
221.88626
192.59024
88.017975
39.14648
216.70383
53.31952
86.40109
85.93605
181.0516
128.39569
97.65657
113.19425
116.92488
160.62973
1.1282268
233.2601
280.9005
158.62321
74.072044
166.242
62.176647
62.644875
119.662094
135.35048
69.73558
63.08271
45.32235
88.08787
59.408154
99.99598
78.94973
32.681602
56.059776
282.79907
34.375465
37.83163
52.008106
266.03622
11.744341
161.44305
48.190742
1.3123724
40.914352
46.503414
67.32844
109.6994
54.642822
126.45888
121.12633
85.31694
48.217735
12.072445
126.01829
67.31468
105.11095
147.36378
33.92142
36.2893
134.69281
84.78532
76.216515
52.03114
57.72754
90.14897
54.53031
110.17499
197.17346
166.51524
192.19235
53.362164
71.12741
102.03959
4.7188096
37.04397
84.32033
176.11255
104.27688
73.42738
89.94033
76.14889
163.45926
109.5022
165.06471
113.0437
175.14606
45.580345
113.442825
81.59115
18.593311
89.48993
2.2959647
5.7470956
5.4102736
2.5231097
86.01375
124.861305
126.820694
116.805984
121.74165
152.6417
282.9438
256.3374
129.97006
147.90546
92.050514
111.00919
179.52332
88.09054
126.86339
82.09815
87.53143
89.56039
308.81165
29.542343
11.467033
43.157356
24.265814
52.748024
76.80172
172.45493
52.46543
105.73253
66.956245
35.5174
83.83243
171.03574
168.3464
226.08647
108.66113
111.796814
87.214485
109.91465
73.48918
122.47151
155.12164
84.529655
113.61946
49.561005
88.93995
145.92783
129.4777
170.76837
181.15726
79.63805
48.62766
82.58109
97.22
133.92432
59.661987
67.88107
189.96614
112.51344
78.399704
100.714066
122.1001
149.24629
83.24719
112.9276
112.751755
54.196503
150.48743
128.68962
43.2838
77.45565
49.824856
98.73651
76.831505
53.86421
168.70903
68.12079
305.9428
37.37131
144.13031
64.89678
93.29224
115.240234
125.38257
83.53758
81.61934
99.45396
198.91325
82.050766
53.51238
102.048874
92.29641
69.21662
9.41465
103.46189
246.37314
15.541832
93.92794
66.7374
79.36061
139.1634
170.95676
127.575745
74.898865
11.636892
76.56865
107.572105
41.45318
59.154774
148.26273
57.43213
212.64331
111.908646
127.95387
83.43291
118.075
70.39164
99.22548
63.817993
105.361694
52.32682
94.376595
97.780106
81.852066
43.59702
76.71954
37.064613
33.746468
42.805595
0.5847624
101.902695
202.27136
164.75986
68.564804
180.81892
242.93669
133.82864
233.75769
258.08618
150.04997
43.186413
121.82167
78.19266
77.02161
115.07949
122.441025
76.44598
125.79929
182.60072
186.81683
57.987007
55.451973
153.57504
57.285206
69.64952
132.72766
92.665726
36.03891
45.765247
158.76753
42.232567
141.04677
156.73059
52.210625
82.81064
46.23489
58.88208
275.49478
22.94204
84.52365
143.2269
127.301186
41.558495
46.84087
46.07309
1.6521473
66.1623
96.74991
47.969448
42.221096
128.0832
128.4012
67.59044
51.84831
107.023544
147.01756
73.74834
185.8136
126.908554
44.790195
129.56154
61.629536
238.2507
228.4471
148.06491
91.61584
56.118305
121.55485
99.320724
110.46169
35.74632
114.36604
51.379597
50.398804
85.62155
84.41365
87.01671
86.9232
43.385162
32.01084
55.925873
108.001976
46.12063
141.7268
152.03133
141.40079
104.3573
44.944813
88.755356
149.42775
76.16145
99.28704
52.361866
130.37086
140.9333
125.88811
107.53142
66.430916
119.05247
66.84856
168.38467
207.02202
246.74686
234.61797
249.41792
167.39218
299.30353
169.34421
84.502205
62.448616
74.6657
140.37976
55.747253
157.95546
151.29384
104.0733
56.82902
126.761925
71.38955
75.162476
3.9308178
47.891308
86.98407
53.827667
89.97397
34.366295
76.91133
127.05501
98.66725
129.83377
41.56594
154.78659
51.261375
90.274826
91.69842
147.57626
42.600822
80.10942
73.717804
181.2971
403.30328
167.09254
193.3656
196.08559
229.0092
235.08833
88.41307
139.6561
36.170246
118.22064
88.61018
85.03279
182.77657
146.7391
86.179115
51.48888
56.546448
35.487217
67.97902
41.881092
34.927498
116.20311
41.124
91.637
177.80887
149.96597
110.7172
192.93239
191.73703
45.651936
58.463665
161.46298
26.306662
56.447216
242.2207
234.52402
247.62534
43.948624
51.232098
72.15312
70.06282
110.545944
123.377426
92.48436
91.32414
49.272236
241.1023
80.43346
53.69541
44.96132
90.66244
290.6545
238.8868
105.50391
86.46577
34.39631
35.37023
76.281586
96.466705
149.22726
176.5561
172.4653
113.520775
234.75215
55.460278
115.646324
44.337933
33.766438
10.097647
214.962
219.1459
237.28406
143.88727
50.833626
121.116295
82.09024
118.08252
98.90348
88.53923
208.88725
188.78796
192.42691
282.84088
197.5045
227.46626
244.04048
197.03012
274.00067
171.57903
111.23256
67.554115
53.536835
67.1272
43.445457
77.912865
152.33847
143.15117
42.51711
49.29346
167.0612
193.83691
100.44979
104.93093
134.39102
96.78633
73.47608
274.0639
87.20891
162.8864
34.51304
42.94779
73.27416
120.42234
164.754
156.73567
138.81223
180.89742
109.88768
93.29804
76.159
45.831505
39.998062
143.82162
95.09408
95.3301
152.15054
81.213715
131.10342
22.37347
111.36804
224.08675
96.19423
242.24959
32.578606
17.706728
54.104134
6.91072
4.4561586
19.398365
12.318467
72.1471
101.7932
100.27519
88.14674
301.7934
260.68802
192.77687
50.96749
92.29946
0.73734665
71.914215
115.29295
54.6905
74.305466
83.58464
51.426735
142.86069
174.61636
91.50776
73.89848
159.01483
51.969982
92.34296
90.82434
53.450203
269.44318
9.454195
84.84506
80.21887
73.79565
181.52138
90.36604
91.74054
115.56831
40.324043
91.46948
91.533875
67.19003
133.49496
174.59792
94.24961
37.648384
38.420563
75.09837
50.671364
175.06204
87.390854
51.92335
48.139145
41.864452
193.20726
51.352173
99.82515
228.17876
86.132675
211.58614
194.72078
112.18772
138.89136
79.68036
218.29355
164.20093
37.17077
120.39744
392.79187
102.62462
53.970184
71.36091
101.05303
168.35019
138.79048
148.62527
153.54916
154.1716
75.95216
78.419754
16.93642
96.59143
166.43546
150.76877
192.22409
81.06431
52.399452
162.96353
115.40808
42.886223
43.79069
92.80058
198.96304
60.662926
163.18607
69.39296
181.17569
61.22819
134.06671
62.393635
86.30867
57.540466
117.38373
226.84123
75.53078
132.69229
51.73332
122.81991
51.48354
97.59139
101.33816
49.805984
43.309822
171.81638
86.59325
141.86397
96.13349
134.51834
223.5173
159.27379
149.05185
270.80078
74.73743
159.48332
180.32417
55.024067
244.63533
80.464966
199.63486
227.60178
150.99413
94.21617
42.04604
225.83684
73.64419
53.58033
131.02245
58.320698
68.556274
86.627335
102.81874
65.5862
36.915966
164.21977
64.22554
66.68794
79.828606
41.35981
109.3105
10.2000885
35.753647
174.587
41.352276
103.727196
92.27983
90.92243
31.133991
196.55641
98.30809
105.69346
124.71686
114.47688
162.56352
183.79147
234.8486
55.43563
159.25578
126.60118
117.88204
21.152895
113.567825
66.796814
96.97337
244.74687
171.87161
124.50067
92.69323
67.65327
99.821304
52.417767
86.18941
164.3608
116.13613
93.22137
59.59884
109.80692
86.210556
128.99686
244.23886
176.30829
130.32706
73.17091
96.54741
179.59152
132.16028
54.47469
268.22974
172.42809
224.00131
187.30182
179.27017
45.79553
113.67076
40.962284
39.77809
31.92096
150.83469
25.082087
213.83269
228.43701
181.65517
252.01584
120.68733
57.315723
118.54732
129.36978
118.77196
9.632574
108.035995
32.792175
38.226948
85.56735
13.249364
6.3221483
39.48572
155.37097
256.3033
152.96126
152.92868
212.37183
63.10022
117.63489
149.15018
120.54155
203.12302
79.0233
174.13553
166.3193
105.4444
58.226295
94.3217
2.4683108
123.98909
52.190083
76.614525
63.129066
121.686745
85.599174
167.10277
49.160275
98.01982
127.83842
83.61845
209.87431
248.44107
207.7175
187.90082
120.16814
110.555435
113.76329
74.195435
132.12997
70.08689
133.78712
108.14176
28.06878
45.332947
66.92678
111.38023
64.9948
66.658806
82.57838
74.45957
117.02511
129.76883
69.39329
78.68752
148.98174
246.13826
144.34225
114.120766
121.598045
11.699816
56.70931
42.951797
66.071335
105.01162
247.78218
59.54719
105.62819
97.43074
259.04022
147.23186
158.96738
149.16074
86.16675
82.44006
85.11003
114.34634
94.81445
6.089752
56.87621
124.47279
133.53458
122.81771
201.23392
83.28822
119.201645
108.55375
116.31673
89.890976
188.64482
422.0717
207.8229
53.367065
65.94286
95.63432
100.34431
71.71122
74.54425
76.682816
114.274734
148.53473
54.885883
81.73085
57.775978
183.88637
70.29903
35.392345
210.74963
165.6915
160.41971
138.16002
43.21637
183.613
75.64619
38.507874
57.059296
89.72897
46.10172
142.16988
127.47416
85.32489
107.4514
60.41555
36.047554
227.86948
167.26953
95.45686
132.3046
76.42407
129.25017
171.86308
220.96819
151.0394
306.83514
243.3925
366.22687
73.43245
84.94259
100.694275
167.18294
145.911
188.05801
144.91428
131.137
94.88789
121.81807
65.08611
108.98666
80.750534
42.85857
51.037334
111.79237
12.616463
44.62922
109.201744
19.076485
106.6248
84.466324
101.84572
53.058807
99.13031
137.89838
71.599014
1.8086096
77.22562
125.49367
52.578613
193.80313
196.26163
172.75902
170.08954
183.40836
250.6748
232.88736
192.97758
94.7245
68.776886
147.80681
181.5909
126.40287
84.80672
93.72423
204.32617
127.04956
52.359077
26.506134
98.74803
2.1214807
34.149246
156.30864
326.03427
110.03694
42.520206
81.94102
66.24894
61.80523
88.81935
113.01414
0.96352446
167.92557
83.25246
91.82883
61.1529
123.150856
1.264293
86.618935
65.91536
97.992584
102.44191
123.774
77.929504
133.96698
122.97024
121.741005
160.09164
55.861073
10.807942
159.93552
82.75581
52.999317
61.096447
96.78867
83.54408
13.8125515
68.17363
63.665955
79.113365
78.428345
84.8047
42.29615
195.82109
202.89542
76.14282
12.595859
11.74909
74.13863
88.95593
148.96246
45.147923
12.049754
83.24384
47.37392
2.8078363
163.56798
88.715
41.333004
144.5364
142.78369
43.417904
76.50162
171.78549
36.521343
69.06327
151.77103
184.40033
113.37388
71.162445
118.5834
46.03583
124.78121
42.712715
120.93119
144.44995
277.68524
236.77963
107.45408
83.10606
53.462208
79.08716
134.74394
63.346874
42.593334
123.78036
46.11134
96.98637
145.69223
76.320564
205.03476
162.85542
120.61647
128.25029
70.52106
220.89409
82.227425
85.235374
154.26437
170.80685
159.69374
101.190575
42.724495
47.648964
33.69373
126.78031
159.03162
128.97577
74.17119
2.7584875
205.80359
87.59475
212.51514
77.99616
4.983621
202.5124
66.78347
50.096035
49.789722
93.39084
6.4818397
39.60429
93.7194
93.65745
124.72363
71.28837
35.12222
101.37642
52.719597
9.756043
93.58117
73.81773
85.5464
146.64291
91.704056
133.51236
149.12047
56.56657
85.86562
123.9009
55.691864
68.53907
125.778854
124.06496
89.27971
113.16969
88.4057
149.70297
147.22127
105.88328
59.638958
12.870562
155.09921
9.957801
108.56809
262.10223
194.38255
208.3543
225.14957
331.18488
192.87294
176.3476
43.55021
79.4417
165.03714
100.07629
138.49907
101.01564
46.15802
132.93823
299.96616
218.20511
163.99777
153.92258
250.44919
152.32726
45.38396
59.919464
124.9244
118.26137
67.069016
125.99928
14.275629
89.4974
64.83829
119.82003
110.21487
120.0543
6.1313844
83.85874
88.62647
136.35284
79.037704
80.57607
41.446922
160.4757
85.6678
52.520954
124.19658
171.11166
84.527756
153.2149
83.14239
86.52174
117.705215
338.73254
132.15352
137.75015
103.76992
175.91138
75.69624
83.28426
168.53822
13.107144
254.2792
43.450817
128.73685
39.18101
155.54572
46.183887
73.45366
49.6237
113.784195
73.44844
75.79161
133.58525
212.76347
45.1697
103.01422
64.46263
99.23695
35.53431
2.6599069
20.879913
86.85088
235.44058
54.04162
76.49004
96.13146
146.68155
75.02403
225.7356
91.046455
84.57573
37.642326
76.383316
81.84288
193.72697
140.70241
34.763424
21.669775
65.47619
262.25565
123.10122
15.106009
51.909496
72.36255
175.58003
80.86618
53.443016
10.711208
38.935047
127.08496
83.83869
54.842285
104.09005
54.622578
186.88504
72.57524
59.637737
149.01006
70.402214
138.07666
97.95479
95.41109
120.44582
163.94669
116.659584
44.925957
69.91044
3.8777509
40.520508
89.14763
158.29443
42.122765
146.89536
197.52956
157.00905
260.58197
119.95836
99.77925
72.23572
49.030754
76.171036
46.071007
13.284673
58.646996
82.72032
300.62674
171.27373
83.638596
114.504295
0.5957059
3.4713445
54.422142
87.21126
35.866234
46.5027
144.84848
110.29381
145.1178
281.8
287.95367
175.10254
236.88472
192.68546
325.6259
194.17722
277.09024
189.9017
157.26675
189.37177
93.13313
77.63
71.366165
47.306324
99.09006
35.84927
81.13638
46.139397
3.5210776
39.128563
20.898731
50.758713
11.679651
18.058338
227.30417
54.33238
116.41264
108.65373
66.53716
40.136555
201.04811
195.67795
161.02829
20.086788
52.661785
10.303483
79.70773
116.22687
124.6583
83.03965
84.26309
135.67361
349.2105
301.77267
225.87991
330.6679
253.50175
0.52038896
161.27057
132.37837
108.92694
186.91231
114.34672
13.40048
33.814663
11.221586
43.54704
90.0446
76.73019
152.44856
52.5263
127.75426
33.633484
107.46511
112.02132
121.0059
84.1989
159.15887
38.077568
101.09972
181.74153
19.418015
62.697033
75.819824
114.7198
53.789257
74.42823
64.78785
40.80716
94.29112
77.76717
189.45049
157.53058
159.35439
254.19698
88.7846
138.26668
85.38454
117.9525
92.33327
42.71533
40.673313
144.91327
123.99333
102.55559
59.85372
37.718174
163.38246
88.11007
134.44492
87.319534
98.14797
118.31935
110.8918
146.28151
214.24077
175.55592
130.58765
133.8173
153.50484
43.58757
126.388794
33.78193
149.15482
287.86386
175.8605
0.62730044
124.56051
117.51105
248.30997
64.067215
116.503845
123.10641
111.48451
127.34739
43.202217
99.591156
84.398735
20.302338
42.751072
13.094454
14.20442
54.80121
60.400978
114.12494
148.50797
179.76808
55.566784
158.70355
83.106735
88.57641
147.30907
78.307045
83.55034
5.919572
81.51546
184.2106
64.31959
229.30563
94.568184
87.04176
173.11089
77.347786
42.953964
40.520306
77.48954
71.3196
45.057793
43.76144
86.91868
143.67886
129.58943
57.43224
76.70204
69.74635
44.215996
28.395176
65.496765
199.80989
1.2750323
69.77882
106.69717
121.7394
121.67218
60.85808
50.680473
136.14554
124.61587
60.252403
152.50253
95.53572
134.60312
105.87346
133.23434
139.63785
177.32076
0.8741709
82.86135
76.38634
43.1783
90.849686
201.46642
165.14491
194.67484
203.49557
194.34274
34.39774
175.09131
134.30696
61.890694
51.94997
113.736595
56.334656
96.74658
171.13231
150.43782
11.387369
132.73624
82.04356
42.780937
91.70118
83.93188
52.147877
90.85487
137.93942
60.07322
132.31337
140.48767
279.52115
254.47324
222.23022
182.59518
204.2387
236.75859
1.6754637
75.56837
77.42982
56.595924
50.192726
85.45297
173.25414
97.38551
102.335205
84.1652
38.594406
82.83817
161.86285
43.157066
78.28413
198.44894
387.6432
20.459095
71.52316
3.557612
155.86856
116.19596
133.37277
101.60283
18.4752
44.181286
106.8351
74.16633
117.25405
99.46077
117.39131
93.04659
81.955826
144.00282
44.218403
76.69015
139.61258
250.50452
58.8926
102.978065
162.57843
71.69738
19.044643
241.40352
250.55367
333.45447
119.85966
78.41893
194.34079
306.26974
164.54704
135.43971
195.43028
10.311407
119.302574
91.89369
35.273087
46.659283
103.62618
79.88548
101.97508
117.74375
11.178709
330.31128
43.355812
51.734093
185.81987
140.95766
364.93475
43.81192
16.852175
56.385796
63.918335
106.839195
58.63899
86.558945
64.80418
145.33875
97.90813
156.30977
157.99863
143.61923
155.09293
116.25232
159.10686
55.210865
96.73848
44.340397
101.13079
140.99503
76.164856
27.98024
97.162766
51.778557
3.2884705
3.5369403
32.816532
87.25279
10.129742
27.11463
194.58015
84.291176
19.409584
123.46047
160.6275
59.79077
79.24397
191.95908
78.83399
36.68936
47.246403
166.33676
74.988266
116.16084
147.27177
73.40735
94.270775
105.350235
116.77689
102.095474
46.262638
161.0882
98.08391
54.322235
167.11012
104.00034
161.52107
75.961044
75.32579
53.52546
40.56341
92.75225
42.98056
96.112045
32.34999
55.362488
130.71875
249.80339
63.72152
192.01663
6.235128
61.266865
40.555008
43.471992
45.69486
59.760185
76.538345
111.59263
239.70801
259.25473
256.25653
72.76381
78.44143
154.08862
31.284153
125.98911
126.83403
43.621376
123.09788
88.889786
103.17554
116.40535
134.40634
43.83063
142.63585
141.79819
151.16507
47.917973
87.987656
54.04071
117.256615
117.84627
91.02053
156.29074
223.58105
174.07394
34.480854
23.7885
75.06269
101.613174
66.6892
150.39027
191.05849
113.863205
92.95507
126.27141
126.59631
133.36542
79.19001
80.008064
84.92363
36.997
70.67642
112.92118
101.90843
109.755905
3.3611722
44.310577
63.754814
113.0801
48.20708
35.252647
36.063152
153.52339
151.1232
137.91061
55.7015
33.719265
0.909712
85.90295
136.5357
160.74657
171.7144
32.27652
156.59863
169.29291
78.346436
35.82059
212.28865
99.7256
272.4051
88.60508
105.12437
128.21028
57.946037
92.599884
323.06665
110.16622
50.45375
64.486435
299.3708
184.3628
138.89024
158.34589
33.726997
127.8813
60.836597
114.31319
29.205374
66.43048
299.38495
131.4484
29.317926
142.86566
119.66235
121.425186
127.34462
67.135544
234.44275
169.14445
86.41107
166.46909
47.00495
229.87422
105.47084
213.27304
170.06104
88.82432
117.38273
44.933002
146.60583
124.71155
43.625774
243.24817
203.97206
113.474754
76.64505
156.34659
88.871735
129.64368
133.01913
93.04609
118.94778
71.4351
95.03235
183.1866
225.4642
310.79034
107.03534
115.61632
144.83536
75.42028
46.588192
125.31471
137.63596
45.667416
109.32168
196.81708
215.19443
216.03772
178.79068
10.32307
3.951245
81.20375
98.257
155.04208
10.835576
36.78101
124.9297
213.93875
93.87366
110.09059
58.366077
69.907005
127.17301
131.35135
160.63535
73.37715
49.97347
158.94182
41.80749
15.317128
45.54339
74.576515
41.09326
14.777514
69.582115
162.99094
108.087585
81.21905
81.301155
82.8002
52.07055
124.34888
33.570415
115.07113
82.21505
81.192215
141.95987
150.25638
83.77034
61.250908
119.22945
165.91675
84.24833
99.496864
124.90642
99.05303
152.30989
45.104424
105.59629
86.38355
5.056339
49.69297
117.31328
160.51477
204.04535
199.31068
43.77439
83.13315
118.78131
156.2082
82.20244
129.98906
122.436646
128.29013
118.74611
145.18797
20.825214
69.406265
76.64449
43.532253
19.410698
94.37839
201.10204
178.00209
10.50996
9.971691
264.6939
160.5906
55.51355
87.08946
76.300354
158.9152
86.710556
159.42674
96.262405
39.01874
147.88159
69.66356
45.874886
45.378338
57.005707
40.534393
12.570398
132.50432
76.399704
93.580246
78.283806
116.93425
195.70013
184.58066
118.26289
128.90387
108.95845
91.76268
77.87787
89.53214
96.27081
207.30933
153.76242
173.30739
86.658295
127.06012
215.91191
50.918526
150.75615
194.0122
91.52145
86.797745
0.38270563
33.588062
207.67422
116.32346
126.20827
83.81109
150.40604
87.02475
50.85833
59.867107
76.36803
127.79259
81.315414
112.96055
81.67387
152.22937
299.71765
70.10876
75.600845
85.78901
70.171295
25.152607
82.90421
278.49072
210.5656
149.41983
278.47467
155.10507
114.55989
298.75885
174.19981
225.80753
40.780754
40.745857
80.62703
60.350548
66.253525
41.24541
72.55178
84.04961
85.093445
109.21541
34.42409
45.665874
215.73935
77.33094
275.38065
72.30159
152.31543
200.69093
111.75771
148.78168
106.088425
96.99824
58.253395
97.76934
75.85547
124.305664
80.81145
158.47243
160.16347
143.08583
105.176926
82.868195
70.34499
66.12815
134.87494
98.512955
159.69846
135.62813
33.195023
11.348955
35.74481
127.12077
42.286777
69.82367
81.144356
106.79116
0.99563396
73.11932
139.0244
131.6125
114.65027
98.551796
96.60034
82.23458
109.48042
61.56791
112.276474
34.741005
125.06527
125.76225
43.754723
2.5256417
101.8228
3.5753803
26.728363
0.5435077
130.94987
81.89729
171.78606
194.38498
67.701775
167.27995
363.27032
205.34758
204.68001
244.12784
187.28636
121.88385
39.54178
93.731125
20.871761
248.44876
92.613594
39.151024
78.98971
121.13181
41.954002
50.685215
88.38272
59.483147
139.74908
146.57988
159.85892
85.00519
119.73411
60.10951
140.3768
79.36392
10.424712
202.25546
72.72301
117.7131
130.57394
225.84622
36.81664
19.68113
73.909454
197.72379
147.233
82.173355
197.8363
64.98333
113.8521
180.18997
83.32106
67.78685
92.90292
134.51422
48.67147
46.51413
33.212547
45.94736
73.69779
168.77007
13.993921
89.15495
57.97517
72.41829
67.281166
301.0666
221.59488
281.00778
92.05716
145.66183
49.00425
82.69907
52.199196
70.90294
76.16508
162.39795
84.57824
84.26341
163.63664
124.2917
42.8758
55.40644
100.62538
60.86847
10.46837
100.88632
97.20619
43.04063
29.625278
0.79771316
74.5565
97.50755
59.70468
18.836155
71.62758
70.9167
110.36941
3.5181286
48.412407
22.49029
16.899742
236.01582
177.21373
163.13179
95.22389
126.041626
119.6333
57.97657
1.9102339
57.558296
95.66919
64.41751
130.96582
50.27579
78.11904
102.178566
82.46709
99.21258
70.707954
68.13009
43.294193
38.385002
133.46524
147.22339
49.641895
76.27213
78.50633
182.56517
204.17747
109.261536
66.29266
160.42627
195.97566
97.06338
237.1687
255.02542
88.729416
65.952225
53.479164
93.164345
211.14095
201.00128
40.24675
29.734943
97.54944
135.55283
75.92406
135.1385
180.23213
71.07686
49.344578
97.09922
46.915
134.36218
137.13568
96.61605
121.27344
14.863195
131.80684
91.058395
224.50786
274.05963
221.40784
167.9964
144.91473
79.11302
38.980644
187.86707
49.690907
36.302452
117.34993
69.52072
73.21402
41.714188
112.27342
115.33246
11.980856
49.464695
254.08133
50.07256
74.147446
79.43941
21.570374
179.801
75.17715
115.113846
83.357445
190.85605
317.41922
149.81912
92.09535
3.2684433
117.820656
90.86985
84.17401
95.74425
156.7247
104.817184
46.81655
42.848637
94.14475
67.57062
146.75296
180.27026
41.427734
58.141003
20.302755
42.50445
90.391945
94.04225
87.51166
92.12247
52.396088
148.84547
227.08505
185.56897
149.47063
76.27848
160.19919
161.50854
174.03424
147.20486
116.8833
10.734586
45.88957
46.141003
304.94022
11.539114
15.795489
43.369102
81.26452
8.801486
8.811077
69.76621
91.506294
109.7396
113.29928
116.11383
58.00236
48.08306
40.29054
31.131351
36.382477
54.72808
70.34903
71.76906
40.53784
41.636696
150.29688
106.62644
224.44048
120.18645
69.11267
303.04367
145.12573
119.39641
69.524734
140.47879
93.87053
58.090546
51.67741
22.392704
4.3414164
109.80314
117.57499
60.769634
57.949554
166.83832
70.18935
76.07534
72.99102
41.963108
189.54741
54.171806
76.846176
113.17627
134.88773
118.802956
1.2509867
207.67249
84.764
10.082922
123.53097
142.18504
91.76737
46.704063
132.23099
126.3936
155.00319
101.33086
130.80087
150.95892
167.37552
221.73694
103.58048
239.35703
196.79099
86.1165
0.9258213
101.485916
153.86295
157.06435
202.1584
135.86617
164.35901
72.9941
42.57088
198.9412
200.2366
41.567596
8.346512
39.257885
73.337616
187.65533
82.05946
76.5647
87.28179
83.188324
44.01507
100.25176
51.5024
103.91643
111.68022
86.71983
70.34475
222.17453
75.31825
59.43043
52.45863
140.13535
90.71736
73.58474
82.988525
74.74532
74.713165
42.802055
128.75845
170.8563
138.40852
115.99231
150.48018
115.22917
56.220757
20.856771
60.201363
108.0179
290.648
158.4554
141.61485
33.64068
88.89372
153.22215
43.638237
140.61761
83.928604
202.8763
75.46903
111.44087
94.313896
33.916214
120.387024
83.928055
40.507378
94.37557
234.07437
294.5861
183.32744
107.71434
111.44948
101.29161
55.056183
114.01638
40.217358
74.44212
124.04906
179.04895
130.01842
219.52036
129.97449
133.09348
84.71775
56.852306
51.312786
78.24539
82.34695
93.00073
149.10013
71.167015
75.58027
13.960733
88.24639
85.38057
280.20795
257.2172
50.688637
121.56299
61.626637
107.819046
62.173164
87.62376
132.35188
45.644367
117.0652
75.27185
141.89024
146.44424
88.87633
50.790474
131.88931
102.27126
90.82277
167.24422
211.98251
63.92463
1.036341
9.959545
31.342417
41.9047
170.478
150.98424
43.124638
82.98307
80.900475
336.79428
32.35511
22.763292
90.304504
105.13985
86.08565
80.91217
88.23963
138.9852
84.17304
308.32294
85.12291
86.77642
66.49047
51.718616
75.07492
90.59603
50.03167
10.0643215
84.17299
86.38398
41.900364
126.78807
129.90228
60.844433
57.864204
221.082
60.208168
117.77476
76.26991
83.07329
151.66977
91.778305
190.11679
58.864056
56.500317
52.818096
164.47667
123.580124
184.70085
103.00645
89.38149
92.86765
223.48746
76.272
228.0394
261.0395
317.98657
440.19562
104.55735
42.945824
75.07674
104.49331
248.71304
59.882915
52.002453
122.2877
103.516174
111.614975
78.50611
147.38542
82.58371
32.630966
99.72711
45.175583
43.364784
74.80648
0.63907945
6.5427628
44.01187
85.280106
41.260128
56.032204
130.14215
43.737103
66.75543
156.22098
77.69732
113.457436
77.51286
77.47188
4.3693314
86.02243
193.26727
329.58154
151.48404
61.90296
55.535797
471.4583
146.10509
41.647587
73.53944
299.62613
153.65189
208.79077
191.4266
23.970888
102.01879
149.91582
67.42763
106.67462
70.804054
84.10214
166.10202
77.15815
221.09692
269.14508
205.65689
36.77924
71.736626
140.49966
128.40611
78.62302
229.23145
171.06438
186.36275
251.48442
165.06113
107.871994
83.43821
47.145134
54.014538
45.975285
233.50284
328.38446
70.303116
116.74367
185.85545
124.2166
8.648415
85.18158
76.31131
206.01765
126.13127
197.24985
265.3161
116.25919
107.84003
93.59357
174.39157
19.62214
91.75859
126.882774
11.225344
77.8286
105.31869
177.57137
60.148518
20.724873
43.68912
45.882423
57.839294
147.45183
34.99227
50.872734
87.642136
79.39943
126.105286
19.166399
132.61047
75.36409
154.87842
379.7428
181.43394
192.22478
114.35835
124.84959
155.64853
199.1325
126.8008
139.76595
92.18341
122.03469
90.869095
201.83298
63.647713
76.35156
120.69596
222.71648
186.55508
213.68015
152.23145
96.30356
192.9979
118.66046
215.7432
49.89531
103.70217
33.521454
87.43811
139.57954
313.57245
24.082558
22.378159
111.11544
46.864937
104.2549
71.46269
49.8928
111.00503
162.59392
92.49673
54.60919
15.093915
97.39034
98.6835
76.14054
49.77308
48.68724
65.55143
219.80742
52.24462
148.4347
76.12752
158.00418
93.57728
304.07156
117.545334
48.201473
247.7496
104.90206
103.130554
164.23563
42.193153
50.355507
73.12323
250.97636
326.94424
335.05783
180.45116
149.0473
11.66667
7.2889442
96.00885
6.4028077
91.768295
163.87357
13.491394
49.3178
62.536938
120.749535
33.7824
195.1395
141.79015
70.0376
251.32637
28.967646
41.959312
321.5871
183.86507
186.11832
399.0301
289.01123
50.71146
101.739624
83.469215
49.98123
85.142746
120.76936
228.1625
56.927643
116.705765
159.32077
239.76128
132.655
40.615288
33.43591
126.96407
184.83212
76.25827
70.021866
161.71965
267.92462
134.29282
72.84164
111.63475
76.59116
58.852608
205.57173
253.12715
283.67496
227.684
33.463364
118.544205
113.5024
78.34711
49.31068
44.467083
78.58119
76.80353
101.46933
44.08992
80.590164
41.654095
43.99612
245.09348
68.800186
50.700188
38.93813
46.216198
66.019615
134.11105
160.98076
90.4987
58.268227
131.88763
51.20748
87.402214
168.18102
74.877716
97.08028
108.263954
226.49924
107.16811
49.42457
29.662949
11.185438
112.062584
25.699783
66.988716
65.91353
37.622925
70.958176
23.25378
43.420113
172.85727
40.532417
46.168144
162.46106
59.21119
133.44577
5.1474495
89.534
111.18728
33.833473
109.92599
102.81151
155.65536
78.24329
36.348396
68.81887
3.940623
39.83335
45.37859
30.19546
38.712254
102.62897
42.572697
42.290276
76.832695
123.869385
47.209766
76.368454
22.690632
46.55459
44.08032
11.898306
169.75827
150.07469
104.02199
83.47054
140.93387
124.85117
76.81607
207.82336
173.59409
143.50925
112.33711
50.55448
80.21607
49.0282
244.66324
120.0543
73.8466
118.8557
53.40157
196.96678
241.82378
257.84387
117.79616
144.66934
91.46291
102.129814
158.10916
110.372574
186.22397
131.31773
25.478
40.577637
106.27364
33.84047
72.485054
0.85472697
1.6189162
77.63197
82.077484
48.34908
107.4362
94.00891
116.24762
60.362526
33.567383
43.864216
187.93024
187.2603
91.004524
101.52925
116.23795
142.53992
84.15538
71.77658
98.544395
112.966
55.511517
81.41502
110.31358
45.2914
44.785103
44.788845
298.384
219.3273
275.82965
278.5075
213.03532
335.6492
270.0456
222.53415
84.570984
84.23909
104.80452
133.437
52.681343
69.55597
0.3341603
157.22702
52.367657
76.294846
83.29057
155.75517
42.622196
73.84013
68.18653
114.25846
0.87508994
11.1608095
50.13135
185.4204
93.08077
35.088184
86.779305
44.803555
82.84453
95.94838
117.88231
84.26698
69.58514
83.69527
3.9639263
65.42869
199.31754
58.763313
45.07101
36.46592
122.75511
27.285152
168.21663
120.925705
99.559746
41.873695
66.67717
38.047493
83.393524
9.341516
99.45967
213.27707
149.23349
266.14716
21.08562
7.2266245
0.28396
13.233792
94.9316
55.22309
68.39021
114.51058
3.5066204
168.34532
42.44799
149.09732
344.77997
246.26843
277.7625
225.41074
240.10844
285.91388
329.2541
79.18206
96.652245
112.576515
48.14792
57.34263
96.92134
91.36054
70.348885
74.24536
25.037716
77.21443
120.07552
171.97513
155.31784
91.68395
118.04602
44.24505
123.84585
67.41317
110.87915
122.658485
93.68256
132.59084
84.03145
40.95456
79.65338
106.91133
51.505848
153.39917
64.63802
46.73844
232.4366
73.96792
129.43784
44.00135
12.969342
192.04007
49.894096
82.74166
63.093834
54.246685
36.682686
82.15602
53.19747
38.919727
11.150192
82.15111
42.728245
43.266396
45.563248
118.18022
114.01017
158.1341
200.85446
116.75319
99.17971
92.09184
120.53656
264.08197
240.66806
245.80685
13.949232
65.70136
88.38789
130.19455
81.43101
176.51813
48.653103
76.083176
161.80858
89.15137
40.721027
72.85597
77.28949
116.2733
230.1816
163.02954
338.2304
49.82641
78.37004
403.41644
131.1176
139.24667
80.47993
120.06606
134.19418
15.677261
62.963875
21.210331
47.403233
88.7528
11.107616
3.3483932
227.78072
88.89256
59.503338
112.1711
159.64107
80.03364
50.12399
94.43223
17.211481
79.04945
143.48434
52.391346
60.7807
41.971657
167.82414
244.11382
228.20764
77.731995
136.10645
90.64201
47.43909
116.76196
160.16922
163.52011
10.268104
40.14309
107.20726
65.86729
67.031906
1.6997904
1.4113047
74.77292
81.01612
42.708256
199.08377
89.89098
181.52904
91.47596
86.285805
43.88012
82.67857
105.3395
82.08802
200.04375
241.99068
168.84703
171.91031
318.18103
257.40778
185.99643
171.41101
85.23662
60.697468
53.9211
67.25535
156.40263
86.924194
67.530914
124.89697
11.403587
47.820442
83.93394
108.03738
2.839343
112.52769
90.103294
34.19834
186.7114
197.05884
73.901184
94.21243
107.02771
135.45853
111.27383
117.20433
45.324425
155.15019
116.44045
40.900337
201.25906
143.15393
256.8212
69.9764
383.64798
355.9942
73.261856
68.37572
159.3278
90.79448
112.03064
102.86981
52.74113
111.78284
1.6208465
3.5882525
87.7018
0.47712287
97.883484
184.41856
147.34023
316.38873
190.31917
82.48148
99.73108
48.587944
73.78817
34.518673
11.030531
208.23611
116.64182
58.817665
161.82065
116.63157
83.70967
84.58528
50.33367
142.09166
85.19588
233.37524
209.74734
394.31097
101.98207
73.00059
152.04709
178.43063
73.81411
118.89543
132.53302
182.83133
294.7743
218.10857
14.125542
55.13836
157.54831
134.05664
52.84543
74.3003
44.156837
73.63789
179.97672
77.45328
73.09862
40.91979
53.76225
139.13463
74.11619
71.209335
187.02676
52.076836
89.7611
124.51552
42.208187
182.63145
349.86176
56.466858
132.60866
53.861427
121.680214
55.329243
110.45604
137.10867
31.958689
67.16081
120.172424
83.31928
59.090645
90.3038
49.011734
151.92485
51.602913
157.00406
223.74724
72.42754
40.57491
222.01631
84.56291
78.1129
39.683586
92.58718
105.35665
139.40375
78.47247
119.72084
43.25959
0.3578116
121.55581
83.34353
12.7150345
95.74161
19.488111
44.916336
172.48453
60.15325
179.5341
78.153404
190.33096
164.46901
124.85526
130.46243
156.91199
89.27271
218.6387
62.91034
46.388832
33.893105
123.892235
152.87912
76.74779
107.49125
40.717583
65.32296
3.753276
3.6320858
34.35491
104.87423
58.170097
40.54892
99.688156
116.86665
82.98948
164.11165
117.7761
113.06865
173.50996
125.38651
113.50509
67.818436
110.910645
66.14193
51.910065
221.09921
50.51489
103.003784
206.23465
73.21333
1.0505555
40.655224
51.871204
92.928185
84.13289
83.55478
99.52395
42.553402
203.68814
47.801308
83.20032
117.03845
37.5517
197.95094
34.039207
184.51291
217.98445
395.4882
303.862
186.71057
39.9918
166.22508
83.514885
161.36765
55.239258
217.0612
149.85011
93.45139
48.949684
116.28676
66.588425
42.681477
104.045
157.89919
88.38236
51.927734
5.0010076
143.50217
42.80051
150.30898
141.23767
41.68157
203.63197
74.451355
128.54433
105.90326
84.67208
1.0955985
159.22269
165.47862
83.79115
87.55304
158.89644
214.33508
112.241066
198.59042
83.987915
47.856632
141.78185
83.485085
74.7532
55.72207
42.54775
41.804176
35.1331
118.40782
75.55975
51.00524
2.1073368
47.666977
17.253935
115.7469
167.37572
91.33272
218.02844
0.44664472
128.65839
89.19825
10.93376
43.6547
9.850908
108.86167
2.8458672
78.85154
117.00098
83.26653
151.5003
253.95752
142.36087
50.202435
41.88307
86.95721
21.646368
157.03761
73.48183
170.6542
88.195114
104.39766
174.12215
54.52957
125.7856
99.14574
63.46062
130.19495
60.657448
11.282764
106.54866
117.023315
98.1884
2.6347506
88.24659
121.605934
85.32004
32.32249
187.46558
123.264366
44.230602
188.10245
57.207165
78.35042
34.97337
230.84863
75.84102
76.82295
56.914326
59.7619
82.84535
43.649452
36.04508
63.03944
231.82852
182.35492
195.97762
194.82843
76.20862
144.3246
120.62346
13.092137
9.652897
214.13594
262.35785
173.46896
239.73088
148.00105
63.99169
23.631985
101.249725
11.354709
12.23494
62.85224
97.644
72.52206
53.957924
64.84137
284.32648
130.31534
127.425354
64.891
75.80839
243.39148
75.55989
112.07345
140.16032
66.42067
169.5402
364.13287
189.11183
245.4006
266.14514
153.89066
75.449875
59.81247
107.24534
12.009336
1.0678542
111.64474
170.81502
99.56275
49.952267
99.50712
282.83026
163.18668
195.08783
191.14432
272.82437
115.956116
20.284426
79.41614
140.06985
144.43005
67.22676
80.79019
160.62491
104.30221
89.89282
72.588455
111.1169
125.1772
142.21178
2.1699958
3.4022498
44.419983
2.1257577
45.33708
192.62704
70.037796
77.11719
87.73909
160.5808
20.76901
75.626175
1.7534984
4.4093904
116.89457
87.9234
245.83789
255.83525
98.58359
186.16365
84.02066
43.292404
228.60335
173.4581
127.75028
19.626255
4.3053966
27.71316
133.29964
156.05865
267.60214
88.75678
164.94962
44.97031
10.842951
3.8608456
78.401886
150.48575
43.19497
162.21317
183.80925
131.93878
129.62354
176.42949
89.10491
133.95615
27.678524
35.457024
104.188095
280.20792
109.52753
42.52665
149.91147
95.05531
83.21618
1.5575001
137.98509
115.416626
211.76924
89.65178
54.686848
87.699455
111.89293
134.09108
46.546024
56.789654
108.24673
115.10445
108.70316
171.91629
43.1031
33.935425
36.183727
150.8035
76.722855
70.23562
168.96872
130.04204
169.59
233.92705
86.92185
132.36563
89.71331
110.513626
115.62754
219.96243
36.22036
68.34987
205.54074
82.09614
73.56519
25.30932
61.837036
82.91554
71.288216
82.273575
86.495636
126.14504
126.61168
123.09678
85.711464
151.04718
135.91415
76.75438
99.94584
51.228302
127.977905
37.14389
69.838486
36.431892
42.93915
85.71626
102.4954
112.09188
124.29464
84.2784
123.85503
174.71022
55.359093
40.86343
75.8149
12.313932
97.53452
154.75192
62.485596
85.548836
43.737705
70.22436
112.99043
105.22978
85.81292
54.00711
50.319324
108.57649
100.05455
4.5849867
34.1714
52.01117
40.04274
12.70392
79.94436
95.04498
75.43802
76.09757
75.610275
57.206676
52.437206
41.196957
101.99108
87.487564
44.70106
89.764206
93.5037
121.72685
61.465904
104.29256
121.12333
0.27089813
43.000164
106.918945
3.105488
84.34929
75.80563
109.076744
83.50637
167.90688
162.87921
171.53075
158.37224
0.41562957
134.41972
12.6678295
129.00423
98.59155
156.97502
215.69287
153.18234
110.2679
34.336205
5.442297
61.761833
16.15263
62.394432
91.96913
40.545765
53.627525
109.83323
39.936565
83.78517
146.85269
40.300293
84.08493
52.490185
103.34497
47.300163
194.92287
201.61192
102.04196
89.65386
63.01953
3.242139
91.77931
42.39729
27.950089
116.172935
40.53674
144.4456
84.59727
48.395767
112.71977
114.3434
40.08482
61.743774
107.55009
77.61785
53.069435
92.23756
102.57106
43.030342
41.947918
99.40534
116.4344
78.67684
127.01184
52.093
156.42963
120.90786
85.864395
17.463343
109.83323
76.04125
79.27748
35.38287
122.89272
0.73378
63.550896
217.17905
81.10814
287.36133
169.72002
45.775658
76.973236
74.98753
197.88394
366.89188
149.67299
197.27553
237.03389
136.89783
205.54008
76.81743
93.906944
275.777
147.97159
166.15865
260.2308
257.44287
176.88219
141.11095
154.26819
91.54714
54.260296
126.89851
206.64912
84.433205
126.740944
81.16252
121.548805
141.74728
45.089634
105.47782
146.02634
116.128174
154.38025
50.716465
123.39524
47.23416
129.17688
68.655136
19.905565
92.46858
82.84486
34.619976
68.10954
86.77424
40.641758
99.23385
102.33762
10.305459
91.6206
90.82353
153.59628
81.22099
16.423548
37.89905
107.974464
78.13698
68.706154
51.81768
75.06818
89.20366
182.93591
65.51555
68.69468
251.03769
257.52338
234.50525
73.814445
122.76329
100.19922
139.52406
76.043365
41.66696
82.41878
129.85515
42.90997
34.352093
146.65958
102.99959
61.41466
83.27344
90.0497
86.569786
129.68257
260.46356
125.94192
78.46738
131.86748
89.47919
121.39567
164.8707
108.54604
165.06339
127.6793
108.63661
34.772976
88.86026
94.33272
46.837166
134.28506
135.51677
89.59849
153.46797
217.59709
127.81622
97.26305
1.7049812
204.69968
105.08694
107.84984
58.194927
169.74434
11.310775
2.6318417
43.949623
70.13635
75.12327
71.47621
102.557556
119.57552
126.966736
94.223015
23.826939
21.561525
175.4481
103.695175
64.43083
116.32521
33.96864
22.416248
120.185425
1.5288384
77.81894
182.3221
128.4772
43.890774
47.801582
23.376022
50.70414
78.58517
93.076324
82.23601
122.85838
220.60298
61.6599
164.39781
128.24652
121.12523
80.30883
57.0342
36.503498
97.50129
164.60886
66.84474
190.76283
82.52811
17.620642
67.38882
147.17175
99.64821
69.059265
32.62316
83.535095
202.51651
142.96326
86.436005
106.918495
39.19541
3.9494061
19.863623
59.90746
136.5059
94.64914
64.44178
51.612255
64.75587
71.048935
129.62532
232.63257
114.99998
125.82698
19.994991
17.521088
9.556941
83.47863
133.07927
121.40387
81.7284
93.24418
124.68076
4.3313375
53.4199
109.35964
91.90593
112.12651
70.81978
40.70406
73.65343
79.04344
52.05182
1.9793148
59.37625
2.5667713
35.107273
110.29924
126.46936
7.8593764
146.07275
145.75587
164.34258
81.32112
64.01736
208.63643
97.61839
56.51936
99.72133
149.87196
14.2023115
6.3939967
6.008584
60.827778
125.71751
82.54204
58.88526
89.89293
99.0915
67.84084
141.06474
89.33796
102.33386
100.09031
62.07345
39.018936
33.768803
42.54689
61.51399
96.98628
31.807247
58.845528
78.26399
73.381424
112.14929
33.538044
67.34413
165.2997
72.28397
65.98146
74.89857
46.208702
26.639154
62.377632
36.8263
377.0633
297.05768
45.398212
5.456003
150.81964
99.93651
110.09159
139.07327
42.42222
161.37169
303.87146
139.48349
184.66379
91.21794
43.835587
