342.695
234.03305
161.7308
329.05475
261.20346
57.116413
33.437496
107.899796
111.40599
25.124342
101.12203
113.41431
115.06128
70.81574
4.7078776
75.34151
99.11535
256.26373
113.180336
145.5276
145.95816
128.38573
95.15392
110.563156
71.70911
237.55374
160.75607
219.98784
308.08618
80.30925
97.332695
40.00744
100.470955
24.007607
62.806225
163.63928
35.12371
38.84958
3.0124629
2.7240548
6.7191873
27.864521
5.1935754
37.125114
109.48167
125.92068
130.25253
64.00493
79.79405
18.51994
49.69084
80.79763
3.6636753
108.47888
38.87731
219.89417
33.384598
68.48929
70.9489
235.40128
202.82426
39.71867
38.602093
60.80111
8.266595
81.140236
35.166718
85.610146
64.311066
80.1999
81.98912
217.98062
136.19049
67.37776
66.652176
159.0681
76.54597
62.36135
146.8957
79.52859
94.00508
127.87645
50.036377
138.6904
117.7392
178.66414
173.56828
94.9044
170.02312
82.971886
75.26633
35.117943
22.200954
46.335182
89.22041
100.55828
62.79702
82.59453
47.530693
78.11587
4.7693048
159.41592
140.22772
43.499065
38.734886
140.71599
105.28237
45.403725
79.459366
153.64024
164.50972
53.905464
69.93367
97.11371
120.77368
100.8601
36.46875
86.75816
5.6365924
0.15739228
95.7689
132.45375
60.427685
80.80562
106.91691
2.2261615
88.50456
78.50358
128.26236
210.25435
80.33357
221.1351
14.498953
59.973278
73.26181
75.37144
48.14924
47.357647
96.97606
50.501873
67.43365
87.045395
77.014725
92.5351
66.90613
117.73399
37.23542
48.432213
36.456818
107.33345
141.97481
126.46755
156.44356
119.55885
24.381903
14.282114
40.21778
55.775307
73.1812
101.43598
37.102333
48.98669
66.026085
13.52081
55.436817
267.0804
3.3837554
68.88656
95.9377
38.608112
77.13121
98.288635
21.269344
36.00881
153.9171
239.3907
4.4564314
68.490364
61.782936
61.09719
128.04874
87.41775
166.06497
101.94801
121.20731
141.93704
159.16225
42.221123
97.922775
35.816154
37.937862
102.36389
16.654087
50.435593
85.585526
67.083206
40.8141
107.86349
55.25171
189.05814
42.552845
147.16927
85.571884
5.427442
2.3032672
7.068288
68.27266
77.80011
99.3474
10.188294
78.39652
6.012292
38.48536
73.24962
69.54678
142.01492
88.25944
105.9176
90.21394
59.141228
69.779655
59.917763
72.18916
118.02551
4.7343493
49.349564
41.59787
156.26161
135.47446
65.68076
114.63668
77.24147
1.7666563
101.64095
160.53499
55.61506
133.06169
51.58905
130.886
1.2474039
68.60777
38.52731
55.31233
68.212975
72.901596
149.65953
126.60069
45.21972
21.448744
78.078415
122.8834
228.2291
92.11543
1.7314552
69.60418
152.73442
71.61709
63.61748
61.962597
201.3674
7.661393
72.878044
104.532776
104.072044
120.29576
51.38548
98.31543
44.835155
68.295746
110.109634
171.01447
89.53334
16.362762
121.853836
167.1243
37.8042
98.52663
70.24026
69.746
18.41855
35.61354
91.84381
68.396805
116.43162
151.86215
82.087204
66.13415
94.177826
15.778427
117.69891
91.233795
89.63583
144.2876
36.091454
191.6011
198.74844
86.19252
66.77898
118.55282
49.698235
121.785706
53.960846
47.429127
98.53041
28.20112
119.53813
264.52472
55.1794
111.41742
0.64565337
0.9812689
39.39542
52.773235
117.57489
59.969208
6.533555
5.137433
37.5521
94.76657
165.49333
201.19191
166.19304
124.00165
241.76913
180.5314
36.841805
147.0568
162.9592
145.28015
156.25291
82.34682
149.90677
248.54263
37.69229
42.816933
94.70287
70.39384
153.36557
45.736916
134.17325
43.021458
81.18577
45.42593
31.141455
25.432285
18.09187
83.90707
85.84217
15.871233
49.989113
116.90206
66.748795
93.9648
62.691853
93.7354
94.9528
221.25049
100.120705
179.63907
227.4259
85.181145
75.84553
68.08815
19.691624
90.72778
69.90966
36.10531
220.70694
65.20331
78.51299
107.7926
128.31036
65.2073
109.590515
125.41229
35.543373
19.511093
68.11537
84.18201
71.563805
13.961081
42.649494
122.28135
89.1519
69.653244
16.890455
53.314198
44.741264
45.114464
52.508667
89.43563
55.083637
133.1636
109.292114
86.90752
116.58926
121.81362
106.48556
31.671139
130.67953
11.939395
106.14879
68.560524
107.15255
19.374327
40.431526
37.302254
60.599205
114.1635
50.897648
237.50723
90.48966
53.938965
10.009218
59.38822
80.289536
122.95896
42.191746
44.1523
71.61703
35.820496
48.699306
81.935165
85.949776
70.62396
57.473553
20.506075
103.96067
75.972336
57.031727
80.60061
45.706497
175.03519
63.46218
17.358603
94.990234
35.770226
80.9413
8.213826
110.113754
54.01064
72.8895
90.09365
70.77959
50.988087
116.00541
107.01156
77.06526
61.87275
39.380302
20.311876
34.541798
79.90006
138.98146
239.97636
84.837875
176.3034
221.09758
134.49463
110.67622
84.893814
58.58199
93.04346
36.049717
174.87032
61.068306
64.98903
106.963684
86.20264
39.45062
109.10712
57.606945
41.49002
22.127333
36.212826
34.583794
67.94007
49.392185
96.12201
36.08395
107.578445
65.47744
99.96395
106.532455
19.639147
85.826866
41.206524
102.11473
23.034517
55.41173
40.42156
82.095375
83.18605
46.719704
146.76814
35.56979
153.73134
37.827785
109.44371
36.504646
83.414116
41.599964
117.44623
36.45879
70.83376
176.53015
64.6231
101.446304
3.1535726
19.59762
52.290276
149.29965
126.271194
79.46031
69.652084
59.352882
49.525623
71.910515
57.240623
4.578529
36.90596
70.17067
21.22329
65.5132
188.79707
225.5396
47.832626
114.97384
43.4719
60.142628
50.318596
64.5828
62.11723
195.8623
227.59258
279.73053
153.48111
146.71352
136.3668
135.48935
100.90576
140.78922
57.101673
1.0988228
16.061657
142.97672
61.96247
71.83956
126.08002
148.12027
140.27982
182.6886
195.62946
119.16341
133.75229
129.2692
47.656395
62.526176
57.674786
81.77269
66.1495
79.82372
94.27152
42.94981
111.597305
108.44714
19.019941
6.998925
65.65404
34.665123
57.16444
68.14288
73.61714
174.96123
51.32572
83.62868
83.45653
99.49684
25.115274
117.57481
84.4363
67.66731
3.0708778
76.645584
33.001305
94.040985
63.105267
122.48468
38.554024
34.757294
68.351944
48.05076
36.380318
23.684141
8.634298
13.562838
9.759883
146.75789
7.3340387
110.9277
60.82862
4.2476525
31.185663
133.78629
50.386234
18.024513
2.8822703
70.45721
102.66026
117.583725
151.39487
46.607178
52.388866
3.922678
50.50184
102.818405
97.72311
72.6278
43.89048
127.66472
109.61037
93.5095
103.33801
36.156757
16.753967
118.26418
56.115948
97.31187
16.609344
72.82576
154.54195
129.01198
74.75647
15.450644
34.25572
89.46041
48.872448
4.609312
49.497105
47.579433
1.4372585
166.51419
109.34859
65.596054
68.83274
2.0327773
78.6977
121.34038
50.30553
246.36821
259.46054
59.948364
121.79336
92.52757
53.431164
158.73135
114.88505
76.7072
55.441406
270.57803
4.475329
4.1788907
89.73453
103.11012
73.97162
63.18061
34.71369
85.16952
120.72589
37.26399
31.777798
182.23532
16.947254
90.522934
73.64859
150.5473
75.64702
114.92456
93.89126
100.15362
80.434616
39.70455
2.5119667
39.9713
194.36781
2.0485187
166.24432
113.81793
125.824745
135.78384
55.6403
71.26079
39.312298
87.61477
171.17503
252.42618
178.6695
236.16667
39.316177
69.25255
68.117935
90.77951
167.51926
36.567467
55.51988
40.059235
85.54194
86.70833
69.45641
83.42508
51.419353
102.50358
175.61578
50.133537
150.06406
160.45154
120.05534
30.581348
16.287405
41.354195
34.112747
115.710495
151.83167
37.48884
69.87306
106.6531
42.17271
87.34989
38.2692
39.260113
157.34561
80.66255
191.26501
165.46945
213.73022
140.13695
123.64687
88.907135
77.84376
0.7968736
55.09208
56.60653
63.850147
101.37487
17.69155
35.51683
33.560497
1.3394778
48.43123
1.9020913
68.306274
5.201602
121.69202
72.11956
34.06536
44.080864
50.988407
66.77815
120.73622
49.85617
152.48328
94.51195
109.40773
74.7743
9.645401
61.53828
116.71914
60.676292
141.48373
132.49602
254.21172
167.31122
133.75497
111.031105
37.647514
78.89855
13.652494
14.958288
53.1728
93.224075
2.294609
71.15654
35.651566
82.83839
138.49911
3.840407
18.527534
32.647987
62.63694
89.101
123.21128
86.863785
117.71773
38.553738
100.83456
66.72456
136.97183
113.2135
80.81331
108.98125
70.59428
92.32011
2.0921297
7.9556932
39.142418
153.22083
121.731125
46.682938
46.82733
137.13068
39.121628
40.325146
44.820698
22.107763
38.978004
95.62397
63.62577
48.32225
51.8365
97.18506
182.88765
65.290596
135.60593
47.360237
169.27318
23.026453
155.6948
48.140423
11.2641735
55.57963
39.36058
197.60287
71.69153
88.647766
120.888794
89.038155
72.51982
40.564114
103.8194
97.18834
89.21498
61.7714
71.636795
109.48335
45.71768
71.92875
176.92757
237.14621
130.84319
182.33994
154.12875
71.246635
55.55063
64.397415
47.20072
52.948437
84.89744
140.37605
124.79901
6.656293
84.31397
87.81206
56.985737
51.724865
96.854965
109.03113
9.792395
38.676678
68.96713
89.91587
111.47272
91.36429
93.768745
113.16484
20.447262
81.47381
84.360504
114.775314
74.36467
88.06529
6.018138
23.278017
21.510967
91.96973
46.864937
78.26625
17.669907
20.386618
54.866783
0.7022065
66.5863
69.206154
68.697136
69.85228
34.52157
2.4957159
79.37941
44.275482
57.313763
3.4874725
110.910324
65.75362
74.85376
137.97452
16.215565
38.08627
1.4125127
78.01099
34.22469
136.52815
104.0143
100.55429
94.55758
41.422447
4.250268
8.76816
7.213318
55.57897
140.4119
2.8834534
81.73863
117.94252
125.91223
59.980225
83.210335
23.795467
70.67894
108.423935
72.3831
54.89562
158.18051
106.80769
118.93465
85.50786
85.092545
197.52457
146.22865
78.786194
57.39036
6.384202
20.984865
163.8898
112.25161
200.2875
205.4194
119.285706
59.95188
72.667625
73.1704
71.61803
112.70068
34.04802
218.2504
237.5239
192.85608
118.550415
19.669613
84.84483
130.07126
188.98026
70.42119
55.35913
131.8486
51.03577
2.1469197
37.689564
15.519094
84.16501
86.908104
100.96855
161.23413
169.12111
157.50375
157.36244
149.48543
246.11044
68.3046
148.09761
84.79121
0.8785906
20.279057
71.911026
120.83899
37.2249
34.240044
143.5533
244.53276
22.792673
83.65651
8.623896
100.68642
20.033691
26.249228
62.550873
46.137817
100.009636
74.65712
51.620155
38.280357
56.571735
67.60232
95.91583
66.21538
98.045105
149.96631
80.91325
101.28947
37.985455
104.96971
61.667225
57.309593
160.22708
196.93765
4.363988
34.50811
109.652245
111.63112
58.07894
0.26916933
24.302647
97.91634
135.96341
96.14549
128.62657
5.126392
55.908985
161.43152
89.68167
115.74011
51.748108
52.938885
18.578472
81.682144
100.50343
92.62215
58.850117
50.32952
68.62964
2.5930307
138.80362
104.24337
17.991474
89.876526
129.96542
14.199968
115.233215
117.11932
119.73503
116.09924
39.13249
49.88872
93.13512
111.299576
108.523476
60.663048
84.92705
76.52804
18.746279
55.502045
68.71008
74.56706
85.286064
26.730932
97.32703
73.91991
104.580956
83.56577
43.90058
101.202255
68.7681
119.376205
18.71491
67.21561
73.744286
61.659588
63.174797
95.6573
102.36752
89.311295
153.34172
74.03423
61.10155
203.50723
237.93062
30.782715
88.25517
101.79366
291.65744
146.6779
193.84947
196.37007
130.29854
158.73337
159.69682
146.8445
79.39947
92.538826
177.43073
92.960655
61.45448
92.14149
61.079338
74.71259
45.13833
51.535347
0.9239708
17.96385
117.867455
52.66268
35.231895
104.70372
47.462433
23.052193
66.955734
51.729042
107.13501
37.449944
160.16223
85.87659
32.93712
5.4860964
69.16243
18.174236
19.511066
35.414948
97.75539
68.47383
4.4382634
144.93398
13.8563595
5.3983874
52.33193
76.08184
2.3755832
3.98876
23.377802
15.482862
58.0211
106.78994
80.97829
36.152878
92.865906
55.751606
141.77803
209.59225
166.07787
205.15
103.96206
90.71538
119.57173
73.53633
70.426506
33.786274
45.970104
104.67043
71.36815
134.96722
20.539955
66.87035
164.90205
113.694016
67.58898
34.446087
33.821995
71.83324
105.334435
86.04977
69.05325
8.453655
91.75598
190.75418
100.855675
108.539856
92.10125
62.834595
33.03211
32.978233
59.015217
35.85515
50.954475
100.67268
138.07903
43.87929
74.060036
81.35531
80.768105
52.93921
6.3146276
60.491646
20.054062
73.10043
185.52365
229.4998
198.77563
106.5824
72.053246
35.934074
25.481667
32.63171
87.51187
55.11328
63.552788
66.87243
68.81933
26.080484
50.58024
120.3989
33.28411
128.08401
69.78057
91.874214
35.587738
54.960503
36.71291
53.40464
54.002583
5.0237637
51.73826
62.84217
3.401656
89.10462
92.13214
89.48491
157.8232
121.9196
141.6018
59.364124
43.672924
149.00244
52.669838
36.49234
151.2423
140.62448
105.55293
151.94585
112.243164
211.17068
19.096401
55.02408
232.08057
87.397385
34.66966
81.557106
106.24455
76.13972
87.21955
106.40904
191.9818
143.43343
51.518513
4.4410467
73.59989
84.8655
65.50795
104.076805
138.86844
119.77612
85.069084
69.37804
75.94735
66.474075
37.67978
76.16911
73.84788
57.931007
34.496655
107.15831
46.317024
128.20065
127.659935
102.9907
86.21239
110.912636
187.20285
153.69621
39.310104
71.93796
55.22721
54.899178
71.72055
70.81218
35.336025
72.41342
106.13739
41.397793
83.381516
71.03399
124.20648
120.52998
80.18236
64.888214
36.393135
110.31566
112.66382
44.657925
77.45781
55.599243
91.041664
154.74602
191.14705
31.040161
85.81798
244.65872
88.42264
44.015984
36.921837
104.30923
61.15169
73.34712
22.535683
38.110268
150.06998
141.43535
131.70476
143.84526
152.30156
94.43094
64.98987
70.53554
21.054104
51.976124
25.912296
10.715457
110.76616
53.74358
2.2392247
19.53551
70.00446
111.732315
0.88591164
138.58286
128.08316
70.1641
90.107544
128.86606
129.72746
148.4613
303.32263
196.2443
47.091553
63.933464
79.09978
139.46198
53.983845
121.65769
86.022896
12.781244
31.927258
174.39651
16.172737
2.4678168
3.505897
88.306015
41.459526
84.60854
87.20095
18.661186
34.06653
44.566505
35.939735
60.072502
104.69159
84.67882
63.23755
70.73245
90.35056
76.442474
180.41501
172.59393
252.17427
89.08461
174.0739
213.22086
251.35452
209.27351
121.94216
34.927574
99.13885
34.340263
36.866863
105.5046
39.612446
121.632324
118.28575
145.74449
289.93015
261.90485
145.16318
171.384
139.07784
97.81993
120.49695
120.81453
115.385765
173.93686
128.09875
123.24974
220.87973
196.92062
250.5481
291.55225
160.91745
192.05354
197.24113
177.40282
166.87234
151.90414
83.417786
86.41299
68.67961
36.2474
37.06783
85.13037
152.49411
79.50602
116.19869
84.50204
94.537025
21.373465
165.30147
91.16584
108.26811
86.25098
78.10552
92.84949
165.16774
85.883415
115.11656
10.305326
8.0756645
58.716602
8.006026
15.103798
5.408125
38.70843
37.438698
46.18306
49.907738
17.69969
124.02468
1.6185738
31.737034
51.26988
50.529217
246.8977
146.22667
119.88914
83.79744
42.17714
157.84883
40.19738
20.964422
132.48509
37.69121
93.49466
56.35885
57.932312
90.99593
74.30696
190.45938
50.22442
31.381546
36.53463
37.591984
133.72173
53.761192
68.501434
83.01333
51.373302
147.28714
57.01345
82.09506
83.19651
58.28128
51.42727
85.73698
80.9619
47.120235
85.744225
75.98847
175.21577
46.366817
38.884377
166.03743
204.79282
18.109634
23.814417
55.62989
45.60771
116.70553
139.62912
47.999958
77.420395
153.4714
76.05993
64.17406
146.25577
103.376976
85.9463
143.96585
37.428635
134.48917
36.29284
55.5407
70.52648
17.377897
56.3413
48.201256
123.13926
68.30063
54.55741
108.013016
139.14108
187.0581
163.8964
69.08529
163.35541
129.71309
145.81161
107.62419
96.6942
96.2867
97.99092
199.62335
76.139175
102.482254
52.137177
37.9941
36.08253
53.69386
82.038025
51.681908
1.0519468
56.51827
182.59303
214.43521
142.16875
163.06808
105.247154
87.72258
86.74756
73.8129
3.374331
56.504677
78.999466
1.4992259
128.39388
62.528545
55.060875
57.645416
296.1281
107.80846
100.41567
180.1973
38.279167
173.30823
84.39509
53.496014
124.22243
40.68468
53.964287
52.54531
8.71379
120.60122
96.15187
2.0599673
55.571888
96.15178
68.51596
102.2415
36.492878
40.811417
51.030457
48.55824
95.28159
29.44279
52.17214
145.21616
70.781906
275.05804
148.04834
206.21179
50.677425
19.516226
50.48093
84.96248
88.84318
36.576527
103.43059
180.60179
143.6417
1.803003
5.403307
37.635563
3.9553132
16.49363
17.04359
31.815594
31.482082
102.060356
150.63905
69.11608
2.8903954
70.92502
111.01194
126.77505
113.43718
76.20577
60.97237
76.22537
60.888508
59.521465
70.67812
50.59455
70.114914
223.49191
141.09666
131.26103
66.07358
81.09276
93.33186
39.67205
59.400505
147.20503
255.11414
94.21449
47.546017
175.37306
198.78323
150.75218
48.21538
37.37571
71.041855
68.44494
18.086262
18.185928
53.72984
52.752266
92.97621
52.025414
37.930805
106.19692
62.161366
101.68553
92.52934
16.960735
75.11186
65.164444
167.96725
60.998817
60.77363
83.21001
90.519775
89.89116
85.58088
193.93808
36.577415
140.65085
300.4366
158.65211
80.00634
204.46033
50.510593
131.08084
121.70585
71.22926
116.60496
81.11031
61.405098
121.77505
78.3073
84.70696
36.769016
123.0894
108.43937
196.08694
182.41014
86.77044
27.397562
39.095894
85.64982
61.296417
41.042175
35.801815
53.32257
169.66612
68.87294
82.16716
94.76763
97.42058
97.59584
72.52799
190.91147
43.79629
50.363594
43.35134
105.33971
98.828064
130.2674
67.19012
70.56091
100.02099
1.8042072
61.799347
49.616375
124.74459
128.56471
114.05526
53.700294
68.21108
18.97367
52.135765
45.513557
29.473202
76.35658
32.865635
148.56042
58.246838
73.39519
18.298761
72.30417
160.78125
97.347755
76.92671
50.733997
35.840363
115.875656
102.441635
116.21177
84.46629
200.0784
95.185326
154.4259
256.0253
243.72478
246.22966
239.6679
187.82487
280.8202
274.7774
290.2436
25.772903
84.29597
144.65645
50.4835
81.18366
18.58787
51.86328
49.373386
1.4559399
89.55074
225.88834
107.87309
63.32436
126.94353
141.463
110.230675
55.436207
74.41067
166.98167
203.99791
170.31523
133.21872
29.995728
84.735886
38.13848
92.618774
69.670586
102.46599
73.345505
107.50173
21.497082
66.64319
5.4469385
19.599741
18.351963
24.397089
103.58645
50.35646
256.6594
87.39886
34.435905
146.2968
88.710106
216.76546
147.6385
45.524895
77.792
78.363945
259.25058
95.86973
57.666344
85.42244
105.443924
2.1585248
64.330185
105.67686
62.905357
50.7577
116.67484
39.73632
37.05152
121.48711
142.1546
147.4877
84.87583
53.167255
36.772205
51.993427
37.06563
67.83903
70.5605
65.69063
37.287987
42.174343
3.4567986
49.750023
97.58736
36.095364
68.74031
36.913586
5.999961
54.43751
78.976456
149.22636
18.637133
21.697424
58.43518
72.97548
60.435616
36.499634
17.242983
34.49163
71.94032
100.65461
10.533766
76.96013
93.43114
62.277344
115.85109
2.0487945
68.708145
5.406066
40.130707
67.42473
59.37381
40.48545
72.62947
60.64496
107.92515
58.03573
50.438095
63.159798
91.75252
108.70213
94.33517
64.219955
147.85367
234.91292
178.90965
179.41489
193.69655
174.02454
98.03823
65.22404
71.8535
60.721233
6.1437507
150.46156
74.212845
37.34591
93.97704
79.31358
47.56686
35.170773
127.541306
136.66434
43.344494
106.54
145.4936
62.142967
165.73567
168.64534
52.90849
100.68078
138.45312
37.559566
36.643616
162.37321
83.802536
98.549965
69.61991
51.020714
115.65796
19.31063
83.980415
69.73541
15.257111
37.514843
78.87047
91.078995
41.709938
18.753212
88.158615
175.41653
144.1249
103.66078
92.83331
156.43178
70.14542
137.74951
118.135155
260.8594
216.38284
42.297737
75.982216
5.979889
172.52751
166.9068
99.85111
53.643898
36.602806
87.68077
51.49309
67.64548
34.479057
37.073254
87.01852
122.99812
0.116380095
34.33
52.134624
138.75302
154.05522
110.152794
91.51062
85.72144
147.53513
40.70494
89.85598
17.04067
102.11308
1.6982105
48.02725
84.48103
93.93357
95.56704
19.32954
107.93069
92.685165
138.49153
202.24301
100.3131
86.75959
51.529915
123.78693
124.48875
76.08562
76.34757
147.21292
17.46963
81.74986
55.96098
185.39813
46.829002
14.397601
163.69597
1.9348347
97.17793
56.682323
52.510326
67.53926
45.10919
62.59083
72.8979
35.431988
43.68978
76.2563
19.56586
50.324474
33.453117
52.927307
4.3706675
77.67686
74.92562
86.94781
239.68877
133.8804
45.8349
40.486908
17.655224
83.906555
74.13474
112.5613
159.62769
60.216003
140.456
159.00543
38.658775
121.370834
88.54649
88.600204
107.74568
50.086746
37.504402
36.181686
149.81705
101.40221
96.00175
127.02692
108.81545
100.3315
148.22751
179.56534
166.36382
106.07674
88.66899
95.24418
76.75807
133.3813
137.21191
191.07011
126.662186
173.15645
137.74226
119.56201
134.08418
52.99299
16.96837
24.74177
85.12446
48.84897
85.6936
36.026615
52.395714
156.5166
5.4370522
89.49743
45.775597
5.0198183
116.431435
200.45671
143.58162
19.078426
127.36644
317.7608
68.526184
185.67586
133.67319
155.95955
163.37871
225.52507
101.17067
45.958946
34.11911
135.33261
88.9481
196.67905
105.95408
49.71122
62.808952
38.14034
36.238125
140.52176
132.67764
111.28196
33.662727
75.94542
23.969528
34.51232
101.534546
37.98479
80.664696
85.41266
73.93064
68.767075
85.931625
26.866894
47.8314
41.30726
204.47997
135.94191
163.52536
131.27621
60.674225
55.22666
97.35286
95.01701
97.37233
188.15526
142.79288
80.21288
63.143547
40.120052
104.29317
173.84305
139.05267
151.69981
150.66861
80.81767
101.63693
54.30532
34.853676
88.157974
78.84358
110.588486
145.80014
96.99519
37.929802
67.070244
17.329933
49.94058
22.153866
68.5302
18.609941
32.8483
34.310814
105.2277
40.06269
48.91897
138.24829
51.56825
188.81743
72.91906
20.599516
34.373104
2.5651798
59.93584
9.826736
35.21016
54.285698
1.9251646
131.9539
130.66042
128.71434
107.2792
197.48555
252.2605
208.40579
143.20323
162.33455
80.18863
59.870888
102.76344
72.504265
93.516235
100.55155
68.05982
135.53188
0.4652745
48.13741
51.28545
43.93338
61.088585
141.02426
14.463381
56.219948
29.050034
116.10348
66.812225
40.34364
33.495613
120.95276
98.23663
17.490894
100.08811
75.287476
52.430256
35.217415
97.37725
118.70457
47.764915
157.87746
109.950516
144.45312
50.16999
61.003227
132.34653
68.2531
50.8138
67.72728
53.176445
4.342937
119.020226
41.217964
105.99609
174.1698
105.115036
138.51074
25.41783
93.67346
103.91382
163.6185
122.21571
45.58761
36.2463
128.94565
63.582375
38.09658
34.781807
62.393047
2.3370135
8.944889
18.817257
0.5059065
1.745891
15.706411
124.73875
67.54238
37.725243
67.7118
37.35137
70.187225
119.475464
123.30868
158.05762
83.29378
287.65414
240.85425
265.536
311.63873
77.38628
93.57582
72.409195
168.83383
75.545944
115.90535
94.38324
75.7906
75.30119
142.59315
137.81735
121.87956
110.09702
137.13889
96.329025
132.147
88.49165
33.163303
39.524555
201.01372
184.19179
101.482475
89.10093
70.84746
36.722767
104.4338
74.17318
73.08159
85.89148
36.3947
32.09869
84.56784
70.62117
31.79694
50.76779
17.9253
41.212254
200.64896
8.159998
16.219576
29.672068
62.50395
139.17989
148.84535
216.74576
161.81383
106.03868
101.16874
56.489685
74.095146
70.8669
64.37919
186.64235
157.36295
34.714924
33.424446
16.064613
112.36196
126.93416
59.56886
19.721786
101.35563
198.64778
102.54878
101.15363
155.43333
276.7752
134.44681
261.24695
69.10943
33.75153
34.912106
5.492374
101.34709
33.674164
70.554344
55.55581
35.901787
92.375565
3.1905494
40.32657
66.4437
93.57051
121.41667
174.34055
139.55466
86.60585
189.78355
267.41745
193.87674
138.688
145.06467
183.28516
148.78607
151.4195
88.71476
109.08456
214.84164
154.39194
151.46603
61.42279
175.64824
103.60665
167.94029
81.02214
177.65193
88.32833
72.01653
37.874252
52.687042
72.220375
83.19612
49.411644
62.232643
67.32483
54.77768
22.83128
134.31946
19.002464
139.74716
13.770241
91.18721
8.095174
5.521848
65.93362
47.67711
101.1175
67.535095
84.65059
36.298183
101.92479
111.78534
50.71684
146.42795
146.44514
61.11477
142.47006
106.18181
125.14457
109.93272
46.804607
125.46718
147.94763
125.864586
81.96656
67.46569
75.006035
140.96326
92.53424
100.95632
15.494878
14.995883
79.74415
104.51665
0.18616463
157.4253
49.699932
18.733692
37.095203
55.403942
99.04002
34.51731
124.55919
100.06295
68.24503
108.84361
69.40873
185.69054
100.25484
118.34392
95.76875
169.57327
106.65537
3.8515656
34.630775
78.445694
113.9839
97.37512
71.978065
137.99156
53.054974
58.66691
166.74075
63.664856
101.02312
49.20494
79.28656
78.23534
191.60458
142.75652
46.752274
74.3465
49.775574
203.2302
12.965696
84.1808
81.12654
200.42494
103.57764
201.98128
184.75357
212.16655
129.2516
172.2435
250.50557
103.414536
94.03691
200.8011
105.150314
106.48763
69.7316
190.25974
81.13178
58.155663
21.55128
17.781673
47.58497
38.176765
47.71371
50.46508
51.586327
114.48118
68.729965
2.7650917
23.432613
67.302376
105.273575
58.073997
51.29232
95.87026
38.07971
65.60784
211.7749
93.65975
171.5278
38.490795
33.682842
18.052526
15.875101
80.1772
65.90893
37.179314
74.08638
100.675545
24.742321
60.6526
209.98743
88.76262
134.059
65.86755
98.63883
75.38572
139.7969
153.54054
118.01561
99.23473
184.38905
98.7502
145.76416
259.03802
396.41953
48.227924
53.48601
82.97526
66.3442
122.6494
53.600506
51.564014
84.71934
128.78844
279.2126
230.11401
143.38907
55.707287
59.047108
88.3568
62.554863
105.340065
122.51332
73.483055
215.42595
137.56393
232.54646
45.86805
93.091354
130.73103
108.8053
208.61848
71.6279
73.72738
118.29292
136.11618
21.058376
18.971905
4.652704
5.72312
0.65772045
3.0634105
91.1265
79.776794
64.603134
114.49519
66.01862
113.42993
106.39018
101.84027
86.36608
86.024734
97.12935
42.57445
18.773054
84.57797
76.794235
90.5008
35.93693
54.10198
112.47488
79.98154
57.341217
85.59464
74.37871
190.67537
146.06314
240.37973
137.93033
50.426258
38.570686
54.939415
52.436413
60.088264
87.86534
44.90513
17.637012
69.804504
48.194202
72.72383
61.37101
65.13845
134.2608
103.12463
68.87581
34.800545
53.768486
50.00189
69.97983
265.4967
63.264637
38.23771
45.030006
72.20955
91.21022
91.11128
34.70589
83.75303
17.264967
83.61192
18.9679
32.590153
35.51429
77.34752
118.39803
216.54324
178.4209
348.13312
190.06168
167.89557
141.74644
78.722565
120.966675
38.415016
66.04574
82.57951
71.08464
21.180521
4.548597
119.60781
100.5732
48.714104
67.96977
48.877728
37.024773
37.535828
108.408066
13.951953
66.2888
47.175255
79.64863
261.9481
151.56233
113.99192
110.92672
193.13547
192.09065
29.104877
52.8796
42.506042
73.04408
131.58975
40.874836
92.691086
41.531097
14.888556
100.22868
65.33357
21.159616
47.31053
86.595055
70.03843
133.16655
55.714577
54.845074
112.548294
106.22154
48.458286
145.12857
162.02286
88.05676
20.403347
22.926945
54.063416
20.569557
117.001015
2.9715753
35.185143
112.63678
48.84548
102.877686
22.701027
109.26233
76.64997
149.14046
91.374596
17.950123
113.765884
132.13766
107.84139
96.03108
103.44523
37.54691
3.9003956
14.799848
4.106818
77.17258
42.75187
33.961296
47.279594
183.62033
69.25058
44.80941
119.0203
103.034485
3.8000069
94.18608
110.047
38.762524
87.36922
95.28557
4.064151
18.28296
97.68005
48.95307
32.314346
116.434975
58.689857
47.421528
83.83891
86.38528
83.47301
70.649826
54.866974
105.807205
42.750397
75.49889
47.53989
92.364136
52.612213
106.128784
99.84633
73.24174
15.443347
67.68331
51.59884
101.52669
15.152952
74.44238
51.38971
173.06136
17.465717
57.527008
17.294292
20.107485
48.627728
52.91753
53.361256
84.46059
85.76298
39.86493
0.18922363
80.31959
72.70074
78.96681
143.64983
117.64211
188.79356
40.40771
53.254066
125.892685
76.253555
82.6075
35.64966
127.22203
166.9209
116.39128
150.16805
49.809242
71.30867
149.72472
151.4407
55.67442
62.878876
83.90398
69.17719
184.33084
117.22894
86.71074
64.81523
113.781235
63.888844
173.73204
64.64635
58.644367
185.206
143.44351
193.87106
100.563
100.8524
108.75635
88.219376
37.84631
18.5535
68.018295
38.368687
193.7787
46.170483
75.45047
167.37952
144.47456
139.34775
120.0457
116.158615
158.81638
46.184574
129.36288
90.71327
45.292236
46.9466
113.11314
101.02726
105.86033
42.32491
110.62083
39.25469
60.2081
64.08964
117.35039
84.78443
62.042145
46.91059
66.874306
58.998047
63.306133
104.19426
71.96163
104.17177
67.93237
139.82777
106.45917
33.742607
52.964134
87.76096
15.3028
90.35467
38.576027
32.765553
48.21629
78.4122
60.708534
38.620815
24.68406
45.19543
82.83676
4.691942
87.15082
103.0247
89.44783
56.442535
3.8369136
66.32028
103.188095
15.9813595
21.964817
72.0833
88.96327
150.54843
238.88553
139.12375
34.698887
58.11399
99.46821
119.891685
53.1186
33.787556
41.91748
41.558388
71.13761
121.87705
60.356865
65.90736
41.46659
68.49072
63.637817
49.538647
101.63648
106.78713
89.36263
45.71451
35.60564
50.667004
57.611908
126.83585
37.253536
5.231256
81.0001
60.411835
104.423805
53.188057
141.6042
88.886215
2.0404766
54.5619
42.400307
173.10028
2.8150258
17.90694
68.89154
103.56577
30.917044
0.17579617
70.62734
45.125923
96.12622
38.200523
4.591443
44.566
31.516958
17.094273
51.124622
28.83396
143.56412
214.86703
225.52449
230.55225
41.112617
95.57702
120.408165
80.78279
88.51169
138.41061
41.440105
166.39384
33.94668
15.714523
86.992966
93.12717
2.8131728
92.396805
107.38735
74.91484
138.10207
57.484344
74.27966
88.2323
85.6031
36.380623
71.68186
67.029236
84.662506
80.9584
70.12783
85.478264
38.052677
51.641693
68.701416
40.123592
26.906025
46.630283
65.08033
37.335865
69.22465
70.00423
104.1381
108.01389
100.57022
76.7715
48.57206
55.334846
59.444633
128.54558
166.21706
208.87366
224.51204
193.53514
113.12968
187.56842
217.90901
188.806
113.85956
273.7306
106.72243
92.68712
77.71074
80.5695
81.53711
142.55887
57.059692
92.432045
214.89275
101.74021
114.16313
80.98549
77.33383
95.06401
172.69263
123.425514
108.5176
108.129776
4.3870482
2.6456294
40.189865
96.51753
77.726265
87.28798
87.04313
102.86605
77.62674
48.538937
175.96396
105.82057
17.591679
64.17174
90.10554
46.877304
81.52541
89.31816
145.78943
161.61392
157.44975
20.297897
23.792688
24.856922
246.37471
38.675076
58.991833
87.92781
71.34859
99.90258
72.67694
72.65577
67.799515
45.36255
177.3633
117.144714
38.50744
98.009155
83.88112
50.565056
36.577938
33.844715
74.88843
112.804054
113.61748
90.39852
126.591324
58.190376
89.97075
44.506855
126.346085
95.942825
127.20471
75.94834
103.74077
51.47574
22.110186
75.61024
88.895454
56.742638
69.763626
128.21367
71.886536
3.3165054
101.77731
162.6162
86.49246
109.869484
38.651012
70.08099
49.333023
65.66057
53.60742
49.883198
92.56442
18.885618
19.529968
130.6774
179.55222
110.97717
66.49095
89.68388
181.537
68.71254
181.22478
105.46129
207.9523
137.40692
87.210434
70.829544
129.62033
87.687386
147.56296
148.24988
72.2568
154.55644
149.80391
99.66784
25.885952
102.73806
58.907673
73.90746
102.66046
1.9859253
105.961754
36.24517
18.33571
81.660736
110.99778
137.97801
128.06262
173.32832
60.284077
35.084587
56.091564
38.96145
39.312424
66.75551
58.154297
145.08983
60.79187
52.950054
78.73571
83.19802
117.32865
97.05678
76.182945
131.42213
85.2297
132.33887
60.023445
70.074165
54.992237
84.185776
78.71861
138.73767
32.310856
93.5782
70.44366
99.78377
47.101357
102.73186
36.42369
14.927693
80.08501
152.91165
166.13976
219.45422
127.55752
126.30376
56.879894
52.49917
67.10654
36.508205
77.10929
16.654192
15.843666
31.453918
86.19767
17.487299
66.425705
109.94678
35.90596
138.3436
52.48626
47.084175
264.17374
67.26143
77.49916
59.324883
85.58129
84.754166
156.52167
176.00085
153.85007
153.13591
76.74982
108.811646
31.48265
66.06624
62.465446
150.26286
38.59449
71.63155
88.82567
54.08953
192.00009
21.322021
63.584362
103.98564
2.074202
1.5304022
4.435691
55.555855
84.32576
36.45326
120.98802
46.978573
36.080036
61.004173
85.57974
5.2237024
106.38234
51.038307
67.44326
49.001183
175.25688
4.677238
71.815704
94.92468
55.050182
36.90914
25.190342
20.551096
185.98375
120.710205
30.60795
31.334835
102.15732
66.502975
73.64609
78.47614
19.73505
94.10179
3.658441
89.85633
2.734582
7.9343596
37.223537
17.464758
65.7739
121.21771
206.2718
152.8167
45.534096
199.74684
152.01501
170.50842
56.97511
51.588562
34.784256
159.43604
144.40993
63.04995
77.80677
36.96607
108.44199
43.48319
105.7333
134.97136
48.039177
20.0155
68.97685
36.003746
114.7097
216.39868
86.68578
132.54268
171.12129
90.17938
175.58658
64.44548
84.63642
70.70384
69.64851
2.739354
93.79021
155.36049
225.1799
243.93948
114.17384
157.88013
49.35503
77.55188
52.667427
114.74878
164.49078
3.5655608
38.559505
86.598404
80.83305
80.096176
89.24501
56.191246
127.22707
119.53508
111.035484
31.658066
45.99981
197.47096
206.05338
59.861565
101.27789
142.675
61.27716
143.66255
51.689503
180.72865
62.681175
106.420364
36.582874
18.280798
57.568123
255.0679
148.88834
56.084076
35.686954
46.250008
106.48131
184.39143
36.04164
14.76666
83.93758
70.84778
67.98085
40.25149
84.193436
101.4754
34.801456
2.9922843
48.37789
64.652374
4.580652
37.371437
103.3802
86.87193
115.34361
185.0741
52.37575
85.90104
36.317062
100.463356
103.15875
72.26126
50.95853
160.27853
125.43811
89.66315
46.45176
142.46501
77.45735
110.21116
48.17177
86.51438
10.481173
75.62904
127.645546
120.26698
88.44699
49.38363
2.2384646
30.374863
59.06202
165.6014
172.655
93.461365
141.32779
120.72948
98.371666
79.4626
72.45158
17.303148
32.170624
131.93741
132.63292
198.14597
139.92218
66.58901
35.437553
31.290442
89.73879
102.85808
87.8728
41.391006
99.251816
93.74394
93.64448
35.688175
80.87273
89.43538
127.168846
97.70397
32.353737
36.739544
42.456818
66.69863
53.68635
49.596695
143.3198
18.393599
67.55444
29.308353
68.85813
45.973434
113.06947
160.26512
70.22581
86.20019
199.28397
71.57252
52.756958
135.7836
84.57277
44.302956
138.81204
29.969631
200.4097
177.936
160.255
140.26341
128.31058
50.695015
46.026596
153.12323
85.889084
105.14689
46.92987
111.592224
221.07388
101.79607
190.54901
144.62709
178.49788
114.60016
144.60008
217.29712
94.479034
109.88936
166.65721
125.29977
82.642204
46.574745
26.53185
120.882095
52.40862
175.11775
36.570305
68.957565
115.29991
182.36601
97.27266
111.95567
17.126787
36.718025
119.930954
101.94673
72.75357
148.66333
145.02864
104.1791
78.21755
195.82967
186.52156
149.79745
269.52386
96.83303
34.82773
74.78243
52.075428
18.941196
150.52504
76.92369
35.960945
19.810127
121.25629
15.620642
64.41026
27.283138
88.93066
39.500584
77.66399
92.75131
39.727932
82.983154
39.41111
98.85728
68.69495
71.78459
69.878555
101.07441
68.182396
66.32502
82.00591
35.10041
37.215145
114.42296
60.884758
78.76851
38.556343
88.36931
182.50787
209.40791
3.5875745
54.372906
83.044044
37.9737
19.244564
35.02013
20.52283
34.10525
102.04585
53.714607
18.072678
4.4438167
38.75219
12.834346
33.49549
117.29639
34.69249
60.81059
34.161957
39.19186
22.780697
64.761024
28.821491
0.5811213
63.565186
94.1139
75.694046
102.37477
52.30004
141.9614
131.60153
43.91968
69.85155
111.81637
35.619595
185.7467
90.39021
28.211014
75.25549
80.71905
139.67892
103.69476
109.2083
45.89371
49.281593
105.50435
140.58434
82.2446
90.56077
93.91429
84.05194
99.98346
86.7152
105.538475
39.41164
55.574257
83.27036
10.059827
84.47203
8.498868
51.223072
114.556885
103.89585
2.0151467
101.80098
196.02933
134.28835
143.28342
140.03508
134.56831
61.50225
51.48578
162.26392
42.484684
3.0617242
4.3071475
83.31929
114.4225
118.4218
110.39191
52.018147
109.7971
76.08154
33.958054
51.53108
153.22794
62.745125
57.973034
2.5855274
96.02971
54.354187
52.478405
40.030052
86.07665
35.693043
18.359062
44.486557
61.56765
82.38747
4.7033834
70.66876
317.35455
84.2181
120.124435
53.264038
18.27103
3.6052234
72.793785
115.31755
17.576569
17.934214
18.172585
34.20798
49.77814
74.27672
49.111
84.75511
98.23842
130.99883
49.974777
99.496376
157.84474
24.101376
118.10841
3.3310096
85.45226
37.8796
52.336292
81.20601
4.786717
33.161762
53.36781
129.93912
3.9613972
142.26028
39.273956
80.66824
60.354897
69.79155
73.99895
35.121063
82.42925
86.73018
135.1759
197.48792
116.967445
133.3604
145.80838
189.88165
258.1458
211.514
45.11167
173.8497
33.672318
42.29641
62.568157
43.645214
72.3069
98.50245
53.272907
85.828415
98.52542
38.168873
75.19384
104.96858
222.60324
159.31575
128.49216
152.22867
14.855535
50.77256
79.92057
21.258917
53.707855
1.0637361
156.53682
2.359958
5.754285
63.457855
66.60533
23.090311
53.027443
92.01822
6.5451713
53.219402
62.429943
81.698265
66.80375
51.44941
0.17970635
177.3204
55.02046
2.9654841
67.05646
67.90572
34.128918
86.36063
74.31597
74.52177
35.36635
21.401894
30.377018
65.173416
138.15842
13.97094
90.822975
40.434162
77.439026
73.68428
184.27853
259.57245
201.87207
210.27177
85.80046
99.29194
130.06055
159.10667
62.374775
59.05993
161.57303
143.49281
116.92566
80.862656
273.90152
111.49916
191.71101
67.68239
50.17628
89.89044
22.667093
70.39122
33.019814
151.7015
42.70551
5.432754
14.161224
24.960245
38.105194
70.05557
39.316994
135.48917
0.6398295
24.90921
90.544304
37.73043
111.07151
82.71806
147.91507
18.455523
84.6069
51.003128
25.975254
162.59775
36.96183
34.270035
15.291376
19.131529
144.65744
0.107856214
61.687904
67.84558
53.59793
80.32734
1.5342996
98.94203
58.882843
34.62276
50.270714
177.79898
249.86362
92.954445
70.49809
33.168953
69.03664
145.21133
88.9176
72.67223
84.12022
159.01703
80.80851
165.96915
102.98399
48.166332
65.825905
40.90324
6.7746453
26.460346
42.111656
26.255295
23.694033
0.2016283
41.5196
50.923523
95.863846
35.02925
54.184853
50.541008
39.476738
41.133026
105.59827
108.52008
77.2416
81.703156
185.86116
197.02116
62.06297
40.974876
137.26682
31.668503
35.05936
18.815702
60.64402
114.459854
163.9864
99.372154
188.08334
165.75311
116.405624
31.843472
124.07322
27.99234
69.893166
98.47923
47.658405
95.672615
43.58363
101.98454
85.15621
93.174034
51.19546
48.995003
152.91647
134.8195
14.6917095
36.74816
39.798294
14.04303
37.46613
39.3468
75.73801
41.90928
17.917587
15.59022
87.86124
56.176067
35.41532
67.90481
95.43779
55.156384
70.51705
68.42589
54.355244
86.64512
154.02173
99.716255
38.645382
56.620636
95.2198
53.080853
104.279526
101.68075
78.21178
69.46082
65.20021
93.57009
103.09535
34.098095
105.70707
53.077515
54.12786
56.102173
35.905987
80.46872
59.99404
29.444357
96.622246
93.695694
84.889534
161.49948
3.2591884
79.99329
69.48442
64.03407
89.36217
152.80652
88.04791
33.6059
36.823235
37.416256
64.0628
41.798412
82.27546
178.65488
46.790344
127.02753
76.6933
96.380585
110.65092
175.21815
159.1655
110.428406
43.554955
159.62766
68.62833
119.49507
66.85597
6.1272593
29.168446
80.44249
27.741486
3.8799844
55.43876
19.60816
101.66731
82.60744
118.39325
81.88774
91.86084
51.663635
84.3466
37.189365
78.65972
68.81708
2.2196217
139.68161
198.0539
129.49219
131.9035
33.44442
53.78944
54.29125
2.7729468
66.989136
45.58337
51.411568
49.390343
48.019875
70.244
129.41537
83.06187
88.65676
115.238625
2.851869
78.51127
85.07756
73.97041
71.21687
23.941921
81.98149
55.578667
64.356804
53.104534
33.532272
91.92685
54.42412
0.6281091
35.692345
43.961193
84.05964
37.519676
34.18346
39.33566
70.881874
117.1729
134.94272
99.68052
69.395485
78.2438
53.37632
35.956074
31.84582
19.610937
53.297737
169.25029
101.48148
42.850807
50.18612
90.62709
81.794235
112.86118
49.616535
60.673573
108.13413
70.3192
37.160374
71.65707
88.91598
84.97856
20.462727
65.44336
34.26834
104.68236
23.48515
52.4081
58.81062
34.587288
79.7328
53.939026
2.040235
4.6881366
70.12681
69.65628
123.84235
144.59586
37.566776
142.89636
45.106148
83.94794
131.95189
77.21487
106.35618
31.875757
60.45445
116.85567
39.071533
65.27118
7.0753045
14.865611
45.652905
154.62859
118.939064
14.17406
104.033646
134.48665
35.809048
35.473366
96.56224
89.50943
70.31128
37.529427
70.538895
0.96896046
91.40885
69.23791
69.56488
66.843155
72.934586
34.400024
95.96095
78.25218
17.956919
63.693977
13.601599
42.97058
176.2199
153.49231
157.71916
191.86826
37.57875
35.575966
141.45648
100.39455
17.582544
7.5467253
0.18235083
59.011024
152.10237
76.94862
87.87156
115.1693
135.22397
211.00253
116.32512
134.36087
92.08833
17.032803
221.23589
153.49594
1.7035707
33.467354
37.378433
67.92241
168.16425
34.314445
105.00708
44.63047
61.585644
63.80706
185.53354
90.49016
58.725273
91.005264
121.58376
45.19114
16.568665
85.46154
105.42783
103.72339
102.012634
72.70116
37.24828
38.395157
62.39231
15.673906
30.809301
42.051258
138.94943
75.45985
3.7496853
69.04605
80.72368
63.052174
69.52771
48.150574
52.365448
72.13663
85.65055
232.68816
204.9051
64.107796
51.433033
46.06601
73.18299
77.14591
40.076054
51.181633
33.879345
197.51329
147.03221
84.852036
166.69147
102.105225
75.33552
68.47223
159.04395
138.6901
134.34404
115.207726
102.5563
206.0264
104.6555
4.461019
84.70192
40.57171
107.962906
58.0366
64.7386
177.52739
154.62068
175.17342
101.12608
167.09099
160.14229
210.27644
153.8427
221.2598
46.181065
90.064415
42.200752
39.378643
102.83606
73.81508
31.663914
80.844536
3.991159
64.69251
78.932175
47.2798
119.748146
130.7207
128.70035
133.09521
111.85057
102.98246
108.349976
39.475845
101.891525
55.64795
51.049786
75.271385
149.09622
87.856995
17.110518
33.787174
41.088646
9.400765
49.277424
141.00372
33.457573
82.294044
120.57872
81.38687
109.803444
49.20296
69.53926
77.85937
119.45445
226.45882
131.70572
54.23858
105.41272
90.99613
81.30384
48.999752
87.30223
133.33194
63.437767
83.34861
73.36068
83.00067
131.21451
40.1603
30.629557
16.75136
186.49545
39.09957
107.49929
107.30597
51.81533
110.43175
60.412434
81.98973
43.388153
59.476856
135.81139
53.630287
121.09412
83.34397
74.28194
73.38963
55.410828
109.52022
76.00191
124.33944
126.25173
31.604996
78.69404
205.01358
86.499855
90.72815
37.10928
93.138466
50.23191
116.90212
154.54945
52.50932
47.367413
87.498184
122.733116
91.54367
61.6279
159.25502
106.95453
60.455193
61.23764
94.6805
57.617016
29.990458
3.428678
7.7194266
80.74139
6.019708
72.03006
45.174385
108.02693
57.441883
160.87216
137.72333
158.99362
37.493736
52.514122
32.546097
130.98166
147.56352
64.40421
20.067936
69.8662
2.7034545
64.48319
132.22075
86.54535
38.967712
60.07086
167.45265
179.7269
52.82067
121.4847
158.85486
16.634205
109.706116
142.91353
116.19694
35.16842
40.732307
155.9631
81.07684
82.67297
35.882225
109.36047
89.7084
54.59382
158.62563
88.48198
59.13723
41.99048
78.29805
38.178818
73.77721
81.67095
58.526142
118.156494
4.951463
42.14737
18.49964
69.50337
88.46538
47.12227
105.45375
40.284164
50.529774
54.964905
40.473022
74.883194
113.4407
167.2024
165.41245
119.420654
92.9012
37.650833
74.00409
33.55051
18.468426
26.585363
39.254387
68.302475
50.376743
59.826996
137.1866
0.38043326
58.247448
210.55635
80.48294
110.381836
117.32379
77.50221
85.53695
180.50528
2.4737945
2.7969198
2.2836668
50.197796
118.007324
100.92665
202.20297
42.760822
42.49392
119.81278
81.02338
10.399702
113.12102
57.58944
62.409912
141.01285
90.21249
115.9808
150.36612
137.33835
41.641853
71.50334
13.008634
48.452717
49.55566
106.356
3.4644294
38.930202
71.5609
119.86562
60.885265
38.50814
110.133606
89.010216
85.00006
96.39969
218.08643
56.703125
16.742756
45.87871
49.451714
91.87224
50.43793
121.98816
91.350174
32.114586
32.873116
16.41753
18.060617
79.67042
62.530525
143.73936
1.7032955
85.36631
151.70164
91.44115
75.4786
17.135454
77.12248
53.829323
75.606186
93.701126
53.979485
34.334038
60.166847
155.9014
110.74159
150.21436
160.56526
43.755318
198.6008
94.22484
88.042465
85.44899
114.27584
124.52407
41.42711
15.931338
116.00517
3.8994431
79.94877
104.882286
38.602222
73.7382
42.34968
99.89812
73.589775
65.94386
137.45135
158.52736
99.98726
81.87498
34.30417
68.822815
136.91821
166.44612
35.316696
59.831867
3.4693694
36.918373
20.435589
92.06517
174.95837
118.35014
48.654152
57.207775
130.71042
65.00456
5.750823
71.996185
180.29391
80.82807
110.71377
95.15191
148.67781
70.43292
119.72496
125.740746
100.06794
85.04755
61.05736
84.797966
85.75716
73.5557
206.21957
103.933945
100.645744
84.43877
4.475407
53.846386
114.478134
100.48048
133.50983
116.70711
54.682404
23.658413
67.52691
16.248905
67.25975
126.51473
38.72075
62.3702
0.4879685
68.41475
68.92659
72.57697
116.55054
74.08943
249.58725
62.826763
53.069897
5.867093
19.26606
78.83464
105.385864
107.297226
106.30314
97.17445
88.822525
39.41961
182.16084
112.60277
81.17977
87.22514
37.364803
110.534164
39.861713
108.034195
80.727066
20.85553
70.63557
114.66551
34.22616
49.083946
67.67049
107.92706
124.30505
172.13895
193.92989
199.73293
130.01642
145.97311
110.24689
22.251822
149.96317
230.58061
129.78279
19.449738
52.79651
68.48021
99.983826
94.483185
56.55966
22.74413
49.78845
52.676563
53.188873
156.60448
128.89848
49.411232
32.1568
18.62294
66.0406
105.2369
56.72523
201.72775
184.09021
16.781063
14.54167
30.80547
188.42024
134.40259
35.938637
37.898006
20.46616
47.46681
134.44768
15.431314
33.782593
82.94801
136.47621
35.041832
17.318073
98.26985
92.0672
81.14933
17.899088
86.28444
192.31725
194.54102
85.90785
106.387184
98.384796
30.848654
73.7612
171.39432
78.85404
81.794266
31.776455
112.82436
103.756004
189.12962
161.22745
157.22256
123.84035
169.6927
174.04762
83.56569
105.680214
117.47102
104.68254
69.93615
34.859444
87.08114
55.44976
113.283005
35.28995
17.550795
63.2081
71.99117
156.30582
172.62679
93.17522
107.74996
54.710808
135.85294
36.289024
91.027145
89.95079
40.53421
96.99782
65.87501
90.05831
56.030785
126.44513
78.43072
100.748184
55.95812
107.58696
55.80075
63.210346
69.21642
128.06793
102.727844
100.30033
96.87967
89.87623
34.616264
72.23629
103.528854
43.842613
36.79164
23.050777
133.41476
8.090193
98.01042
85.89226
70.65966
106.627365
115.160255
213.30356
145.54176
155.73163
194.19197
21.133604
51.097
162.25603
87.34936
19.305134
35.70173
46.59736
40.63522
59.009705
54.50907
167.0508
131.80222
95.71289
145.39072
109.49821
141.65572
162.92819
74.493706
82.287766
36.403145
67.858
209.0319
126.84023
37.589405
28.13736
81.44398
85.27291
95.56679
81.08803
57.906654
66.0006
50.767616
135.71902
71.38833
36.675533
158.54417
57.361084
35.791832
137.67824
54.03122
84.975655
63.35086
85.3837
81.304085
70.35321
37.399147
137.0085
40.836876
75.725876
118.91582
18.413792
119.14134
168.37277
251.68709
86.18554
57.464256
42.250393
52.105824
69.642654
152.96802
154.22874
255.49991
63.47706
18.427973
164.98135
16.045967
27.232586
88.148575
152.85477
66.563286
7.6264257
105.42727
162.66046
2.9377813
94.59476
145.21729
136.5555
53.626045
77.42848
87.08861
93.06792
237.27873
147.37337
103.82472
19.822098
96.56127
92.86281
37.174953
111.054955
87.581116
89.465225
70.5923
71.20292
150.22986
156.05147
130.52155
117.44685
63.43025
91.18764
49.47613
143.0083
98.659966
7.5800347
3.565495
24.038658
27.345541
91.31893
175.04091
55.338726
55.383583
117.71293
36.10569
156.2822
76.0569
47.006584
160.33649
73.57978
177.37057
18.10524
82.942
50.093193
106.3748
67.54304
109.89268
39.547886
21.706905
116.52323
91.16399
246.26291
60.21576
98.900635
34.18084
194.10849
96.67912
111.00387
35.712643
74.61456
111.26609
55.504803
54.348045
51.84339
125.90904
53.094032
49.884426
37.991253
18.80753
36.98896
104.680435
34.555996
51.31255
36.290726
53.12641
133.71976
111.301865
52.346912
60.7766
37.732506
54.28526
60.270836
53.854115
2.1763716
4.980345
87.824486
48.169914
88.51164
64.478775
37.084797
140.06812
4.1703286
1.4265504
147.66145
139.73022
50.073784
113.82416
60.76592
73.741554
7.3909636
15.804216
186.2784
173.6062
94.061195
56.12746
45.61634
76.7506
75.162125
33.644363
33.194572
92.9083
54.58764
64.73761
40.346714
2.065235
2.8852446
76.6418
35.488956
25.82728
190.41515
66.186966
82.43067
92.82619
35.15989
34.994926
116.7596
48.782352
107.60939
51.975506
137.34912
68.65338
53.793427
138.92668
57.66926
38.293686
22.487293
108.30697
125.46206
25.476355
70.90013
35.641758
94.92109
20.20736
41.762154
118.44295
1.9690053
86.8414
35.294495
87.558075
38.457527
0.10708817
17.673874
136.99684
59.29418
40.542667
109.56681
40.501923
163.10153
183.14104
158.69176
148.96649
226.40923
282.52377
48.672962
139.66843
50.69802
137.74918
72.98738
68.86997
103.68965
91.637
52.481544
76.85913
96.90982
80.840256
52.006165
38.755955
29.049114
27.139553
125.420494
93.760704
176.40561
211.8012
104.87862
41.880974
177.29422
225.71695
1.9577239
120.19668
42.88378
37.69094
30.150162
51.461163
116.383316
47.495605
33.49987
143.46207
149.07428
76.75423
87.00127
7.3009796
73.16258
99.2391
64.39896
79.106705
5.309989
83.89816
108.05463
92.90816
81.157486
136.34067
77.87622
162.16922
51.124596
91.15901
68.71514
87.96797
110.20427
112.73812
167.86414
111.72908
149.95114
234.4375
149.67574
123.3188
84.14616
234.62485
62.77157
64.156296
120.77246
85.303795
87.33119
51.80476
128.55663
21.687756
2.9575706
55.39109
33.550297
57.26095
82.726135
162.34947
85.83067
109.947
77.31842
121.44295
80.66075
100.81987
69.22002
102.60199
1.6223227
14.567253
15.340929
50.288773
87.3734
76.270836
2.598885
48.781696
36.128685
111.667435
2.2641983
47.592667
17.991018
36.413593
8.02024
85.76499
54.123047
71.82955
90.8456
23.136044
54.83959
40.3059
72.19707
133.7654
4.033913
47.53945
96.579636
4.9729986
5.166713
74.87134
54.272346
40.874374
78.428024
40.192585
19.219593
52.598705
65.248215
32.574722
47.93731
77.0555
56.02414
184.40541
189.66736
196.67287
42.511604
163.22762
246.33804
267.90616
215.64197
237.35495
150.8618
23.629433
177.94434
123.09575
47.364212
27.717886
34.070107
33.616306
44.784836
72.857124
87.8186
45.49816
77.26973
78.10453
85.149864
20.484531
11.147326
5.661093
151.0257
68.38093
115.70076
187.8986
55.30305
45.53417
195.59079
40.848637
97.06112
89.36178
132.0184
49.923897
138.5104
122.17993
150.84407
107.31923
273.57086
96.86566
119.92495
70.14519
69.488335
79.64024
104.03261
119.37152
67.30278
18.187675
43.42471
67.79326
176.02676
33.081867
48.894505
200.17049
0.13040192
137.19395
34.82364
55.84248
184.43903
122.52629
68.31407
71.13716
82.541885
137.98433
115.24093
108.91138
20.599127
46.353302
86.427155
55.573627
13.703949
42.13185
76.815056
50.661293
55.736794
59.567516
37.640816
55.489788
85.4377
53.907604
77.25574
118.37923
198.45474
123.983376
36.900993
7.4137826
48.283493
75.33539
48.040543
96.945274
145.79225
95.993
53.4326
108.227394
122.73844
47.584362
20.35581
61.108532
54.38349
52.128895
130.05658
204.09325
56.130287
52.743767
37.095787
51.57313
112.28241
133.42215
54.13258
40.164757
144.19966
87.60234
121.479836
34.136345
104.880554
91.43474
178.84741
97.86716
59.11197
0.44334856
145.4426
79.72078
43.92251
154.46347
70.35279
158.04654
18.437473
65.839424
84.84825
18.140074
26.661266
66.53873
166.78084
85.39772
1.7081217
57.86463
86.109116
115.98103
84.159256
91.268555
171.66525
214.79138
218.75435
92.96073
180.06357
33.42941
33.494434
82.816826
48.72704
84.181885
19.555773
79.36064
104.981186
141.73935
192.0153
137.34612
37.521248
58.34953
71.80771
113.70764
93.53237
78.470856
95.689735
68.82325
107.71791
33.46342
47.316795
35.804886
53.881187
132.75351
110.17104
166.91331
135.36588
113.97186
213.27422
201.92447
168.04648
106.9755
95.04341
34.180824
58.522522
57.433308
71.661255
88.80428
36.251457
140.20044
84.83031
106.1959
27.5985
32.760704
65.2773
45.375893
85.31753
38.516937
69.253174
80.17069
108.04386
8.817793
5.5127916
69.777756
132.65134
170.12465
66.04024
6.230955
17.07062
46.863205
16.19743
121.80019
193.11032
116.30447
184.08557
191.0926
106.24967
131.09325
18.252188
99.26855
38.04039
62.170452
54.745533
127.142044
38.471428
82.40566
22.936335
37.331078
32.96032
133.71094
2.150463
10.851855
2.5055497
83.68269
63.48122
124.09924
70.36765
162.62418
98.75056
75.35606
61.782875
121.39897
33.250404
104.233315
82.76219
18.11103
21.079594
64.292946
5.428597
87.7632
72.94847
112.39897
71.59892
52.00965
121.168686
56.3336
78.67011
72.120895
84.78343
116.247116
71.24424
101.4529
105.24931
55.441948
121.805725
75.2548
1.7701784
78.625595
37.2384
34.08386
93.17381
38.33598
0.5110398
28.670639
4.1457434
17.022305
129.66582
63.8318
16.165667
20.802921
154.50615
146.55478
200.34
158.64014
99.18402
82.06374
96.01916
69.98103
24.494
87.47834
44.633736
33.06838
34.614143
98.692055
36.113792
50.63259
35.70467
49.06287
182.60646
46.246525
56.51114
74.00073
81.43678
36.180737
91.6621
49.61004
131.92142
87.938576
113.87936
44.19056
102.071335
113.310684
76.743546
63.430103
78.21868
69.18542
191.96007
251.50089
158.55391
64.31515
48.5204
2.1194134
77.97628
17.184305
126.076744
34.800705
114.354416
90.50196
77.3782
20.580566
19.603327
63.245735
98.7452
38.25666
83.63955
96.8003
1.1854674
1.2115314
77.167404
72.69765
35.46002
36.54033
36.788044
105.53029
52.44224
161.02429
37.121605
109.81775
88.214645
44.680386
49.536232
51.01504
120.2384
85.26256
144.6865
163.10277
234.54446
182.44368
96.81929
65.74095
107.83595
209.6655
101.38517
144.38646
61.44219
78.33685
37.654366
82.88552
87.15904
187.07909
137.53845
82.22239
75.11152
84.02532
228.6149
164.14935
140.39267
123.280495
190.07057
175.17041
70.14116
51.700703
138.23091
38.182922
79.67384
39.585503
98.75067
64.55225
57.882282
185.23141
63.929436
68.73761
57.97643
114.364
44.378635
109.31687
16.11432
28.184025
53.020805
78.922165
44.426125
118.74829
62.984932
39.317516
107.10625
129.4777
96.09553
19.721798
178.63254
80.822464
80.16418
228.03433
21.681791
18.769825
71.49674
79.920654
87.268326
117.21523
20.604298
78.16935
64.530655
6.06263
164.61066
125.1522
19.440685
17.765823
35.031548
36.93194
17.698412
25.072937
76.37214
64.71849
58.81609
70.70263
137.34613
117.67767
53.961407
4.790923
34.982887
55.723755
174.22595
18.719845
50.902313
36.99223
17.131819
86.30882
213.99707
147.61378
86.13533
142.51917
203.08997
53.78839
23.641705
60.232597
109.58024
169.05673
160.88509
248.21626
128.84492
10.050546
15.889974
99.38081
34.81414
90.2759
61.88966
37.497414
125.30624
68.325294
91.67333
148.59195
83.79662
50.827457
37.330776
35.726498
18.138226
16.440992
36.162773
18.429424
50.398903
96.90062
80.9635
97.8704
174.2911
48.166813
4.5566664
4.111003
2.3050296
48.423492
107.089516
107.78754
81.71602
171.19208
53.584118
161.24289
3.3574128
179.07542
171.5702
136.18985
146.59447
252.55344
102.32876
198.91306
201.84175
132.96109
72.140854
58.239613
85.46149
72.73009
70.6992
103.79573
37.07663
114.92678
122.87395
221.30814
107.40128
130.0012
171.01572
149.13869
26.909235
2.9833605
73.29025
48.999134
89.17549
73.571106
118.82239
49.737568
150.47888
15.223162
114.29854
47.626926
70.89629
46.01858
108.86759
74.5732
137.86087
68.7686
250.25253
113.32483
30.469334
66.49554
76.35533
99.93324
45.579426
72.51938
6.030198
36.48679
58.62571
137.60062
48.864887
193.72415
34.440712
0.5289548
22.127726
36.479042
75.53084
39.23441
27.497229
98.42501
128.81694
58.88208
14.995433
37.25248
58.770103
41.82039
41.11307
69.177055
38.6632
77.752304
72.07166
152.16684
1.9227184
91.02849
51.941113
34.4235
71.7166
66.32115
86.84468
33.045975
67.9484
53.10439
77.481544
149.78603
93.130066
47.357735
185.51053
151.10532
85.286194
162.54727
55.330833
1.8545239
67.1015
34.867405
75.10021
33.59146
29.314255
61.71592
93.336914
71.14726
128.5645
117.760025
21.514896
36.904594
32.2907
94.39277
63.282753
141.90517
158.84772
66.87154
83.47653
51.451683
176.4668
50.35031
93.33431
35.08953
16.905125
129.46652
19.282047
87.27671
57.64112
47.647102
44.563637
97.1182
45.314663
49.583614
266.79993
184.83302
80.20822
79.60003
113.72349
71.87606
107.02061
41.271656
45.811638
111.58053
61.237
82.33046
32.938107
44.12757
49.23719
71.92773
120.09029
58.460426
73.24134
200.17949
210.97592
229.06107
172.49387
89.32774
233.2114
121.36726
127.90155
58.913532
31.664898
102.9421
63.719868
95.00532
41.99663
2.187169
19.027365
52.885536
90.05886
175.40237
119.102196
85.39226
85.28511
146.44046
88.0131
4.344159
3.4930604
113.28396
86.92042
87.26827
36.590775
36.035755
21.591354
85.032776
53.940376
64.28438
96.82655
0.7561959
64.5621
101.99823
45.415024
20.191023
76.26568
42.338203
141.63654
126.89359
76.898224
112.01125
102.06237
62.40795
98.6063
143.39027
181.89586
74.40978
120.5307
138.28128
119.53993
33.09785
31.796911
13.224966
47.174232
168.89548
72.76293
107.44385
103.25967
87.17659
120.19718
72.83325
54.06386
1.3586102
47.11713
2.1486535
92.563644
80.849815
132.24722
165.96455
186.51161
139.89151
104.94939
100.34888
151.18909
120.79771
129.6236
69.43628
133.37628
189.05554
88.23411
90.6324
125.92434
172.1991
55.307648
96.12246
79.36403
30.03143
31.512905
135.92639
8.071081
53.030876
120.09718
144.86981
152.26744
19.933304
19.845358
37.75632
102.01759
109.97841
89.306305
37.767876
94.21966
71.33246
73.926735
18.056528
70.348694
141.02687
52.51824
118.25226
101.56261
115.79049
146.44656
180.43364
19.852707
144.9406
95.15371
48.373276
71.87004
75.490074
54.16146
16.104956
40.462845
143.30275
197.3969
93.50195
72.167885
52.157806
51.70176
46.919624
1.3682345
76.04594
72.764694
55.848896
95.91194
115.524734
145.80006
143.7919
132.34431
18.189135
19.18816
47.76232
49.100094
97.18396
56.85791
26.662863
86.084885
166.88705
51.122448
15.377878
233.67122
171.53024
243.20488
27.986673
197.26352
145.63037
176.27454
118.30934
89.907974
36.499825
174.08656
81.50026
41.88535
74.28818
157.44942
179.09106
125.854324
70.88736
86.62544
119.06638
69.5428
31.781055
112.38472
147.00845
115.70616
117.66936
57.006184
69.597
154.94606
131.99051
130.17882
78.36064
151.80704
105.57615
45.596462
110.5479
117.47255
46.879955
125.815994
84.45293
102.020035
113.2025
33.33663
119.21495
114.140625
2.5833175
42.687355
125.537636
115.85215
41.435703
36.009266
37.10654
92.89729
37.201458
87.495804
190.6242
74.7106
205.65352
105.629555
7.1073713
55.094288
17.819242
94.6689
74.90917
173.77048
73.689865
36.94358
37.611977
72.42323
60.119892
86.14357
47.804222
77.77142
51.619263
106.84963
72.85236
98.59188
99.83107
224.82503
155.7438
145.05731
57.66261
107.33634
108.31986
111.16117
115.2121
71.30797
85.31947
157.36377
137.21976
212.85576
148.11377
17.669436
22.527699
105.414734
101.93514
143.92868
51.402668
69.8746
71.10219
61.68963
111.81592
151.77525
77.382935
58.84358
145.74622
130.52231
227.96414
49.917217
63.296253
56.48697
183.79015
50.107117
79.33908
93.70512
41.844284
309.58557
56.831177
59.852703
14.729464
125.57278
5.632152
17.910961
65.58571
91.81792
53.64375
52.24712
34.661327
97.88819
121.594666
93.8821
40.938816
3.8055344
105.17798
20.550238
108.84475
37.063038
22.210567
37.007935
22.171625
198.89075
39.319645
34.12223
19.026718
20.738157
23.717287
53.22931
63.65207
15.46436
53.300518
119.64534
153.87805
126.96614
207.55005
184.23404
23.128094
87.29213
58.821766
72.195015
45.415802
111.30403
116.57579
111.17975
102.27866
195.97415
178.34712
94.821976
58.556335
126.47302
55.600567
50.092724
17.509907
92.125145
38.14764
48.252495
30.380466
35.037064
0.6167685
51.50257
87.61131
36.799145
75.519
78.64913
32.779022
53.088287
33.316902
98.39018
163.20871
148.9351
233.30571
129.91054
79.98765
144.40799
85.44063
49.459816
63.992382
1.1578118
3.9890168
4.120218
58.19862
15.940535
94.29991
140.01385
81.75453
90.788895
99.53575
220.21097
60.875343
18.500908
59.44875
69.748314
80.95489
119.20062
72.20467
91.396515
88.02168
52.66554
52.72746
38.888508
73.21809
107.79415
200.76744
124.096275
217.6127
34.996014
150.65189
35.24362
177.06918
97.280945
211.3555
189.25465
112.68516
89.3325
42.470806
90.108284
124.79578
85.791275
88.375824
132.22748
5.0914764
89.52643
98.341225
119.18577
154.4772
179.35814
140.54147
72.95708
55.923058
35.416145
16.509047
88.23308
4.171718
21.017956
19.890327
35.763893
80.98352
125.555435
107.33256
95.22628
55.240337
183.15393
81.74342
105.10398
85.11915
47.087627
66.066895
52.070244
77.639305
144.56412
4.6891146
87.26672
40.280296
33.98402
4.2271166
31.98992
36.231842
38.51581
39.266544
67.98622
1.1605991
62.90785
68.03355
209.47421
80.89278
75.205185
47.25702
47.16018
76.34413
36.947777
64.93971
52.60379
18.026064
70.17079
89.57006
113.63652
130.35767
89.81414
47.247627
168.99904
92.066025
59.518333
55.471138
87.99684
21.428356
23.654905
71.40221
36.440037
72.754074
65.46544
124.47333
54.290527
110.38435
78.5495
68.812256
2.65391
31.469936
80.90363
51.51421
120.30196
45.28936
54.780323
6.238456
88.535995
145.83794
36.355083
101.9792
31.756948
189.70114
110.00835
159.58012
169.60204
28.858158
103.34513
40.19867
118.82304
84.04744
130.552
129.48282
185.84366
84.58361
123.07524
144.88184
39.13825
56.23158
69.543304
19.163029
3.261687
7.1034827
77.162605
35.51876
109.930214
30.049616
237.34192
143.83571
36.895443
162.94199
62.592274
5.6739655
51.498833
31.397186
55.533344
37.446705
55.22746
111.18486
7.7380934
40.502552
78.13901
88.68324
47.38846
36.420464
9.784487
51.062805
69.717636
50.334187
90.40357
120.79248
20.111828
34.575546
192.10295
221.9902
129.45973
27.834072
34.212593
18.840954
90.125984
98.02273
37.56109
145.74927
127.1591
81.5562
81.79903
80.33876
176.1264
18.780842
49.30759
42.03574
66.649
153.04375
112.85095
39.21125
116.12517
97.89253
148.82933
107.7876
51.670788
73.30172
117.58555
44.53642
76.30555
64.07527
114.84392
182.49146
90.874664
225.91463
210.37085
96.925896
107.952614
2.8658996
146.50816
44.052345
72.13851
172.3898
87.639626
31.894268
196.07535
155.50603
81.39433
143.96677
328.43793
194.64606
131.98875
83.04451
13.555328
25.341427
85.44753
136.21382
99.51053
105.37543
149.90697
83.60258
113.092514
108.41069
46.782288
105.7391
85.28517
93.705154
38.761913
129.64302
190.18677
114.23826
149.19852
54.515156
126.719604
106.70625
201.15991
205.27278
206.53467
193.28574
255.21487
43.74195
68.6075
105.7016
205.36076
97.91879
124.29657
217.79416
183.61443
70.21972
137.15256
192.60463
32.24974
36.063683
3.7471337
32.75774
144.00017
96.61705
35.704895
8.260847
108.818016
87.5729
81.630486
129.72598
51.044304
77.01436
66.02278
53.516876
100.65967
68.77335
82.155975
129.12624
124.2906
34.55386
8.371958
21.513391
29.858917
85.99332
172.74911
42.957863
74.513596
41.243484
161.91702
178.35016
165.05504
84.88594
40.52166
70.25524
22.41133
57.13149
59.38787
85.5573
142.8544
60.262474
114.14821
96.325836
152.96718
136.40482
121.69883
23.315266
36.079758
98.17225
66.19504
150.26724
115.924904
19.621243
36.30842
58.328144
157.36893
163.38567
37.450527
67.65928
70.69359
169.43527
166.87296
83.2169
202.51648
96.60393
166.4122
122.85403
51.138443
15.636134
35.695717
54.52226
1.2838562
72.23022
10.128611
39.17624
47.882538
174.99919
12.109003
17.964117
113.57169
47.54816
44.951454
108.107056
92.25403
51.126026
45.77343
108.30328
122.53163
39.45202
84.41078
201.2856
133.74455
69.5529
112.94668
195.48746
91.386696
35.440044
43.432003
90.079956
3.9048228
57.055817
73.7382
117.07338
18.087788
68.93997
0.8299235
19.67345
7.5847635
83.96419
18.178675
74.71611
220.56699
110.000145
35.8775
37.975185
120.27616
67.59552
73.3214
73.27789
78.614944
78.18803
197.55658
259.13428
44.053795
57.19875
8.881334
94.94243
119.659134
62.874634
44.945053
85.83315
76.80563
96.571945
15.968431
32.96233
35.132954
69.901596
50.0008
218.91565
37.690193
54.35559
17.522505
115.19597
315.6431
101.82474
79.06202
19.142475
103.76495
73.946915
48.397415
89.14247
42.524666
105.48247
115.66106
148.03325
16.31633
45.831856
72.70463
119.41837
69.93754
192.02878
44.822803
138.17485
65.809525
87.77687
88.49631
38.44726
110.092514
4.3476906
20.948996
18.398693
36.35607
51.88979
116.9349
84.94809
11.443811
93.5177
26.502827
6.649957
11.214173
70.95542
142.14188
69.872444
32.32554
65.19911
95.671646
36.739483
38.643456
162.9536
51.06704
79.617775
51.694378
23.91138
19.23089
205.86873
102.75128
39.632362
237.27698
275.44888
113.26808
16.671757
49.705505
72.495514
100.65204
156.66359
72.43278
141.68475
158.26295
78.34644
71.21709
125.52999
46.52205
79.25141
31.374182
77.725235
70.80185
209.40141
50.382236
84.475204
97.97849
67.56261
34.02637
132.72195
100.92431
37.699703
50.537395
59.97473
50.42602
76.02184
52.79951
36.47128
80.0995
61.1515
80.523705
108.7628
48.850075
112.15552
83.08727
41.57708
54.464203
36.847435
68.6337
54.696056
210.85652
42.446518
93.83825
33.046043
69.590256
127.5306
177.49829
82.01435
71.41487
89.736465
84.28929
64.42628
37.463226
71.3527
42.20173
86.47481
82.526726
78.456
117.62331
91.71094
76.768524
73.02785
51.050415
71.084656
62.684326
35.184406
51.27633
72.2849
18.948427
69.02751
80.843704
134.6821
6.675069
163.86862
104.55803
18.582443
47.05628
76.23218
67.35033
63.52478
31.483932
18.011477
71.52217
37.870285
72.76889
60.24601
105.83234
222.69954
145.36325
15.501843
69.5263
35.311047
86.744644
36.50231
75.44308
23.662392
70.656685
117.132034
35.961395
104.75104
125.508255
103.9771
156.09718
59.77132
174.20578
3.854035
40.66114
128.76138
101.152695
80.546394
72.68791
184.82486
19.9959
15.709204
45.597218
83.31371
49.819473
70.14321
50.12072
103.14342
142.96104
128.58432
144.74278
19.13523
53.669106
45.627724
17.313948
29.768986
56.224495
52.39337
93.288216
18.08215
39.858395
92.91659
71.80745
113.35565
69.38852
24.660114
52.154858
109.24577
138.67665
116.785416
70.57506
72.80818
132.8886
190.46016
105.45188
89.96608
30.9987
50.964672
17.738674
89.15571
3.113686
57.58852
149.36859
74.9851
181.85054
146.69235
150.32722
213.14368
32.94257
0.085459426
43.76357
66.886826
171.42369
113.43172
138.29306
134.19263
16.61612
49.84522
100.22873
54.92333
96.44235
22.77916
52.220722
142.99435
73.471344
115.463036
17.812235
84.46471
16.38676
14.149366
66.82222
148.27158
45.712482
177.35759
68.5842
53.570107
49.163994
9.163811
91.86607
138.37198
114.4802
66.856705
146.50597
63.04652
143.12363
116.901245
49.576057
2.2960997
59.632202
38.048943
0.09090997
65.85109
62.238426
130.69772
40.080032
92.51661
120.828575
83.98421
64.34596
48.72101
165.86075
189.08594
109.74852
183.64378
33.724033
19.234268
17.044935
61.09635
72.12579
42.425743
104.40389
86.72138
192.50644
97.44743
94.014015
61.702503
103.228294
55.01818
109.079124
41.720898
74.012825
23.41429
79.81555
93.744896
66.465164
106.870094
183.40123
62.63272
85.21887
73.9793
101.71057
124.537766
74.2735
43.524025
32.45524
18.772474
50.30516
132.5338
43.109962
121.80267
1.6066679
98.163574
17.99747
118.48142
84.83424
49.974365
113.49758
114.78196
140.0794
143.58588
133.71632
62.306812
56.533314
14.229581
16.63426
63.659584
77.49079
3.3016071
164.05191
66.40767
15.246374
152.93706
71.67835
34.9672
34.92478
86.3561
57.80721
38.451626
56.44145
93.87927
88.46422
94.63669
144.03716
164.86345
20.317928
89.71995
53.28299
104.80447
91.400444
32.763878
168.9653
107.461685
81.61643
91.7504
80.42753
15.022905
85.44202
3.4156418
40.22623
34.833927
19.525524
40.279446
127.11332
109.564354
88.94313
60.547924
150.20511
1.147456
37.048252
51.488117
110.068985
77.36522
37.084705
40.70611
88.650696
83.507095
80.41719
147.21906
71.17168
133.90579
74.85565
201.4045
164.60768
189.3381
187.32744
227.14346
113.63053
49.28669
87.11619
69.82253
39.769814
75.92932
122.03667
106.16695
93.12869
90.0933
24.62339
71.85083
71.20115
33.327904
36.56051
29.96728
4.6763268
3.396218
131.37903
73.3588
165.75874
80.26006
94.19071
37.437893
55.378315
98.37779
19.730835
14.404492
70.86234
67.80662
33.590023
59.017845
137.74196
118.072266
336.1817
115.61552
131.72984
88.84272
67.529144
60.76609
94.29164
75.42397
104.14874
103.96918
97.529884
183.70364
70.11088
98.48057
133.33134
15.951239
17.217611
101.25103
90.8688
79.60909
79.72226
97.13716
109.92362
91.5168
122.68059
76.52847
84.86302
67.734215
80.302414
92.10656
116.90548
107.12118
156.57089
48.722855
96.917786
68.65014
31.618769
60.078808
15.962004
50.49115
55.050316
130.16702
136.31775
71.83529
110.372215
51.69349
84.42581
49.796944
97.92714
246.61826
130.4776
89.02173
80.45901
10.888189
77.63197
178.32494
0.2541739
51.200806
107.08761
35.370277
128.92679
2.944977
14.432431
130.526
86.2694
32.377735
117.21181
36.999622
7.9865637
120.555405
81.13622
17.331715
52.144676
89.69801
35.983932
2.4147372
58.579712
16.62807
35.020607
81.99254
51.1872
78.155174
34.504745
46.86758
77.98573
76.169785
96.89045
39.70094
129.77414
32.870617
113.71647
34.668167
62.452568
141.13785
79.86649
112.45564
92.4562
43.71557
60.374138
58.929646
40.2828
140.45525
102.38022
174.26633
57.41206
88.31811
25.225262
33.07835
35.184395
39.534954
67.55167
165.21881
186.07312
156.80553
188.07486
146.36101
158.03131
155.13077
156.39738
82.02686
94.64271
45.453865
131.0754
119.52864
142.42923
123.38898
109.65847
298.69977
164.63225
111.69878
115.06201
61.00602
177.09969
118.19187
99.81484
197.39517
90.94562
66.0058
35.433647
26.572382
39.947838
51.04795
34.631924
85.12471
16.62079
125.17299
83.58989
86.90196
39.389633
37.58033
24.826483
118.41817
81.15641
18.149307
13.948941
18.771303
69.294174
27.353016
16.50613
38.129894
97.59388
53.971382
106.60309
55.3766
60.62196
35.7517
18.126629
35.610558
34.299046
70.02339
38.758057
47.05501
50.930283
34.627098
34.521812
17.508476
87.18677
128.75537
83.79115
48.983097
80.24249
147.91428
63.756653
84.92488
37.95691
15.136783
45.203148
19.484499
168.28065
21.329782
79.70039
66.376076
92.6281
38.122284
35.374004
53.748028
35.24506
50.43732
67.81006
41.26396
100.34562
39.599815
73.181
22.892502
84.75048
68.04851
35.963676
72.52113
129.63968
105.92216
70.17574
180.27618
138.29796
141.74127
123.4892
252.35603
141.54172
50.015373
217.0358
228.11763
237.10913
151.90997
50.389324
82.02114
86.35712
54.6257
52.360516
96.1016
94.60532
76.730034
111.13534
92.46894
158.46548
64.9703
67.19515
83.30348
49.621635
59.520447
54.51183
86.09999
35.268364
59.194572
114.355446
15.308577
104.43662
1.3226885
24.398691
37.99486
54.68471
82.78713
85.07925
132.99559
74.91921
73.36
35.9775
115.113976
123.62628
109.32466
183.78587
45.83413
54.569397
68.284836
37.769638
37.50271
38.61386
34.752296
47.835503
142.53098
238.28682
87.82207
71.56705
105.62804
46.791664
96.260635
97.130295
143.23177
56.130226
35.355354
35.743893
53.501396
115.71498
90.24347
83.18812
66.14901
259.29944
146.04378
213.74113
292.42993
22.20463
36.411236
55.053253
165.71907
34.31559
58.08369
17.25616
40.57979
153.90921
66.03319
188.62415
39.726128
24.882883
15.196546
28.033585
61.07859
17.646067
56.095623
5.096612
36.213215
12.435387
47.9885
59.991882
141.0887
163.48196
101.85252
53.759624
82.228874
107.365234
99.40321
131.44316
70.06496
146.04147
114.98047
66.44794
68.62471
86.66242
135.13168
70.36536
2.9214284
48.8379
71.83461
60.182625
173.9263
42.650078
45.448895
87.731
39.05244
68.87233
60.53927
78.73726
32.939697
32.529335
106.36558
107.98336
82.133354
6.106034
136.95949
73.56604
44.226803
26.692724
54.19455
85.79756
93.74488
4.562619
87.71804
122.070885
148.66402
109.55125
115.85332
151.89851
79.85712
79.62641
95.001015
182.6175
40.421234
49.67689
68.719124
33.396755
100.93267
132.52238
46.11121
56.878777
170.79362
121.6932
5.3506584
40.99514
81.2625
110.80574
111.050735
85.597855
61.171673
77.754745
48.319016
53.246655
85.751785
66.669785
251.40775
90.77512
51.784283
166.54402
87.53737
72.932106
97.96133
53.290306
79.27983
84.00551
40.66189
60.069447
76.61429
14.169561
24.3056
42.494328
87.112595
71.31464
171.02988
50.634586
88.23734
142.82426
108.310104
48.05396
84.509674
46.847824
94.09805
41.14781
83.6895
37.584816
68.08706
164.93155
197.67754
36.606487
31.78143
35.336563
102.933556
105.407974
12.700857
4.4534464
121.92351
74.06416
57.869667
140.8698
57.461853
200.91588
17.871807
10.658522
3.4687095
63.324665
106.247536
14.096926
74.32038
58.746788
56.50224
45.85705
40.2471
106.27798
106.598
38.08456
16.14065
45.08798
44.800213
64.491165
46.553665
83.31783
119.61809
82.04852
177.59976
142.77487
68.77744
87.37548
4.6150427
2.9274416
78.18492
59.94065
5.408417
66.197426
85.29933
51.86726
100.49099
43.251396
18.082481
19.843933
56.90813
107.833206
52.827797
32.086933
25.666702
57.306355
86.655106
85.097595
157.48117
161.17139
116.35136
91.02673
7.2987547
3.750857
93.84885
127.4163
15.169037
26.754948
51.595207
4.7243986
30.357702
19.590424
133.8712
73.060616
114.532455
106.63495
155.04468
45.716835
59.717876
1.9981714
89.354965
107.05208
23.918379
145.56949
24.620348
73.337006
147.1338
13.567736
9.952042
47.618126
30.08602
51.019806
126.25128
80.370674
45.81109
104.41384
61.968792
39.80237
56.939503
107.680824
140.41702
54.854744
199.4116
244.92197
9.529225
11.418387
161.07181
144.11543
143.87561
164.36002
135.72867
90.01969
195.92644
21.29195
69.7253
165.13676
41.12853
37.865257
40.869892
38.885822
65.01757
21.14687
78.42651
9.995034
19.592747
5.8432856
24.578218
28.041504
27.240505
35.567924
37.05079
52.761986
44.718895
36.52633
39.066277
2.2591658
45.783295
71.79142
135.87578
94.278404
86.244934
32.99955
108.69145
161.15213
178.03056
177.87956
267.25638
107.730606
43.49235
3.7819946
17.86708
12.941225
37.672905
49.559666
74.28151
30.605762
1.6140778
45.496628
75.40783
29.24197
124.66799
126.69664
45.48867
69.79627
98.53391
36.1234
40.64978
108.73716
154.2543
39.65972
2.5095465
139.70993
25.788172
87.8887
125.17175
109.833595
77.228745
87.64165
30.056255
86.04344
106.8139
98.74404
122.28298
198.42686
186.86893
19.813713
150.78812
182.29602
0.9153112
89.94076
61.90545
130.46999
0.6616953
73.087234
54.927193
120.85327
143.31102
83.284706
127.28606
39.732334
21.67019
130.70474
71.46947
45.045887
68.68726
105.26943
118.57564
92.82033
133.64542
52.131947
166.01535
166.87706
11.748795
71.52141
207.344
18.791058
71.69781
110.4036
63.33172
49.53562
58.157185
5.811687
74.55698
64.831635
39.26619
6.0053797
37.004013
41.133015
40.2461
71.71627
34.1905
70.118774
11.535276
0.89366245
36.315887
87.706314
96.562454
44.537113
16.52386
51.650646
152.16812
142.46199
96.609085
73.03202
1.7698765
79.073364
41.60861
49.59025
21.67218
55.406605
119.07699
36.36779
46.711346
163.25565
94.46083
101.57634
47.475548
29.19215
96.61381
153.71414
50.947445
41.536797
158.66127
32.142838
4.1174808
87.26728
41.30861
68.42354
36.075657
64.96468
2.252288
105.113014
141.81918
31.475254
8.93944
8.339865
7.024208
82.46974
37.000496
157.01881
46.17648
37.69923
61.033333
61.87205
56.966248
54.88313
84.61382
172.03775
66.96399
124.89545
45.703606
49.009502
53.120705
90.840805
54.813072
52.83673
51.872295
206.67366
27.344437
56.41695
41.606945
41.752193
110.54808
37.94947
100.4699
161.68173
91.89125
71.93647
22.21793
159.39801
48.101505
24.90646
22.549837
183.24069
165.07043
85.00018
296.8938
203.33504
140.77849
74.09712
133.49403
36.685318
86.473404
49.944042
2.249889
80.72803
104.93705
18.742855
24.1492
59.291756
83.438095
98.53259
130.59764
12.147334
6.517273
6.6333566
39.11805
177.97897
163.02478
217.19197
128.90164
68.96209
57.176422
20.338184
109.09923
138.78247
114.53487
68.72439
38.487816
252.19376
26.707241
68.59128
114.14402
157.29883
133.80806
73.01886
129.73662
71.795364
70.40257
141.73865
57.511406
123.99955
133.85704
1.780851
23.888506
17.110418
69.65493
46.29813
81.48418
98.28613
130.86986
63.47535
178.9879
42.147076
51.431927
33.39109
74.49891
51.278095
37.77039
155.8278
69.920746
36.394672
84.26595
52.864098
2.6451523
15.90271
49.67151
70.63968
9.205076
154.84439
76.07733
19.334322
2.334406
75.51562
41.765587
58.375122
73.22322
3.4675841
88.92142
140.70287
48.78134
152.25565
173.61954
186.8298
194.1762
169.13736
248.10141
90.23645
119.96523
127.780106
81.701965
74.80099
149.99557
50.79291
110.04674
1.9244764
45.418255
106.09735
38.500256
3.0306349
12.943721
9.781293
89.8542
97.081375
11.806303
58.515816
59.204967
138.40686
3.1629882
112.9305
113.20471
135.11569
137.57614
297.46368
205.54265
39.411274
107.371445
161.25046
69.90898
133.52635
187.8382
160.47446
60.043537
32.7326
21.855547
154.82388
111.60487
53.16004
73.252556
147.72313
25.190838
51.11243
39.214214
86.112015
112.50972
54.98879
98.54213
87.74228
84.15604
57.875793
106.96482
6.8081613
29.666187
71.0994
9.338545
31.675613
65.57503
50.814922
45.388103
35.563805
17.898273
93.17208
140.56229
42.43479
0.47911867
15.40877
1.931494
110.58114
21.408535
154.60396
190.08768
106.78577
124.22334
92.706665
30.538284
14.616681
113.535355
97.51705
85.79808
151.65451
2.777475
50.576927
20.084867
34.46818
15.985646
37.158154
37.521664
115.608925
217.93584
152.92865
48.504204
87.9706
6.5813446
115.67649
53.10537
89.03382
145.7891
75.43599
61.432808
146.81705
32.757233
154.36354
180.68921
110.026024
100.51303
12.3478775
55.51007
10.124533
11.857851
31.086132
17.960506
102.37904
69.91584
71.574936
124.587906
36.84628
34.90508
72.73325
37.972645
113.27157
50.57876
113.34403
68.825485
36.859592
90.8648
38.780006
91.56598
109.10185
16.394657
66.48996
90.86462
93.02762
5.0993776
88.020515
30.575006
48.46338
116.03706
96.964005
76.85237
94.365
65.250656
47.926773
30.088787
47.088253
54.627037
9.518144
69.56212
49.39374
175.38535
35.365547
54.527233
5.022113
37.505985
30.899387
98.872635
115.41472
35.0925
38.37739
49.215576
213.58212
37.188705
96.32752
83.41497
261.11533
153.36305
216.48055
134.42586
43.060005
51.337524
49.37982
89.25697
55.537743
13.740944
25.303976
49.996986
124.350296
193.32736
48.266907
27.849094
22.059912
39.56179
49.325684
7.181257
55.670044
104.765015
86.02641
125.10149
4.319556
21.407993
57.59777
18.885052
46.20211
215.7769
77.00758
131.53976
135.98705
182.27983
57.7495
3.8982162
47.580723
16.546883
39.861145
72.79692
14.803619
43.07337
36.317707
32.03168
178.55173
82.75533
155.87308
95.62301
80.505035
146.1033
102.89546
169.40274
118.39506
169.25714
179.49599
213.61137
155.59764
60.78429
99.60791
50.46566
44.34958
99.16367
56.101494
27.889536
58.17507
52.260853
80.1612
109.70994
1.7767578
35.49732
59.07253
91.360954
170.68892
218.2731
91.45046
50.95108
136.88876
88.77069
18.005644
47.144207
34.79884
73.363434
83.66985
111.07623
118.85067
128.13895
211.17159
46.83711
219.70174
138.65158
200.4617
2.0871444
148.97716
174.79474
130.93869
168.9238
183.04602
60.83651
90.24164
81.41368
72.63669
16.415997
192.87393
48.134205
9.481494
27.952383
92.07169
0.4202343
89.50222
71.40556
18.51695
6.8887644
31.927353
19.185772
58.762413
110.359924
247.96843
59.895348
49.882423
51.24574
83.40496
72.27568
106.79055
160.10736
161.21413
70.557365
102.25506
46.883606
27.20379
99.666435
28.254574
129.1033
72.6866
47.895523
65.03416
49.898266
15.22155
2.0720012
2.3955169
2.857564
18.149319
86.838066
108.22069
131.84048
1.9409714
168.88736
5.0369177
33.281136
2.6873283
9.099573
124.01366
35.117172
237.31221
81.412346
34.897675
3.650786
21.461975
147.87177
35.030315
21.724218
126.69212
5.128588
53.483284
73.69386
161.4964
0.8527686
13.165543
71.27244
120.63837
31.514822
75.69682
61.35798
16.725979
86.41458
62.437214
18.541952
78.758194
113.01585
152.51825
136.41594
4.2065344
72.02568
131.65028
88.391174
48.079597
206.60825
50.47803
35.370182
67.440186
92.375595
134.16562
59.67417
76.83759
98.77389
131.39465
50.244896
22.152977
13.248085
13.169746
171.3256
147.6411
81.31581
103.17238
94.619606
66.63053
20.94424
76.68886
131.8866
142.05786
85.29442
75.13182
15.896042
117.74913
80.80981
83.10298
69.62372
57.750477
48.021656
79.90156
114.33942
49.441517
85.543465
33.35168
88.18484
74.30781
158.58755
178.9656
99.03598
84.80623
53.130775
91.00647
83.18782
75.39082
3.8667703
23.620153
37.76487
3.7664096
35.439255
128.18439
14.898661
55.800373
151.9772
46.392567
106.28683
52.70399
51.449898
6.643945
120.484604
38.72095
1.3522544
17.492863
80.889656
101.39443
86.898384
78.2632
35.935852
121.03483
63.528618
4.5225177
59.48131
52.762554
202.15883
175.91608
164.277
172.68831
138.1117
99.92386
81.30857
166.04776
47.325333
87.55021
0.762645
48.951084
4.459444
16.510921
99.81964
13.132932
37.14499
76.86696
37.915764
37.96807
134.59398
197.49709
99.66694
34.005592
62.105873
77.903275
117.24404
34.878105
84.683556
4.638495
64.70443
82.59446
72.37611
54.086353
37.03242
57.61695
63.37081
19.80025
108.25188
2.919009
85.98876
55.60267
89.544785
252.23093
36.9161
4.6921177
144.01553
57.824303
90.107994
59.808544
2.3769417
65.89173
52.030144
174.07527
48.152824
46.840984
69.86694
3.9564204
36.146343
160.43681
44.918266
66.358894
17.955744
136.95258
69.12074
74.1776
80.75349
83.69089
24.649818
66.57777
149.34813
31.525677
158.55707
51.389606
41.847855
50.908394
14.679723
88.05757
41.058983
80.42102
88.92777
15.590033
85.16825
143.11119
111.33451
1.8684452
56.920826
160.6496
122.78829
74.09285
121.7074
53.28678
74.39129
47.382652
6.9831457
123.977844
65.97092
91.57047
94.17985
66.09941
48.869923
38.53983
38.646935
45.116905
93.35304
50.24001
84.45485
12.603988
47.14504
0.89707625
77.99843
46.04652
143.58374
113.17372
79.98371
26.152195
87.87669
103.43933
193.81049
47.244164
50.50642
197.40916
166.78596
57.01997
152.91348
209.01604
91.85112
60.26017
106.05308
115.862465
23.271093
136.42453
80.27586
99.66127
3.7222028
109.28568
118.15248
3.3411136
17.459904
83.31119
18.899317
76.69627
20.779163
132.03598
50.425922
134.1879
18.016527
62.986237
118.883934
19.630596
71.47669
3.0043006
36.079395
82.94835
0.9691658
39.191257
111.06382
108.78133
76.805954
130.32663
212.58113
162.36444
270.40735
182.13861
67.85115
135.41539
102.3611
36.265457
2.0532336
146.37447
141.26108
53.29287
225.5301
71.97035
55.462593
52.125965
126.12614
31.993872
67.94989
38.338882
162.04387
91.98267
200.6749
107.27466
146.36052
96.73265
65.86426
104.80544
104.50984
73.17236
131.22008
84.84456
44.0014
65.66672
113.21761
120.15371
183.82011
108.03487
152.32751
183.0167
178.3356
65.30716
150.45116
79.5645
42.0742
64.55972
4.101243
18.271208
147.9177
13.828517
69.690575
3.4104474
71.20586
176.84471
103.12803
16.396952
154.35999
108.664345
88.51204
16.927465
23.201782
91.73003
96.8819
53.453297
92.96787
36.64208
39.664093
33.178734
15.745132
102.0413
151.87344
69.8891
2.070084
18.632883
86.347725
271.62234
253.74275
329.9751
196.94284
186.55171
180.4313
54.53139
71.30601
58.866844
94.64634
77.08612
44.529106
64.01828
78.21471
44.107124
45.87939
184.77434
16.906956
33.010223
47.045895
18.180508
82.414345
132.63
204.4944
19.835798
32.447838
101.24075
2.7251308
112.64474
121.79795
44.641315
104.82522
39.462116
64.86928
155.84221
46.279064
115.38338
34.2149
105.531166
38.068867
134.38306
59.03605
99.548416
96.01839
117.18547
148.51073
79.35675
57.267204
85.41637
72.75474
166.26855
275.07318
138.56444
52.309277
162.25319
44.657944
38.246788
76.69679
82.0354
100.508224
111.26953
140.11703
260.32382
55.00404
2.9891288
82.27232
103.600174
74.93041
7.990041
9.502269
44.955994
67.4955
106.22975
62.61004
18.011524
184.75119
143.91458
107.26689
105.235985
14.060514
52.679554
96.16194
47.874367
33.95679
84.81934
65.8517
72.00975
69.18679
52.04254
87.01962
81.14952
119.269775
104.26389
150.99635
72.53974
52.087788
112.91298
34.422504
84.72966
75.28618
130.18158
21.918129
7.199598
83.80177
6.6571226
70.97568
38.822105
173.0078
133.44855
32.809895
66.69603
51.611412
96.044556
118.819374
109.229996
102.16249
82.59335
8.905635
106.35974
76.99904
88.512794
19.474882
83.43704
1.8090746
73.514305
54.037006
64.175095
173.90149
111.373634
36.841297
2.7889662
22.019657
54.11485
129.03108
52.109833
30.230448
67.142525
90.49897
80.37669
60.31352
0.6877681
39.55405
67.74241
1.3575728
24.614954
18.821547
83.62724
103.12795
46.950684
134.01743
4.7445416
28.218876
76.70558
97.590195
225.1737
135.94225
118.84337
207.7056
170.47885
162.88799
119.82573
224.0137
70.25046
51.670586
37.392105
63.13097
89.51383
52.401623
43.818428
183.09183
107.13097
71.752266
49.62643
89.7876
199.02226
166.34879
152.45525
182.86014
101.5831
137.05295
134.75294
153.19502
86.101685
40.49887
171.50449
74.88585
83.92082
171.44925
65.81638
58.162476
111.03507
35.13424
55.139965
56.991997
113.63573
219.57072
140.59808
188.26877
88.93668
94.404625
31.122944
76.30567
31.339722
17.868336
23.804829
148.27336
122.53151
63.700157
33.79164
172.66417
19.310562
120.94246
64.52321
48.67035
12.719427
46.21526
147.79431
83.86329
27.770761
84.00289
68.012535
21.469128
131.5978
115.9043
145.78397
97.14823
132.01462
174.96935
177.75687
135.51497
136.48535
16.542286
18.88367
15.116208
52.63681
67.67268
21.602749
50.196957
161.54909
77.33327
171.74936
50.22292
56.59069
66.3495
135.32451
106.3657
132.18105
134.48741
120.05571
105.78446
156.12285
112.93634
98.556526
18.821835
36.466244
108.92561
45.64164
89.840614
143.85953
179.83171
123.36212
17.225306
40.680016
92.27931
119.152
208.74748
240.2279
65.378
250.57687
186.77275
146.64128
138.40726
157.15543
70.46918
119.64529
65.60202
13.724706
30.330988
77.01885
51.44336
35.04286
17.16474
32.240196
211.25725
148.26666
212.86958
176.19586
250.61087
195.30309
144.7792
68.200226
80.03612
39.032352
121.17202
36.51487
139.4346
78.81053
36.502544
272.60416
77.44032
69.047844
42.972633
38.484077
47.136
43.93586
15.1949215
71.785446
126.27809
59.322136
107.581955
63.20218
164.76718
166.73218
51.41866
39.276936
141.87852
110.01028
124.30238
182.95023
201.32957
174.0337
225.4793
301.99176
113.30687
64.67482
51.30727
92.172264
123.36485
88.705215
70.95235
94.16488
67.12335
177.09842
18.183445
139.10748
45.320633
125.27145
128.9846
84.57943
101.77038
91.74368
4.9300227
63.696217
112.705605
76.92366
62.41029
94.82437
94.22875
34.12306
89.77313
58.325844
56.39112
264.08582
30.048609
50.7464
44.039543
151.83618
3.484078
70.42889
97.12218
81.10876
105.03139
102.8621
241.02554
63.469856
82.44411
81.99335
77.77229
58.976055
30.525778
37.6923
101.2948
77.802475
67.78015
105.16488
97.32009
43.078846
101.88059
10.935727
54.435547
158.18904
112.74064
37.299763
36.43701
170.42891
4.710055
100.8425
69.962296
99.13385
60.17737
78.05399
35.46819
34.74383
57.51873
153.61674
87.94795
116.605835
39.53376
193.64627
63.029186
30.614477
124.30406
44.005577
71.681175
67.738785
145.29019
53.52774
46.569603
113.87335
32.11181
47.82028
53.89906
85.65761
54.002525
34.036484
125.84408
53.089836
106.538475
85.020386
39.171032
77.258064
34.073906
146.22711
89.61244
72.18677
186.80072
131.49521
157.52888
86.41252
100.13675
72.65576
88.75869
139.37329
148.20453
119.95188
132.01244
112.70178
81.39129
5.9081774
101.5728
87.549515
73.52333
134.08987
131.6565
135.88046
109.34297
53.07082
40.55488
74.96824
52.084522
134.84915
10.178905
31.87558
50.1882
50.93421
78.02782
115.86941
17.648823
65.566345
69.78272
35.73217
92.48741
143.63062
146.9853
133.47485
123.72721
88.67532
99.39113
49.433796
50.563694
131.1625
100.238144
54.517933
170.17844
85.80751
61.85728
141.64262
225.90048
70.77919
128.26785
19.331196
116.584595
38.36361
54.866444
93.05074
118.94114
65.429504
45.018303
95.740166
98.32472
46.950676
72.14922
124.31382
238.33585
52.276314
71.73961
64.97453
50.80568
28.879206
33.844475
35.26966
103.406715
151.25021
49.876396
60.819103
50.64599
17.617113
14.6928005
38.82814
59.211437
125.51892
76.1064
126.154724
29.704304
2.7438433
90.31128
139.3109
102.42485
111.09066
23.747877
51.516632
68.01987
104.75542
108.61583
84.03947
45.443596
120.90277
52.424854
64.26142
50.545143
105.462204
202.88556
169.16385
99.52708
262.3228
124.372025
167.69943
146.6183
165.41777
164.85214
153.92307
49.960087
67.01691
66.8435
69.67184
69.58746
29.907019
31.98071
150.44154
72.081726
162.60556
4.4185534
16.089596
35.380283
110.80452
107.64321
111.949234
117.722916
40.037704
69.41123
22.500584
96.762314
23.415266
52.24357
62.505684
18.914783
118.05377
61.52926
18.397549
63.012047
48.648354
69.77187
43.412483
78.84154
54.65857
120.925865
60.711998
117.15875
67.00176
66.52751
147.77463
19.97266
87.81247
180.44586
197.12161
54.686005
69.61169
105.80495
159.84421
17.334372
31.996893
37.215397
75.84363
34.151604
82.94862
68.41782
84.81541
42.09179
93.298195
44.192097
78.04233
94.10887
118.83573
112.32102
137.03226
78.22746
43.66584
211.3144
99.86941
72.152466
60.086792
47.81651
54.943207
68.36392
179.29102
2.7740238
78.35704
116.85144
105.86196
78.384056
87.13708
139.18167
167.78662
154.79387
119.9034
163.67136
258.48395
166.02815
210.005
156.18173
233.17056
65.10762
37.438557
52.73877
143.13515
30.837132
43.379177
53.97395
67.44292
18.09711
15.754395
66.610664
87.079544
84.603676
182.52216
149.54973
216.65666
139.59138
90.75868
209.74944
206.54309
228.74106
97.24073
82.2252
78.71794
47.359425
66.279045
35.6672
134.3102
99.30746
94.4354
15.371239
28.083508
76.8757
59.72152
63.65213
144.34933
199.16034
236.57462
182.51974
197.23201
94.077286
168.54112
201.77577
133.28436
134.41963
134.61118
70.82627
232.50044
65.58185
38.939938
54.633686
54.44085
279.69025
192.73186
186.34706
101.31292
86.42666
35.68819
71.53684
51.81843
51.775475
149.71677
48.282997
79.36989
35.995865
59.27552
109.67452
47.083084
46.891415
121.60756
153.38217
75.84141
51.395763
80.34108
36.379215
15.381773
35.611954
127.93382
71.15663
72.754395
132.2627
180.10225
145.48111
83.98604
37.93767
68.606674
123.07717
86.29932
86.25664
196.67319
107.05249
176.40933
75.90178
105.11664
112.09552
72.72407
38.7398
50.571144
8.42442
46.69936
80.511055
38.208176
61.167908
64.882286
82.87608
150.86217
87.169395
146.1146
150.61185
128.06741
86.231735
59.242535
66.888626
104.35685
197.56096
210.7087
205.3897
62.39679
118.41687
173.1225
127.85022
58.65689
141.75691
45.790527
38.120277
35.64221
121.21962
61.76751
249.29402
13.480667
43.13049
28.041006
29.801716
15.587511
52.507122
84.215
73.96056
167.00009
199.97414
97.823814
130.36691
73.5381
25.813831
92.562675
2.1375208
50.735653
85.87999
34.075523
2.8803895
20.17333
2.5673332
37.986656
150.73318
64.541985
38.739918
110.62663
44.5338
80.38626
79.8941
98.33456
91.8995
53.588066
100.233406
81.41511
52.586365
67.93786
58.189857
2.5728915
18.070974
81.56413
97.25813
85.68537
55.39555
143.1923
140.34557
58.090874
84.31099
134.66394
55.320213
53.33711
16.892727
61.72112
35.75562
114.81435
82.2985
145.18861
112.50979
32.249737
21.763844
103.426186
82.559746
56.67611
70.785355
217.62056
4.1722884
38.279335
76.61353
81.93201
52.08803
112.666336
92.36425
142.60896
139.05392
211.8494
198.13785
18.849684
47.74248
89.388176
3.0214229
43.97704
20.030262
60.228863
19.665424
259.26312
192.84392
46.41207
52.981762
62.817616
154.91568
234.05928
33.361618
46.347675
53.206352
67.56031
80.78088
70.71175
2.8663254
73.87567
34.370384
39.66237
117.85918
73.71267
15.940824
65.113754
102.79382
37.96644
17.533583
34.30163
5.1206784
29.266144
56.23656
71.597206
0.1504358
68.530464
12.102406
28.932072
15.125841
151.33003
6.492344
44.057304
124.57462
115.08559
49.57336
37.939686
128.19481
68.54106
83.196815
117.42145
37.108154
68.48515
117.43262
174.93698
159.49303
58.59275
123.94889
171.56592
162.23587
69.21216
100.08168
34.85
21.893497
89.42853
74.09181
17.946182
44.141937
50.7948
63.10554
80.82571
141.82278
33.247295
5.096986
173.47006
200.01126
213.48808
250.58186
327.35028
103.63112
49.732483
78.131546
54.513744
121.144775
105.05328
114.60319
55.562237
124.167274
120.2336
93.33333
124.44649
170.61919
91.543816
175.81642
142.08926
165.17807
97.425674
68.486946
104.202774
103.73226
118.09969
105.65672
80.5233
20.09985
42.480083
75.803604
62.64968
107.71079
249.69002
226.8114
115.289345
46.635384
212.01883
52.64859
41.032555
129.10167
52.945457
43.644554
74.91444
137.67818
112.26272
105.91756
86.54692
54.970146
40.719128
115.27763
79.733635
17.473066
109.42168
72.80921
114.075966
70.84836
35.298847
38.947853
79.38139
46.794807
52.68413
31.807407
57.670013
80.63596
79.80453
83.87352
100.66901
130.45326
155.07423
61.11141
58.018913
19.415043
37.500145
49.251
62.58006
166.45831
18.669018
119.75293
145.80415
58.229572
37.818733
66.92842
120.01636
127.25289
42.70237
52.167686
92.336784
98.07106
37.748695
190.2742
69.84512
45.38547
36.688255
50.19799
81.95556
33.398006
104.7408
113.63452
131.7515
85.721214
86.519104
3.4225216
48.15949
70.663895
70.570694
122.94981
160.5307
18.49402
80.857315
46.76309
84.952965
46.385567
50.019638
141.1353
69.86027
14.667936
48.41911
70.101036
105.737976
108.76561
113.31514
219.19873
2.0578341
30.240234
44.272827
151.76178
145.63904
113.36224
181.01614
163.54675
37.30085
57.97573
54.589256
155.88313
49.046715
2.7001023
35.15003
48.372295
123.8115
41.748966
38.81854
62.760887
70.64398
13.8720875
75.4023
84.49638
94.39695
221.58882
158.78093
144.40714
176.11276
80.25374
118.819534
16.42491
16.053104
31.35853
100.569824
121.339516
128.65976
86.09818
81.54551
33.856873
136.21068
89.421936
106.96431
33.815758
18.714466
3.747252
35.711964
55.221416
109.04889
104.245255
58.683563
89.530876
101.65116
99.44545
197.75737
146.87991
130.10301
38.044353
20.195196
4.4607735
78.12254
38.02962
91.00259
51.438324
79.745735
61.39736
121.934
47.42888
76.64679
18.834063
51.939156
86.44115
57.739845
3.8242707
93.087875
84.75185
1.0735539
37.27959
53.598625
0.7544858
87.93082
149.4718
6.5795097
34.606308
67.05989
132.99368
15.844539
7.1875215
57.72997
115.760056
109.980934
140.66939
72.94159
142.51663
105.17688
165.36063
142.57625
204.26935
172.11191
286.66162
60.4658
17.358862
68.859474
61.154102
58.8614
78.25263
69.8062
122.949
188.09967
79.53476
118.931114
68.3219
19.59444
112.09895
154.15793
34.095222
71.57537
34.208076
85.1508
82.07169
94.910965
52.368694
32.980595
122.240074
36.00284
49.827187
35.275444
62.626427
55.967175
0.9884726
52.957275
78.38977
68.07376
73.813576
59.443184
106.50142
87.38803
34.455315
67.99099
116.26505
115.22827
100.920204
48.74831
206.41821
186.12157
256.42377
117.46249
18.042002
102.86476
124.76377
35.237892
2.2721486
75.16487
51.29243
7.3005266
55.176117
5.932124
91.13696
84.52222
72.948235
34.877567
39.691666
72.77693
38.73635
112.41011
42.44068
19.295368
62.855194
18.31362
76.876595
28.355755
54.215202
78.45174
88.46842
36.24625
66.20648
124.349525
37.941063
46.775684
58.25573
39.288994
86.249084
122.02596
132.5259
136.2643
52.835274
2.9522262
53.545837
84.11803
165.22299
197.73766
218.08813
56.115242
73.654945
32.37748
53.97647
56.11438
17.01775
72.36693
74.06289
2.029511
189.79916
45.883312
281.06512
157.93777
3.373967
66.652954
84.84056
151.65146
67.62044
111.19603
111.66252
98.96339
141.63062
36.53963
101.13486
103.237564
62.510277
108.94399
99.15613
39.07874
34.577343
35.716156
83.90419
64.02639
90.87518
39.094093
88.339325
31.171642
65.396675
86.439804
79.59801
69.21748
165.13992
155.29272
103.99158
37.736015
185.111
148.99318
0.6648649
45.029186
14.378418
4.4959717
54.75521
2.2547333
82.49886
15.097374
159.33325
17.839678
81.28731
36.1309
110.971436
97.38271
95.77533
88.42843
83.04297
102.71272
116.61393
46.648846
91.58582
104.91426
93.55453
34.26061
18.523739
18.102814
65.80755
175.93764
52.598152
216.53987
43.964775
145.9665
134.49837
3.680045
35.574276
97.96627
97.36821
127.58144
91.463486
5.11444
5.0456443
55.722908
37.938744
109.2025
237.00162
207.84636
161.51025
256.5085
88.14347
110.65881
115.663956
62.186623
24.545572
90.94348
119.715965
71.28776
29.450403
67.72162
49.904804
131.78865
170.55205
18.682714
18.134663
32.065098
74.830475
89.46623
93.01616
105.63027
171.27992
19.348438
20.27422
66.05176
60.454735
73.0032
73.3785
73.97356
149.33759
98.55064
166.2946
64.99723
137.84166
162.03839
61.524994
61.921684
82.64107
171.27347
275.6903
200.00237
130.03658
59.73017
138.0552
131.89085
152.0242
133.72105
49.809048
19.3381
149.46355
202.29785
151.79965
216.65225
75.45675
69.52426
36.55811
139.36496
144.91623
136.59232
184.62198
73.379555
160.00336
145.42899
177.02414
52.6086
125.05632
79.99166
89.14809
88.68211
44.455185
91.070984
110.37976
126.47685
40.152565
147.25496
131.90726
205.76115
343.30988
53.31191
45.54012
54.389244
222.3272
272.26407
100.72437
180.66785
171.25333
223.67831
146.8262
15.831398
82.61772
40.95672
209.21896
182.46918
11.553743
63.749275
133.09822
34.55356
54.90553
74.20266
102.7391
83.88073
141.18399
108.5048
239.11288
179.63718
165.69987
136.2905
119.75838
127.35895
1.5548283
133.59909
143.53175
101.93876
99.09659
95.88896
39.279137
81.8526
151.66812
149.14706
38.218044
106.23169
69.32727
56.908092
65.83266
22.970463
86.28018
37.74056
44.717003
69.80463
175.59549
283.67282
204.3349
50.792534
16.076021
176.9232
3.2292855
173.06223
52.785572
27.662745
91.270195
135.88724
35.030544
83.57895
186.4017
168.73575
2.5375953
6.3914213
40.987858
129.12436
69.343445
58.883553
48.202045
71.335434
71.40636
42.65862
54.69934
39.004036
114.08639
108.88745
76.30443
70.77934
70.5968
134.70921
169.97205
82.60469
38.783466
55.690422
67.4254
183.61247
89.88695
99.24874
128.32352
70.08597
108.0507
38.90502
22.802666
38.29296
126.78512
109.87595
39.711685
20.188456
162.1158
158.90811
195.37552
87.380905
45.078373
33.363243
53.616283
30.849283
24.370144
130.29915
52.828297
47.482216
48.057213
36.758736
42.771706
122.30861
19.071575
8.494346
50.31881
63.059437
3.905084
37.37601
53.37964
116.88194
122.85173
43.980377
67.55162
75.06629
117.45723
93.49458
0.9865414
18.612057
49.83955
80.42442
52.79702
66.367256
152.84378
225.1206
59.10893
66.731895
112.18616
215.58188
112.948326
113.84469
154.02388
84.69795
15.547122
66.57086
267.78265
101.37366
237.49252
117.731674
128.46239
59.224895
36.244137
21.530025
87.01903
45.1242
31.890676
37.168022
3.6394181
13.717799
11.793755
56.03945
39.951126
5.248732
36.933815
105.79165
105.51762
98.64119
27.981165
20.276003
68.57176
132.73143
19.479605
92.878136
71.7963
142.37064
36.871033
48.96412
111.33504
178.2396
99.916016
100.097626
95.78691
156.40335
152.21078
181.6779
100.40123
68.19561
180.71307
73.973526
65.112526
72.015945
57.21178
127.64217
150.63351
86.74109
0.78637564
25.802246
97.61672
2.5287519
71.50662
53.188526
49.50546
52.682384
4.6567187
170.41232
63.6921
34.195766
16.09425
61.325573
88.483536
69.083405
16.839851
34.693287
36.76197
50.02831
59.37406
178.72379
45.59147
62.499428
57.052204
71.04347
52.789898
107.73253
125.98258
107.195946
31.328161
164.77783
187.50334
148.16202
109.39717
79.48693
5.417746
37.676826
18.97067
28.502787
210.53574
104.4189
31.885965
76.682434
182.94942
98.43555
61.290382
0.24489968
13.122894
1.7269138
74.659966
65.421104
68.72989
20.093231
310.57248
157.79588
4.387538
45.875237
109.66819
76.23469
106.47433
27.112473
55.26095
54.757427
74.95381
44.534286
60.205467
161.22853
110.789566
169.96445
109.81686
128.48137
146.4058
130.78299
38.949223
19.386518
34.877525
11.576923
86.35353
134.45822
29.787704
16.950182
131.43745
158.15012
3.7947853
15.421987
66.52312
47.222664
60.67639
30.621784
115.78076
139.4993
71.1517
69.91112
70.96362
18.886127
251.19641
70.75701
84.16333
81.9568
216.17288
41.061363
14.531412
23.534897
54.82731
60.509987
41.544407
38.14376
57.05105
97.17432
106.895676
26.797552
86.53234
121.26347
57.56828
9.813522
45.813686
126.797714
152.17592
80.99105
