419.34384
174.14914
234.31067
131.40294
199.56912
32.935303
38.93026
69.26405
19.355879
67.85691
189.93607
143.29044
88.17751
101.41689
99.09185
119.21208
170.29765
226.60526
34.89029
74.737045
128.2752
135.16443
65.07243
126.143234
94.53467
19.780962
68.03907
123.775314
101.81274
94.18744
109.435715
70.64918
62.450783
38.975296
166.4451
36.4967
23.343096
113.86224
100.84883
114.548195
113.60258
112.10057
184.63638
110.81023
104.80221
67.416725
155.8401
151.35686
80.49483
198.01239
77.707565
244.82068
199.8485
117.99955
276.5392
80.33523
66.452034
24.690687
25.728994
82.26298
60.396263
58.18932
61.62754
132.59622
150.07765
99.62062
140.97452
110.40263
113.89198
190.27422
94.45783
55.673073
121.73055
124.13483
148.34216
231.15349
138.07426
73.14625
109.08429
54.49812
105.72288
64.50443
124.32668
108.0095
35.240005
86.03181
96.66716
28.134079
56.15341
197.92621
88.66617
100.05617
168.19096
69.40495
32.393944
92.686966
59.41637
167.6547
74.76923
63.462517
41.490047
121.5128
115.04637
11.659836
213.28491
136.94772
16.037374
37.71414
50.91358
39.19201
44.489902
21.261513
69.04521
160.80986
181.29655
116.43093
161.16508
14.732572
174.5013
96.83664
65.73317
68.37752
62.092888
16.351027
144.07956
62.33906
35.095577
58.373394
22.232199
19.220787
87.65805
31.901978
87.86148
66.571365
65.6156
32.882988
101.04843
37.676537
24.853039
63.81267
61.56245
82.77485
57.8879
73.91182
78.98624
46.374084
23.896946
125.248924
150.42447
128.53519
19.470442
69.27089
20.86926
35.476418
125.53546
58.71344
91.52565
55.53498
105.18544
80.68793
85.00665
69.1562
17.730572
78.208954
133.34105
97.76738
133.15149
202.53304
116.66797
119.829834
366.288
85.04051
63.544945
121.864426
229.27939
51.35974
105.57744
51.123756
92.96756
161.85797
56.589783
57.14272
168.08017
86.70482
156.89359
170.54213
115.84166
207.84846
98.47233
169.5286
173.13692
89.08186
44.36592
25.458536
105.2679
92.2722
19.62741
65.99548
53.16662
111.00513
83.434586
36.656593
14.470691
68.545166
29.38032
138.51636
169.04431
98.74118
56.457336
69.18794
72.1367
107.30849
114.39341
31.291874
67.895584
143.28252
38.564747
91.23625
135.95212
66.51497
12.027928
28.512833
66.23346
71.87552
96.63487
48.972176
28.081781
85.297
39.788742
28.848278
33.193806
123.29884
13.892015
85.20721
40.8051
56.51588
73.00166
100.30615
18.171673
133.72626
210.1685
127.75509
92.6024
70.90302
115.77832
28.529709
41.836777
7.429631
6.6962767
70.57851
31.853352
66.58491
71.86708
8.328187
73.313644
40.34596
77.99119
127.55989
46.383057
43.08552
4.762016
57.417614
137.99265
56.539375
68.58351
60.31643
63.57198
191.11578
162.34525
47.849037
48.32499
74.48472
127.52378
4.7322917
115.89359
78.189384
128.04816
112.56633
75.05683
1.6990706
40.966255
25.419247
6.8188043
15.426727
60.28907
9.895095
58.234688
42.973747
100.59614
67.23126
133.37814
77.694466
77.26198
74.23359
31.77941
28.511662
66.24258
23.697737
97.912796
172.01189
87.709915
114.06044
242.32137
211.66147
148.70473
109.72406
127.378494
41.372078
59.24696
133.3052
54.204853
37.3314
111.11326
95.43327
142.73955
106.10841
28.62479
23.978767
106.063354
0.4657649
35.902714
107.851906
64.067184
59.169395
55.116047
89.8734
5.2871346
32.29121
45.126377
37.179115
9.781855
39.662716
147.58505
37.36579
8.280416
17.739796
111.00967
32.56987
136.21368
67.457855
25.148531
44.51113
116.37996
173.11673
2.3749623
106.09733
5.211671
38.270885
91.81681
75.355934
35.877876
22.584274
196.9788
78.034164
11.994779
60.933147
39.176884
56.72763
68.94485
11.253896
3.3191934
4.9967704
38.129246
57.758404
197.22467
146.94658
84.17653
72.03019
115.70402
78.00722
141.01997
85.43623
15.001036
61.855133
12.675129
92.906906
58.625946
130.1727
118.075356
161.84624
4.229305
0.9894172
42.09303
109.3726
31.324106
96.87959
70.13115
71.54077
53.65912
59.08426
120.91437
36.973213
39.70121
124.11316
48.19043
24.287672
75.710205
6.2755394
43.288918
39.944256
48.28568
46.014412
27.137417
60.84718
44.789505
84.42074
62.03739
23.403631
84.37727
73.43989
14.2548065
25.790033
23.870232
59.74218
66.668724
51.64834
121.85648
69.85599
21.565035
32.352516
57.23974
43.218178
9.967505
93.61867
43.70819
61.311104
41.39347
71.169716
34.681297
115.48147
94.916985
98.61796
61.731403
123.07202
108.76174
44.176987
7.7903547
145.75468
58.210533
135.70703
35.433556
43.692154
60.092934
38.86695
68.99929
71.582664
69.72275
7.730638
22.877777
48.96792
81.28804
48.1733
94.029434
79.54457
95.86725
77.49965
45.127026
56.323753
91.13874
73.31529
35.020176
121.900085
62.20469
99.32086
203.60535
180.97534
169.88577
52.914417
125.45762
92.00124
154.28316
121.446144
67.54936
45.325966
42.96275
80.74977
100.134384
68.75008
103.485245
83.338356
107.625145
96.36284
38.779396
37.985847
74.16761
98.751526
64.28932
92.712
144.54536
68.95021
71.358864
105.347336
103.163864
174.84143
102.427345
198.05876
68.28279
62.248512
35.864098
93.3935
119.8985
48.357018
87.204544
97.01768
144.44974
129.48413
48.748306
100.61072
21.976957
83.74654
82.544846
57.219536
34.888588
39.975616
44.760456
129.00789
91.7597
44.003807
100.46388
68.40614
34.761818
55.460163
117.17593
74.36527
57.290394
145.16568
48.58436
71.15682
63.05625
76.708176
89.152145
81.511505
67.30693
79.30073
10.635312
72.41964
39.296867
53.190216
79.5936
101.74086
98.442856
11.662886
104.445496
49.79432
15.240927
30.568232
121.556015
48.474525
77.039665
41.74662
106.5402
8.271329
38.590706
106.99081
64.488365
40.793243
29.620228
1.7994629
10.77892
7.0818686
10.354287
2.2452881
109.953384
77.73928
120.25868
8.571628
63.485718
97.79954
96.830795
193.78973
63.01875
30.310022
21.007698
30.62547
59.09685
123.43225
99.067764
67.26223
53.60202
90.8861
43.951427
65.124344
6.747252
38.39936
216.3217
49.708946
38.943375
98.24244
143.53177
141.3441
158.97125
74.763664
80.325874
36.245266
3.7520669
129.85258
40.96717
9.069279
39.837822
14.951166
66.64105
70.2173
115.35626
4.0089216
41.726627
39.09382
105.59194
117.04026
26.748358
44.862213
164.3226
8.734128
13.851152
3.645369
90.82231
45.702423
11.988575
107.568344
13.6005535
76.65826
44.61074
165.75581
132.80562
89.21152
42.61535
25.901112
6.4576516
114.50655
96.07871
109.03493
71.82765
40.15431
69.90285
79.223404
42.09382
50.012077
90.404686
38.36961
128.74286
8.201059
70.52683
39.354534
85.27488
108.701256
65.972595
106.04663
24.29504
94.08499
109.68893
69.64013
74.13981
37.889454
37.798523
73.33234
101.97198
57.567047
12.50353
15.181574
78.48579
154.96106
104.641624
152.03255
98.65614
69.82987
90.70969
177.03568
71.25388
5.9660025
104.02991
52.79353
32.26615
89.28074
66.742386
76.99976
54.722454
95.959435
9.771321
9.656901
7.268811
10.701536
49.82952
88.2558
57.168316
32.55951
48.88865
68.746994
140.79102
10.17293
10.466592
8.213083
62.307056
149.29813
4.4107614
32.320034
65.37142
126.41807
5.3482094
4.44711
6.7729735
56.34176
85.155685
73.52581
96.16856
2.3709545
58.5159
71.43206
73.94778
63.199562
176.87953
5.104085
71.522804
73.73692
40.494522
8.376345
59.23983
64.05345
158.0516
62.839947
45.088615
95.00179
116.86735
39.449738
5.956229
63.69677
179.8437
40.75158
50.19973
52.492897
68.00108
48.390903
128.5294
76.44566
182.05661
179.0113
102.17146
92.63454
95.04565
45.40366
69.086205
67.290306
6.0899363
68.74611
29.28942
97.59589
60.07887
53.381207
36.115486
2.50442
48.102337
49.219078
64.53469
46.82334
275.1946
83.10606
99.25019
42.75172
40.979523
72.81666
36.394127
108.50712
31.314798
95.79492
144.88728
41.2891
73.30605
33.093822
81.294014
52.342903
17.5491
49.582565
29.49256
27.999416
62.113274
35.92829
36.61207
8.456693
6.563343
2.8035712
40.82488
69.790146
38.303123
70.55203
132.82089
90.405396
6.3012304
25.819174
51.49801
98.546776
39.34208
60.028492
65.68943
68.06644
3.321099
33.3078
45.62616
79.06512
26.705357
64.151505
80.96776
136.04678
237.64201
47.38505
63.47408
4.5695415
69.07721
71.18819
83.9742
35.979168
17.269894
106.03855
60.74295
97.31206
95.692795
179.82565
59.220398
23.940407
14.052513
62.680103
1.4585812
9.686106
13.162872
42.783833
40.895832
132.53871
120.84096
59.839844
160.50076
4.837373
25.591825
37.376106
57.280254
6.035059
284.89133
6.7062464
11.800163
29.106663
75.72649
51.267174
42.93534
40.655502
39.76669
35.750504
10.4214525
16.768295
52.090508
102.178566
73.40892
18.2552
54.618916
40.297432
97.7205
111.64464
96.7348
73.932175
70.97096
61.903637
7.6929827
72.42325
104.66829
4.9173427
13.291777
37.98964
108.27468
109.14293
107.68661
72.38764
46.83817
101.02327
95.72133
36.40618
35.20969
148.02995
57.06768
118.46903
52.953533
43.10166
65.6689
93.0424
112.241615
191.81955
36.794884
72.53129
36.731865
38.522446
39.244022
47.10737
41.230938
26.537846
35.20052
45.01856
78.574135
114.55818
9.257693
105.994064
36.45345
106.373795
72.56648
80.39644
138.30257
35.09542
36.337166
38.573036
46.616352
65.393326
96.84787
83.32271
6.1945558
62.871574
73.837234
88.11184
137.80704
50.300533
94.65065
115.87329
134.95877
208.08627
76.06193
63.822407
53.256805
9.434137
88.26918
93.06632
57.394665
77.16526
28.528927
33.197643
25.401823
74.04722
6.6845427
7.1384864
5.8625402
63.900932
78.05748
16.673325
78.335976
131.20895
35.470898
5.868621
45.3862
124.41972
27.018742
72.61772
46.879158
38.588585
38.992702
128.66763
129.37595
140.28635
140.49669
45.42075
44.48777
122.3527
34.059902
29.88182
30.739193
39.37826
93.0298
72.25084
72.24829
21.396673
84.929955
9.638782
4.710276
55.611725
53.44989
38.20884
60.454124
195.06213
143.59087
52.26175
106.436874
42.740868
42.798088
35.500538
89.335144
81.24098
37.075554
82.82128
134.88538
6.452549
66.74605
6.74653
10.985906
160.69075
66.60892
29.913074
65.8714
4.7560816
99.217545
6.2902822
101.14475
62.449707
75.3042
54.847374
91.11624
11.549469
35.45557
38.267456
46.64903
8.577558
72.9507
92.13167
116.58187
43.829395
89.107834
129.02737
120.35039
147.61559
103.87962
249.83127
9.383733
40.190197
0.7604431
72.50128
171.09317
143.54904
77.58281
66.84825
30.54916
3.9915817
106.63751
8.8176365
79.748116
40.23041
7.9402924
8.087713
77.53375
94.35142
127.67399
42.9065
193.08461
12.296398
87.11754
108.69037
12.166043
89.508125
37.282143
72.11371
49.1544
77.175476
153.12216
94.21834
41.166744
62.4521
78.648636
40.161476
96.83784
68.965836
46.032925
58.15384
61.553467
223.95557
117.092186
72.57296
60.24772
3.8742619
28.567215
112.57523
53.57035
82.05434
56.08731
56.202614
38.16485
71.831406
62.50003
47.06936
85.32219
38.328575
96.54683
80.483505
69.5049
60.729256
61.530373
109.38141
59.876198
70.63512
115.44299
47.542793
127.71049
41.58126
87.78521
124.30013
4.1530237
133.49338
135.81473
121.092125
66.898735
68.46855
143.13345
8.569312
40.527855
49.93937
189.25471
198.53282
190.54869
93.90325
80.66651
73.313736
158.21738
163.23532
27.849888
59.42916
130.78513
95.82439
40.57125
152.31627
26.079967
132.7074
46.972565
116.30461
9.367139
6.325839
36.461296
95.1436
14.140536
12.742596
8.393056
27.645092
113.29439
2.1164424
29.07742
67.90306
41.403755
47.017616
11.665444
78.51043
56.01365
96.20351
167.43196
179.02269
144.66139
148.51059
9.254112
37.50381
1.3613423
88.549
63.16454
60.483837
104.5378
65.56325
170.38297
94.593765
103.2088
38.883644
10.990683
43.387108
26.875614
36.615555
50.54039
25.865698
66.35892
42.976547
145.45322
82.588425
46.56915
5.835828
25.68786
32.10824
36.948143
71.903114
158.96675
229.3201
134.4722
56.77487
66.5516
36.11774
101.75626
36.301147
83.50084
35.37224
189.4732
14.702603
17.848646
21.708841
13.13165
50.154594
9.334902
4.178631
46.065002
77.47402
56.214012
91.84135
108.068344
177.53128
181.19127
265.20004
127.98683
109.34807
32.93227
87.27098
12.313228
50.110313
76.10188
143.01118
80.20404
0.99985754
36.769257
119.597916
43.99134
51.00797
31.763092
74.61244
49.249504
43.581856
67.09517
74.37402
218.5411
4.494365
63.324615
26.100819
2.3078933
41.203274
10.283104
6.127322
109.64628
141.20148
38.652233
58.590446
48.141087
240.71118
101.37282
114.637794
175.93393
152.8851
162.53494
211.21265
149.96223
71.56818
37.44188
25.763525
114.00895
77.425156
73.99292
68.411255
77.918976
73.72391
37.312424
77.557495
70.06123
90.46614
92.95371
34.82282
54.422325
142.81712
5.2501645
84.09587
71.104515
35.665535
73.53877
141.78
91.30958
77.15367
51.122444
38.099064
51.356354
110.18624
129.15929
44.826023
106.86814
126.16931
13.07294
57.226418
116.956436
11.355478
77.79915
64.88008
22.157198
2.6063132
108.198265
59.576374
55.341736
73.93783
88.629585
3.3911755
23.65209
55.680275
97.46162
56.859474
0.72895956
53.634644
41.261223
59.434242
40.293617
98.26119
74.612076
103.623314
88.59182
147.89159
90.62715
107.62311
67.95833
39.75554
63.617615
72.09563
113.00319
148.36098
62.50186
31.663593
90.47768
38.465633
65.85884
121.27883
124.132706
109.26227
48.85733
11.192884
9.338239
55.371197
36.556858
18.011883
41.600395
34.95742
41.90965
34.906837
66.504684
140.7977
31.19071
180.87558
51.94388
61.33628
10.751539
44.796204
56.903576
40.311153
79.79787
64.725716
95.43453
37.542
33.423912
111.114914
162.68349
40.530956
8.003003
13.419596
4.4947295
74.96638
29.41332
102.94307
74.209114
169.11844
130.2479
200.9885
202.28262
155.15614
38.436905
24.304346
25.995499
48.62306
36.674355
49.432014
48.379417
113.20332
191.46634
83.29234
68.3397
54.841564
40.585228
73.3525
95.93075
130.62637
143.62674
84.80734
88.93243
36.23553
62.50337
102.56217
112.23911
35.169777
47.541603
43.290573
100.239
63.948883
8.859771
80.33839
50.497795
13.118057
70.392715
56.32737
104.024185
60.78327
27.167852
11.633581
9.165826
43.95369
99.02027
38.669823
26.131088
73.682884
6.564395
10.877115
81.47386
7.1556153
40.573555
55.01662
9.9354515
6.0072265
78.73689
47.74964
37.504032
5.745659
71.04527
61.240227
98.99436
47.61611
74.87868
17.212795
7.3719163
106.61556
126.01353
74.17891
88.53764
66.66949
5.434209
73.752815
0.79593194
38.06091
71.78502
92.76159
38.669533
96.27617
91.12096
6.2190714
35.508873
75.30395
34.066048
80.80531
90.86992
96.04396
57.355316
36.978645
25.93631
7.844752
11.728498
99.51497
46.394257
75.695786
111.49324
21.482147
133.33487
44.194756
25.24056
47.69406
60.77124
66.68548
83.60839
35.266865
5.6908584
6.888864
72.913895
114.40607
88.23664
1.5426877
110.40883
231.98856
191.54208
149.60402
92.677444
40.112602
64.76694
41.893913
107.19926
110.2548
96.91132
64.094955
69.82893
104.84468
213.28377
34.893253
46.311817
147.3052
148.73126
88.919235
163.52652
76.80754
59.92163
39.513348
57.073235
67.21389
42.916878
45.29834
42.76664
119.8363
143.65488
123.58165
124.30222
47.434696
64.85197
144.36746
48.54429
55.486153
27.813898
146.94666
36.995632
7.4704056
73.329666
55.96534
101.56726
43.286755
4.316262
14.161842
42.785103
35.63347
70.28334
12.791929
47.13224
2.622554
2.8977113
39.444168
91.34325
151.72641
114.5251
45.36322
39.11311
96.463554
257.1442
84.93804
130.52066
67.13963
42.50255
33.27871
51.7508
123.686874
35.46083
98.44005
61.710815
95.379776
96.12999
87.596985
48.779907
196.6832
209.06653
258.7147
65.833534
119.67828
83.361305
59.125324
86.76865
41.022945
122.71366
152.11417
78.18767
86.139404
97.074
26.294476
26.61353
44.450478
57.627533
60.998352
85.1049
140.8496
120.17963
86.19939
43.232704
111.258316
75.160034
218.58455
32.58245
29.71491
64.05638
242.60947
103.88871
113.99982
73.26279
5.0362935
87.724724
187.61673
53.604546
71.266304
67.53519
19.048147
104.53517
83.623604
97.73943
48.93623
1.5994321
34.042095
29.937363
55.71102
81.49976
170.5485
97.45726
26.553112
43.80078
72.21297
90.017654
115.42397
35.6925
99.060814
57.692345
26.899921
48.812542
33.71118
54.577003
38.51246
34.868797
111.09049
21.58771
54.216057
45.63854
23.808256
145.52522
65.65321
67.20956
54.892036
276.26764
179.99333
124.81732
175.53654
163.15091
148.28899
125.86753
202.23457
114.91753
156.00674
74.98355
144.07352
135.28004
66.44066
63.75641
42.79081
107.76979
92.88448
92.999344
271.90536
123.96411
55.80787
72.40077
66.4269
86.83247
50.185856
18.673445
139.52371
64.93202
42.189995
123.32583
59.07609
116.86697
64.16588
95.73629
46.768227
9.689638
13.596257
47.33205
130.00107
137.58809
98.66942
163.64731
92.25008
143.9042
58.186546
214.05045
264.21906
92.44917
190.4473
206.84009
207.1969
348.6253
78.183304
88.771
106.84288
64.3005
136.05998
138.03445
106.7677
215.04385
60.711426
156.34598
75.255905
74.88296
41.05712
41.916016
121.707664
98.09923
43.40681
105.5245
56.171043
103.98146
41.67402
51.983288
61.161854
123.204056
72.82967
77.64339
50.426773
150.86064
74.35965
93.4602
107.28612
29.365826
109.83439
123.04686
39.926586
220.264
183.71927
120.501625
185.57805
174.53258
111.84701
43.299835
75.02507
45.489815
107.45622
74.929306
33.980915
82.83882
12.257018
93.725586
130.52414
150.87527
54.33001
101.80061
150.46497
230.13895
429.3853
173.53232
158.30292
45.40757
59.712746
91.476715
67.943306
74.89059
53.58554
121.44232
161.47171
75.412796
71.333145
41.06623
125.26483
117.78783
10.875392
64.179214
10.857308
41.011738
92.32804
135.77258
58.198254
37.044044
83.76029
55.712685
63.476765
75.665016
42.62542
42.12941
78.35692
46.52135
148.61412
207.85452
57.42315
70.743286
137.49876
123.873825
87.79418
78.68674
84.72795
126.56105
158.85947
81.14613
69.37819
103.10586
150.98898
117.00789
147.99684
41.60431
69.93211
214.85315
287.50702
113.72107
70.720894
2.6364093
157.86093
76.58011
112.56383
168.30392
65.45336
113.871605
151.76291
122.33449
37.722004
130.60582
92.660645
144.04062
87.39331
200.93204
80.91526
172.84789
127.8102
49.72193
117.36153
115.55754
90.3355
89.3748
42.679836
131.53586
59.60505
135.40387
92.4224
85.785706
151.56204
78.47263
50.01702
152.29813
216.5607
219.60477
74.943344
110.124374
179.50264
73.985306
96.900696
127.02134
83.19859
33.07533
86.40924
60.646584
75.945175
102.21083
198.68478
268.6877
102.09562
41.738705
112.819435
46.607468
46.99028
65.64517
103.413734
34.284977
85.011856
191.81525
60.987823
87.66826
39.04902
365.03937
181.0605
213.18008
163.20111
103.62166
79.964195
139.40433
194.06715
215.95174
228.75407
247.73518
118.24581
89.04161
121.061386
256.56497
126.77513
99.3019
70.76955
180.96855
155.45796
208.14737
159.09758
66.647575
119.197495
113.69389
203.348
168.1926
81.46084
125.30912
154.77554
47.48842
54.814026
46.03993
89.776855
80.52681
70.606125
188.02371
50.010674
10.620516
18.604193
29.450954
104.21033
105.33101
81.249794
36.36576
86.087234
69.67854
67.8963
40.140617
75.90193
88.88774
40.88146
10.287603
93.907234
166.12282
113.131836
62.326134
35.34828
137.18631
45.413166
48.85621
65.88116
47.36855
153.60818
116.57112
52.477802
81.54716
137.13551
79.15958
121.42399
191.82947
110.650856
42.222443
40.62162
160.10161
151.22043
65.68953
76.43964
117.297646
35.28662
52.246765
61.60265
77.3923
279.71927
7.5441923
48.79708
68.681046
50.17434
108.08092
83.774445
54.77697
188.86711
192.92839
75.43345
105.66837
193.32199
89.01029
140.32483
65.108795
54.209167
49.578167
130.47302
139.09639
182.14021
45.0949
181.59634
49.865997
108.59253
114.35826
236.65555
187.51213
50.042397
89.61107
75.979294
122.53074
53.525482
134.88354
108.38698
145.69691
51.38907
124.40348
124.40459
153.99156
215.06503
259.63034
179.11844
60.368427
56.201546
226.92912
215.23486
274.59927
102.87897
161.1808
19.777988
188.12015
79.04872
117.064255
40.350304
54.868732
50.030033
52.40083
65.107864
70.37262
108.00442
78.02126
53.980213
99.971115
69.2349
85.09756
54.81468
34.273216
107.45469
9.211076
1.8346571
101.165825
86.467186
47.64421
160.14633
145.49405
42.65032
178.01471
191.81297
87.19514
44.850704
122.85921
55.445824
85.951584
156.89809
157.81184
94.62423
85.18589
66.54282
127.565346
83.773094
207.24275
203.97276
21.91724
45.637657
31.661488
44.914474
82.768196
0.55396795
11.024618
46.203346
107.580666
132.78806
55.51773
130.81941
131.67798
59.281147
126.09788
212.34317
193.69133
56.473198
188.59164
42.002296
76.568306
70.38859
87.98433
77.95744
143.24208
69.87865
119.24495
69.73439
100.0803
82.90522
75.42942
67.9979
173.06598
170.36816
174.9833
111.33909
63.89956
99.396866
50.109615
40.532158
111.430214
75.903946
167.5775
120.190125
85.10495
51.65791
21.517721
98.223465
115.09153
60.360725
310.66116
245.47649
217.65024
122.91591
64.61449
72.34369
76.29249
3.2366817
50.287376
91.375984
69.185905
66.39772
110.19661
114.34367
75.25743
169.81413
225.7279
224.4504
191.8449
153.3196
59.22047
79.701035
77.364456
40.754227
154.53761
84.07562
50.313026
115.936966
173.55266
146.03014
232.33586
59.637817
141.16196
201.39963
111.95911
73.785545
218.55606
152.46085
241.59384
136.58975
66.55991
164.82182
83.939835
85.24248
182.39043
83.41497
43.43723
101.35431
50.330215
156.09569
76.0772
101.49605
93.97638
76.41636
83.31145
95.65469
131.71378
57.918068
166.01718
106.1157
199.87025
9.82662
57.229137
73.21826
80.33607
88.58125
98.120865
54.980675
71.42977
190.84273
272.19553
187.08969
125.18636
78.27255
90.78032
124.0671
73.15315
80.153885
159.66751
211.16187
39.032402
72.33242
65.9271
26.884558
60.549366
5.391271
99.350555
121.12588
86.74104
149.28766
131.4194
0.95376366
106.86279
243.11447
198.31918
341.85223
165.93996
80.04223
91.70679
83.447105
208.61055
43.105064
97.97261
61.08244
92.46687
168.81714
137.06653
116.934494
140.22128
86.71538
3.4715276
73.45768
83.40532
126.788536
89.72063
122.2957
65.62998
68.5807
6.8490663
35.240295
126.80994
80.18263
156.20422
140.67976
127.64951
23.695927
1.0336293
56.94812
98.480385
36.718693
43.530933
2.942065
40.370182
4.540828
189.77975
20.59046
134.08186
127.1121
62.004784
119.91178
78.52944
127.58949
34.931557
100.10353
109.28203
81.38453
105.64669
12.482393
20.443672
39.248886
119.17595
119.03807
180.43753
52.542717
92.83008
38.69367
59.046867
127.61159
46.688194
17.48934
105.928444
85.74965
109.66374
77.93611
14.536278
60.243744
42.087715
108.17934
144.52803
137.32019
149.88681
140.37897
20.491661
113.66466
46.16767
105.32957
42.73539
49.32994
148.41
147.25632
70.15767
136.91283
183.05244
135.39594
67.28416
154.94633
96.65987
166.15579
95.18516
178.88603
66.13002
80.91362
257.43137
238.34514
148.12965
293.15024
115.82744
62.9429
255.61731
71.76357
94.947784
88.09895
42.999435
152.52406
61.275257
56.862885
120.946815
64.98572
118.22768
121.661705
18.81313
102.98497
49.966827
124.097435
196.57079
125.03343
61.679615
115.64095
164.01859
256.81818
142.52966
123.76913
10.859008
178.73837
119.931435
140.33237
41.8368
46.076515
81.72952
8.228838
48.938637
43.885796
66.301254
174.92404
59.069702
217.11931
159.93422
67.61302
145.90926
4.338752
22.476936
150.55757
171.46579
152.07118
83.690636
79.293686
37.29548
56.089924
11.570902
35.47608
74.00054
11.121139
73.966354
71.56163
75.370285
33.608986
34.273396
149.14029
97.19801
145.65544
232.9261
204.81657
134.42502
47.743073
79.455734
244.84998
64.9524
40.725834
127.47839
97.829475
62.877525
62.87229
150.87968
96.93794
55.581512
50.82377
35.95089
31.796307
55.133385
64.77061
85.95787
86.36464
147.99034
314.59146
87.32176
41.965054
53.799946
10.176002
10.36007
41.51169
83.886826
60.678673
126.98146
67.40873
99.95123
157.61595
263.68817
150.27615
117.016945
74.36685
159.79027
173.86084
122.39247
153.55264
182.79463
132.22537
189.8436
47.156105
18.674831
54.964813
115.10181
118.93252
34.272415
15.508817
53.400177
46.34867
125.706764
85.30491
51.218666
56.317375
76.199715
190.03638
171.00519
125.26863
208.7419
123.68209
200.58485
159.50867
125.482056
106.72168
164.09647
154.57254
247.2974
174.89369
88.0246
127.05615
2.182785
117.41958
114.390884
42.39989
54.61903
92.915085
254.75618
206.07901
90.97636
144.60378
40.561375
14.164282
49.85859
10.89468
72.43645
184.01547
128.96075
43.81436
112.37541
81.633286
43.033623
86.30836
43.263268
212.6864
147.33127
193.84195
34.268322
83.26068
101.33252
68.844955
50.060204
126.71387
217.83704
80.945145
148.74872
199.2322
183.30476
150.37753
77.91305
82.54928
41.59848
95.74569
184.0577
144.72641
59.03692
65.2041
67.32041
139.13315
59.459553
74.78284
96.511795
138.45618
35.58099
87.15485
83.7015
58.902428
77.36875
34.431328
72.44655
81.99892
78.42954
43.55611
92.88909
0.28257063
9.572142
37.47465
49.879242
36.843925
83.923645
2.1710763
72.60594
92.73259
233.4571
240.10298
91.709305
26.59725
50.518135
15.59082
58.432934
130.71924
67.3676
180.19772
107.12195
134.32297
67.3867
0.36657375
79.73808
75.60982
128.27248
46.648373
114.01306
131.1459
205.05179
59.465973
134.84665
269.10513
60.893456
142.34262
84.58171
76.11363
93.517746
195.62111
49.45092
125.026245
73.76691
198.04404
38.396626
88.38279
60.684467
42.16164
80.1989
146.13388
127.280495
74.51524
10.474002
94.886536
65.71317
1.075403
215.8635
332.52448
295.2913
74.12245
85.62111
58.93391
231.53967
81.14093
99.18087
75.401985
77.960144
45.901268
216.94185
90.01852
104.93982
10.164419
73.68265
101.424866
70.446495
36.795235
107.60033
88.39049
107.00615
49.867165
75.934906
106.805275
43.293938
78.86843
61.197823
11.757237
70.409
65.397934
73.832535
127.032
57.530518
82.316086
106.38951
66.7988
35.099693
77.80851
74.05834
83.02076
34.148514
71.431465
149.47263
114.26322
138.19034
149.97473
93.22715
255.13081
131.42839
0.8522247
154.34308
125.14272
141.79027
89.411995
267.7725
97.78466
240.11646
211.03784
43.520947
109.51613
142.5895
131.20296
77.61061
93.76405
10.4300785
0.6454481
84.1282
33.41588
0.65212566
117.03939
27.04712
41.988136
36.07747
112.22081
72.52364
142.76941
76.081314
115.68852
133.58907
84.22132
227.50894
255.76933
125.58984
63.93636
64.27279
65.298935
65.21668
43.69147
1.5989883
10.286441
96.18347
88.69435
3.283654
74.53464
21.623438
132.25339
120.69354
79.54354
89.94547
126.53805
111.563034
195.26846
144.15938
141.24675
120.36684
251.31958
139.90059
170.93723
197.45517
205.71347
114.993286
66.96076
79.81327
165.77159
51.26651
132.7279
79.35314
224.5044
205.35971
288.63843
228.61699
98.30355
47.2811
4.1446934
137.01176
139.75252
118.751305
42.069847
338.27814
157.7862
87.306725
94.80413
46.816296
82.388466
41.05411
227.29549
188.2695
30.836065
111.00224
97.192604
150.133
89.182106
89.916794
262.46936
238.69844
309.12244
174.85393
141.9371
264.33783
58.525738
78.9385
75.835464
36.33392
106.67384
141.93164
163.55629
218.11748
94.018364
106.61796
148.9985
40.189274
149.90506
87.271774
87.69595
80.04975
55.101402
113.30692
33.349976
88.17211
164.55191
107.00759
40.27029
99.598145
84.79777
109.46733
20.615772
108.007484
23.066301
51.743034
173.75487
79.25407
43.659733
71.99921
152.79144
0.5423672
87.68855
52.560585
76.13959
111.77028
36.197018
54.30902
80.67568
81.7675
2.6335113
114.05603
200.27176
224.65523
79.05159
75.05879
120.97905
113.84906
147.87657
125.04175
228.79167
148.80708
142.70248
46.49228
52.820618
76.15309
141.88855
67.81232
72.930046
114.5952
223.60396
303.04785
193.91553
203.12614
112.668785
107.034035
10.564213
118.754234
123.127396
165.53255
102.340324
80.9102
62.072174
102.352745
113.79269
116.52096
142.18443
92.262344
113.90426
115.22611
115.385704
124.57432
44.517933
37.71746
67.92794
78.85607
173.70071
84.16328
124.275375
75.848434
83.18686
34.451794
24.490112
32.84124
104.74748
145.49048
41.488678
95.18788
118.90071
82.13835
57.539825
153.62808
20.280773
68.63837
11.193211
67.97302
38.991264
107.433754
62.031757
167.38118
242.77048
56.58037
276.37057
187.93636
72.68209
89.413925
3.313081
34.00434
132.04802
71.52159
81.14948
117.71239
67.94034
0.40642682
67.36976
116.08099
214.02983
94.7716
164.7872
117.819786
245.509
42.29308
43.524555
37.415436
33.094532
95.46083
234.80063
93.956375
122.71741
77.09823
150.88426
81.32992
41.952793
231.77905
36.68699
97.50801
50.673317
102.11268
2.5214562
118.820435
18.811153
158.46652
53.505035
83.27733
77.00882
149.21118
188.94136
265.99643
49.369003
76.011795
135.06102
80.333664
132.8981
130.72458
96.83153
43.337852
75.32477
41.479553
85.763626
101.44307
76.88209
62.532032
158.93912
168.74818
66.51892
0.80491763
73.77819
117.13922
15.163279
166.69713
106.44261
76.40768
165.73679
166.0424
87.83772
148.81897
136.74246
97.355316
95.6398
162.8464
197.63835
84.897545
84.74258
65.08755
95.97147
195.25302
39.391415
113.16853
53.07962
119.70479
201.84814
81.39502
88.70229
86.496605
96.55262
173.35107
174.35661
197.81047
223.48459
201.54805
137.9398
183.17432
158.25256
93.62757
196.36499
239.2136
122.76278
81.26162
133.83624
148.89577
51.1785
119.49388
72.504456
64.83273
130.87924
197.30226
139.99852
52.83796
44.87936
100.2012
67.801414
69.0714
134.5292
59.363007
77.57877
2.249994
113.736496
149.37288
175.68936
169.60025
200.36044
243.58199
184.79129
200.66914
151.6314
125.49402
203.03723
88.63051
86.98224
73.378944
152.40347
100.49583
200.87912
183.42386
289.05402
215.59793
52.553223
42.273037
75.78345
51.907906
73.32054
61.431355
39.21578
60.39015
125.98326
107.835815
79.802536
129.60255
59.342323
155.56161
147.49664
112.12014
132.92795
189.1467
167.21526
52.047234
134.79413
150.3411
125.33681
148.90921
138.41493
102.506615
11.548021
118.231606
52.39266
127.3136
53.568645
35.571537
107.98895
44.700035
124.05322
66.0523
51.25213
35.84324
0.793021
53.034412
13.976481
13.993147
98.5894
41.227283
184.4775
73.146935
138.16713
49.122814
108.11196
108.361984
76.58453
204.06734
47.016594
107.21708
56.071857
101.54454
70.03331
45.264782
9.735173
63.77848
181.91078
244.99036
154.50241
149.24236
27.538532
53.85795
60.49819
3.6780186
43.35549
172.57437
23.17942
30.865015
116.45192
135.45303
167.18965
99.51787
99.87439
100.622986
63.731926
69.26172
78.65486
187.9073
37.292187
55.150604
130.63206
228.30087
52.717926
123.429405
58.33775
155.37924
134.05077
106.79989
87.43884
11.06751
6.4625306
24.165585
38.21958
17.422468
41.125683
20.064356
53.682426
37.58775
7.616417
100.00874
80.63841
41.49762
23.793444
111.23944
64.711365
41.96914
52.303295
22.25729
118.67912
204.66461
50.759727
62.731804
47.045654
42.00271
96.15799
25.535982
87.201225
76.178955
70.61908
66.88022
36.703022
61.70796
51.28587
67.39379
127.72795
123.268456
166.41763
125.8584
165.81639
33.866364
36.05479
46.05761
70.6713
142.22691
49.92678
112.12224
88.11343
158.18481
72.93113
113.19167
53.008522
69.58399
144.51256
38.153484
112.02977
45.367043
72.24062
99.36685
50.179882
137.77068
203.87459
189.13461
133.87119
93.791695
57.523083
109.616905
119.77273
39.557945
64.809006
12.795092
48.14454
64.775734
68.24777
58.554543
106.1273
23.321003
120.47611
62.541252
86.517586
83.3362
19.940723
25.742939
54.320496
101.19664
13.251185
65.73518
63.091225
41.940056
38.58628
11.156412
39.726044
66.87779
80.87901
72.87473
9.947835
31.550777
86.4401
69.678955
42.599495
99.50206
36.464622
23.871885
181.59114
139.59048
42.479637
65.258316
56.743763
81.14587
60.63138
64.60553
184.16724
111.355225
55.141254
58.747734
199.71619
42.82661
109.12832
41.627323
156.82756
70.11654
5.02955
59.926643
80.195114
116.18054
91.31328
76.31986
62.509632
43.29149
67.73112
65.49695
98.874794
54.27315
51.11213
75.83254
129.96005
38.673664
54.144306
80.1276
39.70418
13.461703
18.3581
27.886133
26.290394
128.10942
78.870735
85.59833
58.84733
37.294243
115.572754
45.74299
100.47517
66.768234
79.05044
183.02274
104.93376
115.11113
116.84996
159.10083
16.92973
10.405521
3.5870547
46.511818
104.28734
56.60656
61.856495
64.27451
98.80309
92.91316
110.31096
171.5918
100.70731
81.72615
119.57943
52.046364
141.53123
103.497604
143.61264
95.4951
106.04171
98.6012
65.27964
104.054344
124.68837
92.350655
116.24176
147.246
45.899837
138.38852
67.467606
4.6989355
38.959225
13.466365
18.863308
88.036125
3.625381
25.037905
93.918274
137.61693
66.02391
34.410725
36.674217
36.970932
76.4349
195.61102
48.425606
88.02075
39.72718
9.837683
60.114265
77.24144
88.60745
37.56122
100.68565
6.7492776
11.605792
33.016914
72.82291
33.722042
63.995155
24.260181
96.24208
35.48861
50.557335
76.68686
8.4940195
74.244675
7.789958
37.14281
100.43319
123.78577
47.745728
145.6146
76.09845
36.103607
111.08008
174.44157
50.48131
192.92902
276.47388
188.22765
56.9029
90.188156
6.4203672
11.514944
24.736685
29.731964
10.691583
80.77235
23.992876
80.03811
40.798237
54.205456
205.56787
215.92484
192.43097
79.31275
127.67582
223.75769
53.777233
46.189262
18.69998
9.630487
40.141434
8.369647
106.20066
72.55964
95.37904
124.57585
60.581615
68.848976
70.54172
94.67983
79.941414
128.28683
73.59765
19.233547
53.11255
56.21691
67.28316
109.46004
52.02482
33.52826
23.943624
49.688927
66.84426
72.68363
115.69804
61.084908
67.801865
68.71942
36.226192
100.157326
67.30027
27.218678
0.824726
24.374958
7.884818
35.55426
67.891556
47.834213
2.6515222
39.30291
69.86351
163.07185
89.9202
38.58429
61.1641
120.73328
73.225235
43.256695
52.280354
109.23708
33.85642
50.34543
27.137852
51.805267
39.24958
46.30037
62.314095
3.6951828
42.79905
97.20979
31.666616
1.2879413
38.28677
24.233345
143.72894
215.36922
191.15279
69.52244
37.42451
77.982834
19.677748
29.102716
52.700645
84.299324
50.952477
41.120186
64.52876
103.655624
54.7483
33.168243
140.20566
40.072906
85.92044
15.55522
18.12939
78.86641
38.33111
230.89932
54.381664
106.95589
136.37367
25.42648
33.220814
2.5682423
100.451614
218.40889
207.73593
77.25697
92.101036
36.352734
103.49923
31.61762
6.8349266
5.005677
41.835484
52.89435
6.6324415
58.226433
59.59212
108.735794
35.455208
73.10693
92.99911
10.968211
46.689964
76.10184
53.796295
220.53992
21.923288
139.12169
84.60289
72.59155
5.39011
160.98288
157.4667
126.75615
200.65018
99.62155
249.02722
58.912964
79.502754
35.25365
37.4866
198.53746
144.45712
131.32921
174.69116
131.9621
59.11394
67.39705
74.344894
49.30074
116.856834
57.293037
41.966034
40.372425
64.74926
37.610023
82.51994
13.236814
48.387924
67.907776
146.91493
5.9415145
30.751755
4.324964
53.737343
90.48817
20.58365
9.817
70.44676
46.764366
105.26837
126.93821
97.27382
65.84625
41.31273
22.554405
25.71047
34.40635
7.546057
26.389008
53.70822
44.78291
135.43472
107.27921
104.569176
74.27722
74.64253
50.312687
27.845861
95.992325
4.5130415
41.29325
157.19885
167.89326
95.30083
153.11746
43.566795
81.35928
85.11165
70.986595
274.39853
37.98242
80.93193
61.921062
74.43637
6.632577
41.595196
10.199097
107.80586
36.098007
39.09244
66.26336
121.04967
73.50489
92.913284
57.62325
50.934044
51.248646
63.714508
52.735954
24.251753
4.0375586
72.95164
33.14074
117.98659
41.043488
2.8283944
7.883765
119.58022
83.3271
11.443392
39.18334
160.98679
202.84998
36.180813
99.566536
132.61667
36.9375
69.33162
54.874664
58.536274
3.7717063
79.18784
43.388138
87.50939
33.411312
66.60047
33.62473
103.60636
54.910927
53.410656
90.36058
151.79001
121.488174
124.20023
44.03679
42.50106
68.69581
32.688923
17.267513
19.54253
22.88771
40.083015
77.93312
70.28591
66.67572
20.781078
117.259995
84.71974
7.958561
61.07142
41.71502
67.622765
54.78479
137.45743
101.31641
76.84598
179.936
89.101395
69.814896
128.66544
21.50341
42.44081
98.498
8.189171
10.080569
19.852327
47.739742
94.33968
60.892235
44.209778
79.32248
36.886024
37.13534
21.082855
35.910778
98.66179
15.396449
52.343483
153.28232
112.26953
106.05569
54.47758
45.70614
108.336655
78.38135
43.287605
70.92037
58.96219
20.306557
30.660542
65.80776
77.851845
11.661619
87.7961
136.04942
139.95439
20.588535
99.69138
77.8604
167.8796
72.628586
58.77016
10.794407
51.40921
23.16235
7.9260345
39.511475
32.178856
45.707565
10.320026
9.754953
10.216501
38.02485
40.615456
61.547157
89.85379
120.28047
128.65572
68.312935
36.69453
73.76505
45.91994
63.25598
102.53469
119.94061
52.759655
71.378586
82.51316
111.67947
57.69239
49.46113
85.977455
60.164177
64.956436
188.25153
70.44402
16.289785
235.17923
86.694374
110.08152
246.70126
140.20471
37.871597
94.659584
81.51941
41.739334
20.77867
51.389587
118.24434
42.983646
12.666929
40.375587
36.87303
2.8107915
50.596012
36.02718
96.265945
124.81431
36.137794
164.05411
45.001
68.86292
99.70133
74.18818
36.86995
39.27487
56.094154
56.683636
35.09793
54.595337
41.576546
47.58615
75.23711
45.635017
9.582142
44.147476
19.630587
151.18373
100.180954
43.94764
99.88988
109.695656
264.0008
36.28486
87.96199
22.104387
33.587337
208.25017
93.877144
121.14999
4.239418
10.931534
14.342285
40.369297
67.84188
104.6555
124.50387
111.1071
68.88641
74.61821
57.104225
66.488884
48.199055
32.592674
12.279414
10.330848
75.13187
66.85475
159.94559
72.69328
66.25849
8.903088
93.63646
73.10366
56.010303
71.0774
67.44975
41.969868
36.174213
9.081583
41.47583
76.44569
262.31436
81.44132
36.633015
2.793303
174.22949
32.204124
53.283752
4.823677
34.09255
71.18258
100.92322
44.190132
94.593216
39.19416
65.515015
8.884851
126.594925
214.54485
39.846752
38.632446
44.89414
84.64607
68.54823
46.43449
83.27475
85.09495
134.76804
137.5582
67.15419
72.5885
71.16475
96.64059
70.64086
76.44528
98.25584
27.375275
38.686104
88.56968
8.6960535
44.98927
95.344345
97.90777
129.90446
67.72361
5.0123854
58.95166
82.85669
61.56728
41.951614
9.052818
35.96647
32.18245
70.74369
82.64063
85.45239
72.8817
138.47244
123.985245
144.61343
12.576493
91.52678
121.880936
50.329456
76.265594
62.25934
74.31075
102.85115
12.849443
53.289684
65.924484
37.28967
134.4574
75.61424
59.003227
41.768604
74.57503
144.5792
25.275738
54.43331
92.80054
36.09468
46.64536
35.61647
177.61789
62.842964
62.63697
110.08138
32.901848
73.88415
139.311
73.27093
101.68573
39.71017
72.671196
53.029274
85.14957
49.01832
15.470749
32.12247
101.56736
63.177032
54.060497
107.99308
10.322285
28.657907
21.203115
95.91593
63.894447
40.67152
71.13019
11.422267
33.439163
21.978191
81.458694
69.180786
43.142254
66.94025
37.43953
81.35708
7.343271
53.141273
4.1693196
49.146584
117.23894
147.16548
67.21266
143.03143
161.73804
103.79269
89.74537
82.29814
66.82362
79.01745
47.34889
38.76137
87.66653
112.26945
146.66959
86.738884
38.60782
39.5532
9.1856
132.39206
39.952198
49.83985
24.027384
48.832573
2.6298742
89.18278
54.507336
41.024677
104.548256
74.3411
78.68313
7.2033715
13.153974
8.633402
23.001406
90.3474
22.830399
92.73876
31.896524
64.45543
111.12412
26.610556
6.4264755
32.850002
127.62801
76.60539
44.444332
84.37873
44.30989
40.98256
34.9861
79.20066
75.68622
38.00631
24.446386
20.070488
29.10619
74.18895
111.42053
64.03993
125.00745
152.85983
90.17644
85.48623
92.1991
5.39322
230.35515
102.022835
117.44492
179.83145
39.598568
1.0347996
99.57248
97.615295
85.25259
194.97234
160.54234
118.17964
216.0238
358.3035
170.42819
227.75113
10.377794
142.24504
123.32745
179.45114
86.47749
110.92893
50.80704
3.4038785
42.30532
190.24896
118.25118
199.73004
169.81195
76.02498
197.29892
42.17841
9.99593
118.076035
104.60048
45.828865
74.278336
64.26256
138.48784
148.30667
52.759083
122.06474
69.26326
7.6973696
48.54927
74.948456
51.69704
82.0376
113.71507
125.59874
89.23266
40.732315
71.95217
50.555447
159.1615
42.184135
115.931435
175.30276
327.98163
33.872116
53.50337
99.24325
118.21187
12.193308
10.093525
57.73098
40.784935
119.66386
84.25281
123.54463
120.48409
150.34166
62.781525
12.675492
83.16307
207.74142
49.462418
59.283867
78.70588
252.16068
132.65616
127.45863
1.9693916
12.774282
203.71844
59.837837
210.16325
291.54172
194.03033
66.54718
159.68564
141.44107
239.01714
281.06165
65.39266
84.83989
33.46735
107.68821
75.39824
232.41626
148.77188
184.53311
193.48189
84.74467
184.69406
159.26736
301.05478
113.51555
73.60705
58.41081
77.05933
40.1242
228.47116
149.44559
294.406
46.411797
61.40323
16.70146
69.11005
74.32322
149.30806
50.504295
75.64834
179.19109
145.16286
92.98161
54.524178
198.56555
104.50432
136.58008
78.31364
124.263916
97.42072
58.549397
34.31373
42.948578
57.788128
189.51863
105.5683
60.841522
37.55719
66.38606
41.939484
44.600822
13.286654
42.169487
132.82999
52.75007
148.29636
97.25412
40.52723
87.336044
106.58927
148.8218
148.53113
98.61852
126.340576
104.09285
56.384388
45.692318
81.804276
91.67646
103.47319
42.16791
43.18001
43.929775
81.48372
33.911972
34.420826
33.961487
42.82093
184.04854
126.462585
200.64662
83.983025
112.2926
94.71792
173.75249
70.92086
153.21568
75.71005
86.425156
94.12828
78.270035
155.44293
45.436142
179.75272
62.180004
232.6834
75.573235
174.98567
158.7197
45.80006
111.09961
78.59223
281.11646
145.35483
176.57428
263.3758
78.91192
117.79623
104.85402
132.45747
138.80954
34.02219
9.221854
113.140945
45.195488
2.876408
51.579193
63.02421
34.536594
145.60405
43.727882
73.15997
95.75957
88.792725
90.90877
180.65613
56.72536
58.805157
56.816174
107.014145
35.383232
43.327187
158.34583
74.203476
148.73294
94.30109
75.13475
246.94795
285.22754
209.16956
209.36401
203.74692
101.77175
62.476326
60.337196
75.124306
124.72424
159.54956
140.08665
167.45122
38.084908
95.64894
44.059746
123.08211
154.17871
70.68439
133.77725
190.74762
114.63412
36.350266
91.456955
75.35168
254.33257
190.39006
86.971695
145.9916
128.2208
159.34799
61.06742
53.556335
56.91515
149.1548
168.35818
92.65416
75.8128
105.34933
35.918728
99.18688
278.65494
218.21123
240.42143
303.5876
229.19609
322.4713
336.6224
186.99545
14.248469
88.12614
9.460047
140.7426
34.33018
45.25276
165.13933
88.26321
106.10464
231.70847
100.781906
183.98416
10.666467
180.23181
147.30138
74.20424
39.762608
4.1929092
61.338886
83.15387
163.55812
133.21964
115.799416
44.474297
148.59402
120.37612
118.09868
63.31588
102.68135
49.514755
138.6971
181.0528
116.338806
108.36743
78.98171
45.10975
114.920204
111.55902
244.96025
157.81937
85.05005
80.94883
134.79243
76.13587
118.39894
17.35591
147.32669
202.30634
76.98576
138.68137
233.27615
256.90347
261.2701
59.45884
127.57378
142.19238
91.00084
90.65179
74.58985
57.558643
116.956955
34.52127
20.298702
45.151962
150.11441
14.679071
8.089672
149.36337
93.830185
150.70183
188.38406
154.30496
313.26633
239.81367
93.21392
211.41931
140.63443
187.34807
65.34923
49.63009
80.402115
40.772194
209.30417
41.65316
52.705975
94.306114
46.59506
181.27975
82.25585
148.58919
40.883682
67.6235
54.115498
27.299
81.54209
54.049244
146.91072
129.59705
19.546968
15.436571
47.49971
115.69661
100.573746
128.62302
3.5823307
102.322914
69.52075
108.33614
43.144264
9.666433
33.14252
33.937126
24.951015
117.77114
289.64963
95.715416
187.29465
115.275185
106.803406
83.03522
44.224014
50.506523
133.30493
75.55176
107.9406
44.086235
73.00111
137.93733
171.6233
64.115265
220.46333
74.30034
126.81445
122.32021
91.54149
47.93039
129.74504
106.972855
45.18073
85.54762
50.609993
67.793655
91.355896
107.70361
52.10667
10.146982
13.160321
3.494658
12.749942
34.957146
124.73218
48.406605
105.55028
64.247475
62.19024
53.352367
168.74551
139.99966
312.42105
258.71527
193.88155
148.00237
283.779
150.5276
265.2179
240.9591
191.91238
115.299706
84.32718
138.87149
160.69788
151.55183
83.84881
51.33366
166.46028
54.4984
88.535324
11.08818
77.92685
14.350822
34.19239
45.82613
11.9704075
10.444283
164.899
29.195934
133.02121
115.35899
107.11471
91.34697
163.6407
193.46915
85.81467
53.737877
53.088142
67.391785
10.3780155
19.554043
143.22346
58.245472
44.922787
79.812675
126.16278
61.213146
95.79017
59.53263
95.446236
212.42395
64.74235
104.284546
107.31167
152.87971
145.63477
89.63038
46.218628
59.821312
83.88543
85.33107
79.33382
121.40067
83.19722
45.092064
153.37268
45.03036
109.11284
9.629509
89.16441
86.81594
35.364548
1.7553694
127.36058
204.95325
69.9762
60.296467
176.53786
50.02836
93.98894
80.66196
63.859436
61.070778
67.678795
78.56263
66.342606
151.33624
159.80621
197.60727
88.19997
165.73924
35.302654
47.57437
86.46687
78.99067
144.86299
107.817215
150.22733
83.32268
149.24655
180.32254
247.46223
70.87118
50.357285
74.5183
78.44983
115.54092
86.330215
101.58061
114.45469
134.28664
0.3847251
50.23614
75.4366
158.38725
110.0032
104.37921
164.36406
121.22432
75.482864
152.09778
75.90402
138.0325
131.86618
70.07951
149.8403
102.08808
199.70422
254.42375
197.07556
151.33302
141.69942
10.093302
51.1554
68.682396
275.06097
43.818516
90.394135
37.097485
43.653244
187.16647
20.875746
39.37471
241.88602
11.606749
76.402084
76.000305
3.1285691
107.20738
117.07462
44.237175
35.87098
67.77004
155.607
126.98633
82.72957
113.512314
106.78361
145.05136
10.512113
71.50639
0.54584163
77.07397
107.36359
3.0908685
40.31864
102.019455
139.80919
303.27057
207.52652
73.889145
75.49184
120.17091
184.34158
43.979233
76.09156
164.30545
148.27841
78.56712
143.81802
77.00387
34.17407
58.125114
201.34552
108.11934
53.831543
109.16429
100.32155
154.35446
68.22011
116.15773
100.78297
96.05341
75.45532
46.533653
40.92452
236.20291
132.29977
60.45976
41.232704
50.336372
143.40524
93.990204
48.62112
82.88246
115.56041
245.09253
258.78784
300.53198
154.17313
141.93527
232.49548
1.5686945
1.3314021
105.319214
165.8916
2.39843
42.75381
199.83527
42.49428
88.11843
75.62305
110.56545
112.4088
189.71
254.53653
239.83858
33.36563
101.27974
108.35274
81.892166
47.25422
52.47045
71.004875
36.21118
148.9096
169.16815
37.403244
42.0241
53.371796
52.943703
123.2204
139.6829
85.57531
180.66605
23.530323
65.65369
73.57148
35.032173
3.8650985
133.32922
122.7109
85.73674
124.59392
162.77773
34.33909
88.562904
58.23005
50.77637
135.20303
128.47626
130.2793
87.42972
82.87337
149.06686
91.8655
91.06163
126.70592
238.16443
77.28815
136.75998
168.07439
28.11832
64.12189
149.46547
138.30609
70.6562
128.31682
54.251045
146.55066
99.50378
88.77763
110.61556
44.379246
86.51086
71.58751
112.06325
205.89981
43.757042
79.92311
86.64188
46.839676
171.7873
141.465
312.51312
108.25946
50.198215
116.543396
72.45091
70.090195
45.564632
195.75284
91.83888
82.633415
73.1181
82.030136
196.54324
135.61795
119.55701
196.9128
193.33757
180.6796
272.56363
138.71457
58.729717
88.100914
52.822273
62.43791
2.3185146
10.535768
88.851906
109.612915
88.355545
119.9669
44.45864
122.58461
36.751446
99.438736
33.918434
43.6179
140.29195
50.765923
44.974815
0.86246413
45.85326
75.26711
81.87611
78.06178
123.604614
166.73225
46.28843
146.33449
74.11498
68.077705
50.92382
111.778854
0.8238716
73.90334
92.48125
8.348315
1.0480443
18.301367
42.21738
78.02007
92.35599
14.376917
23.706232
33.775696
53.43639
77.93835
38.148735
51.19472
87.064545
52.88858
51.13062
325.4505
201.00989
97.52932
56.033
111.003685
43.84333
3.5132396
33.040356
0.96910906
35.118034
74.31582
104.74381
51.58033
94.80858
73.08866
49.517307
54.344307
120.58754
145.60283
181.3742
61.86211
71.42028
56.57955
81.950645
248.42557
79.22662
118.07036
49.671417
164.07231
74.944435
115.18463
115.56151
82.077934
122.23163
84.74354
80.44881
156.77853
71.550354
139.66223
174.98643
110.65664
196.14984
93.09914
150.10875
171.06987
5.5598216
44.40817
35.84835
42.644573
238.85767
207.50977
61.89626
68.116745
131.2954
174.93254
64.59871
104.81388
146.91309
49.035606
120.94218
49.341152
110.10022
97.57066
76.92851
64.16012
139.67805
122.67564
91.29196
90.88246
151.87631
15.927706
26.6038
54.05645
2.0937595
46.653023
82.63426
31.735178
39.275066
45.15714
77.3031
119.23195
55.66374
364.351
198.06538
156.52435
300.03207
226.76538
258.16046
219.71729
182.13402
50.542416
130.07658
74.25293
79.30983
272.0959
224.3522
232.35535
82.505714
147.9984
62.3388
51.57588
77.79884
38.41382
156.03975
244.16843
59.010693
163.84341
214.48393
142.89604
139.71469
150.44972
77.27937
188.2377
73.696465
197.59486
82.13989
37.41742
78.05165
33.204582
95.3942
149.82709
105.79008
139.16978
10.954237
190.06363
158.46071
139.61867
90.03596
183.81046
234.78079
94.490585
0.7689358
32.839333
64.98551
53.024483
35.730125
73.36351
130.56653
150.79672
96.62593
142.06496
274.0788
130.63573
64.87112
106.00734
183.60098
119.528336
77.36145
114.64812
166.1066
94.95723
59.82699
162.13724
90.4485
50.00608
91.392685
93.90296
40.648666
87.68282
168.40373
179.15219
154.8022
203.6997
68.29443
43.26358
308.77463
199.3179
150.71756
160.45738
41.26068
124.05056
204.50218
132.14224
29.198313
173.29913
57.93587
34.312466
82.017944
181.00763
51.962914
3.894135
99.525986
114.94088
90.45138
169.55417
43.547825
51.967945
100.99559
276.75665
185.21481
380.21906
212.70284
149.94685
205.61984
211.07834
227.97385
76.04874
123.60152
13.2059765
141.254
105.80652
136.12021
122.36876
112.4576
0.75856245
70.99845
265.53082
186.80759
93.188
134.69392
46.66553
18.496332
79.116974
68.32245
67.32869
22.592386
2.8705678
1.4246008
113.20177
122.61996
86.36573
67.4323
34.427956
77.89374
185.86707
90.23936
94.99981
86.06584
129.80417
43.42215
59.33317
125.15425
123.73362
150.32896
44.24322
35.551678
90.29796
42.28341
93.36182
70.866455
43.97131
83.10005
64.11084
205.86568
3.625808
39.442726
41.43354
44.68518
87.77067
105.8218
119.8636
109.793015
179.06482
117.368614
45.981728
34.980846
82.387924
97.287544
130.21451
77.36073
263.39328
214.28435
160.6835
70.0548
82.562454
118.37411
62.373108
203.1759
205.41211
150.1233
76.35923
45.96913
44.597004
173.30313
74.850266
109.634705
139.12093
105.90552
83.53938
76.12138
148.46461
95.87804
159.88943
118.76306
109.15892
51.153107
122.9092
108.76046
175.04385
101.000626
162.32797
157.6941
143.69008
44.27147
248.15335
94.94945
198.9153
118.505104
145.97849
65.06521
68.0871
81.786934
141.6396
77.975815
42.260292
4.4576817
37.600563
114.302345
73.615715
93.37123
96.295395
116.73661
83.81169
29.568365
29.713339
42.624702
59.79104
60.83723
83.582825
115.616745
41.605675
2.3326619
82.50087
55.462524
97.697365
12.0812235
0.90811265
112.942184
117.76475
46.702423
75.44262
186.5401
42.627068
120.02086
86.322174
285.79706
105.33557
81.11256
134.1508
91.90937
115.34664
132.49898
65.00987
34.166256
83.457275
162.62471
50.188896
11.55296
111.760574
93.64275
106.67999
127.35698
43.382607
324.77444
67.04636
150.15138
163.92514
74.77445
74.98786
85.89189
127.08234
119.55269
183.55539
113.38298
19.723425
11.689327
47.336803
45.983433
9.670397
76.483246
13.503038
78.14363
186.94968
52.63691
16.0138
226.79932
51.314476
39.80394
90.88759
99.88655
121.54736
82.34793
145.51028
109.242775
122.27063
330.69095
64.76781
178.8448
114.944336
121.53876
182.15282
99.929306
128.14458
147.33163
130.81738
0.45277357
4.800817
119.358925
50.830067
91.376915
67.056656
77.85824
116.5027
103.72495
186.73544
57.162426
51.715446
127.36214
121.74162
49.16774
71.87385
56.346935
30.398895
155.1417
78.776794
49.456024
12.134405
3.957777
25.553814
10.968524
114.701645
116.67391
85.93577
200.9637
132.91875
91.47223
54.67213
44.821426
70.06341
71.90104
149.67407
118.33031
40.651043
112.370384
197.66771
126.15283
91.21564
97.98695
110.609726
175.76453
132.09258
83.88337
100.441154
10.708422
96.4048
158.64235
169.16418
126.92427
91.31596
103.31297
36.91553
107.59711
83.66622
49.966858
92.59224
105.49746
23.890072
118.66936
55.621742
193.09648
38.49759
202.76929
188.31772
300.4095
83.71651
85.938576
113.42068
70.35789
186.8364
111.894936
38.737007
65.46819
212.90569
213.54416
69.48299
151.26897
189.09036
36.417976
67.42593
130.68211
37.577736
141.21692
125.47368
40.821476
2.7080176
55.59981
73.7287
51.254128
51.634712
146.43765
94.39779
1.1249249
118.34346
74.527504
111.13975
88.23319
44.611782
12.741747
172.66394
53.293007
2.464889
95.99731
129.98398
104.14146
66.57837
0.7742868
118.483604
164.14944
96.99738
145.10822
133.20589
61.082336
44.011833
75.84248
89.09032
167.1416
245.44978
103.14409
156.75713
63.444023
125.10248
4.341904
32.30858
50.01977
80.04818
118.78255
33.45751
35.544937
140.12076
45.668648
23.957127
27.332876
194.00261
204.56696
160.1543
200.63087
91.79903
43.25901
160.00607
85.857765
64.60211
45.500565
94.14833
72.39598
234.26257
122.99951
76.09581
76.33413
45.783695
99.894
71.99328
52.501
46.500587
126.12865
45.183414
74.19646
75.70281
192.0247
82.496475
49.625484
135.60025
97.24319
72.08246
10.472987
87.75716
75.912766
46.117146
67.831764
37.80425
160.83986
193.41348
255.73079
254.55652
221.14311
191.65717
162.46228
46.79285
54.851044
51.259743
149.55444
176.31114
11.783084
97.69621
222.97017
0.3792575
215.85413
157.95297
173.60397
107.43431
52.30598
143.51186
99.02376
84.45854
70.252556
90.54566
74.30424
71.08665
65.840515
165.66187
59.108673
197.83224
189.99309
192.70537
181.75223
45.87314
13.811876
28.752878
70.436356
43.705055
80.84126
43.749756
45.557907
86.14604
276.25403
115.61552
150.96019
222.71465
229.58025
75.60754
88.266014
132.67274
135.96217
117.550804
68.24684
33.76364
50.40867
119.940414
50.55526
13.40896
41.155083
38.569923
0.7909053
0.48433104
77.3265
83.89859
84.27495
66.93376
34.978485
259.93622
96.75764
45.816345
115.56376
27.984375
151.65533
110.795815
268.96042
193.52528
240.98361
36.81617
131.59264
142.54158
136.21207
74.19258
113.90824
116.76383
75.63551
42.665497
2.357209
87.20969
4.8418055
80.34863
56.336548
200.78197
184.89334
73.21704
42.410942
229.55879
230.76025
1.8672688
87.585144
169.81674
140.99057
101.35528
132.05655
68.62016
58.256092
294.7227
200.8036
103.09747
99.87406
4.500459
72.700066
22.119534
102.72019
122.32475
64.37279
1.0341471
103.072975
100.99425
96.62914
76.23906
118.314804
146.6668
96.08799
19.20498
86.78621
19.472385
10.015841
17.86273
168.12766
95.4202
42.83354
64.2307
129.36913
126.293564
90.798
175.28732
106.1995
129.00418
147.071
59.64807
124.966415
38.495735
159.5874
48.806408
50.207016
85.15869
59.402252
161.07765
43.49571
18.980232
47.63469
45.243874
13.2099
128.14151
100.821815
191.02753
26.936306
97.64056
149.28156
51.466774
129.81189
35.110077
35.35218
69.74495
145.51315
45.148617
77.72217
109.07599
39.942688
44.355255
41.072884
80.36401
6.3104706
133.12363
56.74937
212.67111
166.88057
179.18033
92.99271
3.0293925
3.4993453
84.88991
126.93028
197.76675
210.02072
229.63342
237.09335
211.15842
276.2845
103.48061
8.593456
34.359444
49.882668
90.33758
122.56797
61.76969
92.894196
104.93114
260.3648
131.45049
97.55751
139.91054
149.64774
415.1566
151.90843
126.37746
60.574226
90.51786
149.46346
93.29201
40.23464
40.917747
77.30278
76.80202
131.74802
82.81211
64.06122
283.35294
79.166176
130.70792
277.2648
77.45241
84.22274
114.20598
80.75313
91.27475
302.78073
180.32878
50.674072
37.22207
36.780495
55.668255
44.971924
66.07965
41.28078
33.249138
67.05512
71.86101
217.43396
51.079456
41.948936
56.879456
166.07727
114.25983
105.28444
124.93089
124.619995
133.0059
222.38913
59.879173
41.127583
127.381874
90.3521
128.10393
124.95186
34.18823
51.623363
0.37048218
0.43879956
202.62697
25.877811
47.05671
42.163113
130.42136
198.83073
51.256428
179.40811
258.42355
43.229877
101.20304
51.475727
108.779015
44.335823
62.450184
88.42858
77.37556
114.86005
55.973335
31.521534
70.44938
41.702614
144.02011
144.23476
77.93211
100.23804
166.66983
91.32423
173.90121
2.5383847
26.316977
43.555046
62.14884
3.359248
36.666462
50.769356
78.24245
51.49413
14.16477
83.17013
122.55166
17.88178
92.101974
64.90521
191.47832
232.38647
82.54499
70.44367
1.1815808
53.151825
54.371044
81.28542
14.697619
142.49852
78.12065
80.95186
158.81056
105.510376
140.88058
48.611183
113.54728
0.9517555
76.214516
150.41438
130.14108
110.031715
60.271046
78.28184
125.92674
77.034164
75.42594
74.52706
106.57792
58.729713
122.66557
86.448395
36.14634
141.08635
130.28052
40.294815
82.320335
74.82634
20.043964
34.559174
84.38945
0.5725648
68.05002
43.405632
31.659063
142.22284
266.79248
74.344955
69.64179
132.38435
123.73379
117.40222
107.45137
72.673454
93.276276
20.749882
87.28382
115.16331
164.61975
91.29586
56.314598
91.83859
199.25711
89.23627
130.80307
123.34647
133.025
81.85842
70.90454
36.09832
83.60319
90.816315
44.314
13.622763
118.19429
86.06321
165.9524
49.095562
273.28604
84.8311
75.75028
100.31994
43.074615
148.36043
60.748726
79.59575
109.99605
83.763214
98.94564
129.69554
3.5800138
20.191053
60.63225
111.70538
69.58351
15.383685
20.502697
38.352676
80.80735
33.776314
66.506516
107.2662
47.519634
148.16159
119.483925
167.29747
104.24166
104.20876
189.96274
116.74058
78.87033
103.14906
89.18464
51.99636
66.78409
267.1793
165.44374
44.865704
152.19653
100.46681
121.34084
186.0092
43.994225
86.52166
146.60907
75.46014
121.31421
123.18651
163.07504
95.11506
238.18636
184.38692
491.02765
175.86275
192.13945
85.13957
120.742355
116.2656
177.3554
211.52827
214.02551
303.59073
35.543896
172.48251
157.56346
118.748215
55.56884
189.98717
290.8168
236.69861
202.90616
145.89346
144.90475
85.09766
124.38359
134.17949
106.40674
38.95269
136.81912
76.66115
80.63546
111.22288
49.657173
122.32912
211.51631
84.543076
84.18684
197.48021
158.96902
188.82689
128.01529
57.123016
85.353294
91.64122
39.689877
49.47335
49.33648
141.22618
40.091656
73.295456
56.399315
189.93842
128.96297
169.87614
22.397995
132.40858
116.45719
150.89912
206.90837
87.44893
183.7399
101.777115
50.331917
122.13403
182.94907
75.23713
137.29453
182.03242
180.23584
85.3934
101.37078
12.072425
132.4907
118.60127
44.05137
83.59712
47.97355
74.60597
112.36849
87.731995
117.52861
9.692292
51.459705
60.908344
75.32807
81.77602
44.185917
94.0629
81.9623
52.59559
100.90778
11.560395
45.664314
144.88344
77.07985
3.831271
6.0603595
142.584
118.761246
43.052357
84.753334
113.33296
19.43458
146.37357
19.847357
67.69087
105.44228
49.264378
10.223349
62.98465
36.65493
36.879528
201.07811
76.13851
52.245068
109.71925
221.59543
44.047165
19.063013
75.92534
176.8564
10.659337
91.844025
3.6988869
20.965961
74.483734
161.81097
199.60959
75.23873
135.91994
90.23819
136.90962
132.28549
154.53201
114.67787
115.99492
80.00293
117.23373
78.2773
147.35559
64.29396
129.27527
14.74526
104.10121
112.26536
119.922386
59.290966
122.1745
103.7311
81.07399
157.1574
89.551575
92.44673
81.02664
178.42433
85.73824
18.592213
59.473763
38.35433
106.94414
50.05507
228.77583
241.93266
120.10309
102.56752
11.819996
68.21789
0.6718297
2.1324193
5.446143
5.5335894
12.395575
34.090767
91.257774
78.65145
55.28489
2.15976
69.4964
137.49265
185.00223
129.50874
34.141533
72.2943
88.86449
10.746733
76.27851
89.36299
34.102806
3.6162658
37.849518
45.91046
45.371235
8.912488
17.994198
111.21185
132.59232
145.1736
110.52998
63.74885
42.31037
122.1442
53.93154
69.290436
169.68625
51.068317
83.80439
125.84743
140.13522
257.9812
187.2873
45.729015
193.6164
95.88075
75.22001
136.6626
2.698859
134.41353
4.8270297
76.56374
146.49922
93.147224
160.39703
12.453357
83.97561
14.987417
78.32232
47.742405
110.91753
73.226
84.25992
183.12239
88.51852
81.24075
190.58585
122.73039
122.92678
65.992134
35.609673
92.98744
65.28857
37.525368
151.9736
108.99971
154.44284
105.94025
86.049126
200.53357
104.373825
85.41382
35.26136
134.46132
34.847343
97.05297
90.01663
75.46853
61.497498
100.273056
214.76103
226.39395
232.30338
54.53108
41.157524
54.23417
96.89241
88.543304
225.55037
54.867493
118.05831
95.69375
71.03804
74.59195
84.54213
196.58914
183.00717
55.221973
124.60514
146.67116
180.20183
109.60596
241.85641
87.64005
127.364075
89.59131
151.50288
201.1483
54.20672
134.09933
67.13425
74.44319
137.41652
160.34677
272.6839
113.79008
123.54929
47.230732
190.78297
87.674644
121.821434
50.51831
201.08994
42.03128
82.07337
148.19789
132.05447
118.493515
94.767525
49.583767
12.936171
4.747634
1.1862097
1.4375908
3.4733567
143.33598
64.684395
55.507874
0.7699111
33.583523
279.33942
96.105774
75.412125
79.2939
114.79366
40.626488
66.292206
74.97984
99.539604
65.69772
56.964973
17.483206
59.448914
43.266
101.377785
85.69594
141.53548
214.7113
155.9165
78.20891
147.55916
18.843954
179.17744
4.412095
13.255246
149.84328
41.421333
115.95083
126.45131
334.0633
87.30938
118.94517
56.291767
82.53748
126.11034
63.04606
407.57086
87.28627
47.26748
69.40747
107.34747
122.85762
114.89919
3.795473
90.84516
171.07661
69.26316
70.8256
78.008835
253.87431
302.76495
183.44473
235.4571
184.6987
56.42965
81.6801
88.12501
34.122223
40.11391
85.28488
13.662323
123.55687
53.889668
81.609184
52.803417
124.04454
148.72176
72.579285
98.73178
104.13872
94.31266
112.46767
86.21177
74.46803
96.97797
58.89159
68.90823
80.47604
35.163414
87.880585
103.11664
109.23364
143.48337
172.81564
98.75017
89.32393
88.49629
38.334343
100.79856
53.75365
209.44278
179.93338
252.04355
62.526703
57.693115
71.40892
44.070118
37.04559
58.475273
44.369232
54.515327
157.3733
237.32285
308.64178
64.94917
106.32035
36.694115
99.88603
43.996376
293.36487
148.2684
121.40675
306.92767
161.49321
192.90283
204.16891
216.63274
120.81752
152.77022
80.4433
107.596756
112.85354
43.90274
70.858
147.25882
85.7663
75.578125
121.226234
129.67468
140.70944
269.167
133.5347
41.21519
236.11946
276.85132
37.581867
33.89888
84.54504
34.079548
76.39078
76.189285
83.14638
84.70557
109.39156
64.0164
112.85317
66.28516
86.38927
90.35533
56.770924
132.28091
227.67973
93.87083
117.48527
86.90129
182.13278
113.36143
52.020233
35.733837
83.7946
75.970566
61.88559
153.47885
40.036053
50.143562
35.23845
111.23274
110.89042
120.653336
115.6192
52.391747
74.10884
83.44222
98.13806
10.048821
14.048587
34.188484
103.72026
160.65437
94.569756
2.5970008
73.92959
40.598915
19.42193
132.40706
100.38773
83.92577
102.68943
73.68623
150.18127
61.289783
35.689995
3.4493618
93.17806
122.79254
39.39638
74.67118
119.89148
80.27873
43.63422
260.82504
231.1282
166.20819
239.26054
292.63843
93.42702
135.44498
131.47017
46.95568
90.13125
119.43668
57.634483
126.50267
80.94789
83.46712
42.4692
80.80427
113.281906
79.44466
41.827293
168.78207
60.854847
90.320885
57.675354
117.16008
125.60693
165.29868
39.104836
35.360184
80.4382
131.6469
39.693317
48.52126
158.0571
39.6452
60.75581
75.23093
77.097206
68.70416
39.690117
75.77869
133.67441
87.80602
97.66029
46.337273
11.004482
88.393036
60.444714
90.15848
130.56514
76.7534
143.04782
138.79669
95.433365
110.412766
191.2301
161.33658
211.02908
152.12564
149.43744
114.40322
74.61104
78.96132
97.856705
49.9018
50.666245
122.08397
77.63399
67.04823
84.89294
113.98169
95.68083
186.45457
193.88249
91.30702
14.31387
52.92165
121.76498
89.15549
64.34853
99.71606
66.41407
92.10216
53.591747
9.159144
75.25551
56.721485
113.49086
107.98541
80.95266
266.53125
270.59882
163.30122
230.65234
191.96538
90.67663
119.27071
147.78458
199.01982
73.43004
105.38635
84.54057
46.11994
92.94572
158.11714
35.801086
134.38617
116.69124
3.616085
20.769993
56.98944
123.73708
259.658
174.33566
249.2935
71.04417
135.15372
130.82663
45.76189
141.43813
13.916229
182.66553
92.33927
99.39851
10.818014
45.58497
130.06909
237.14334
35.046467
34.33701
119.81765
66.90567
149.75711
150.27441
125.896866
95.65109
11.765035
12.087612
86.48441
114.175156
60.39934
51.388092
75.64613
40.617077
40.958607
112.36819
148.88092
129.84358
113.57957
40.10752
70.28689
49.533237
83.38906
119.88556
90.505264
114.77234
48.773273
66.64531
76.1044
112.858475
22.214178
88.30561
71.40301
117.970505
134.0474
78.40437
131.93118
54.87684
36.3219
113.347916
55.28592
86.12755
107.70896
73.41693
134.34337
83.21505
88.47822
42.423943
145.19
90.7034
98.94776
179.36288
458.17725
217.09763
133.38998
34.795967
129.18192
43.312782
243.30782
182.67044
91.91379
83.36143
160.68503
116.8958
160.19388
245.8186
38.528
121.26849
159.11072
67.19122
97.55752
69.93504
163.55978
3.0362694
78.06014
52.84133
12.766254
3.7571864
82.3983
119.80803
74.57339
132.61313
148.89584
113.853294
72.20155
190.40291
122.82292
109.29852
61.34004
56.29116
113.36851
126.211
88.44956
59.456657
71.14944
65.7322
55.660107
149.27591
93.186356
108.172035
102.60681
38.54711
77.091515
230.70871
162.19357
22.662727
67.76908
125.1771
1.3622342
116.33846
130.14877
127.4798
130.62183
118.90538
105.50232
163.28471
246.61768
147.16695
101.755905
45.277668
79.429535
94.18003
106.08919
86.66941
128.48611
79.56747
80.34902
66.365456
184.26237
197.81635
152.37721
184.75005
261.82962
229.22803
255.47269
169.17398
111.70514
237.42131
7.5015383
168.35474
122.78821
64.785225
50.215054
142.74756
108.89071
72.449265
150.97891
202.33403
207.92558
178.69359
84.71154
133.43668
131.90065
75.724335
91.34504
76.74631
47.70346
42.38494
81.44662
165.0712
104.85049
184.67447
49.48336
156.33446
89.243095
133.68619
85.69269
92.97826
42.704315
127.483826
156.67099
148.60408
126.47026
3.0480933
91.74541
69.11322
178.81552
120.67949
232.56648
170.71341
47.308983
87.11
223.25223
98.15052
121.21448
96.103195
90.037865
20.416813
311.02032
191.68385
316.22537
285.08414
255.8543
222.41687
187.78998
231.15633
81.8207
111.91483
155.9218
86.2758
42.028255
114.95902
132.387
56.4336
51.181705
149.8488
83.3813
60.24337
148.1885
283.37555
157.01593
129.53252
198.8691
11.501041
225.225
77.837296
67.852066
43.54974
93.14947
88.03922
52.141136
137.43694
85.05349
156.10757
93.033264
141.31973
102.11871
153.43112
41.60814
295.79895
174.98439
213.12297
111.77217
209.01855
42.23294
139.97092
104.974655
194.6711
56.510094
131.14017
123.86708
78.48563
111.29523
0.8984035
52.35282
76.43819
224.38371
152.40329
133.15549
66.17943
93.69016
162.22504
33.536617
106.37883
96.55078
18.58998
71.317635
21.3709
60.18916
51.42878
117.921585
87.3262
53.55027
42.199577
52.880207
177.51624
96.92474
54.81983
104.44086
157.77608
140.0283
129.93852
115.85602
127.88552
132.2445
100.887924
56.103474
57.578773
132.90546
98.908066
60.6144
62.533123
154.40512
216.70747
394.7225
175.26627
209.95395
82.986435
84.04518
137.27286
166.27184
125.37207
77.84271
156.8542
117.51277
145.97548
85.30702
126.465965
19.968498
33.650867
117.00442
2.6639748
119.405075
33.69816
190.05028
152.69968
135.6119
108.35343
98.04192
44.219193
82.280464
9.255297
76.73684
202.76816
135.58934
346.78796
67.56117
102.964905
177.74521
96.594864
124.897415
84.84483
141.04825
78.63029
121.34005
49.89692
107.884445
114.56407
113.04775
135.83487
124.62166
58.33556
66.060135
121.30847
126.54533
171.43787
121.79402
167.58737
42.872017
61.091545
77.97013
173.87132
98.86986
97.951775
59.99682
96.79379
75.70778
74.64846
57.658264
133.08676
202.56337
251.88846
84.49918
74.34422
180.25542
159.3505
105.49568
218.22409
80.37676
50.2881
196.20377
221.43863
54.49114
104.29179
42.063175
115.3682
187.92026
199.79907
186.23662
172.83768
125.38745
49.684464
174.8962
34.810516
146.28868
156.25746
0.52519405
44.456264
133.24902
81.72518
72.50981
83.691696
78.62194
10.046768
11.337611
24.841648
59.591827
42.254505
75.92201
41.3016
131.67694
81.807434
50.791283
20.613194
128.40135
120.27944
64.46961
267.2988
203.68806
273.7262
101.87102
123.21985
95.271935
52.437737
88.04718
149.805
77.35467
62.432373
75.04808
103.06323
113.94704
82.664444
77.50563
126.74678
88.77671
202.00398
208.98303
167.4649
225.89534
350.83377
147.04195
71.46068
111.79895
83.4162
110.07814
66.540146
86.048485
43.73577
181.21269
121.08927
3.9991474
46.005836
69.08281
232.05376
55.9811
50.547234
123.573975
64.681984
2.4673839
0.52759844
107.906654
17.9534
82.712845
68.964005
294.63174
68.14253
93.04613
45.926994
132.54872
81.29284
141.11208
135.14159
144.6676
64.39464
79.00162
237.4981
119.14172
156.36554
24.462996
126.40675
70.37397
181.73201
221.33183
94.346565
179.12178
25.527086
43.88984
76.768616
47.940407
102.67373
197.06805
135.99622
69.36827
78.700195
141.10905
17.467497
101.7077
103.95903
204.56528
42.91001
59.842896
87.61632
85.46342
79.358185
41.21644
37.25185
51.608967
263.05646
50.578533
222.67111
34.569263
119.512314
226.27237
61.423847
75.06528
103.77992
73.04717
11.441698
83.58157
124.02727
98.5255
141.3364
75.99132
91.95916
60.573677
4.8105497
42.258827
46.742985
100.88118
53.277718
119.71181
151.28703
39.940247
102.30684
36.111084
66.198845
61.497303
149.11191
50.7771
78.8927
80.278366
72.63148
79.82045
83.699776
118.45347
245.77249
292.64996
164.51163
145.17221
210.6759
202.1245
194.96547
211.99866
290.8354
286.1273
225.59567
99.41911
24.632168
147.74324
138.65138
283.18222
74.41876
45.346535
79.13619
44.079887
187.4498
84.31683
179.78836
144.06317
171.84496
161.34485
62.473614
80.50197
90.83096
144.62746
97.79097
27.440182
61.546795
93.77019
62.093536
42.64774
153.31584
151.99857
172.16365
369.9868
161.10226
65.389
84.00666
48.58967
73.12648
133.9889
125.56853
137.09299
103.699814
78.092064
13.87114
152.11037
26.857046
60.369537
33.967094
71.76353
130.75784
167.30576
69.75313
52.338326
52.248516
53.587807
83.840416
59.367676
108.85681
125.79106
56.245506
38.45482
39.971035
62.876026
81.41969
125.345314
217.61748
90.62581
98.20156
224.571
69.68446
25.913372
41.3171
43.74958
63.99101
81.216
35.5962
61.982544
42.82415
221.04099
35.921276
70.39977
91.46324
128.0457
247.39836
90.34249
68.292435
85.08587
39.458717
130.47801
44.397423
12.58515
13.195353
43.894352
262.99414
171.5427
52.578766
40.306206
32.975975
34.672615
111.25167
29.752972
102.60344
23.535942
76.14446
92.78859
158.35748
181.59744
181.50156
97.00362
1.1526753
2.435986
74.15526
71.20488
105.819595
143.98941
70.81445
182.40596
168.24469
89.550095
206.24516
114.035255
22.918478
45.728172
76.43341
71.67162
83.14431
134.5438
153.20784
37.83727
1.8814466
179.14511
61.487896
1.4617422
10.282461
91.9516
123.971756
79.4332
37.04856
65.88717
189.32614
156.68909
72.45591
64.406624
49.327244
56.460625
86.661545
87.51175
80.58696
3.1485393
5.1615405
35.088867
234.9025
7.9435453
69.371475
70.353806
33.99014
123.44106
69.03626
97.68929
117.46861
38.634907
33.939075
102.0323
190.33923
114.069016
103.53223
33.293556
34.8436
72.926254
98.85681
105.043846
65.05574
98.17208
7.753009
77.82462
43.27174
152.78244
1.1988785
57.798054
151.78984
132.61415
227.04561
238.92065
236.42241
107.84873
38.59109
35.76037
240.65726
149.58258
129.99712
269.5723
164.39876
1.8673267
24.67094
49.138462
68.17814
28.884705
27.765665
58.38561
100.804405
45.05863
32.303764
168.2079
178.40503
149.05972
291.78986
202.84435
101.0519
100.181786
168.86862
73.298904
85.56192
162.85036
44.98333
97.87424
101.71417
24.692476
76.42004
119.70866
104.98065
33.8115
41.715492
63.683952
146.75314
63.972504
99.323616
127.641785
92.61073
67.40776
80.52144
34.021908
60.14892
32.705578
32.11783
110.250916
80.53392
0.7294389
33.65664
29.431463
6.326891
102.20215
0.6638686
59.99009
3.4711719
124.04884
57.090492
93.75479
53.13097
82.81843
272.0297
250.0478
175.29791
217.35239
218.53116
208.54973
199.98169
300.47205
90.50834
98.95219
31.65997
160.12914
102.82637
2.3433812
157.77835
146.53116
121.501236
211.45029
239.34868
87.188225
141.54677
105.00289
87.01038
1.8768904
42.10722
128.00899
44.386246
38.405754
100.4045
67.939804
93.76671
157.28671
174.94357
50.983257
42.531155
67.15134
102.79271
60.641552
29.279276
114.69092
74.99559
110.25633
33.702393
96.981415
70.21219
10.060275
146.08578
297.1816
159.36644
171.37428
189.06789
227.02022
208.1763
161.23355
168.64471
114.47455
49.404037
227.55978
105.75289
64.24083
138.7146
109.821144
137.57835
20.705616
76.27379
117.69861
81.62284
74.56592
116.78088
120.71724
46.97987
168.39929
248.96931
60.46276
4.417161
116.53249
115.95616
104.13878
81.012115
130.00372
93.32039
101.81828
38.440544
63.921703
64.02158
115.15023
97.57942
234.2935
226.69133
35.356617
34.38528
141.2895
113.799416
126.98474
92.78203
107.38942
92.00865
63.05137
106.27566
162.68129
130.89482
37.529564
59.238647
108.685036
34.458733
157.62492
28.716019
72.53188
80.640144
84.751564
100.14226
184.0
62.905922
33.458458
125.93638
203.93716
237.74174
80.59681
42.016376
84.93838
284.8731
31.867931
1.050184
82.36295
31.514362
28.832031
43.197575
110.88977
61.453686
0.9234289
1.0029933
1.6579399
75.32855
1.79905
0.7875562
47.81313
32.350666
107.70491
91.13125
2.2594
107.6273
205.42285
112.21358
68.14974
91.19899
74.833755
60.313313
11.711548
51.80415
96.509544
39.0038
107.86487
120.07155
104.55149
12.41133
45.222603
51.33269
78.460526
85.09215
98.91585
93.73665
47.935665
102.3961
67.27251
79.41925
67.92647
65.27709
116.20227
0.7892768
92.68117
31.041803
16.54897
87.68129
107.33071
208.36665
166.06746
57.277443
110.627686
128.07663
143.46417
167.75629
119.63564
97.863304
133.26054
153.22896
55.17573
76.374
85.269
117.654434
145.23819
212.16731
68.658615
72.979515
101.51525
86.7112
93.98024
115.50542
52.188194
29.78385
227.71017
22.607883
49.96374
70.62367
80.33597
142.17047
113.249466
57.876484
99.1055
37.93626
143.71262
40.756157
134.06807
157.01413
72.57027
101.88174
38.872787
73.6121
38.665707
61.243397
47.819008
132.35239
204.94466
173.28313
94.90932
92.65193
49.978443
70.33528
256.07004
330.86673
243.66965
34.595406
49.712257
78.3486
130.84988
155.87558
126.45359
114.39315
119.18136
79.51393
103.51009
100.40153
150.94307
92.12511
56.63863
119.98103
69.811134
102.90698
112.060684
166.13145
174.5106
143.02505
45.405266
48.187664
45.807686
44.097813
46.37022
109.96487
143.16092
75.18834
76.64354
181.13205
123.89986
148.26724
32.172794
92.23878
83.19971
117.569046
127.797195
107.16156
147.16026
109.91396
78.7532
62.67155
70.33397
154.2278
117.7928
138.22957
137.02888
206.70584
212.84573
154.9859
150.63966
134.19814
228.52861
148.5011
138.59097
250.19577
49.76306
124.09609
88.8451
73.25072
97.12417
136.04956
227.3823
84.481255
76.96527
115.091965
36.54562
38.954926
110.78892
187.24925
190.12112
232.57434
286.77472
172.23618
76.01556
38.408363
72.931465
70.867004
84.24107
38.056805
47.261063
43.585487
80.40151
153.3485
56.904064
88.68257
148.15782
85.234184
90.42573
0.25640076
66.25859
143.75064
72.427086
143.93567
149.75392
90.504326
46.730972
55.170403
75.76731
163.65596
9.456591
45.638546
173.2593
144.55746
36.592705
102.131195
114.453735
135.36252
82.82077
48.701035
191.12843
145.09732
226.06924
338.69736
259.79358
36.749172
119.651024
11.263985
103.68779
268.5409
112.05896
200.5401
49.25241
50.168404
100.67259
220.83438
129.204
143.18333
82.49568
55.61437
194.88643
80.53461
110.750206
67.69469
77.61986
243.92859
50.041107
212.23335
138.64517
28.135662
69.29812
178.97624
74.317635
47.539726
44.391647
33.965363
145.91594
97.92808
73.922775
45.963913
104.525406
227.18832
256.33698
227.01303
114.95087
97.04446
102.80174
124.30499
62.147602
54.366066
82.68887
168.84032
41.814472
70.70802
132.72452
215.21233
55.024376
130.3518
50.35282
75.84611
77.97015
87.27145
109.17008
127.379166
167.86612
79.93005
76.34155
142.88962
47.50826
82.46629
190.16327
115.46382
83.00571
162.44807
77.01442
98.70687
48.242146
142.00235
0.30129826
121.59534
60.55603
119.77748
249.60005
70.94882
84.83559
22.060658
72.93336
153.57736
82.20701
38.62017
78.571495
37.234898
72.61413
167.29367
0.19210279
29.197855
39.461933
115.767784
54.567394
50.06492
168.98137
66.117226
8.606148
41.68768
40.490562
0.7631232
191.05417
178.74734
192.4642
179.04346
104.96895
35.048817
47.087513
116.269005
37.530514
60.556175
162.81131
14.405256
25.022598
27.706028
53.473316
137.73994
217.39522
145.63766
209.21542
137.35643
151.66342
400.7331
258.2017
291.43005
121.38363
8.591615
2.5041091
16.67275
74.588425
149.7033
98.355286
140.72665
210.85933
95.90871
152.10565
82.78017
74.4072
61.756855
94.3719
227.77852
139.30748
85.14537
83.35158
146.4674
81.061584
76.698715
103.877396
56.993664
16.083982
40.302643
228.01428
85.46673
71.31789
104.63927
125.65659
118.91008
204.37262
163.25858
124.88359
103.07334
60.910095
71.83256
106.27976
87.71218
1.1541976
176.7371
69.91706
113.446915
96.05677
28.557684
151.6517
45.47637
4.0525494
54.84541
53.247395
93.05862
6.924674
173.68565
39.521004
149.35745
178.25165
147.06485
148.37624
182.91275
104.293655
84.502686
71.086
78.69203
68.42947
87.12767
54.12568
83.41331
159.46835
93.138115
244.06238
282.89288
40.376488
49.55885
57.45815
69.85917
78.64396
34.1569
189.81055
11.309771
42.770515
35.023926
10.183325
142.97665
80.10508
70.36212
48.365982
45.09224
50.767967
191.98497
49.9576
72.653435
112.1711
66.65288
174.62253
82.168884
82.29348
135.07974
72.03152
99.50332
148.79512
54.36489
102.67607
36.016438
54.6528
92.7749
67.876564
108.45526
77.93681
102.49905
84.373
85.6785
128.37994
92.80447
47.166782
110.612755
81.32214
150.35439
6.5426736
45.515022
142.21529
27.84842
271.8059
158.10832
93.69826
126.6371
221.1799
132.15599
38.01067
142.67844
119.5295
128.62589
54.624916
128.58781
99.55173
98.182755
52.312065
75.59265
131.931
227.1812
144.12083
133.54703
113.36694
49.5027
144.15305
118.72595
107.05363
77.76318
176.7103
97.89595
0.728155
71.2299
46.00702
36.129753
48.673332
13.590243
117.59131
112.77834
97.02734
62.254875
90.07279
71.45542
36.619495
82.73033
68.65916
75.54068
63.38155
110.001915
107.435875
147.54958
213.07878
74.58568
128.80821
123.904274
113.02708
73.383194
80.36519
52.80123
3.6201687
62.25393
58.56068
41.616714
125.138626
130.42863
120.98966
119.86894
230.43826
192.47687
218.18594
199.44595
263.13196
68.065384
97.55109
77.72083
89.32314
10.894909
99.51414
36.508476
188.61089
9.246851
114.37433
137.00429
104.55467
98.315796
68.84672
68.70465
106.996376
85.702484
146.32982
72.045265
191.75406
69.25459
104.46987
71.33296
117.56427
70.22005
86.24426
53.959892
115.56484
147.03027
111.892334
149.3132
116.78534
92.67425
60.128815
92.73369
45.38204
12.878914
71.40477
48.035313
12.235701
9.5283785
191.24136
49.197243
24.275856
45.221897
0.5920957
70.92133
142.2219
54.063282
104.5833
136.73575
67.0813
105.824905
163.88481
157.33487
141.55061
46.734898
136.56412
46.606255
85.259445
111.89158
83.11696
111.99217
166.009
137.7759
116.93738
67.67891
58.240974
56.730663
23.812922
68.99381
247.2321
44.60253
36.255745
40.57397
57.63845
99.7229
120.55298
118.9199
89.156265
14.539978
90.75484
146.05515
115.875916
47.340908
126.07479
121.7401
52.55863
112.3054
55.84969
101.134476
229.82707
290.87253
182.26297
262.6338
218.39595
188.97263
173.53549
217.14511
101.15348
140.74873
139.44322
87.63664
89.76577
70.21313
57.579132
114.1743
59.75637
99.49333
147.3241
127.55705
16.720009
137.97319
55.75495
113.342224
35.720383
102.996864
93.45633
58.328205
73.42831
60.337593
71.14646
199.91913
97.5977
162.05046
128.45299
150.33566
102.60431
161.32652
36.16359
68.16509
155.69177
30.030752
68.33669
149.7805
68.91536
44.20051
175.63403
196.83983
66.83317
71.88423
61.265907
67.15181
217.4229
66.82339
123.56024
127.68192
114.73209
1.75332
98.63359
257.28787
238.69516
300.7263
344.55972
359.81213
96.34343
10.521404
83.41908
21.067865
62.62864
111.945206
36.592937
129.707
118.72334
138.9407
110.48057
103.93056
105.078835
79.26168
102.44618
91.304825
58.621876
89.07473
90.94643
58.97831
137.64343
179.07584
86.94401
67.98097
60.101784
8.890357
0.50440365
59.676613
79.56128
110.60825
116.466835
18.52808
95.79306
105.561325
78.58638
123.62242
68.736855
187.49985
38.426407
22.707176
88.37459
24.109789
19.72192
2.0031815
33.601154
144.80757
40.383545
145.71101
0.74592006
114.75934
165.9251
78.32823
160.82393
173.741
74.15829
38.738342
39.078983
72.523415
114.93469
33.23719
45.69756
98.04402
47.006596
207.78345
82.05857
40.553967
56.700855
49.146976
69.83191
218.1854
158.79645
138.01166
192.29709
237.40744
215.83806
224.84549
171.9391
53.64196
64.80162
78.939316
208.87163
218.7933
101.41504
76.72021
32.938835
92.782555
105.16182
122.207275
79.01378
0.77492225
63.78666
83.13563
183.37817
109.13029
55.59237
65.57676
65.76552
3.2839077
136.91905
138.9787
127.56362
155.60413
76.781006
9.177487
110.78945
33.9256
35.264313
170.94733
231.62698
183.36914
168.19193
231.65703
112.91664
139.19763
34.100697
36.478344
66.49413
103.491356
47.623024
51.758434
97.120766
67.19739
103.649124
102.85051
68.39494
67.17371
79.52571
83.85475
55.305046
99.20601
78.11815
82.146965
132.68405
102.89907
39.635506
1.4173144
130.2659
180.70044
14.64431
44.914116
54.930397
121.23069
53.99245
77.680435
13.86807
142.84782
11.570749
58.77732
45.156685
1.9843212
106.042625
102.57621
64.6678
7.1968293
217.55984
162.65416
167.6557
177.38614
99.924805
172.91605
69.07947
73.86292
86.64202
162.6302
37.95273
107.786964
167.2615
140.93736
74.55122
128.71292
36.21514
67.942
123.85484
94.6728
3.767465
3.2625961
48.727364
2.9267979
47.357914
100.46134
206.16475
182.06624
81.68015
104.13509
34.826683
71.76505
105.47734
68.86025
143.95422
138.75433
72.56083
7.0488167
172.27954
0.5391521
0.93811435
72.54909
39.38483
101.292175
30.509068
73.20508
89.10012
56.913677
51.73136
98.03233
74.82552
62.557556
127.18309
167.54555
66.15987
0.4488926
160.43405
155.49832
70.20796
161.49065
207.22275
172.64713
207.67696
265.34213
183.10378
38.290306
1.0128735
72.90871
132.0418
44.731804
107.64925
41.906826
95.66316
73.87025
103.28131
32.736877
68.91127
145.4733
49.772514
175.73698
207.74887
74.17699
166.47838
132.94452
114.60509
46.580368
60.146454
113.86814
1.1126688
35.649727
33.853527
244.35983
167.73988
267.40656
68.6386
100.56061
67.84349
117.56657
40.50291
109.76566
174.25601
267.8124
92.4937
3.3488147
85.55991
78.94123
36.632687
58.358173
65.98185
42.92646
33.518642
103.600204
56.486004
69.95421
80.07073
66.60963
49.316753
143.33615
38.728325
136.8132
35.747093
66.44594
67.27139
136.23569
37.817757
71.33064
79.245834
92.245865
90.60721
159.03708
53.98292
67.3229
35.021877
79.29405
128.59291
223.4528
100.30638
77.5841
73.76275
175.81528
33.721966
36.088665
166.06729
137.06395
135.13553
53.874054
119.04568
52.684315
45.814262
167.2681
77.946846
59.49665
183.96378
171.68533
83.05779
110.5767
196.437
207.73491
39.303593
87.18456
106.17271
132.51617
0.49346948
4.1530085
25.255665
50.15188
106.41917
69.33283
151.37448
34.501545
168.84119
103.974144
96.22588
47.519917
100.587326
150.53755
148.873
20.514404
136.957
35.90626
59.484215
34.92759
3.2189708
35.69378
74.89141
101.408615
34.904926
99.377235
99.7726
48.153164
4.8058705
207.1041
12.271208
47.954964
56.43112
67.007164
104.34436
2.8094542
42.355064
1.3397758
156.43497
150.28702
248.70596
39.036118
120.56227
47.94924
122.592834
322.51276
249.59818
205.68057
139.22432
123.666626
133.25015
196.16621
127.9102
57.053017
133.78714
36.02568
54.730812
84.82271
114.78967
74.68906
156.0079
147.72826
93.50222
113.44591
124.08185
71.88331
60.920147
160.63937
118.96151
83.41163
57.006165
30.49255
172.83568
54.785378
340.46805
142.59482
75.17958
48.99927
3.9390092
74.69319
110.70256
78.21239
43.622494
5.2175283
45.491436
89.779175
184.18906
122.28401
54.2539
37.265358
63.745197
98.90133
66.56196
143.84216
185.18637
179.2307
228.70076
141.97525
153.12758
41.175385
50.901688
154.2585
76.14272
72.5152
77.853584
82.63844
39.21791
39.025
223.46431
22.798906
40.228638
124.104515
233.40079
194.56725
58.996887
61.035778
104.137146
76.46661
165.50969
255.38062
230.3682
203.36084
72.86305
170.55817
109.37185
55.63923
107.24843
59.6503
42.60497
92.41109
72.070244
101.68599
88.4402
72.65747
39.51311
149.83017
139.24141
158.46817
17.644703
110.09973
22.380966
62.581898
105.823135
176.16821
110.10665
80.37364
100.49339
70.08877
95.51751
110.15798
60.696938
54.078392
45.09307
83.77916
140.90213
46.500393
113.06392
201.96988
132.28157
104.01986
96.44283
59.832817
79.42778
124.475845
176.17862
70.42178
71.06745
70.023636
16.797268
184.32878
221.59433
20.042767
67.86916
123.81592
132.74179
62.646984
194.3033
160.91302
11.702017
14.311603
39.461098
110.033485
103.159584
211.90164
94.082405
102.393234
112.88607
45.654305
82.28483
169.01697
140.99455
63.417816
46.607693
43.518257
119.77246
40.355183
226.35686
147.0564
35.817284
46.67992
76.06125
5.58794
2.8332145
38.9104
41.972313
36.245567
94.52714
70.514694
229.8881
188.67786
37.178795
26.690882
72.57284
1.740874
73.76308
48.52569
101.31071
129.2059
147.72966
36.652916
140.99837
221.66704
47.02108
94.84482
133.85133
106.643456
82.89196
39.858192
89.25322
1.0855742
53.798622
73.728874
38.02437
82.22386
148.42938
298.37067
193.38503
59.14314
29.142166
117.250244
184.39485
104.44066
87.51504
106.66653
134.52113
79.542564
20.550953
129.13866
135.21385
134.83757
1.0910616
15.0342455
52.354237
122.1412
102.03456
154.47244
117.45669
105.253174
131.67252
72.08751
52.434563
97.60274
132.0751
327.58844
177.65306
121.04315
87.10409
75.70832
187.66162
40.77427
80.995255
114.02865
178.95549
202.99588
200.02176
135.95944
159.8458
70.197464
69.33572
39.01746
80.20724
71.997055
48.430885
38.784126
35.346962
73.80226
71.69676
72.09631
190.04507
147.99277
273.6658
213.30708
139.75952
96.02935
37.3702
39.954006
35.807762
136.96806
151.19905
91.31356
106.36336
107.678665
215.19775
157.76077
147.36821
71.2144
120.6499
97.75165
72.40309
100.896484
103.06071
115.337845
139.74515
90.566925
170.47638
75.947266
92.07013
108.37477
141.73611
84.19611
36.70478
117.56431
79.13427
134.31102
175.2113
71.70574
90.94403
94.099106
139.15
57.5679
102.063805
9.764512
37.75345
110.73784
253.89194
182.11511
177.95296
41.4143
127.31832
119.43805
117.387344
13.58783
12.511108
93.16336
49.990314
140.82547
133.50221
126.57605
92.511536
158.12032
187.40042
157.03395
79.54159
69.700424
31.335794
78.21931
41.4513
2.6524136
52.863426
117.90828
165.13939
150.82877
87.72908
109.68209
60.345226
84.52218
123.126854
29.841345
65.53314
36.987156
202.22244
49.604557
86.189125
131.10228
73.34538
177.38895
12.323122
105.523026
43.316727
83.92606
2.396329
3.1120265
39.709373
52.4116
3.302153
45.304665
69.97371
115.376755
21.577389
171.98961
275.27722
123.90456
187.84073
160.1566
131.01016
93.96343
4.056516
0.86293715
77.8673
78.93233
40.414543
145.17876
211.93283
183.40295
47.56722
152.99261
188.52974
20.17633
47.37709
0.2752557
30.128748
108.664085
40.77084
109.80088
149.54831
72.83634
168.69025
220.21237
69.00315
103.64213
55.22229
70.833244
38.22029
87.440414
106.82754
71.83565
259.57623
84.26073
149.0952
58.469196
73.84259
36.22004
95.88178
55.201874
3.7887554
43.669704
61.71746
176.17612
188.77284
194.62442
183.87871
143.53789
152.17719
33.13354
177.56068
0.5722167
0.65179175
144.19653
35.160995
106.45164
37.3325
131.586
236.93839
190.58817
87.603096
107.84747
125.96973
164.69934
0.52092445
28.752808
60.97337
138.83737
37.050262
54.727467
79.323975
71.78233
35.5108
57.845398
99.98326
14.458433
33.16436
70.41524
140.9155
116.07837
44.288017
38.73737
91.85356
38.49392
39.921913
92.19151
48.172493
87.91385
57.688377
0.7002036
171.47833
174.86086
95.12553
40.083508
46.210026
95.07486
8.686525
68.09113
165.71591
245.56148
230.8411
178.60338
169.57925
116.92975
72.11385
97.182175
189.6254
45.829945
78.54398
53.864594
261.6331
169.40361
3.071343
37.017784
78.39526
76.09706
84.42164
182.74573
118.699265
39.368465
95.598724
99.8107
57.572304
100.74805
158.93936
88.55559
89.45501
154.05331
126.03658
91.03172
47.446095
77.732735
91.250084
185.39517
70.415886
124.47758
55.619335
124.5863
129.2714
86.584045
176.37045
91.51637
64.225586
95.52907
141.15808
144.93918
97.02616
93.326096
77.50908
67.74004
47.255028
38.085484
197.75616
130.46397
4.395854
37.978237
69.88738
128.25932
202.38013
101.00865
224.93155
95.37819
110.59745
34.68407
80.21282
36.47631
81.46301
50.994537
108.005066
111.16774
63.167248
201.36032
136.57967
115.49538
54.339344
123.28174
47.90997
102.33501
199.13672
138.38638
142.88974
111.831894
72.78262
92.61342
75.08179
110.5167
19.231253
84.247856
35.762108
138.98651
38.937325
99.37401
151.19987
81.85334
161.7844
155.7168
77.33102
46.698387
84.93294
62.310352
34.113686
143.91756
106.25018
143.0454
76.33442
42.874413
36.757095
191.78741
86.54394
151.73572
125.24949
140.55278
88.4928
61.091393
84.25326
126.01996
115.010605
182.05334
199.48184
169.04921
146.21451
156.93028
46.448875
64.97691
134.14671
80.89049
287.49805
117.24164
163.39493
227.88176
91.74794
2.3327458
48.718555
51.143894
174.32285
113.21437
125.76536
98.693436
124.02921
312.9044
206.46402
95.60561
36.938675
103.0685
177.89531
82.28547
100.53506
23.47884
54.59491
94.51683
40.04903
153.20247
131.07414
123.02092
88.732635
237.12785
40.090324
144.67062
10.56133
47.43412
104.06305
118.61061
77.93339
84.27052
41.004944
11.6948595
95.36333
150.87308
103.54508
138.30983
178.49379
233.40349
134.31783
112.13959
83.673386
89.48418
74.7733
146.57593
106.57893
69.63287
46.277008
118.21373
67.88108
72.82902
100.87572
62.247578
58.63276
45.163246
65.199844
29.406494
184.7786
181.10045
82.217575
45.14393
110.04927
58.094074
104.54549
0.2140727
110.73429
38.541252
40.601906
75.054794
86.32345
42.041664
78.90783
50.906788
141.15979
81.04344
95.08632
141.2433
47.907936
49.594833
137.71548
36.635372
156.29541
138.1862
77.9193
145.56148
97.20954
118.30727
114.63308
94.396255
141.07545
7.333802
47.327976
158.14168
122.45917
42.905525
11.141536
44.633316
105.04607
180.20714
8.954446
21.440098
49.516567
96.13875
106.40499
172.8972
81.46592
189.70328
272.4748
53.264404
46.581192
10.470846
38.195995
122.074524
79.092766
109.95554
47.378742
196.08525
162.17279
347.74765
142.4542
9.8289
149.66515
119.34534
119.63483
182.12276
21.454266
90.35005
113.21006
188.4996
116.5692
156.49406
112.75364
91.790924
78.40529
133.95256
70.72646
68.24856
156.78265
46.193058
81.3981
104.73152
166.6932
41.25936
67.19673
144.08878
73.86567
36.872917
109.70967
42.61488
82.43714
88.21077
113.160255
188.96721
79.33168
125.448204
78.60063
133.94904
110.956215
72.19069
119.94259
164.10004
95.30858
62.24932
117.133446
69.951706
29.912144
119.625305
107.984665
144.36069
59.305397
195.86441
32.187325
67.78692
15.503571
161.4619
37.402206
90.75911
205.50244
89.739174
87.242355
116.0209
62.985596
237.42184
144.47809
178.1216
71.03396
41.509785
415.0462
180.67174
120.59518
62.21084
80.301285
102.75432
213.05576
301.8584
219.46622
144.89534
181.53377
135.77591
120.80653
26.423447
61.9406
3.083439
36.233593
110.448
146.59604
209.57341
153.76602
50.252724
160.84988
63.212593
67.49762
56.517754
148.5006
154.75938
37.50062
89.438774
117.55841
238.16606
306.4737
186.78355
156.53577
110.42494
106.84293
38.849594
126.73122
88.89513
153.82196
81.17179
137.90536
15.30502
121.98047
30.804495
30.38396
39.91878
121.241714
66.538826
256.94275
118.11311
168.10794
141.61604
108.00838
91.99019
109.53188
45.423656
174.01242
93.94063
42.09522
76.68056
138.11731
128.34848
60.025238
124.327
2.818507
120.50165
117.830765
110.87569
139.2128
85.95011
78.759964
2.9997196
81.35472
46.374767
43.433388
63.39994
0.20063028
98.93556
95.793594
164.48068
71.60036
176.4595
138.86269
90.55123
214.75107
211.64995
211.74643
134.4808
64.88435
120.89712
94.01262
172.94548
113.14559
35.43765
35.519245
107.11605
146.37796
137.9004
138.00479
179.99783
286.9821
236.66402
188.2993
335.12997
142.81522
196.25934
116.35564
40.991364
114.06976
69.820404
107.69669
156.85876
57.82854
195.49928
73.94922
133.72116
112.07526
115.32774
83.06966
11.352924
123.88147
37.188606
37.16964
62.189453
0.16559061
54.286583
70.36715
121.80766
47.826115
39.128895
40.798737
82.42297
47.024784
10.820753
82.36006
129.98828
84.17146
155.36626
59.528404
57.91079
122.55463
69.44097
114.74782
82.97765
88.80672
35.81624
165.41199
109.97539
86.18179
177.61188
85.49434
234.29964
213.99077
165.31082
97.19054
132.89995
75.51553
73.10623
181.00177
0.9292897
13.176288
75.74718
69.60633
159.20982
38.91835
148.87088
55.927574
84.8795
83.44569
142.08035
26.578674
124.73275
74.007675
9.366533
140.01181
204.2815
100.906265
78.03904
57.295605
2.3440235
134.9205
143.81027
0.7084866
35.832592
69.55505
86.78399
184.43353
146.1508
139.13599
66.44733
140.322
14.795184
79.295975
95.9658
45.92669
35.19558
147.60162
56.605682
0.9855375
208.49654
94.8837
0.5303844
84.99498
174.22011
39.71348
115.32937
124.295044
145.93471
107.04916
70.06427
79.06497
73.1169
36.57153
70.52537
119.84743
92.27708
92.32851
296.9798
217.45427
124.05367
213.9133
299.20074
275.7719
100.882675
297.45377
154.22853
81.13399
87.929794
37.288612
105.00435
79.226265
110.82573
75.45615
102.03632
44.95821
169.81125
135.5288
128.3062
178.01366
322.3314
188.4417
222.70442
49.832726
9.051368
11.115485
9.285642
87.784775
128.07997
82.99006
117.951035
85.09989
162.92282
189.71022
130.9205
209.9989
249.28894
143.64497
156.18716
372.29742
156.16637
296.9834
39.503487
81.470825
89.89778
136.30423
126.53296
152.75945
105.27203
91.55876
94.17914
126.63198
114.06295
38.123985
35.418324
47.123787
64.5601
39.601562
162.9314
258.5974
216.50186
222.26753
191.18875
140.92484
42.002747
153.5134
73.409744
58.06289
77.64424
56.136585
142.98367
219.37915
129.33928
132.0845
44.725723
45.279854
42.733284
140.39566
47.86264
131.75008
141.23318
73.85408
118.908325
47.940224
33.60949
99.00463
150.02458
106.755844
145.1112
73.66731
201.0876
11.529773
126.31062
126.615746
90.28707
124.17235
3.2761865
212.43582
148.39586
1.1558986
32.720097
119.352554
162.96953
140.5807
71.90063
89.520195
48.60984
127.43596
90.925156
36.190395
80.73865
64.98938
104.84808
2.2967982
13.217387
52.527508
13.998442
41.885838
130.77321
126.36243
238.871
232.37509
193.15404
264.07764
215.0844
115.80538
325.26886
274.2204
55.868633
209.33627
120.44354
161.99364
21.077707
73.66164
37.404976
142.92209
73.67365
70.964645
42.045616
105.95091
153.09993
117.69838
34.345253
83.22969
38.48583
43.6168
50.747444
69.01777
166.18776
55.429413
70.58846
82.63436
34.334553
0.07316752
86.38796
122.21733
115.265236
25.102728
24.695992
82.965805
169.73225
87.45891
122.01953
59.997448
87.06969
137.95694
57.50689
87.42174
77.25794
33.769478
12.690631
71.05314
19.478266
26.351368
120.08183
14.746759
46.711784
108.22325
81.6503
143.56802
34.74317
69.86933
90.83665
3.067
13.314382
107.48549
80.92839
7.9440665
95.61661
214.05594
40.395237
38.17984
41.733955
118.7531
60.611725
85.55999
117.79862
5.0123734
8.66241
95.46647
56.611736
68.80034
68.014694
119.735146
181.5997
89.35196
107.81126
61.27068
0.6142701
144.07184
208.56389
290.47815
180.16556
104.49245
80.828865
70.215576
217.12212
81.77959
146.81439
43.093166
110.465904
46.584076
121.1946
38.756977
124.70321
74.35274
72.99388
110.39497
107.22087
177.94508
42.055393
40.321877
145.58203
69.12236
115.84186
57.440815
99.35539
38.426807
135.57817
49.782017
37.210804
94.971794
130.67433
15.431508
69.702225
143.8545
34.515995
202.55869
74.16042
22.93895
55.083687
209.99341
11.557498
94.16558
57.904205
50.807655
109.440735
49.529507
185.28445
86.38933
47.212837
146.9855
178.45262
114.67723
48.557396
15.169264
53.413902
92.4278
45.054348
116.67466
2.2291462
109.7579
43.126415
320.79102
192.40533
194.93677
86.90051
101.06827
104.35028
159.76756
146.04967
313.74103
126.64105
69.66458
130.67145
83.23305
68.15697
80.29812
180.80035
81.02972
284.35394
77.012924
176.875
202.52856
90.23409
46.40325
113.97725
216.3486
161.71921
101.346695
76.41609
126.598206
116.90315
228.62842
87.26457
103.82688
104.09232
85.82972
88.505646
145.89778
112.31014
42.410343
36.12282
34.740135
45.74964
103.84922
37.27428
161.9377
108.29091
59.223625
217.29263
301.52173
248.90213
67.49515
167.2398
131.82774
46.48811
101.07272
93.389984
0.09679241
34.127766
126.86243
115.98187
65.20177
60.64749
78.97978
62.717876
71.022705
154.33061
108.18382
292.57968
140.50163
156.40703
34.890278
46.468925
70.49239
70.11559
126.81224
57.78231
106.83463
91.12914
122.87541
44.349045
129.90186
151.39629
260.7215
259.11234
192.91983
210.5665
106.87372
31.964025
51.666862
140.67072
60.316734
114.971695
58.355732
225.18164
115.46118
290.31586
140.43234
84.92437
123.082375
148.81125
74.94471
53.427044
39.467278
35.677067
94.30946
189.75919
81.840195
297.28955
139.33626
11.311879
40.20614
97.82441
186.47154
162.81924
73.066605
84.83641
108.3608
171.6041
160.3582
150.51938
131.66403
119.839195
71.80422
167.44238
192.77733
184.20358
208.8803
219.39062
286.81372
330.38867
175.9114
128.56458
218.6879
207.36711
228.63
126.567894
141.33725
107.83038
71.22398
131.499
159.94313
155.28651
141.30464
198.24664
216.61467
143.06615
309.66815
93.82037
141.471
190.65738
33.640907
87.31686
56.68648
79.315025
167.17975
64.9012
106.038635
70.98975
102.95669
56.25924
0.77751285
79.20728
84.380005
35.69776
114.96623
127.24292
89.61153
111.08687
141.55832
201.3245
220.64165
225.29951
190.85648
100.25185
90.467476
134.52103
40.00568
36.657867
74.61596
102.817154
48.7474
74.12751
58.265045
84.25531
139.47282
22.730644
90.64617
135.27068
88.774216
178.16267
260.23596
205.02788
299.75244
134.84592
180.9531
214.462
63.131817
42.69207
35.757072
33.37903
117.52914
73.66726
65.990295
226.49358
72.20234
214.51514
143.14497
212.7048
355.07672
123.15874
171.98386
10.248231
156.32549
64.64895
50.693638
51.80786
73.003746
62.442516
109.99727
42.515007
51.17865
89.90238
145.32666
112.851974
68.465805
171.3229
38.077877
58.387585
164.43575
86.33235
80.74031
44.936794
115.81981
235.77225
233.7747
34.815655
38.716896
123.266464
64.29449
93.705376
113.549545
109.369064
80.0871
13.150644
188.89395
107.1403
283.87766
318.14957
38.03512
92.90351
36.55636
17.696444
64.952805
115.98222
161.96603
59.4977
119.54083
35.91968
156.7421
61.273743
141.35002
153.5928
53.54231
63.000854
51.52776
119.432755
37.951298
115.84104
101.76033
332.29715
268.9898
155.08916
243.85867
252.40398
105.353294
185.09294
68.9185
244.22049
74.96854
37.423138
98.33755
107.345924
71.29703
306.41425
178.31618
161.5326
127.462204
151.50969
173.63309
113.76759
143.63667
234.67818
99.6195
48.294235
72.48551
155.7031
15.732358
116.73885
73.25618
11.500612
52.989758
109.12053
81.55277
142.34921
107.714005
39.744865
104.10918
124.95685
124.923325
180.4426
141.52493
3.8633957
12.414903
27.910297
76.08629
35.450916
102.32589
121.23872
112.7289
0.9095567
133.60025
2.314557
128.97206
48.844
116.75918
65.864944
88.2061
5.3882875
144.3729
4.4999976
28.573618
153.06096
81.31716
46.331474
98.56688
78.007126
59.174324
110.20111
106.485
117.49608
153.56963
12.155409
44.963703
35.19947
71.00787
35.239788
53.09939
48.805943
82.79
4.0153494
13.307245
53.245434
56.405273
51.74466
120.02207
46.011124
9.354349
83.23603
36.718086
54.13579
112.68361
104.32591
68.4279
57.21591
199.22397
106.83848
82.63583
72.67875
83.81066
111.32578
107.76162
131.68433
179.73254
214.94638
119.768814
76.441444
189.50789
152.86969
89.45124
109.61216
136.58038
185.67061
10.76124
80.19492
109.03682
124.40181
36.28512
1.9408741
48.410053
79.45918
83.598495
102.33941
194.60925
132.7451
128.33086
178.5527
43.37747
69.69322
83.606705
162.07822
126.22318
97.090324
108.70445
76.134964
23.593433
48.923134
44.385265
93.91126
145.25029
113.49452
66.964
82.74408
71.281494
81.58099
35.90174
77.09297
72.890915
44.838448
19.503431
0.06438647
153.41908
53.67752
12.78713
108.47548
13.472911
35.16182
