643.8347
73.44023
72.94754
112.69204
92.42878
57.465252
54.47346
77.79149
92.73121
21.635534
50.392845
29.056479
32.81477
40.297527
21.629313
55.353394
80.19091
148.4686
49.91192
47.17119
21.220118
88.14644
111.95669
38.57651
84.14787
72.49708
127.97453
143.9688
108.88805
55.324318
41.61393
21.326448
53.08716
7.7126403
23.47726
3.4746234
7.613954
15.691709
43.738564
58.71342
25.70332
4.312947
45.99541
31.792866
29.87984
44.576504
32.322567
85.76031
97.59006
130.8651
82.34151
36.631016
50.204266
7.0092454
34.495495
81.8452
73.03454
48.601257
85.83575
116.524734
69.87761
100.55983
52.23632
46.202988
136.31554
56.90053
59.0018
41.144737
100.215744
98.86745
120.15346
28.910086
4.479369
48.495613
47.03223
175.28702
111.38641
124.62195
179.0655
111.083374
102.02341
131.42415
23.897106
53.49005
67.50777
22.145164
89.60188
32.055244
88.78636
102.405655
80.168365
57.922832
57.90457
126.46446
119.78092
84.501
102.97904
123.547424
125.50466
94.86633
83.67604
98.036255
93.45526
6.7611227
6.794838
104.03373
220.79404
141.06645
138.54892
164.24387
50.55005
4.8583403
86.57868
122.23773
70.16405
63.022057
105.136856
73.14011
93.21033
84.72437
169.72139
112.4928
95.26964
82.42042
2.2084258
2.9083698
2.1554832
27.227493
79.40987
7.3224564
28.770294
43.927746
52.684547
49.398197
48.120094
44.16169
11.083999
17.147137
4.4596653
22.243998
84.58099
10.996768
51.100807
28.501984
63.727154
52.727654
34.041084
45.53341
93.61754
45.915924
39.21878
60.7342
29.975082
81.93304
103.523964
80.03904
109.53402
67.98947
88.69564
88.57483
89.227325
78.09362
75.10558
70.84169
67.57991
73.60356
53.871807
105.5291
90.13247
121.447815
139.15205
176.34256
66.87696
51.014816
49.89608
39.796677
97.35255
54.42234
3.0667167
13.965869
9.711166
12.150941
9.206167
25.19876
88.99205
61.392742
94.698105
26.832449
51.474934
87.21015
99.91109
47.611107
45.30753
33.947544
138.23898
146.65283
127.61751
135.50002
83.948616
97.41264
73.10744
55.09368
28.823166
28.853754
23.861292
58.30259
25.952688
10.201115
45.832985
22.265095
34.065742
17.754946
17.687931
25.659466
15.60499
22.001202
74.305084
66.58705
72.05583
82.00971
37.4834
40.275673
80.28572
97.0587
65.114075
28.78563
36.198757
44.027138
52.650806
58.51292
49.691967
53.232246
53.631317
50.29582
22.43775
22.776302
30.812351
83.388565
45.85715
50.522957
56.285503
40.526787
35.936634
112.12704
81.39256
142.4489
155.26797
148.9371
73.090645
66.771416
69.46592
98.29578
68.84987
69.25873
91.22817
106.53385
106.94432
92.899284
55.317574
47.740273
54.07149
166.14142
100.842896
12.925731
38.742653
26.302622
20.36228
53.20704
106.75027
1.1408471
3.914761
13.50161
57.807983
58.84962
60.759796
49.72883
45.71839
49.973686
75.45099
81.24733
54.21768
38.15482
95.09329
118.47661
53.689697
36.241234
35.77253
21.025406
53.106567
46.81097
109.65248
94.63684
95.86217
14.888873
32.422054
26.27246
28.150675
36.58103
78.3568
52.87832
59.278297
43.08141
24.061733
8.844113
12.916697
20.918594
19.942577
10.105128
17.293936
12.383113
2.0906656
8.258953
5.9209337
44.1386
33.11818
69.4062
30.969921
43.022358
30.52713
39.75744
34.94975
44.18023
41.54194
15.988208
57.72986
26.672403
28.3104
1.1674114
11.4202175
11.263772
18.983006
34.87113
76.66713
45.737545
51.623848
28.340454
30.855457
46.10325
8.651575
38.49871
5.3911576
25.026121
22.37238
33.038826
57.667767
28.519672
12.462179
21.103022
0.88344735
47.826694
44.933186
9.887616
13.915744
13.862228
35.881912
22.096033
11.763893
42.760445
65.4453
57.715527
39.41838
91.96807
16.811197
22.010756
20.547592
10.256842
24.686441
3.3352573
8.430438
44.267647
53.66456
65.96173
76.58335
44.643032
32.500584
32.159508
21.918581
26.428669
15.475899
22.235155
21.966824
40.003212
9.318995
15.529149
10.922875
15.241358
16.916607
76.66289
23.915562
19.703348
14.554697
16.46359
27.126322
94.60542
72.02613
39.590565
98.85077
99.33223
76.24864
85.5827
68.09274
14.82126
60.4901
5.6965146
15.2510605
13.873044
20.122917
25.176441
36.561607
18.994217
25.411972
42.85296
69.58118
60.52601
83.39222
12.458297
28.363052
19.200697
37.140366
5.350801
89.43181
91.354935
83.534805
14.169794
24.419376
15.395136
60.122143
46.86413
24.7789
49.926224
24.315693
43.972424
7.1592684
11.376525
49.05124
87.103065
95.13132
102.34433
13.958371
94.156876
57.90672
74.18034
80.63033
61.47516
43.094067
62.648243
18.214039
22.229774
52.989178
28.935284
31.13506
19.225208
21.048275
30.086676
18.52177
20.29671
3.069935
16.383656
22.563316
26.995136
24.007341
41.08579
15.283995
51.9105
1.3134257
38.97632
24.823757
57.990326
48.51171
66.76335
55.86155
99.3423
88.59363
114.53194
91.83501
86.55061
95.94053
101.082214
110.03398
97.62343
172.8269
114.60612
83.83573
75.91266
87.96003
86.59737
110.45005
88.38933
86.90456
79.578186
43.44905
62.217052
84.59695
112.021194
110.846596
94.989555
85.93363
44.55497
61.010612
47.507404
59.15381
30.83228
49.368324
15.8162365
19.220224
25.120258
25.990467
27.189493
23.091824
14.7653675
24.650543
43.969242
21.775362
51.8244
28.015453
14.547305
14.26539
31.98136
4.643845
10.881437
46.171593
27.06755
5.0761414
39.522186
28.72585
11.438105
28.658566
23.196287
24.48324
25.408495
24.250967
16.322926
29.142593
24.028229
18.23383
25.931173
44.69433
26.872364
56.36447
25.181278
5.857405
27.847412
14.323507
21.177046
31.946766
44.97741
36.50565
30.323807
52.847664
20.970768
88.561195
57.788414
14.088821
48.42765
15.106081
26.174072
6.0477247
20.145178
18.789562
30.646048
61.50596
49.417877
57.394524
29.359753
30.454386
37.64832
45.930855
26.20133
50.919933
23.893406
6.860804
41.958794
25.58222
17.778341
9.896559
1.3602941
19.640987
23.786964
22.378521
37.970184
29.327429
21.646706
11.883257
28.298391
19.605951
20.250439
36.318596
49.35598
12.312185
15.848002
17.98532
6.523187
73.52287
27.11974
1.0913657
8.2223
8.338949
8.679137
20.508867
15.481043
7.401381
10.408873
34.38242
14.686659
23.020939
23.942049
20.330153
56.924797
115.61698
97.94046
114.41121
101.710754
89.5734
69.32056
44.296303
76.33006
49.38758
39.41958
60.869194
49.344276
116.27887
94.212715
129.5438
239.55716
84.38291
71.81816
110.17007
91.56557
94.42304
93.26772
88.03549
17.189022
31.518589
48.02013
26.95219
6.8326087
6.158599
37.67979
40.766434
103.17271
55.718983
24.485132
14.125226
60.962128
53.45465
73.314644
21.610374
82.66232
39.442024
16.084896
9.2265835
17.667585
98.99724
43.845463
14.425318
18.654531
16.237965
33.294086
45.542618
23.861736
25.827229
43.72718
79.86513
73.33622
88.248024
76.26839
53.737305
44.544353
22.622324
53.711098
25.053852
38.00968
31.058208
24.365322
46.225227
59.478554
80.2261
13.4860735
50.661106
49.823647
85.01778
27.39986
38.916107
105.95487
104.34941
111.89325
2.757873
1.0826916
32.603703
22.831455
95.54792
23.812397
19.31333
11.865788
18.880695
25.19917
64.652664
121.32208
94.271706
114.37834
106.87036
144.44846
33.78
59.858032
16.693033
25.776794
71.09791
65.56639
66.34874
44.728893
49.7851
41.43763
44.1474
23.970814
24.129436
52.39792
33.777367
64.7321
44.562004
31.046473
10.151224
18.681988
43.791607
28.646872
54.993446
69.82872
34.49099
55.436714
21.944027
43.184464
121.6683
119.56307
179.85268
91.591156
51.53119
88.22743
101.111374
99.27609
77.087006
26.998652
11.22708
15.366692
24.00741
22.18136
27.403172
18.783531
12.111907
9.486103
44.011135
55.627502
38.51986
29.113735
56.119392
16.071854
73.80062
59.331047
43.91352
44.52464
22.31411
26.867218
54.023365
46.96993
41.69079
71.3346
37.904102
68.94063
115.346214
79.09569
11.107482
29.044338
32.416912
62.72956
85.929245
118.875694
102.01256
106.513794
82.5468
61.658253
121.46831
22.48627
35.297657
54.374134
41.04083
27.036976
31.255783
53.312874
136.96664
78.88112
76.59129
123.419945
177.301
138.51822
132.98145
83.79374
61.493084
67.54213
85.66832
101.70109
115.74998
84.68654
103.76613
104.9536
102.26018
83.07234
112.54055
92.38654
111.435585
94.48125
104.90991
94.10097
175.37155
82.10289
67.46211
86.852585
91.06084
88.11406
60.20227
92.189926
164.89113
113.66051
167.52438
122.10753
120.73417
27.87038
42.179283
19.073002
35.246086
1.074724
11.937849
25.020649
82.11174
84.658264
173.14926
102.55306
12.409262
20.919538
56.41688
36.018288
108.018555
145.82355
162.94754
160.4802
96.18458
112.028305
95.90848
121.62583
99.09452
99.83269
85.448044
75.61095
93.59349
36.036842
100.78493
85.16048
36.210518
63.736137
19.087084
55.199146
64.60594
41.069942
25.976328
32.14982
57.672295
52.83719
12.218092
26.814335
60.451855
90.536255
104.90176
132.99779
15.5052185
16.339424
54.338615
25.891674
89.45595
28.976551
30.793385
50.610542
62.154835
60.67923
113.26228
45.330177
17.166512
24.908604
10.89023
15.513349
39.57814
70.183
66.76055
36.878944
69.494835
52.203156
80.55938
122.671616
100.91313
75.820175
85.850525
108.3068
43.327538
101.840294
47.995514
18.542912
22.912554
32.947067
15.516825
49.939888
33.28443
17.26641
28.665262
29.136297
72.032845
75.83738
79.522896
179.80005
16.722588
74.44194
102.30198
97.65743
51.905914
4.2118826
44.65006
13.719806
38.127632
14.794571
50.9737
47.480488
97.416275
63.96519
36.73119
81.974655
4.8421464
29.05281
6.459656
7.687687
99.57512
103.43677
62.22357
69.93422
41.635876
69.822365
40.538994
19.747738
36.985794
55.088966
55.899536
19.154295
100.75139
156.88205
132.41025
48.387577
47.448524
57.37803
26.41634
50.88581
73.90304
67.32403
70.190506
45.92473
41.35329
40.174618
68.737625
41.665062
17.126837
20.50888
16.931616
56.66881
20.756367
79.1483
59.22401
63.150826
10.091121
79.26978
67.2095
18.775196
45.875816
22.486156
31.769382
30.58989
119.284325
128.04855
186.35141
271.2704
185.60867
90.63204
105.770584
96.73812
123.60348
150.37915
196.93614
96.469864
37.828533
36.518414
27.860577
57.504143
23.098963
41.727776
121.362015
125.15513
88.62356
136.99637
154.85373
82.13671
48.159977
101.66187
12.512912
39.25686
36.882477
130.14992
60.54359
26.832434
41.36002
48.666706
4.3305936
111.22084
89.56349
121.4044
132.89609
115.59397
116.04651
285.4865
175.30779
213.99092
146.39925
54.35954
59.966003
28.874899
33.435787
72.3766
81.87151
97.60336
165.90906
89.333145
96.79834
138.20903
109.02909
19.407116
109.75083
81.25881
93.9229
139.38712
85.432495
188.59912
27.742987
51.512257
98.56392
90.91249
15.9831295
61.552814
111.90161
127.693726
164.91681
164.06366
113.961464
107.29205
60.07923
31.40125
31.311224
46.703712
73.77701
27.087605
35.60263
21.39895
20.253344
104.77374
39.78545
33.009907
35.358685
23.913532
65.13916
44.650154
55.085133
65.16242
17.676386
27.45217
28.281616
69.283165
67.93255
70.2088
32.867455
21.631397
38.93033
54.75984
34.878876
67.50799
113.081894
4.594858
14.755302
63.52365
45.072365
20.150093
101.09906
173.87596
148.58711
145.43732
194.21623
174.85686
99.74253
89.23359
106.24607
89.82522
59.096058
23.44281
45.18756
39.40048
67.698784
56.29954
85.51009
137.28018
117.065
94.34822
85.709305
47.642464
46.33855
135.78284
183.0314
41.616917
24.271196
56.847626
17.61621
39.246063
26.403082
140.00594
79.5081
100.24535
36.544395
40.452995
60.749096
136.36763
83.21065
48.09725
85.06748
36.937218
68.43605
11.731783
23.557026
20.873726
25.347992
84.01389
88.30498
60.74987
42.95047
45.089363
68.24233
82.382095
21.706337
27.279495
26.973124
22.703337
47.177032
49.00002
50.496746
45.470207
25.304081
37.571495
48.15528
34.061577
41.110054
15.848073
20.75022
3.0426333
4.8509626
101.27854
152.44427
155.27335
81.28733
103.14061
108.65442
90.209
115.627686
68.26727
174.4542
148.4526
164.97452
170.66461
217.91792
179.7085
41.08215
40.10165
1.8764763
44.35669
64.466
62.233227
59.00777
100.39055
99.22254
222.20651
284.83694
162.70572
241.49016
86.18297
100.58139
112.505875
74.27644
77.06815
77.24596
84.987175
71.58944
4.091494
46.09205
45.67571
119.313194
121.02427
116.39004
119.353004
149.05307
101.559494
45.519745
43.552532
31.600616
40.343422
50.187737
35.361744
36.18522
146.88084
118.457504
113.27965
37.470455
39.77214
43.958134
29.680206
4.390691
58.08811
11.911169
31.030416
36.948654
141.42453
147.52623
118.93553
248.81567
87.42897
79.64496
80.277336
67.247795
6.955381
11.624735
106.01195
10.805609
32.72779
16.266542
32.780205
16.621555
45.857765
95.15503
78.109436
47.281208
29.29121
46.973152
80.87187
62.752247
27.129963
29.776855
40.77578
30.494442
30.143515
34.348427
48.045876
47.631325
133.50085
91.2431
19.336708
19.416027
79.06172
201.85977
311.65277
192.00565
159.53224
114.50731
190.11107
157.05081
179.32666
206.49507
36.524097
149.81337
56.066124
26.287884
45.653973
34.16843
100.7755
6.0370474
24.03985
108.366005
38.823997
148.77242
172.95872
193.4086
256.19876
189.5236
227.60898
82.13628
112.771095
111.6863
80.74679
83.70678
151.4285
54.41507
37.215935
44.480644
27.462055
13.846346
8.429245
18.46999
31.514013
54.601124
151.02368
152.21674
135.95981
79.38796
105.75047
79.44596
81.634895
79.111015
108.787415
79.45415
69.064926
75.50072
64.1472
57.46624
13.4942875
50.69526
30.793278
11.2913265
36.804012
11.545968
30.384869
12.598159
26.882416
22.951855
42.8499
66.25356
3.2690125
40.19434
24.783268
12.388102
50.703346
71.773125
27.84061
112.94761
101.53732
110.09645
78.432846
130.29587
74.96077
22.811733
62.122814
92.508736
84.14309
67.2228
121.52843
31.034369
123.03591
75.167625
94.60246
35.231056
15.448558
38.21689
32.605885
26.676987
59.92005
57.226673
21.01156
55.873882
27.671194
46.289925
53.55066
110.2689
43.176697
23.459826
109.00746
106.75596
140.87747
123.82239
117.63701
60.435993
137.20999
32.564564
20.438707
33.800278
32.87879
39.545116
10.556096
71.7331
30.69717
4.5899267
29.35376
18.163807
18.216763
64.43145
35.58074
40.275375
40.574627
32.525322
24.080095
12.10337
42.43855
25.792536
37.15853
79.817085
35.38328
57.29656
5.2393384
110.86998
91.69383
102.2746
130.6121
82.93867
97.8315
20.192934
47.914085
13.398375
63.09142
53.35672
59.194386
23.433472
13.553778
56.795177
44.12474
61.223976
34.800346
32.243965
73.42965
29.933004
40.517582
58.262505
17.960752
76.15263
57.48225
26.040844
20.496372
96.45915
36.53135
44.94677
26.894781
87.30978
23.92005
74.55454
26.751242
45.385963
142.29158
181.04912
32.406708
47.923252
27.724293
47.103416
29.801273
76.24149
145.65909
79.48836
75.48332
25.26513
33.74444
42.433308
19.083328
44.47929
22.989319
130.16492
78.3822
76.70765
3.6283193
28.256113
48.152596
32.44268
3.2380466
66.20412
50.749416
39.77703
26.913136
39.319786
11.094304
21.889118
71.99121
45.93583
57.59832
12.11016
22.760403
33.948513
150.55078
83.91111
155.6218
132.33397
190.29106
109.945114
20.266039
36.251945
62.40031
18.175076
23.474876
75.34307
25.417301
11.111955
5.6742043
36.454563
60.904877
42.238808
92.18972
99.564705
44.361942
50.335808
42.71949
50.56507
60.665443
37.067932
25.63966
30.741587
5.8634834
5.784051
104.719444
154.3145
57.99527
48.86186
52.592865
76.91255
73.896164
78.93017
76.581985
86.137085
65.0283
68.985695
82.09149
86.79836
68.248535
67.86864
104.70254
42.679867
20.025806
35.934956
19.009409
47.03417
36.615303
37.86829
16.490742
39.712013
44.753498
25.40179
21.532955
32.922436
43.79914
84.67617
92.36212
169.5195
26.239391
60.845238
56.865166
40.494743
20.19124
50.123627
124.55391
71.2695
51.853676
85.545334
61.120617
46.53054
84.81488
88.23268
59.299816
42.45694
47.033203
61.57207
64.84636
179.78409
32.659523
83.91762
53.696953
32.46917
36.748417
21.30571
23.617731
28.42464
56.375244
4.0016394
39.96351
53.43333
29.189625
17.337519
27.41867
17.55523
27.544641
53.689934
19.592789
26.537664
23.51051
18.82513
16.543005
14.160037
19.508478
84.65093
66.35449
194.15479
77.54333
97.31302
13.746295
27.934238
57.37887
82.55152
159.1752
83.231995
88.93372
95.32586
44.04893
19.825874
69.81214
63.35384
148.70401
45.01948
102.48354
53.35382
60.48051
108.205055
45.953945
71.16663
18.86156
34.291157
20.977713
34.26129
28.856024
43.86573
20.018845
26.280008
28.655659
23.056173
36.932972
48.40376
57.95832
57.771282
48.59828
58.8094
38.01278
39.863365
35.085766
40.507282
46.007603
54.486084
67.73709
44.192493
80.90034
85.94757
94.829636
95.92141
95.107025
81.86936
93.88935
40.925484
40.8263
47.07449
44.625195
38.105938
43.959454
25.39915
10.375821
10.096088
12.2343445
42.18566
12.809888
36.071697
31.572678
92.050064
40.97414
6.887984
25.565693
20.851992
25.94436
23.595783
16.59434
16.718456
21.355656
39.066032
35.24412
26.847967
22.475918
12.970426
20.986519
1.0013666
13.6663
10.572471
31.17125
6.4948173
40.500023
83.67225
1.7833481
9.5209255
29.110132
17.127571
14.869749
13.458946
23.197712
19.904228
31.96757
25.013287
21.026377
32.57771
17.234432
20.4165
31.945278
16.51182
25.774078
21.175507
56.692924
28.91038
13.99914
33.194725
29.978489
23.229496
18.2669
36.15041
9.968898
9.7029705
21.796444
41.803123
35.851917
50.986465
28.760654
23.521152
28.158539
19.61993
31.540813
38.333244
9.052374
23.97162
40.017498
41.41702
40.716553
37.34851
44.868454
65.7827
9.637745
8.418619
20.022308
21.116627
31.655277
25.86991
3.7931862
27.193918
30.722546
21.33421
45.087944
21.801907
44.175713
72.80219
54.210613
60.83034
57.737915
53.777454
65.066185
47.302937
46.94537
111.38814
2.1276293
56.70797
74.9623
9.690048
10.568213
1.2382063
39.86482
35.746555
12.78805
31.483875
34.588192
54.01833
31.015182
28.40981
34.07473
5.1367116
24.296938
9.354205
32.68684
28.303684
31.788147
19.673882
0.902825
71.74393
76.00798
26.411526
30.130402
25.56204
11.918943
10.239088
17.824001
36.055286
34.39276
33.56692
4.417311
3.0759692
6.02341
6.4440384
8.634294
13.500722
22.200617
35.191315
0.99776393
14.022273
1.3805907
54.048267
27.622684
31.595703
92.153946
76.51174
63.192024
94.47404
91.11843
21.620398
16.341785
15.236288
11.221632
20.95233
19.679932
25.240858
13.084196
25.060694
43.220345
46.99508
52.094246
31.63349
30.608173
39.096153
60.63291
35.790855
52.664703
50.83857
56.42182
57.38507
92.108604
91.30173
12.8712845
23.64736
25.340883
21.853836
22.926132
19.99504
53.235146
19.483105
30.67521
56.5048
55.21169
48.529625
15.218793
15.608965
2.5974936
11.634207
64.52189
53.553528
29.761225
29.83912
34.366997
83.631386
28.693512
24.71511
0.9118001
16.88541
38.60605
13.761922
6.1965966
5.1745176
3.0356014
15.974823
24.84296
2.9970806
14.828825
50.80774
34.355022
6.393413
19.864195
20.030869
69.535645
54.207275
17.92397
17.196836
37.178234
111.462875
74.49513
30.77045
17.388638
14.563498
10.992745
23.626898
16.520035
19.260395
22.334034
21.09142
7.85702
10.676961
27.319635
18.240097
20.818104
46.16485
10.94842
23.283745
18.806202
37.596157
29.825546
11.587187
47.79854
18.938404
31.553497
1.0284628
3.9868832
12.946472
23.617437
60.763313
28.023993
15.483137
38.873737
15.896139
6.0599003
28.4664
45.10147
62.970093
5.8087206
18.216618
8.683954
41.906155
28.353683
20.225576
25.725632
28.218914
46.130424
28.043163
3.6729717
8.363391
25.519176
31.30093
1.7950633
1.9586122
6.3847876
37.29458
21.943989
7.3375754
12.655368
19.864971
62.21924
0.9181013
3.4745762
21.020462
49.066246
70.31299
24.942902
11.610161
10.763777
19.560093
15.1021805
21.389431
21.632715
8.032912
23.5606
15.085774
21.934954
9.66201
7.345151
21.839184
20.970423
24.649555
26.44669
17.498852
22.646053
40.47368
34.951054
3.8628361
5.6796484
52.86497
38.29609
30.981314
16.257534
56.13804
76.73484
52.911354
47.9492
46.53507
54.161568
53.926506
78.204346
40.972485
53.784523
66.40477
74.28807
85.64088
45.648922
41.357693
52.543507
37.82733
55.248955
100.76092
58.30619
34.583168
9.508231
31.899689
22.257671
16.92087
14.552496
25.047
18.990995
27.804535
3.5739589
20.910044
30.237036
4.4367437
54.343243
54.134407
47.429176
10.596956
7.769488
92.09929
78.56582
39.19873
36.42637
47.08496
38.192253
16.436237
22.787739
25.565533
52.975086
52.10188
65.84934
32.921024
5.708323
7.641473
33.192863
14.605028
11.306363
20.58887
9.839364
16.114029
2.865358
46.685295
12.81407
22.987642
26.244686
28.858866
11.54199
11.091375
12.65384
14.935788
30.573664
28.400263
18.136005
9.394783
11.867717
34.325172
59.515816
33.179768
20.859974
29.377975
6.645344
24.903515
30.877075
26.834782
38.124214
28.607203
21.977766
15.140699
46.947506
79.49526
58.247154
63.135933
80.25036
3.9921317
30.510174
74.90538
56.930664
74.27818
66.71612
96.47312
77.37013
65.58271
48.867714
52.96327
39.863316
60.40564
39.43343
31.582623
63.42874
72.821625
17.557932
20.449224
29.627468
13.353746
33.665047
13.707059
13.792722
33.972134
12.992508
9.12936
40.935593
74.4097
44.046364
38.92092
72.98167
84.75926
50.786617
20.360878
51.902313
3.3603787
7.934024
11.720397
67.405846
3.101934
2.278591
5.3695097
27.957901
25.078684
23.34003
7.4052515
16.667065
72.309555
57.25715
16.998674
11.549493
26.370007
32.86948
29.12942
28.967651
20.126503
40.44101
26.068165
22.676308
25.281254
4.6705728
36.863136
8.781467
9.0910225
21.336525
44.082222
45.524734
47.9075
58.722633
28.145466
22.85302
12.464533
0.7690085
9.904572
11.472097
16.881868
34.308067
23.440893
10.705749
1.1660995
15.187762
72.47252
15.782718
26.080135
19.191545
28.427237
57.914345
36.644676
51.082138
2.724671
28.4764
34.177437
20.73443
8.69397
19.92705
1.3601019
37.246925
25.183554
8.679401
11.541509
14.950412
51.237648
33.664192
22.48073
26.957886
16.666334
54.22773
45.97451
44.235348
49.78263
36.73971
47.473305
11.617603
10.428063
35.01835
14.147306
28.336773
19.822796
15.055548
3.319283
17.793634
30.345058
5.349414
38.693657
37.74707
19.00991
17.924833
23.586178
19.147266
27.487194
5.0056105
48.568245
26.210184
1.6548554
15.736028
21.087751
19.232073
22.488724
18.080093
17.889875
2.3318632
16.8655
14.738927
36.823505
54.35865
20.31541
35.666878
11.863465
17.013123
41.700783
37.347935
39.018353
32.345776
35.493103
32.145603
43.26096
61.04997
58.77289
12.363636
23.74229
11.095239
18.630367
21.449543
35.414368
36.178684
27.484528
31.239618
34.483494
5.532324
17.648438
5.4518485
41.45038
47.239845
39.0296
42.97425
39.84806
7.311471
17.730755
9.970632
14.328753
47.074673
46.30606
13.020645
49.072296
20.674578
45.37298
25.946178
12.672926
44.953358
17.01743
20.644361
43.544575
38.44325
36.673058
23.084972
11.054255
16.819948
15.956121
23.895668
19.836994
14.297132
2.4575114
23.357964
29.853333
48.476974
59.268787
50.49346
21.8861
48.4581
3.7393658
54.839954
48.927467
90.10438
21.312786
19.313915
4.959853
20.391531
4.990079
55.536232
30.45123
9.784037
16.526646
35.211544
110.234695
78.83515
39.2967
33.57265
0.80822164
30.368637
56.489754
84.778755
43.81718
3.5732682
15.722353
26.411108
50.08778
19.593903
20.35757
12.290116
51.17681
14.726175
25.65159
16.95106
19.436003
24.61681
36.97208
49.45304
36.488388
60.69983
36.310177
51.63804
37.83228
36.93155
59.2
55.322
34.361248
44.28132
58.812744
36.74731
42.279346
51.890717
63.058525
122.15242
63.86503
73.77028
64.92769
139.866
99.12022
84.207214
85.10506
62.108055
73.93021
21.430183
11.89635
3.6763165
22.419838
13.128454
27.58693
20.644117
12.988315
21.750595
18.49934
39.44643
16.295593
67.363205
3.271811
41.647682
89.41971
41.380352
42.8048
26.907293
43.47347
73.21584
40.926174
42.171013
89.0953
85.883545
64.70449
60.199944
33.183517
40.604958
38.54925
36.378105
65.990364
35.105812
38.801537
38.65643
37.138077
38.12257
5.2232366
10.017637
8.231039
46.87498
29.79539
37.976242
11.66378
8.824057
20.752127
18.93266
64.35353
39.30226
45.0615
49.067738
40.081337
34.03387
42.983646
42.52364
117.55792
102.48808
74.83639
112.086365
25.746893
57.834637
23.794254
25.702963
18.913671
39.694405
41.615448
130.77107
49.547405
19.736786
93.93655
66.25118
39.13914
64.851654
53.42204
18.6319
22.440512
32.623577
17.072279
33.322678
2.8777928
31.476328
33.54508
31.777243
19.01393
31.733677
37.312042
10.370386
24.01803
26.387085
34.732628
13.56008
37.15973
10.981668
36.19216
34.52602
26.275833
19.669676
47.083054
29.7606
1.045923
11.934506
35.6386
20.471935
11.886496
16.526258
44.052628
18.305868
15.946753
20.713488
75.054
34.957985
22.922235
20.820753
34.977093
35.08303
42.798595
46.418068
64.216606
73.438354
32.70789
65.74715
110.97929
113.85366
66.49751
11.8732
28.125988
3.9858863
10.762093
11.348825
93.77864
112.58856
88.174095
99.81721
22.827429
40.166084
39.50574
23.921034
11.277536
11.849662
18.221294
39.131012
34.21182
15.907808
21.897516
6.7223525
23.051296
35.71571
54.51124
51.51286
51.779762
0.659318
62.425495
5.7586503
7.535974
15.303355
12.328124
20.86987
36.324867
14.080249
38.88688
23.032894
10.78767
29.383862
8.821432
13.724028
6.606308
10.48063
17.340303
18.764236
10.824169
16.704288
23.681704
49.475258
60.38139
59.07539
64.422585
54.617077
58.44533
76.26619
73.94776
54.938538
48.801563
83.416794
71.65832
44.999794
94.02936
76.25927
79.33888
50.834312
74.01091
52.479237
89.77006
49.082344
29.386795
66.04374
18.922983
12.7154665
20.727655
7.8202186
23.15653
26.475988
29.022253
35.83418
12.111315
14.656901
10.29123
17.025257
29.850285
20.915005
32.300243
38.974373
28.803518
49.22506
56.16842
36.716408
25.124378
32.904648
70.047516
4.7891726
15.012535
23.247593
6.895613
25.479174
19.034365
25.140831
28.32497
56.762123
9.441358
35.930046
77.66693
44.762844
33.857452
3.4533112
12.741727
15.202759
8.270063
12.247282
3.6520379
12.956358
3.5243294
23.71716
37.05085
17.744884
23.86441
21.457922
25.142117
121.660545
110.632996
98.71804
50.499405
50.530804
63.21955
61.322796
46.580147
17.79422
42.661457
32.80697
23.309845
71.23092
24.45702
74.19613
56.59379
37.68972
63.439995
35.965294
50.65668
38.258877
25.061375
84.39829
52.783386
27.887737
11.43801
9.872583
4.8515835
23.02887
4.9775887
20.242542
33.20286
19.630367
23.885426
17.233942
34.838844
39.594086
47.170856
77.086525
48.38866
62.97519
53.708668
44.620575
75.87234
69.00008
101.984116
78.683395
98.61633
87.01924
138.6898
69.21782
63.99687
69.82284
28.311245
11.026082
19.244953
7.6004577
20.181778
10.528377
8.461374
14.745189
29.94014
109.52545
46.05341
19.29475
21.828466
29.163593
18.071882
15.232762
39.308865
13.130107
47.68415
26.876135
52.181267
21.666155
42.705666
48.102592
119.64203
70.14201
71.04192
13.124876
5.0608077
47.411064
37.778618
72.64334
25.114706
198.1513
114.10014
143.33173
113.13521
133.53355
204.76248
10.295099
45.67449
45.87081
27.140772
20.402597
134.85625
68.767845
20.676497
10.753205
40.283043
39.55379
12.199063
26.572834
20.778553
10.242907
68.14559
67.93198
55.98524
63.489662
57.9647
51.686787
59.42686
68.04905
65.747635
64.64287
77.17463
41.25054
30.218277
56.52842
46.506527
69.87959
40.551357
34.499966
46.045002
18.715036
37.477196
23.287975
22.80531
21.336681
17.67957
4.293948
23.396727
12.096956
11.455581
37.83474
16.702888
6.045306
7.861312
4.303044
13.285543
11.578565
19.010183
30.035778
13.82162
13.137316
4.585833
7.0332046
10.939239
20.902378
15.335109
29.625614
0.96710855
13.987371
15.064692
19.92673
33.875526
27.20524
20.954876
26.595404
49.38351
25.121231
9.689358
17.697561
13.36949
22.497063
7.1075172
9.78014
42.98589
52.813545
50.762802
11.500348
26.586905
39.400978
14.54969
10.283349
62.3249
59.14161
10.228151
20.718906
19.630505
31.31014
25.46568
78.70622
34.589638
43.60163
81.281815
73.99129
75.57006
46.114872
3.6363785
30.651203
30.552143
5.037472
4.1885395
24.981022
18.371126
19.744175
26.327785
36.383026
21.554691
28.893436
1.424235
3.1637893
29.34042
39.380474
23.736586
46.57083
57.512928
71.771286
27.369568
11.173752
18.345562
20.995523
30.37402
20.128773
8.275534
22.230421
18.614422
45.479782
5.507778
26.267757
36.459167
17.567642
16.643164
20.63577
15.783404
27.681652
57.2357
47.333443
3.015017
43.964867
40.751255
61.46044
59.653267
48.829376
60.26475
65.76427
31.216482
4.709847
29.810162
20.899353
14.09704
8.108902
17.084354
1.1810439
18.719347
32.97859
32.30652
12.706145
9.4995985
16.195173
35.211388
24.210222
16.66595
4.034646
31.609259
10.613233
29.963486
29.707256
18.02665
12.259516
82.53435
44.926285
32.352943
55.61147
51.12717
36.490173
52.279236
37.40449
61.869576
35.189354
32.04107
52.332836
28.69604
63.156994
53.180763
28.966278
17.508902
13.733704
23.37936
31.99046
26.100872
22.118504
15.907852
20.139032
11.719795
31.541897
36.312943
16.272564
29.412378
40.53843
29.872364
20.56696
20.275597
23.154314
15.584585
70.86986
30.144604
59.48585
45.60732
25.349709
7.4627547
35.50944
34.567543
4.2130256
14.655467
25.795849
19.193188
104.29991
180.56456
75.180595
28.086643
17.77847
28.891418
20.72929
12.705324
13.280332
27.596775
30.69637
15.197342
28.512793
21.217487
13.6112995
30.798481
42.314697
51.003975
34.287994
19.792921
28.063639
12.800383
12.436229
43.724327
14.919035
35.45232
19.283958
21.493895
23.56748
19.856678
74.45523
48.354156
53.78634
75.52317
48.666363
35.524044
34.260197
12.261976
22.94809
21.3146
12.047583
12.134696
9.947071
32.12344
22.579216
31.516956
26.96937
44.980637
50.358963
52.95055
28.309875
45.887276
31.673895
70.70175
75.24901
83.69859
97.54462
3.389769
8.272314
17.83358
28.469168
81.41031
79.936424
116.800255
84.4333
84.616455
79.30488
57.555275
32.88405
44.799057
47.21566
58.98995
59.27824
78.19744
113.9442
78.18948
83.877625
80.284744
109.24203
113.21364
90.15923
80.39992
106.77097
17.563982
26.15179
24.696115
19.781033
20.7839
22.671692
6.8459406
53.762432
1.6303823
0.8850096
15.578173
6.737787
21.83223
17.270748
33.42312
11.435301
14.874156
13.195944
34.74739
17.273003
9.590019
10.547857
7.201522
3.8119614
8.56082
14.624835
17.980404
17.510685
28.321203
29.188625
46.80243
8.180235
9.428518
14.009816
9.246105
7.0179033
9.5809
29.871628
60.411324
95.28168
12.581869
19.451206
23.768314
21.257084
21.128357
10.569499
8.553645
50.865562
47.059395
50.9775
63.9321
55.315205
50.416157
85.53999
75.84959
44.58088
53.645775
44.80378
88.63372
39.31594
39.557472
19.319447
34.219505
18.563267
30.035694
14.987177
46.439487
84.61057
59.24721
12.926874
0.71917254
4.906399
96.75136
74.70955
50.334484
50.817577
33.189484
38.85808
29.51987
97.05312
87.746445
72.08139
69.181404
66.25844
64.89101
36.731884
22.081217
39.901585
64.60122
27.606266
29.16358
84.43376
97.403366
42.738007
35.863274
23.897146
39.0778
18.380869
30.811432
24.305733
36.70591
4.567071
6.689931
7.1096735
5.6907816
32.565586
77.8571
49.30027
59.255714
65.185486
2.9519389
12.455031
34.406857
14.515427
20.968334
10.661204
20.141962
28.372166
39.859978
11.193353
23.483955
19.113089
31.492508
18.82149
27.336636
30.429483
3.599978
22.952206
19.462317
10.0779295
28.178614
17.420063
36.565437
29.233807
43.74807
23.780174
33.887318
14.5334
11.906444
2.1903715
2.531542
27.318289
69.454155
23.873045
13.098239
18.981829
29.695856
28.71716
2.4482057
12.472561
26.9296
18.549385
56.16568
7.075508
17.415625
10.790148
26.93153
24.060694
29.6918
9.63463
24.326542
13.224764
21.909637
34.42339
7.8473716
11.8023815
24.083372
51.84804
97.25126
156.66965
91.91698
81.32312
45.226597
18.872562
29.504114
24.282337
2.9081616
9.79839
13.404004
5.1437
31.291143
28.541239
10.382139
24.241606
51.70539
83.63316
75.91722
193.54356
85.43129
40.41677
31.256433
18.85968
5.584914
34.42704
16.60297
21.30189
17.017988
13.308535
13.269653
13.065489
63.30716
44.638027
47.88313
50.989338
49.274345
45.36
12.9735
11.117224
20.344418
24.389166
35.088165
1.051571
12.162693
35.479057
34.369804
58.03411
55.01814
61.266224
52.022926
86.253105
44.42617
76.97577
83.26561
46.115517
58.02555
98.292946
24.908926
63.785694
108.176895
66.37843
110.279686
125.535545
211.62163
117.887695
68.958405
56.160614
87.32061
56.360832
46.916515
36.311653
24.617031
73.07149
34.16076
9.189834
21.921429
12.493426
6.605153
9.156516
18.544369
27.088308
28.705729
16.843187
43.634556
5.7112446
39.413063
97.8576
144.66405
144.56058
136.71097
22.516687
26.91267
14.56644
31.829102
14.8856535
25.486746
52.710762
46.256134
42.982014
39.919945
19.396927
5.048186
45.674957
8.434426
28.769657
12.603391
15.5076475
27.025623
26.291876
31.49379
32.88918
14.236429
50.82752
41.41467
77.20149
79.66205
38.310482
49.13655
49.58239
55.697487
82.37255
113.57017
111.48369
52.879272
38.986065
41.202446
26.93343
34.966007
33.838173
21.694132
12.338228
12.169119
15.912203
28.051981
29.721905
19.610395
0.9270655
11.263555
36.76698
45.108273
91.18938
65.6603
79.41585
49.18499
53.222645
47.9701
48.684288
45.012344
41.304405
58.747704
38.587563
117.94104
12.762281
40.583084
51.898388
8.719712
31.769089
51.575493
25.845798
25.05253
29.445099
35.846592
20.155296
34.248276
93.04393
60.26847
76.40802
45.8966
62.873627
43.111183
53.766655
49.547302
58.80903
63.327442
2.8610241
57.26645
13.308264
35.174393
27.461475
32.060772
14.688545
27.317165
0.8054985
31.74026
27.451406
18.104458
6.560997
10.997034
21.630733
19.578283
24.190428
29.98562
57.055367
23.63021
42.95843
39.803818
1.5608763
12.744351
23.922543
52.749916
68.99079
52.049347
12.340305
6.922663
24.63278
13.819092
13.121435
44.222404
53.929573
26.960796
69.36034
20.55656
63.474957
12.474535
7.556272
27.05866
30.319326
21.46252
53.25396
44.60248
38.376404
47.219685
38.391212
105.07735
88.8584
27.985626
58.105152
41.009167
40.54472
143.9858
98.22992
117.49382
119.869705
63.4746
55.732384
42.349113
83.38151
55.14275
84.039696
26.652042
40.367664
64.38954
69.368004
77.41585
21.371845
36.88717
56.840637
40.153625
53.656075
33.87098
61.270683
87.528336
119.43994
101.36312
201.31607
96.57448
11.641697
43.721825
43.9719
30.547113
79.99928
84.10315
32.936737
8.282133
47.318775
25.633698
83.05409
69.43562
117.46261
208.0795
152.7137
75.39531
85.523605
10.214211
1.5059476
9.663961
80.339294
1.2532442
22.373993
13.102732
26.123844
12.169928
36.63496
12.180051
4.61872
32.10809
7.4101076
48.098175
78.071625
103.964294
83.092384
49.743217
68.83634
65.37846
51.61001
40.428486
71.03609
53.41819
37.91433
69.282745
48.410442
48.12824
42.34182
40.62955
57.274403
49.342022
56.987835
87.92922
73.06143
36.568645
51.555004
31.641224
51.693737
11.881254
23.532787
57.13613
38.895218
40.804165
52.766735
49.394104
23.73078
31.202831
40.849945
49.284767
22.573347
21.257835
56.287434
40.620907
11.399263
11.457072
44.974464
43.929306
64.51677
35.208023
23.908463
9.452152
24.534752
11.516362
14.21963
18.455906
10.745962
12.0101795
56.410725
35.49665
16.663975
25.566921
3.8950076
11.861124
28.920023
24.56946
25.31595
16.96281
15.144567
16.896246
23.673512
31.053686
51.01217
42.521477
22.671667
9.768158
4.3024354
28.835949
34.296032
1.0550505
33.440376
10.815488
11.077466
116.45677
49.933113
53.82319
45.449055
51.082638
45.754444
6.924985
35.507042
25.271997
9.019712
12.989726
40.444332
50.60716
66.53874
15.116336
30.051167
32.65135
1.3109591
42.734863
11.668127
1.0055916
28.903248
36.079716
82.866295
53.39853
23.122524
48.629364
47.064598
46.225517
69.8598
43.30869
34.335335
54.799053
94.48445
60.066113
40.627663
73.61124
37.281204
48.71473
12.755038
4.101685
5.465068
12.079758
20.77417
72.92628
75.986595
82.85011
87.07118
70.19792
112.37289
71.33494
49.92939
38.476265
48.47778
38.515774
43.020855
36.490704
28.599377
49.66152
23.900463
36.322075
31.525166
26.844173
62.31605
66.783554
96.51128
67.54188
30.466396
16.59563
31.694235
49.037468
27.630295
39.329517
28.31332
28.015713
24.734867
29.57818
42.929817
12.67172
18.169628
19.671686
15.944453
53.887672
31.465557
17.69286
10.781825
19.922905
24.84659
28.626495
19.340586
30.55318
22.380621
21.822897
44.838184
42.073685
23.250328
25.14958
31.876953
26.040943
19.284428
13.56747
21.952383
13.333072
14.060565
14.734144
18.942577
27.892355
24.77889
23.593494
45.23565
50.790237
28.891724
34.948868
55.532906
15.065191
27.239697
16.014305
97.219124
12.866262
18.21184
10.963708
19.913265
14.244532
7.6863146
48.733795
25.761627
17.117825
11.953692
20.05289
23.41255
60.702282
20.457022
25.69434
51.625385
13.937586
17.94962
9.343262
79.5609
68.63958
81.862
28.555552
27.176538
7.4551516
30.852757
30.660725
22.872463
55.77169
49.45015
81.83333
46.549095
11.297388
45.24357
44.415512
37.248394
51.104744
50.409058
36.280857
17.241947
39.328835
18.826878
20.045942
21.974346
12.659149
19.3073
17.530567
0.68296075
18.389133
30.508387
17.71774
67.566345
19.130932
9.746737
50.1758
14.39079
38.745888
16.51594
10.185581
3.158966
14.319643
0.83333254
10.255653
40.66916
53.664726
32.47362
95.286156
70.81172
63.660133
61.86678
96.41271
49.40106
33.9684
30.914654
47.71701
30.554052
39.515434
88.69407
97.84926
221.35327
147.89722
164.42091
141.83292
102.07894
66.72773
55.34018
61.650337
26.67545
16.012903
33.67127
53.40938
39.428814
59.21067
85.75092
47.247414
55.71685
53.007744
16.240513
61.529907
47.79411
61.70472
78.87955
44.138313
54.987892
41.771767
70.18814
53.917267
67.65673
3.0602458
30.457443
27.02143
19.064724
21.767359
22.775549
40.682693
36.554928
19.70751
10.770861
20.305984
72.82441
57.909008
19.448038
26.768549
24.666237
22.070435
3.2012997
5.454111
25.86289
20.369371
20.046284
40.904083
6.6710434
46.409706
89.63631
11.227888
30.792141
13.653949
11.433987
38.426567
21.658712
10.741125
28.860819
15.035004
48.631172
52.761955
6.063539
15.600197
47.926548
5.820798
18.823774
30.25386
17.38245
13.693018
11.588068
83.97194
46.46287
60.70468
80.597176
52.568756
56.070545
53.28196
81.15935
66.61314
42.988304
26.888172
10.917372
14.668364
14.771243
67.32976
52.995777
71.15446
11.634861
19.118927
19.614101
73.0367
45.413177
31.492462
21.870932
38.77253
31.06688
65.883255
51.819817
48.48408
60.268444
25.554338
50.240387
90.202126
34.189205
94.68634
121.14644
144.79387
36.231323
28.357254
45.621967
53.0276
24.027617
33.0292
23.855707
7.695769
8.555924
28.715748
69.748055
46.84531
1.5749124
27.280792
53.536278
42.798626
44.623222
46.69594
68.63875
26.08054
10.516263
59.068615
60.086967
122.59737
15.37157
21.534004
140.82797
210.78458
22.793247
87.33051
79.27631
89.91621
114.477684
115.96348
151.37184
153.86862
137.54124
88.69005
91.082016
85.10506
113.00427
125.735634
138.1066
193.63062
80.9052
72.45387
89.65575
95.030594
126.16254
172.11417
165.11487
141.74005
53.778168
58.176037
26.846745
19.938175
38.406303
42.662872
44.036503
61.33988
48.387714
32.59326
12.501584
89.26457
101.60486
77.54869
41.575584
22.52657
4.058823
29.366535
20.919094
8.862009
24.21156
25.7141
70.13014
78.81758
85.941025
54.42616
83.26142
38.965153
50.951
52.151817
58.42917
58.082733
117.558395
69.09739
124.38698
109.019775
48.06634
65.763336
97.46298
78.9694
33.12288
36.446495
26.930141
59.131756
75.0048
46.33448
19.976437
41.386036
65.03622
20.232502
19.695833
43.227943
43.243664
16.306051
23.423725
41.524323
73.043175
64.892784
76.57115
71.52724
73.68326
69.61543
118.595276
84.00318
88.7444
1.0845882
9.254488
20.70959
33.922863
3.609223
22.19421
23.526922
17.300556
22.806702
58.751076
35.765488
29.056097
34.099403
28.812382
27.723942
8.076864
51.79771
24.553646
38.157417
40.87555
21.953648
8.349482
15.432178
16.166368
18.735126
13.154501
25.752277
15.388026
16.93375
20.747196
12.432003
23.740486
30.027851
19.352879
18.3913
23.32913
53.161003
49.90691
46.031815
43.514248
42.573753
15.212927
17.32988
28.323315
23.024485
15.489375
55.539867
21.629972
23.339512
18.074902
12.565271
14.556231
2.7233377
32.31992
52.23147
59.016747
12.858912
72.307304
6.928294
17.131702
0.8597441
16.99476
27.442616
36.801388
10.586814
29.519024
17.507738
7.4179826
42.024757
19.65764
56.651653
46.495018
26.966007
23.871998
55.837517
50.715023
13.791661
50.622868
15.268385
41.241882
34.849102
54.551136
57.522663
94.426155
41.003395
42.29142
26.79414
18.937197
27.452938
9.965395
41.17411
31.926605
16.961695
40.054268
85.40373
83.32045
51.139896
2.9265423
3.0365806
9.677644
69.034904
37.745117
34.28277
2.4898226
11.39225
16.380932
31.296087
12.650785
8.385951
29.123241
8.156305
38.60096
7.425912
17.5033
30.326971
12.172998
58.77776
10.243418
41.927616
41.61423
19.8558
20.676975
18.187717
29.562138
13.800186
27.449787
13.531245
17.685438
28.421808
14.552027
48.841057
18.068373
30.429758
14.885794
17.511902
14.995003
32.89675
16.835947
26.88555
15.928212
22.282764
18.370657
51.084385
37.608032
6.833487
19.04612
9.620501
0.852725
10.571429
11.630938
19.461351
37.177113
28.573706
14.929705
30.506723
24.400757
28.57807
39.72179
26.766449
11.149262
29.507832
26.451298
51.322796
62.236084
13.0066395
17.630505
51.868214
37.710796
21.27303
13.612765
35.507492
61.86723
52.573456
55.97129
60.850014
77.68782
48.41555
119.139114
62.539417
84.839905
82.36526
59.2358
82.2745
66.26124
58.53241
48.77982
85.965775
59.98412
80.077774
49.33449
47.08738
14.623876
30.780542
12.771366
33.843414
30.968496
9.655764
31.95048
82.89427
32.668484
81.82515
40.175335
96.804245
86.960526
102.85878
84.16097
141.15819
124.519936
172.12743
22.350544
45.237915
21.302525
23.911352
15.061785
17.34458
29.143805
27.096247
32.366592
36.153366
50.55174
0.86377925
4.1326637
58.260387
5.577716
12.916964
32.53373
21.247578
45.03655
8.934057
25.137972
3.9242196
12.271524
14.614748
5.7263002
25.320446
55.19099
8.726189
15.91762
27.502478
20.040882
3.1991158
4.6418276
15.909848
23.01551
16.639248
25.716593
19.115902
14.32088
21.49792
54.2862
13.837149
26.304932
1.878342
6.2603726
19.532152
22.758722
27.81564
11.640035
47.41577
8.718451
38.91029
56.32649
13.097773
10.27397
51.304665
7.3323298
10.931235
19.738583
16.60631
36.789333
38.885197
10.8181
32.86569
5.1013894
13.506681
31.048862
80.73439
86.514465
35.6048
44.447025
9.613119
15.803691
35.24593
29.943258
8.64529
32.018784
37.954525
25.617039
12.535515
8.674849
17.345673
46.654034
12.090956
1.3860852
6.3246017
5.021174
26.054691
52.91108
26.632477
6.5393076
16.991245
27.20664
49.89549
43.523304
60.01242
35.114006
66.56358
54.757294
49.74698
79.19372
58.435772
39.18083
19.97002
30.566116
4.0759087
59.002815
5.440263
20.22741
29.102055
22.958467
20.814379
20.312027
10.340529
45.843765
41.01165
49.628365
29.853207
39.297356
75.76123
27.590725
5.4027057
32.757816
44.80685
13.570317
40.32301
42.371452
27.15372
13.900291
27.399796
32.991737
8.829912
20.789883
14.016153
17.056406
10.975973
28.08143
67.47529
62.060455
35.395348
34.61946
52.07035
131.75296
112.24959
177.66577
201.49231
89.30741
80.86429
54.31553
13.872653
43.42465
23.560722
20.025494
20.74796
18.02641
24.426846
14.127266
25.100117
20.011486
36.09722
18.811443
11.978636
33.805176
13.317874
29.28059
18.491507
17.701462
46.878883
59.354523
50.02642
56.579414
53.736378
10.627041
8.608931
18.690575
9.71024
1.4702393
20.634012
48.636723
17.173658
8.850279
25.087187
33.142933
2.1006715
4.7863665
10.7226
41.41952
9.633589
15.983971
3.449009
26.736103
7.44111
12.987818
5.4631467
11.197236
51.455536
22.649096
11.002381
11.684179
25.94959
17.282236
27.380701
37.587997
13.416222
23.068874
62.14672
28.560871
63.45746
32.731335
23.490448
88.42822
40.367805
64.1781
44.4379
53.23287
50.708572
55.5477
72.4668
82.133064
84.740105
42.237225
63.28077
43.139923
84.40574
54.01521
35.203373
45.373417
156.35251
84.697556
65.02315
44.922646
6.706771
9.204687
11.6262245
78.09685
72.99658
82.34263
23.228146
9.1736965
25.650059
23.592197
43.703514
44.968616
11.5409565
47.103745
5.051742
17.776096
4.3440475
9.807997
14.904549
19.681175
16.050808
11.663063
9.950793
12.732682
28.538128
52.14739
37.68772
59.50837
51.562477
36.383453
20.450777
84.6129
62.865833
63.63677
34.227356
39.27971
55.547943
31.038616
14.697087
20.401669
4.1471596
13.208403
12.590418
0.7371272
42.520752
20.149685
48.41292
61.61798
62.81806
121.06063
155.3469
178.70705
154.66864
147.58548
150.12897
141.29022
145.16792
76.334625
15.372734
24.324427
49.55439
34.38841
35.47216
27.201008
18.460672
5.034634
56.703423
35.37515
16.002079
28.167099
8.982621
9.235338
1.948324
8.937657
35.032253
17.285809
19.12891
32.825245
53.633705
63.086952
21.008701
20.439566
13.17838
41.99154
75.238495
46.08808
35.0627
39.584236
21.639587
45.01002
49.79827
41.03985
40.49676
29.851116
21.46563
51.54666
15.491763
20.205862
9.6703615
28.767288
4.3899055
97.11026
48.95928
59.78642
49.924633
136.2696
73.201614
160.30917
80.17771
16.19181
32.533657
20.915134
20.481586
22.06159
20.687908
35.343956
14.662119
18.465172
23.248013
43.66574
31.239344
7.242476
18.553162
16.46196
22.972534
80.693954
94.34791
103.27529
77.78876
64.01469
52.74008
39.338673
55.290382
77.12263
57.23869
42.453274
46.097282
37.507755
52.69104
56.559914
37.261436
31.301315
61.90119
50.93114
50.472176
62.673687
34.678745
52.5177
1.5515568
9.776682
23.015127
7.745635
33.02077
57.16433
33.85392
50.83584
36.54287
6.652162
17.185534
17.305422
50.751663
20.898947
29.783926
26.995428
21.055613
16.274628
27.074371
14.952807
27.576721
50.89158
39.074173
30.493856
52.956482
53.723938
59.121643
58.822224
15.610896
13.325159
12.804355
11.114969
11.585719
17.326273
16.407598
8.428626
14.276428
15.709055
20.49352
26.805048
14.770961
60.31948
35.342335
75.53825
46.67576
45.995754
83.29698
40.47825
59.380257
103.56142
94.02521
5.0603085
21.219604
29.869974
66.54721
25.869167
18.791115
26.890728
25.215229
6.8883867
28.439022
47.17151
11.276682
13.424599
17.552437
12.035922
14.460882
13.919714
4.739256
6.594331
16.790382
18.971272
35.938454
18.863262
54.496437
97.171616
89.935524
57.925068
52.351387
19.456049
76.09297
50.92754
74.86701
91.00645
100.61452
60.936993
53.501892
87.082596
114.87852
97.64017
90.82337
214.16342
203.31873
78.38611
84.036964
13.74158
29.20892
29.915386
36.499527
23.643747
51.53338
10.453009
15.330193
19.131
30.421408
18.433544
56.161182
43.16614
69.13838
71.86937
77.83246
115.851746
115.07062
84.75663
58.488422
87.743515
85.22502
90.4355
84.3058
28.254633
158.639
122.95119
94.689316
87.22442
153.61661
25.507395
44.74667
15.748766
85.202156
25.15462
50.449463
28.570913
33.88018
72.12735
36.1717
26.146338
37.938946
21.736858
33.91369
7.470147
29.40359
42.162884
13.351993
72.40163
22.648956
60.213722
26.936361
25.385132
12.581166
41.919212
23.124897
10.536146
19.332293
8.713194
35.901737
30.784775
27.645605
12.08842
34.368904
58.639935
0.99588263
6.0049777
25.428898
11.401104
21.534145
16.59237
18.088257
10.951628
36.07524
33.114677
40.92532
54.25141
17.331835
0.7419832
67.16274
47.83762
36.255272
59.995995
48.54491
80.409706
62.32145
87.752
58.6768
26.8914
32.772068
32.294132
25.206783
31.867039
44.63315
15.429579
34.97805
40.01363
63.100403
19.251472
22.396952
42.279015
25.90483
26.588512
28.779263
5.784527
14.825175
0.7862043
2.7845824
46.311024
0.6486949
14.390994
6.5993896
21.408005
26.759735
32.892998
93.54466
24.497904
20.937033
19.75073
17.184954
28.537964
34.753727
41.248047
29.065449
35.044014
52.37575
52.810047
40.706882
50.81825
44.745445
54.841053
68.931366
42.63743
54.05121
14.928841
11.919372
30.253216
33.604076
16.408438
25.02556
72.172806
49.473217
45.249004
31.116724
28.572474
45.690968
35.94864
37.084267
29.467407
32.550423
32.12522
20.478184
22.145473
26.54691
27.8951
19.424177
13.64176
15.657588
38.10389
0.92168915
1.9513744
35.051907
55.07842
86.61803
9.812143
34.23707
16.970383
0.64368737
5.4124584
45.216557
4.150367
16.157694
25.04592
19.551971
20.02853
12.427322
4.8334537
7.999958
23.919003
35.255302
36.310154
20.62932
38.723755
42.00673
33.812473
60.03772
4.2353406
15.482918
107.452736
60.538982
57.098072
99.64167
67.2806
19.740093
28.826504
18.44273
0.93906295
36.314587
22.629148
27.547678
30.243382
25.658337
34.081917
23.194262
99.92396
59.488197
13.946226
27.845123
20.08878
17.721237
51.780407
42.586494
51.315178
76.86631
74.040436
69.43657
64.04953
98.106094
102.66567
83.84105
1.8456638
9.938211
14.238276
92.33769
107.660355
77.2538
114.136696
148.38863
84.509094
74.25575
66.26155
117.746864
91.93523
83.28843
122.01843
84.28062
124.10325
96.91743
95.25364
78.425064
66.884865
75.636566
68.506424
149.96623
84.948616
93.68612
90.62248
59.225697
46.223732
84.60701
20.500462
24.175533
19.235638
48.188545
37.506176
37.12102
46.646843
32.943604
56.202557
20.778782
14.287702
22.710297
44.154736
28.091705
40.106396
26.383856
27.64379
57.822895
74.99601
58.90337
58.341908
22.60477
14.815445
59.83427
42.849518
95.59666
70.88882
49.888912
15.340334
34.935757
11.602703
14.215948
14.61792
51.20711
67.468765
13.05338
135.8386
149.94359
139.77077
150.19331
107.72042
105.55332
112.32816
98.0451
10.636794
22.16496
19.204622
29.407475
20.696093
22.511616
29.109976
141.29517
61.076897
63.513885
53.01307
16.582735
68.65283
76.05577
38.449734
48.47889
19.17409
26.05659
11.196752
16.973888
36.908592
24.497055
25.41166
34.8099
47.57564
108.66897
100.266525
14.331411
21.871365
16.937206
23.956379
56.39626
25.897125
26.607447
23.05956
36.103764
25.677792
25.330362
41.161026
58.85073
65.882675
46.753105
98.17096
79.40999
122.8281
111.52267
100.657326
125.994675
124.90874
100.89536
101.79718
120.93877
92.209885
92.734085
74.333694
76.87117
79.350334
156.5104
81.4828
98.90968
127.92236
119.81914
125.22131
67.625496
74.37052
23.798735
33.37702
13.658818
16.419868
7.1126733
23.640362
20.748425
19.936596
15.322794
37.65498
41.347664
23.83954
9.325752
15.959265
22.67959
34.07804
13.148877
31.582058
43.36395
11.959132
29.534107
25.960785
25.535524
25.514957
29.556438
33.846573
24.10909
11.872915
40.76009
15.600319
27.307507
29.155716
36.53989
27.586914
33.353386
57.645863
59.836555
22.043804
17.463018
42.062283
10.7321005
74.12677
58.49478
90.400734
173.31839
141.81668
152.17538
153.88583
159.60321
4.054397
37.982033
28.611614
11.812182
17.976244
28.566517
24.95546
24.71738
23.140406
40.398735
44.52717
20.035782
29.768936
41.59704
28.08923
0.9067892
3.2380466
37.13516
35.6078
15.198756
20.306187
93.339584
120.50095
47.373356
21.30078
56.903267
15.453565
21.693747
33.309723
6.413081
12.828198
76.74638
23.568157
15.141214
66.77895
6.144728
59.848064
22.538801
37.45181
44.3209
14.679834
17.047201
28.874313
44.871323
102.35033
21.135279
9.821916
9.828347
20.211218
1.7709144
15.405754
67.70347
79.20388
25.252865
7.976948
57.2607
92.34471
20.134995
62.251118
20.883163
50.080177
19.349045
75.559044
7.7659655
24.596336
37.79648
56.931255
62.30363
106.16134
43.541153
12.390031
30.730515
41.13677
28.298035
48.448994
9.913773
24.16372
52.628307
49.206802
8.116562
41.335278
94.43862
12.662396
10.438479
52.28404
30.071234
60.9013
41.885723
38.55039
63.329082
35.357555
23.263308
30.284845
14.402161
22.301535
16.757374
61.646973
66.47407
46.896523
54.898193
44.36329
29.894745
13.449034
35.1959
124.65409
113.7479
81.64399
22.714466
45.335865
101.40498
51.52896
62.233093
39.6434
32.55733
24.863644
28.41721
114.52329
99.59386
213.6363
276.86737
40.608265
52.492725
69.31032
87.518486
167.08832
81.862656
92.84503
42.283558
47.463463
73.24519
47.187805
36.3363
81.12508
54.675922
83.00554
63.123066
60.34445
80.27446
131.39241
111.89945
131.39896
118.298645
53.0636
114.62218
21.080452
67.845116
67.52714
26.309464
19.8589
49.787354
20.027493
29.660679
84.56447
52.22521
21.717232
21.227358
20.773096
26.19252
36.193718
13.225957
23.982935
100.62657
55.484947
79.98302
58.655937
40.47697
49.20613
84.77102
100.28741
51.204712
87.38274
38.37885
43.84531
59.770924
41.730057
32.65471
74.41532
49.709328
62.583374
53.038483
39.26064
81.159744
164.60428
148.10648
171.0371
150.97116
162.55466
145.32614
80.87669
71.55769
86.49834
116.22734
294.5157
27.792984
98.73589
44.00468
12.463103
20.48148
73.26219
26.599771
36.836617
136.25627
96.19722
6.037317
28.326214
41.92847
54.47832
58.222557
10.929198
16.481684
3.72716
107.649216
45.863693
21.689116
46.61376
26.509586
32.454536
38.91423
49.417397
57.804596
29.244442
99.808075
78.898125
15.855113
68.748924
34.37976
62.501667
34.565063
72.677666
21.201511
34.364326
24.988623
35.239716
15.171489
133.81262
100.991684
56.92155
11.10536
26.055836
28.170752
32.074528
51.417
60.036156
47.879425
83.30812
59.023815
36.08439
57.17755
40.197792
37.83906
86.52582
10.27586
13.747838
11.841901
15.981395
57.56408
55.412464
91.24635
22.83369
31.762844
15.191945
8.896329
19.024944
22.024433
21.804625
31.392761
5.63661
29.090302
1.55755
36.014835
26.734737
37.690666
34.41172
35.16842
112.4099
16.20177
23.13073
18.956179
30.762089
23.691458
70.178635
49.46734
5.4261417
21.31026
18.708965
28.299225
35.102318
31.710764
19.60882
72.78682
34.10599
95.28462
47.73737
45.14639
97.53335
95.12289
107.83468
101.73341
106.40755
40.74411
78.29759
42.493916
30.258663
24.376835
45.15423
22.963802
32.00925
21.731812
14.188791
29.688213
12.150269
20.40849
23.622473
27.428425
17.915201
15.02463
7.8773527
67.93211
45.733932
74.470184
77.1287
71.147545
34.776352
35.154083
74.181076
86.598785
68.46013
62.96285
51.944084
10.1578245
17.87613
24.51106
10.862753
24.784098
41.917915
39.746586
6.710888
17.594484
5.5747123
44.545746
22.122921
26.079657
19.719625
43.002785
21.032711
61.12026
23.274826
29.775532
38.979458
39.794777
20.080679
14.82581
34.795357
29.06919
37.22481
34.91676
32.671192
24.824436
65.6502
68.70259
15.849202
24.827824
20.665678
16.335554
31.676779
12.366167
19.62878
55.58835
66.99805
88.27144
33.968925
37.1107
17.941307
28.88383
37.310364
22.617666
10.984973
31.471592
47.756107
15.478778
50.965187
39.316444
73.14041
40.0474
51.91787
53.655323
35.95762
18.376366
140.74893
124.83634
92.13802
90.29357
87.312546
93.32808
118.127464
80.553055
76.55293
1.3522762
27.655523
16.595013
6.1711626
12.899463
41.26761
63.58077
68.96701
23.872398
42.061543
56.857613
28.550537
10.463321
12.772106
23.89158
54.300903
6.2302055
17.30817
16.186138
43.810078
30.71054
31.10285
30.259222
24.6812
35.22475
20.720295
59.66519
55.54713
61.860313
60.708557
70.430435
53.374092
123.596214
27.968807
15.508848
17.863949
78.10475
40.087574
74.7836
57.75714
100.667465
94.621544
130.15628
95.22533
229.8769
170.1829
225.06143
167.28514
149.09824
151.76756
50.65841
52.240765
213.8291
172.2268
158.05106
161.51399
194.03445
206.2644
185.78314
36.81211
84.835014
68.16731
55.49592
72.80492
61.75053
116.992455
56.470753
90.803116
80.46519
101.84053
151.28474
115.34236
118.643234
73.993484
154.77666
183.92621
119.545006
127.55159
104.53642
82.55705
92.36772
98.51904
87.34174
91.7343
103.969986
112.59599
62.632965
30.827
42.67958
77.61901
77.176186
138.28206
36.742706
29.031483
32.55674
29.26745
32.61863
50.22297
64.37796
48.400032
42.334373
114.47324
118.892624
144.89465
106.63712
144.25323
134.96346
288.8274
188.46562
154.70145
111.95534
42.87841
50.046124
93.10421
45.07256
20.499058
26.510494
55.81117
46.639397
44.371838
52.096863
17.944664
50.393036
21.237162
79.52721
67.458694
50.191658
97.557304
76.75369
80.19306
62.859375
62.6426
107.38164
122.95891
136.9562
78.31164
56.624672
149.19302
166.54785
199.43896
128.65677
79.8099
64.93517
77.33368
40.407146
160.5923
113.58518
118.30469
203.38306
115.215454
88.57164
97.900665
89.07894
165.18695
162.44339
16.787586
49.981422
85.46385
86.2804
104.05507
24.117434
23.42524
48.226265
17.920895
35.900837
29.14455
40.40233
39.35675
22.103634
43.456505
48.39238
44.609627
77.30758
21.831646
6.044679
36.861824
36.420258
11.629055
81.89971
6.532141
30.536795
38.921593
20.421783
41.382454
49.759884
39.541306
56.889008
61.977104
51.690033
58.439766
113.79231
100.4552
88.70742
61.26001
53.195942
61.19129
40.313805
124.15352
35.29375
39.50262
112.82356
97.504364
84.10928
47.233166
39.744877
35.61021
52.55088
40.467514
26.854664
33.40512
32.473106
46.94426
38.521404
102.52096
154.82089
22.392368
29.205296
56.277855
95.03169
55.997826
72.657005
95.02872
35.832664
56.75755
42.184044
78.44816
32.910744
20.618029
28.09251
15.306765
6.7120423
71.89294
12.304078
39.34683
62.023212
11.4502125
78.27011
20.606112
25.26658
13.58359
38.888824
32.18444
75.25902
101.95679
42.568768
88.6611
90.49901
51.199463
38.860275
152.24171
11.678834
27.182545
31.532333
96.30742
114.5164
80.840836
23.071026
49.211414
11.811779
14.698339
61.286568
20.393316
34.559822
3.637378
21.607265
20.001585
5.0180717
56.42158
115.32328
190.43643
85.41285
91.406784
87.79437
61.552254
50.761303
54.816246
64.54222
70.70535
62.22878
61.539177
89.38457
53.535015
117.63411
93.86044
72.52753
56.330452
62.2546
47.9671
92.77484
38.33541
40.446907
42.620224
61.137177
108.40523
38.37889
43.1244
57.821587
58.975586
3.879202
85.250244
97.33007
92.52239
58.026836
35.64235
160.23528
29.75704
56.944588
50.574333
55.2536
48.436596
69.28172
155.56252
86.01014
30.736195
60.210197
119.251076
61.93043
49.98846
25.963007
42.57421
38.398064
26.31023
117.82666
69.80471
19.886665
1.6670134
2.3019714
26.206202
85.713005
128.5982
113.47539
152.42764
111.90605
4.568242
23.107063
22.99429
33.030323
118.587074
76.51112
42.701622
183.17215
53.91973
33.46106
36.63452
115.198364
93.136406
182.38225
25.566181
32.06711
32.599033
94.188286
9.94127
11.893597
39.003345
37.54722
32.55134
7.445346
92.215065
86.98827
47.4367
11.301673
171.15814
8.482864
21.664227
79.31583
65.4674
121.24602
57.7127
65.6045
63.312244
36.68101
42.05903
117.866516
91.98099
58.093178
110.69065
6.96493
19.727694
6.6257567
4.7189693
69.584885
27.418705
85.325966
30.043451
55.378887
62.371666
37.61853
55.76812
158.11226
27.3723
86.336266
51.639355
57.2635
52.99291
47.26713
75.5966
138.86108
134.60104
106.752884
27.488413
58.82818
30.798939
52.006554
72.10159
29.30076
193.89133
162.2826
121.66073
50.306213
37.00991
18.314058
135.13084
110.33673
83.89894
61.79482
101.85639
45.946404
35.375534
99.44377
98.17486
159.87878
67.85361
82.70653
27.711966
29.889446
45.101894
44.57554
45.969242
130.0757
67.9843
123.13866
152.87509
12.879587
18.942936
25.838802
73.20463
68.13591
96.96816
47.486206
74.37818
83.030655
75.38163
59.705383
104.55453
109.02045
85.77023
126.569626
94.9057
76.0764
152.53342
104.35216
195.07222
122.04714
109.34225
87.75862
79.08337
89.48236
62.66506
97.01857
178.30612
289.9936
127.201294
69.8859
149.21986
119.514915
115.068924
85.33299
100.23033
225.51228
88.0821
129.63701
108.67157
78.39977
176.53421
43.23809
67.30907
69.3667
3.9251602
60.185425
94.80176
69.3245
38.27674
174.64177
37.4523
66.50433
70.81966
88.457275
53.051014
74.53202
80.77026
23.046701
17.926874
22.014566
14.533144
28.664688
35.218784
182.07504
111.1556
28.128412
38.48246
30.438522
37.025784
50.60891
28.932535
13.659198
42.5432
5.2126155
15.5191145
0.6859668
27.062616
23.13678
18.27808
21.19915
20.32198
9.760245
22.51496
32.594185
21.891531
37.68012
41.55262
10.168101
10.00712
1.5108901
0.9802796
41.137276
10.213962
25.029268
32.77018
12.846979
23.741049
36.18604
18.953775
4.0863824
11.867258
26.422558
51.330193
9.596113
14.115732
15.912662
34.509468
6.206525
27.238407
0.8719109
26.237217
15.221522
13.441141
28.328709
14.860029
29.358002
19.037786
29.031479
20.261303
27.924261
37.769035
40.064915
21.66693
45.38375
75.06975
40.0688
38.14544
2.0546465
34.46858
38.119324
28.225712
13.61996
21.438955
78.69618
14.09948
25.937077
14.923201
26.589916
29.337498
27.617588
40.599056
37.51007
10.749624
56.310486
28.718466
64.71606
153.54018
127.26399
127.90493
117.49503
159.79407
76.051346
61.075325
45.003475
22.180492
56.046978
48.84797
83.16539
35.46808
38.21588
77.038734
90.983444
89.67329
101.83209
99.42187
98.64942
116.5306
167.3112
128.49406
108.5098
289.31598
140.20198
49.41475
163.43597
62.7112
59.539165
63.291405
174.38748
98.94054
52.485207
65.54882
52.134113
69.26778
55.55827
102.58409
52.435364
73.67195
77.591896
43.733986
39.434658
43.638485
30.552908
33.7575
98.99617
104.01558
126.20107
85.99419
105.10128
77.72305
78.68357
115.930275
21.65104
60.307617
111.77975
111.17381
19.773006
29.288702
88.767845
34.082573
49.27162
47.336685
26.089447
38.135735
25.676174
22.539839
50.440105
17.386074
3.415572
13.160255
18.398773
27.549051
40.242386
23.423555
43.129597
53.269238
43.371162
72.97335
10.345376
24.13564
53.590565
29.20314
49.30061
18.72545
64.06492
58.800453
22.566952
22.79035
12.594601
11.438466
36.75013
112.932594
118.808304
15.777626
37.39067
37.61321
38.670204
53.937836
27.444195
17.25964
31.332996
43.952633
28.623728
63.434216
110.90788
57.313972
58.245594
82.48723
133.251
90.06391
68.19985
2.281694
34.660618
37.31974
87.06864
38.302467
29.77414
24.911045
32.21113
19.04565
36.51896
27.767252
32.416775
10.557382
86.23674
72.04466
76.51703
72.9634
152.09018
75.13435
75.52879
74.95883
48.7828
29.601719
14.505567
31.650715
46.19721
82.10744
81.9099
75.17869
41.0203
44.73345
80.281525
11.233008
26.752356
27.074774
28.13595
72.90123
55.745647
98.482864
41.041874
65.25929
63.669464
64.58025
21.422218
50.876488
50.48836
28.463863
39.161755
34.33569
29.800354
26.564907
47.52111
45.019485
57.530586
34.599083
13.789688
40.361626
12.662493
30.495846
55.752583
37.57644
11.487372
47.354267
20.156607
42.252647
58.90442
145.99191
78.426346
103.481766
84.83557
76.103874
108.88927
116.6605
152.54926
49.762573
37.565254
86.03633
89.418625
91.651024
61.346413
78.579605
75.99374
162.30768
102.019806
122.53052
86.47837
43.407272
55.32184
64.17836
9.329436
54.645203
30.040365
59.853638
45.2244
69.45028
27.673306
91.54167
47.771008
31.10673
9.251436
77.86547
79.06227
11.475937
30.141865
10.7121105
25.001703
85.44612
180.16142
152.11287
131.54947
100.4749
92.51458
18.471394
38.175316
40.24989
101.61766
58.27189
3.563546
27.979544
47.460915
72.54161
221.30112
176.30203
4.794015
12.502792
33.823086
54.946373
36.495937
28.482632
40.16057
29.803955
42.07549
33.442593
18.654892
92.41335
136.35666
42.72185
56.180073
59.73243
56.34737
55.0763
37.916626
64.27102
75.41826
8.230665
10.859844
37.363655
35.821926
59.109734
50.451565
28.963348
42.618187
41.91387
30.519455
15.197476
12.473776
44.7327
36.026344
44.71883
19.73462
41.80169
19.736317
85.93789
77.929855
76.623764
78.13635
81.27971
54.75741
135.38638
73.89037
196.03476
33.013126
56.316578
79.80388
22.872593
86.31309
44.292442
51.43733
36.409203
22.338573
48.629982
12.0530405
34.873203
23.511547
16.402172
20.997345
43.827354
34.16075
11.796749
46.072563
109.04883
75.99284
6.683154
21.56601
56.52408
12.046879
23.798716
67.258026
73.75167
49.789925
46.654232
7.005233
22.4661
21.649807
29.90336
15.17657
5.876255
33.413948
21.46397
85.04901
54.22655
97.32923
80.19008
77.23425
63.48983
85.74049
22.036062
30.489141
40.34063
74.3002
10.529794
25.11955
10.870969
37.04479
12.03533
13.855868
13.701529
33.8558
22.844048
3.3467903
0.9005538
14.332191
36.32752
16.9207
30.403723
72.7092
66.376656
81.35509
44.60427
69.39539
33.78997
21.26201
26.008062
32.59173
33.837036
78.30092
96.39714
8.503953
13.643138
88.47374
81.21532
68.4715
70.337234
51.913074
109.76366
35.823097
30.071533
11.641899
46.447365
22.37562
21.134518
38.168423
48.579777
65.50482
72.79639
44.87706
15.10477
58.486732
55.79171
14.19277
33.84094
64.53914
40.80362
106.37866
66.40314
76.72771
48.55013
41.932297
33.47099
26.705547
25.692493
46.99153
49.883987
18.278032
47.0566
79.398865
41.800438
125.99691
87.50524
112.68654
121.70066
121.49782
108.14032
97.87262
113.00105
76.07509
91.11094
111.83958
137.71436
165.96742
104.79364
111.37791
101.219864
98.77983
73.37286
71.02434
104.19572
146.08232
82.85078
60.67629
118.263626
86.99737
152.67209
128.78625
164.2723
145.41905
33.692116
55.306416
29.012848
56.867714
39.24403
139.04587
68.29021
24.985025
29.905182
41.645927
43.890316
24.809736
47.863083
20.8712
43.760113
85.41029
53.53477
29.776535
17.313215
35.512215
1.3978665
54.989983
20.502266
50.41166
6.1014814
81.244385
47.716805
61.493267
31.403372
59.437153
60.79177
50.252132
33.596058
32.713535
44.807365
40.72834
40.22835
30.090723
41.675896
1.8251063
13.294917
13.876201
93.823044
97.242744
97.25872
87.72237
4.149378
73.43293
33.428432
50.58594
19.477776
44.72724
47.405346
40.569008
8.081938
32.431164
53.71825
52.229492
27.07454
42.52395
5.50389
18.006794
5.132575
6.468764
16.804111
53.754498
2.506279
32.296535
55.142895
49.77735
42.88046
76.95491
71.12697
159.16994
23.841114
29.437038
72.44322
52.126423
106.01338
78.64138
77.71395
133.78435
22.40103
74.64611
27.919891
26.626179
19.245857
59.738445
45.995213
51.340508
38.11237
61.341866
34.799934
50.818542
21.95211
16.007538
30.083477
42.562996
22.236961
27.531494
44.834675
50.497467
123.56557
12.712317
10.822276
51.395287
82.93488
20.73405
12.523958
10.261771
19.066494
39.72144
127.712875
121.18583
42.682655
18.896053
32.931023
31.269596
39.838715
13.905614
30.04779
17.419582
33.065502
62.437103
43.998238
96.26171
104.98057
54.386353
92.02294
59.652943
105.10693
94.87282
59.69454
79.43633
20.194836
11.579218
117.47506
95.141945
138.0128
165.37167
80.35467
2.501921
13.908259
37.63201
38.237724
40.986347
101.46217
20.892735
79.22225
88.75774
153.8922
94.921486
32.218636
30.895182
40.67451
26.110016
67.89419
86.25095
30.317432
35.542164
131.17691
116.51811
202.11247
184.10173
29.920086
29.203487
126.71963
133.80533
88.88591
136.84836
96.48619
116.485535
106.288536
3.8637805
109.43317
42.34241
74.2753
99.76072
203.72908
180.40085
126.6476
97.8368
95.33197
71.10907
91.33238
100.43254
122.037865
82.59929
278.22104
167.38425
212.0333
102.148186
96.73729
85.63331
99.823296
82.61057
90.964424
93.685265
177.92036
124.103745
72.383545
64.4898
77.75708
82.79694
116.05205
110.85512
133.39076
143.90005
71.45409
75.42308
82.201324
81.15591
70.69635
101.40492
73.42078
58.702873
69.90405
89.28041
68.626785
67.21215
59.441795
76.92378
84.93398
67.96699
44.364937
70.24242
17.698809
30.368979
18.920067
5.050818
36.27192
35.116714
34.300858
33.060402
36.83085
99.704056
87.32914
110.95516
166.41696
169.72908
77.67137
89.74504
86.45005
21.885685
8.342132
44.35047
82.020615
4.27394
2.991645
14.289769
82.64957
18.574127
47.049835
54.91389
11.929107
38.553066
18.614883
21.381962
154.68056
148.45236
155.01932
4.5144167
15.73573
12.613937
18.777554
13.736522
13.605166
19.315245
16.026392
28.985428
40.387924
24.261353
29.134155
20.22204
29.0935
46.203922
76.360435
112.52931
19.843359
80.63217
115.38766
87.87514
24.21438
74.91417
119.286964
58.952057
65.223495
118.37804
123.62848
80.10414
93.91173
111.63782
191.95529
104.433815
100.14556
104.46416
147.99995
93.26817
96.73125
113.47719
48.409473
66.81596
133.66641
154.19348
170.14087
210.86015
112.9704
77.75334
49.947254
27.048603
119.39038
94.08302
147.73122
119.86621
39.037254
57.929665
62.268482
67.358864
124.26717
87.69179
113.75846
100.92129
39.64391
32.72124
11.852776
21.321093
24.39976
17.27081
29.941492
43.598934
52.2694
111.75889
159.3979
99.44227
113.236305
42.16637
69.3842
82.808685
86.77325
53.528496
51.430397
100.188034
106.00917
94.353714
178.1076
173.2998
42.062172
62.066193
32.06964
29.582539
17.940113
35.811317
43.149437
31.50061
19.914824
5.3580136
28.638464
34.38657
29.262842
43.422295
33.076317
41.82517
63.691536
12.42153
31.780802
47.52073
30.054325
13.273554
64.44586
91.17145
18.252743
115.44122
101.70896
33.569546
39.338745
18.277946
60.54126
112.232666
64.83742
57.548157
21.519844
60.340374
96.23436
69.86836
30.63501
28.689707
24.383839
67.2303
59.43996
20.962324
88.49333
62.9253
102.593666
49.150707
78.636604
30.09314
85.19123
69.028915
60.610924
31.778225
102.50663
117.89412
195.4675
94.70559
41.308712
11.135836
110.71102
46.771645
28.516338
84.62425
18.542904
41.14704
48.115093
56.99525
25.39489
61.844616
75.72426
11.637232
24.558325
39.286507
75.21269
20.446165
19.527487
18.105679
38.585217
27.71431
27.802729
43.329887
58.124306
79.8209
67.15516
43.13103
42.66784
33.03369
47.22933
41.24317
47.726013
45.337402
97.19171
97.00991
76.06572
103.2605
63.94153
86.82956
78.8128
43.74242
28.204721
56.88462
60.234486
129.94115
134.86247
103.637535
108.78056
45.04431
90.413376
86.08373
36.019825
61.246716
116.69338
86.20122
66.85915
47.800835
58.9021
74.76879
39.209213
55.152668
71.65018
73.011185
81.536514
52.625603
58.453297
134.43799
77.47692
75.443375
149.10452
96.33443
79.10948
164.16287
74.57928
49.781002
12.898295
35.260277
22.624271
27.892878
46.936653
61.600994
29.752869
36.004436
34.077106
80.00219
53.28869
6.0994487
56.573414
64.824776
93.65855
27.888424
44.54836
14.860852
30.89239
38.573193
34.92823
52.912178
23.176846
13.917387
60.944984
49.039387
56.789726
125.74359
88.94742
88.35668
128.17824
102.90906
92.85462
117.27879
80.91718
104.29161
78.39557
97.11015
22.091312
22.969572
48.571636
140.89066
183.26212
227.43298
60.995934
121.795815
39.79732
5.902324
27.490192
25.271124
45.58441
23.6174
36.871433
11.3531
32.736504
32.727455
31.065289
44.8343
37.232075
25.049051
43.555954
20.676365
29.949717
50.844166
2.993707
30.991293
100.99215
82.15633
149.56635
124.7579
197.71654
62.01418
70.02617
38.08677
47.702126
88.03092
10.090459
71.34742
43.292847
31.184162
85.46023
91.27124
58.427727
9.474828
25.246363
105.29857
100.349106
90.570206
70.4098
54.14787
124.2943
145.293
189.20099
205.07317
234.06502
160.75739
94.195
94.25679
157.43234
97.34648
150.16446
118.26416
90.37156
98.58797
83.41361
14.97954
31.345987
23.682861
30.142664
18.848238
45.429478
69.608734
74.098976
53.78727
60.620354
84.371445
60.047424
18.493656
69.51148
112.805466
48.83534
38.264957
86.18894
57.371685
11.438915
26.285126
29.355633
39.10776
32.06612
39.95035
25.477825
134.02249
123.257126
168.6411
27.879059
90.21851
81.11793
56.45213
20.55331
40.074295
17.715029
53.33074
49.67152
42.60761
30.89146
13.236173
20.982418
14.9107
29.462357
41.8272
41.247925
34.09363
70.729904
55.089954
87.377975
97.627686
119.692825
29.023127
31.26027
17.714201
52.898956
38.187588
31.703
51.934277
21.013088
12.388269
37.883312
42.770863
35.068897
96.13773
117.30715
128.20352
65.96912
69.6364
64.49943
124.764244
32.428368
41.00273
36.04705
38.128246
50.96388
48.896614
46.97099
39.36409
80.68732
68.29801
37.07014
49.27131
73.19969
90.09664
76.285484
46.756313
52.27871
40.833023
114.46564
64.63909
5.9830003
39.24397
65.97374
47.185707
134.79636
81.25354
144.38043
53.370705
53.10334
103.29397
152.25072
147.02837
77.29475
67.94451
114.66343
86.73771
83.63393
86.11244
122.57805
110.07184
86.761024
78.00355
88.58451
42.923225
104.70453
49.58637
20.439001
40.928364
21.165112
84.71635
85.984665
38.74631
14.492258
8.241176
37.63544
47.37245
45.94625
53.042217
49.987446
54.029125
44.440033
73.49938
48.343147
52.52309
55.225628
63.45514
82.57816
62.06653
95.954025
56.211327
65.60268
15.378993
76.18951
25.256065
27.741299
39.04052
21.023106
30.050058
47.08413
60.027504
51.25772
168.07199
17.35999
41.730278
8.917306
21.469765
66.31526
108.048256
26.487371
28.644644
65.04405
27.614338
61.97407
64.64246
50.21476
65.77248
60.854973
51.256306
31.9044
56.679375
24.938417
27.32804
45.993095
36.34557
32.609024
45.13373
51.644543
32.928772
44.875282
34.684326
93.25942
137.57095
77.61827
71.30615
103.6793
40.404037
37.494556
30.99054
32.75689
37.43832
108.222435
48.080082
44.370583
43.611683
52.426014
36.353645
104.58926
22.613363
36.022755
40.4251
30.525126
94.85886
105.116234
95.5822
134.84009
73.76975
166.33368
145.91098
78.49049
92.51264
168.7469
171.86038
128.50958
102.52179
109.69596
19.795801
45.172646
54.82078
105.44704
134.24301
140.03957
167.00232
96.88713
134.02826
93.287
112.502075
19.625946
31.866674
28.36106
39.21505
35.90965
10.924673
3.7185707
51.473785
105.17277
112.56728
94.63005
102.12006
4.8226304
85.21733
30.402304
54.705452
75.38358
20.76237
36.420975
20.722399
15.622864
47.303604
101.06547
103.04498
48.011135
198.50453
102.11679
23.142376
22.78425
37.444073
38.264503
144.2781
13.099314
12.017388
78.93484
37.334713
76.33503
67.43163
73.52606
122.25328
123.99978
55.89878
140.61948
102.97571
104.72319
169.5619
152.18942
136.15353
99.05343
125.23314
89.185196
88.26115
93.73699
212.01212
145.85484
97.73709
59.0188
80.60999
79.65905
136.94914
111.364365
118.37804
128.00056
117.92867
134.39279
101.760735
97.49795
40.406715
19.745565
40.019405
21.402435
22.831978
50.068676
50.46458
82.605
144.30685
92.65463
81.43947
258.0405
173.46062
74.83714
45.148804
43.06679
17.483128
74.05213
42.08223
70.10131
26.532963
1.0957769
47.13481
10.682635
30.036356
45.998158
44.697613
12.162911
15.813184
43.33349
30.736683
55.3025
29.166372
96.204445
172.66888
16.128195
73.406044
94.43138
10.213069
30.641449
16.526804
53.242455
44.943233
97.63319
118.26522
58.243793
87.66682
130.88611
90.64
19.518951
64.60004
14.386149
35.82993
17.039118
54.768562
36.46044
13.929158
12.254197
13.731984
45.191902
18.889038
20.724295
30.57954
45.48043
42.501644
55.334423
58.312706
54.75644
5.581523
14.852568
10.824343
18.024069
19.792831
21.83833
65.95964
13.127919
108.896996
76.376465
127.03123
76.370995
57.039635
44.07016
100.77415
101.800186
93.152115
71.82444
63.53776
59.072502
87.72658
93.11509
74.18523
131.84753
115.561806
85.252464
121.25193
28.190104
13.213307
28.126404
17.088036
44.143757
97.18623
174.07584
97.11001
184.78867
131.33345
98.81315
88.46871
81.770004
86.13866
63.15097
44.146133
15.837732
38.135307
63.681313
48.000763
30.69336
33.349773
41.393272
70.491844
73.54915
26.851938
115.33903
104.468185
80.64418
98.4054
168.28088
86.65143
244.3115
13.351929
20.545658
27.539703
23.191921
55.46858
103.02467
88.60527
37.247276
17.210854
48.6847
31.417965
1.8487422
61.676098
13.193677
54.986977
64.65114
76.31413
46.9394
51.16461
105.52623
30.14331
24.997631
36.953835
30.862804
32.196655
51.646797
40.073418
14.890361
24.128302
49.93939
54.825115
58.050007
79.78317
71.08052
61.96206
60.70564
62.10282
26.526043
32.51463
102.35188
82.27067
46.027046
82.88874
75.044624
85.383644
69.5862
151.80353
125.767075
114.8257
116.33022
121.81468
5.479678
20.579456
10.048004
6.5838776
2.256184
6.2724276
88.20332
98.670876
91.62332
60.058876
36.110054
61.470776
24.638407
95.00312
1.0846074
7.3774085
19.945408
75.97921
49.95284
132.78165
134.04132
74.78211
113.31389
50.709923
54.743935
67.92516
39.4528
57.13391
10.713148
8.424063
90.71954
94.37343
41.326588
30.235113
31.401728
31.651596
110.31731
77.814606
79.657
136.54753
146.3948
284.41464
105.98601
80.89501
104.887405
115.65404
145.56302
113.72738
158.19052
104.39994
96.06943
139.80789
87.327354
85.23044
54.390797
97.41194
26.736094
39.880028
51.90927
83.163666
67.144516
107.24342
71.48985
87.32637
28.98283
44.249886
27.503353
14.199743
46.6314
57.50598
34.941963
15.254929
11.501392
15.260847
5.793729
29.907766
19.726357
14.969482
18.458378
24.661037
24.590916
43.418613
29.156155
28.451885
21.238514
42.671436
33.5659
34.368267
29.253757
27.34245
1.2817096
12.399285
14.658773
12.018512
0.69649994
15.240766
32.074276
48.384003
30.858913
21.907063
39.196957
38.958317
25.40369
18.821712
69.325806
57.321632
18.18892
48.607338
3.5062122
9.563655
33.76067
51.21583
98.19122
54.699512
31.551138
35.28215
20.472403
63.800488
25.311146
22.36259
32.942024
70.01644
47.4049
38.743732
13.339354
12.273409
26.944265
4.50509
14.508875
40.98882
33.66613
14.40843
21.426882
28.326712
14.505272
19.553091
22.934097
47.736763
36.042385
33.050503
52.342335
24.978231
31.98458
25.569067
5.388932
8.100449
45.20271
111.11261
79.9795
113.80989
135.95583
85.240555
103.179115
120.32294
206.56538
92.985855
77.74099
20.337729
57.59187
64.184044
39.835182
36.96033
64.401215
12.119216
12.2521305
20.77126
21.607159
2.7847278
47.83884
12.986938
30.22433
66.356186
51.66801
47.46645
12.875067
3.6055725
15.39736
115.4219
112.491455
35.5953
89.95117
81.96217
79.88543
77.983635
9.459993
27.062098
36.198914
30.12377
53.40227
69.70911
3.8154864
17.9221
59.102356
39.675743
36.541046
30.786612
59.65507
25.035236
12.203186
20.696959
4.633856
0.97094506
22.425125
51.526196
23.599176
16.171955
19.936472
23.53164
19.608398
23.84135
54.452827
31.588757
36.4401
38.238716
34.98905
37.722828
36.327034
9.533313
14.063538
0.8654609
19.403425
27.500721
2.823398
30.423376
45.184593
9.456416
23.64447
43.10247
37.964104
7.8559084
47.906933
33.305176
12.301993
27.5564
81.19893
84.37715
67.824295
33.130974
40.22965
58.579975
38.745785
43.54058
40.427704
48.20734
48.21413
44.82778
134.92603
36.795036
31.390148
46.981953
41.8091
56.10729
13.279538
33.409233
22.08537
23.416885
10.366168
16.746218
24.430813
52.187874
49.24465
48.113876
65.4362
142.33441
16.734274
12.682271
63.904022
44.23475
51.925945
45.587093
30.302576
31.05807
67.57202
57.65337
8.917582
43.90089
45.25833
28.810867
30.829706
47.97216
45.27982
64.793945
63.990273
101.1602
73.51801
78.14629
61.204185
53.58726
73.125725
40.730453
45.49019
35.549034
34.6022
43.991753
65.963036
62.38676
38.60574
38.26136
2.7277226
11.458044
39.659424
38.06203
44.997646
61.89023
43.22567
43.455982
49.722713
54.48155
52.77485
39.413265
42.849323
13.868851
4.803166
55.14373
68.82431
60.43053
76.98877
35.388443
13.994501
6.6405168
49.992123
71.14377
85.37755
13.517981
39.888256
47.747215
25.974976
35.19864
14.799573
4.9172044
63.84513
55.01347
132.67455
105.63314
92.34318
35.22746
63.35134
31.367634
26.766064
56.802845
106.8625
62.025414
137.55911
49.69024
62.466393
37.042503
33.584915
34.669758
27.646463
29.558752
23.898243
53.153526
43.839073
47.549732
75.08696
40.957993
48.23478
60.50123
102.92378
145.43341
90.43366
56.334496
72.79732
62.33847
70.87484
40.365807
27.209156
45.00093
30.191992
56.316936
104.76622
106.95884
102.311935
82.90226
117.656006
138.82515
93.32344
72.524635
114.433945
77.2108
85.92829
77.885765
95.621635
85.84701
102.393234
13.128189
14.521606
72.14811
10.803528
37.01828
18.417889
10.2535095
34.263847
38.71703
33.358685
6.77426
4.928025
7.169276
48.071163
29.968039
70.35721
29.49419
82.31883
22.75661
8.676834
44.074753
43.285206
86.46098
75.17099
38.551025
22.57574
10.717157
35.20589
21.453491
40.362072
21.168283
89.70996
24.300482
9.858721
2.957857
13.738976
23.605736
7.1560106
0.9792444
53.140205
56.407173
24.709122
34.215332
24.551306
55.763268
40.094913
44.460938
73.5558
54.87696
80.106766
45.43978
64.5504
88.393715
52.324303
62.322723
88.58642
53.675636
54.648582
105.02405
107.45066
85.63308
12.413711
10.37726
51.5771
30.545618
60.09486
49.457664
44.259064
25.84674
14.874533
36.182472
14.629209
27.04754
20.680283
13.234411
17.434278
8.331353
13.288561
15.53641
29.521835
35.676117
17.592735
18.645779
45.450733
39.197105
30.324305
46.13218
43.56063
40.84611
51.66682
66.33621
52.93117
41.146034
42.692566
43.75287
24.032797
15.802325
5.35326
1.1405963
75.18609
85.273315
83.57914
57.50698
41.010643
52.127342
114.711
87.197014
49.487953
48.67501
44.711647
36.746613
100.42889
107.28257
95.09821
58.45094
46.669426
54.100792
51.260914
18.286007
41.64132
10.930554
19.4558
23.769604
22.383398
19.971767
29.597569
22.491037
21.659603
26.16953
8.530371
70.08822
58.612213
66.70274
58.718605
96.77101
3.952414
4.9109783
3.568647
10.670792
11.063086
43.570076
48.82189
43.430496
47.826252
75.532
77.75526
54.790474
55.200157
138.44717
128.14607
83.208694
43.711914
124.75608
66.16678
100.82932
124.94263
47.581367
37.738155
28.407398
38.7406
34.4432
40.140606
33.709465
19.102156
5.3921275
16.77447
13.277588
18.626492
28.415503
27.944052
85.995895
58.77317
28.28072
39.88478
84.072266
71.12253
44.408455
62.44533
24.106358
74.0364
29.830374
17.856602
26.585928
3.8354843
26.882435
31.479885
39.200996
14.742764
20.970558
13.769834
11.644949
5.4636908
12.345442
54.48413
75.2094
64.80193
79.40869
47.66214
53.194305
40.230083
39.973488
3.9232395
23.103992
10.788764
9.233057
26.071405
29.374868
16.12965
11.35575
13.860423
1.4165922
12.422602
20.202719
10.8689785
28.020248
15.927168
21.827341
10.525328
27.358479
49.86119
54.507835
26.307331
20.78294
20.054138
47.03455
10.731887
33.592735
19.001556
24.686428
24.606564
27.446735
33.239628
53.298054
65.606155
33.172256
12.126299
32.321815
40.365265
34.950905
42.847076
39.902706
1.332269
3.3552907
6.214517
31.79086
24.021877
30.223042
11.687978
29.923489
15.605751
24.47659
62.441437
13.980214
14.865184
20.964483
3.5036519
57.389282
68.685974
71.64784
53.392254
23.41956
33.434013
14.043866
15.921211
37.247967
40.264072
40.869003
51.286224
55.506836
15.970592
25.898945
70.960815
3.9390168
23.53329
25.489048
17.841267
7.792353
71.53795
18.03593
28.858892
5.9124937
22.61474
11.604338
30.066135
44.62272
43.66564
28.580898
9.4443445
14.364542
6.6209345
24.029766
13.906423
65.04521
135.03685
164.52548
1.3539773
14.373403
14.3302555
31.464619
4.282008
58.805145
42.455006
51.05142
8.5028105
13.867244
16.210001
47.167942
35.76079
39.723
2.743939
26.394306
5.695721
12.363663
10.46998
19.035486
17.221539
34.64534
84.44336
63.077087
96.09698
27.410248
38.449654
40.60598
35.30406
48.43494
48.378468
34.301212
34.566418
44.103382
44.018215
41.36039
38.387997
53.091576
39.367546
84.48479
62.044617
66.5432
17.855022
49.468357
29.727728
14.480598
12.0599575
13.60177
17.404812
20.042759
50.95008
35.50004
65.59709
30.86792
22.79603
13.772575
64.25993
31.19925
37.250004
13.485538
2.081612
30.324707
20.925407
69.4933
49.76713
10.853748
12.503795
21.982449
45.942093
46.905907
26.797155
27.484018
35.942833
52.185753
41.281082
35.5047
38.970703
25.140099
50.71505
1.3382151
19.606945
4.2867727
12.705046
21.605995
26.84762
36.505924
20.858217
46.82013
30.481369
46.638927
33.17074
32.45296
33.05631
30.23122
96.97792
76.89016
74.98004
80.48754
77.23325
126.60343
140.90044
145.65169
132.3547
143.83948
158.87314
144.58951
134.85172
127.72142
68.68721
109.28928
93.167435
79.85575
84.794174
71.07814
68.09535
116.445206
27.84291
18.011513
39.650684
38.71167
18.952541
16.932674
19.959639
24.158077
24.708092
15.571871
15.622615
25.868862
28.47141
32.29717
26.95603
13.837362
18.52493
10.898996
41.629654
39.90952
25.563454
27.120993
43.045895
28.965185
13.670207
2.2536817
13.09154
17.589151
19.851536
20.864353
49.981354
9.16488
51.093178
9.22681
24.035908
12.361649
33.926487
59.519646
17.061256
12.35063
5.4995074
2.5323453
17.496649
20.111637
63.443256
45.84543
50.011513
11.195143
13.395325
39.260426
84.279625
10.65353
30.6409
25.296057
24.135883
26.655487
24.322039
20.800306
9.082143
17.475403
8.275009
51.7147
109.390015
118.116234
132.80325
34.877144
81.40944
60.08896
88.0475
37.774773
55.034313
77.82866
43.97451
63.474983
92.72233
46.19003
44.32607
11.745937
24.29798
13.765132
35.42693
24.315742
16.946465
34.064323
17.343693
2.8819602
29.980831
14.939923
45.408443
30.345303
33.668358
10.669649
15.674383
59.476543
37.72764
10.903259
15.662509
34.659218
13.321546
26.236877
10.994301
62.30024
57.040844
8.9169445
25.112444
4.149082
11.713549
36.72474
24.44206
1.8693396
1.6201792
6.896815
14.45356
44.3973
39.202087
37.060806
67.427444
135.70227
141.10762
131.78716
66.844
60.36186
57.89287
53.608437
66.654465
12.51694
2.546219
9.177996
32.30738
30.31568
9.0763035
31.179255
62.413555
30.098206
77.20103
18.391273
2.7109945
53.10177
4.111201
13.28363
34.838936
73.34547
14.325895
17.474974
12.660303
66.05708
29.91882
27.072805
28.213932
45.359985
59.18158
53.767254
44.84224
22.67445
8.050463
21.083347
9.416664
11.163845
8.828274
10.921648
19.860607
11.300333
45.040222
51.42638
70.92415
32.000755
41.565445
32.351303
20.912355
27.732523
123.87764
99.858734
160.99496
13.329796
21.012806
49.68653
8.173512
60.56118
46.58846
79.8383
93.60436
90.25483
95.08222
126.96098
147.31316
194.40465
103.543236
87.77147
104.847916
165.4457
88.479294
158.95665
33.67344
83.45095
99.43559
23.727924
37.00717
51.05387
6.850599
14.111689
32.935604
30.218573
25.645489
36.32937
59.355263
24.308893
51.05126
79.63473
46.5777
78.634285
87.76286
83.89555
88.65084
90.600914
63.104492
66.98186
48.240417
54.630127
19.071533
21.649874
46.005913
13.603842
14.088152
15.293747
28.538507
23.019665
31.08392
15.309891
18.976374
10.984713
6.071368
35.274124
10.286901
18.31003
33.871056
31.85785
18.223873
5.6506066
9.156916
16.489101
23.865774
37.7134
22.806759
34.54301
86.14629
29.640467
68.58363
37.22177
44.118385
58.79397
35.35042
13.69293
18.080496
11.991643
21.280067
14.372322
12.84285
25.150284
40.37587
55.921062
38.61254
28.431757
42.643448
41.70362
39.429558
62.49641
44.477974
78.70958
91.65679
58.100403
103.46742
106.78202
38.21777
49.553505
85.312325
58.615833
109.009766
122.76672
39.455402
23.227623
33.14776
22.358986
4.821689
6.8305955
37.074684
36.75512
47.262737
11.286985
34.460423
6.7722793
7.893342
9.03389
44.835846
54.54769
74.96768
21.2321
13.285051
15.293327
4.9047613
20.968494
18.20019
20.174427
11.694616
14.592784
22.748188
28.6444
26.33584
55.84719
71.67511
16.344198
31.411167
5.249426
34.91658
32.696007
24.156303
42.25579
39.90849
56.60316
40.107693
34.75765
113.2874
56.86743
50.728
69.730515
64.63869
51.7364
57.485252
38.30964
35.399666
15.095408
3.947792
25.982336
36.71702
48.009857
52.896538
17.680204
9.4809065
36.649605
23.749302
10.746442
39.79425
7.1096125
31.679928
27.346157
4.6520863
7.091623
8.369365
15.768643
42.102745
35.64159
43.248993
12.785939
22.33939
7.851255
7.42024
7.770256
30.063763
29.551968
43.537224
19.614239
12.101768
2.7765002
18.30285
10.672479
22.617277
62.74038
67.68293
71.85176
36.22516
7.7686625
17.348322
13.547304
2.9203432
17.69901
10.140917
14.405899
7.6785936
25.21529
22.686985
6.002574
12.724094
14.8534775
24.32618
11.100666
17.661833
21.821249
18.6207
17.110268
5.1518393
26.144358
54.449932
17.065138
28.22782
10.35368
22.492554
4.1351886
38.1116
13.598317
30.62406
52.74021
28.186285
69.80053
19.246548
26.124172
19.841017
3.3768432
18.670189
36.017616
4.0242395
29.247192
32.198814
15.478926
43.628838
34.054447
33.2289
58.3013
18.779104
51.304237
49.102192
45.858112
74.9161
37.43734
7.7846556
22.47065
35.373672
7.193952
10.730237
12.163402
10.977299
10.520229
12.818613
48.31016
9.625536
13.716375
30.554379
23.580902
91.89959
50.25488
105.43535
68.02039
61.223183
108.603455
16.813461
63.35499
183.34871
76.1714
85.54253
118.50746
67.24922
86.02112
87.99898
98.177666
95.5348
78.31456
36.068108
32.114532
43.100834
48.075672
19.48434
33.170723
28.835272
47.298134
35.40445
30.101273
62.839825
48.163097
48.985085
38.982597
37.758354
51.446053
17.929596
30.128704
28.712683
45.754883
31.433842
24.655853
34.143867
105.97341
84.746765
111.93605
90.44135
215.81242
169.14249
163.62431
129.58151
94.706055
97.46681
114.606
142.98036
194.76866
152.99695
190.39896
229.35214
204.59575
232.67496
110.860756
107.55745
86.49122
122.14575
135.12204
92.2432
17.281078
34.51716
51.954327
82.27716
81.17121
124.41463
111.70892
106.019165
112.25543
9.47177
10.898278
16.301266
35.40934
15.609762
45.580696
42.174805
14.940132
89.59584
5.2166023
14.132617
44.224525
77.68799
50.568645
22.442717
23.637161
47.536804
53.79829
87.24717
175.49065
69.92883
56.04725
61.736443
69.32814
50.702274
15.64751
34.300922
25.280176
14.379628
158.05556
20.466728
38.789406
25.38338
45.475395
29.743387
68.53636
41.172836
60.757027
58.715893
26.436295
35.61323
52.167988
40.264587
36.983536
11.545763
49.168503
59.474983
41.73438
32.96748
53.140575
51.188072
57.205364
17.90648
71.508606
69.27324
70.547676
93.25742
69.80747
122.63566
88.89675
162.80579
127.96997
21.36724
42.670597
41.046577
37.319588
36.695877
10.708998
10.961174
20.467453
74.9402
34.89491
35.664772
18.854465
88.95432
23.664349
88.29856
63.979034
32.848656
71.946434
15.119339
12.090042
4.6078863
20.676085
26.098114
12.933386
16.857376
43.83938
39.24209
42.29168
52.262768
50.63218
64.9221
85.19685
114.42312
87.522934
166.67616
116.577774
101.56593
6.607385
36.980064
30.613739
54.18377
17.742498
16.334866
60.0503
21.073288
11.020552
36.01985
35.003395
40.856575
33.34146
109.59642
15.895564
31.267593
44.32557
59.716194
34.950726
115.40144
115.45386
12.215333
19.815609
18.381702
77.4214
22.149652
24.229763
50.918926
10.290854
59.766075
40.45492
92.171745
10.217263
63.712334
85.99249
83.480545
112.15812
118.34248
116.02144
234.27544
156.67896
100.43833
95.23441
2.4132273
7.481295
13.083339
69.491905
26.90862
29.079824
15.047658
167.06165
145.83409
49.24681
31.491398
38.84892
25.104986
49.62511
45.80874
15.465465
64.40946
28.336771
73.682556
22.317598
19.256672
82.53495
38.365334
37.592293
59.12031
6.8125267
34.988995
50.170906
124.325516
73.90632
27.499197
30.906261
51.323444
110.21615
107.52781
44.03983
108.32052
33.49862
1.0421704
45.86098
29.436758
73.49278
33.831078
60.690987
24.851465
46.95133
52.987846
28.817486
38.318592
50.63812
66.46366
295.20776
190.00064
270.61652
177.38478
178.91048
250.69373
226.84065
194.23648
196.29338
269.86102
155.60112
175.30417
156.09262
137.26846
118.5302
99.05891
102.68778
117.70493
83.14012
102.762794
148.43681
94.20804
54.808178
7.6835985
12.590761
61.1999
7.4258437
67.21217
48.493866
57.68216
148.7637
103.87382
109.74011
77.843315
13.008451
37.885414
44.026676
10.746321
74.49165
32.86939
26.229458
85.59941
103.50515
83.01196
120.58209
83.10969
120.75083
7.006868
5.4003716
17.58602
23.667915
10.260451
85.398224
49.388428
3.8879173
3.5814042
21.90749
11.122057
35.040245
28.696558
1.3844593
14.045519
30.65207
34.87021
33.74281
45.973747
11.100844
73.0938
85.550186
4.1866546
24.871675
54.20229
18.188866
84.6867
85.74254
90.55084
58.310608
67.4571
45.58051
21.220127
40.892178
77.39968
41.470825
57.117134
44.14088
57.49468
98.49077
6.121099
49.137657
40.73921
54.07602
97.43583
34.503693
47.409008
17.835194
51.20936
22.922031
24.754707
50.810127
148.33307
191.46
192.15903
18.455517
44.03506
91.35218
66.50466
50.34651
62.212776
35.56787
28.34856
32.44829
89.16285
112.038185
108.04486
72.14815
2.5732002
21.412743
37.075108
6.5740633
12.793887
1.5343893
50.243523
56.790123
66.81447
19.809675
11.289436
20.928753
57.466084
30.118795
58.88618
76.352066
32.892956
99.67897
81.354965
99.50768
73.192856
32.86008
82.283005
116.044846
69.44195
132.72887
75.13386
74.01089
54.28286
18.587711
19.808857
98.8237
71.656296
116.08083
111.404015
107.010704
12.251753
36.045525
16.403568
57.95999
53.38394
41.813286
46.94491
34.39419
39.907993
17.20255
18.341927
36.295166
20.75301
28.971457
127.55702
97.79564
166.6608
207.28336
167.55203
151.02359
193.89255
142.37949
46.357643
149.55466
141.91672
82.590065
88.22896
100.41429
224.9253
98.77538
89.69728
229.2564
108.382095
74.15661
86.27266
164.9437
145.29391
77.75197
25.140423
27.247915
50.366425
201.7503
76.25906
71.48487
89.41897
60.828228
86.89663
78.94881
67.513
89.34334
81.524216
88.97809
84.654915
59.39994
49.029472
44.210583
15.201007
81.12154
41.76832
31.009546
81.88789
101.26416
44.923805
82.94298
108.81645
7.2048864
33.52641
35.834923
37.209064
35.901535
47.878166
21.639215
29.029959
34.142357
39.65864
57.87005
50.75254
75.11474
2.6437955
18.24721
80.34739
44.990967
20.570694
64.197586
85.97654
70.36367
87.102135
44.54899
57.68618
42.32137
63.71153
49.117073
43.078472
124.93943
24.397404
78.55086
39.835693
55.706287
50.340046
88.8356
88.16137
66.430565
66.62883
56.704884
51.302113
44.902145
19.121586
67.68842
70.444595
35.982635
82.63409
28.379673
22.569109
151.53906
252.17387
154.89459
130.76456
100.44945
31.090027
2.8196537
5.705649
74.646194
42.259872
59.57135
130.45723
79.40361
11.719307
78.45073
121.31703
83.2525
99.77522
40.610516
43.36632
39.92184
20.613512
48.372234
47.009346
53.50882
73.69669
68.90421
175.89185
11.571486
24.664623
50.337105
80.31151
172.09262
124.16478
36.021877
36.33163
32.685326
16.812984
40.407944
51.891247
76.47316
61.848103
45.11994
47.023804
48.371643
25.339083
45.43466
53.994312
31.753857
46.123405
50.40638
85.00859
41.23565
43.332954
45.470722
32.73216
40.328148
138.7165
29.755621
17.960947
41.070587
73.26354
50.83279
67.603195
72.447784
55.111076
41.787407
5.2620444
11.994815
23.942432
134.61707
129.30779
147.30724
79.095474
139.76634
169.30394
177.21524
157.8099
150.88242
153.00742
224.3439
182.99416
183.80405
121.50932
225.00058
124.29199
32.3254
104.52388
67.33071
70.66326
136.67688
121.599915
127.03725
138.57489
126.348656
83.88347
41.017143
4.80758
9.52968
17.230898
21.760807
11.088899
22.129316
15.3046055
23.786964
20.462158
42.496384
23.005367
31.77695
38.9329
14.743364
121.57925
111.60875
89.56078
102.75618
107.41335
81.38431
108.631226
93.7229
224.70633
138.9318
289.70245
134.72862
87.60671
41.14743
34.787514
28.289865
22.401619
10.729349
9.54655
47.30216
70.655045
86.924324
28.965445
51.312542
95.691025
109.24528
17.72839
21.294207
9.097349
69.82802
64.31092
102.471146
88.021965
55.759075
44.965736
39.795033
13.280911
12.193994
68.6737
54.386833
27.092999
11.057055
41.84345
2.9529164
25.461761
38.933857
37.370094
32.296635
12.544515
33.507458
2.659721
49.436287
24.16181
58.17399
34.599686
60.493397
72.814186
32.6511
29.257328
47.26893
46.252575
115.67798
81.267746
70.71425
36.37505
43.251747
42.829906
61.106342
48.27181
26.093647
41.775
27.628668
27.522793
19.282566
9.403536
9.16364
68.602104
54.21208
26.723516
24.67891
113.54641
109.97561
55.98249
38.51169
56.67768
48.987003
67.91152
76.822586
67.389755
53.313457
99.327095
57.279327
67.98392
44.20858
22.14922
40.812664
22.706736
42.28523
70.23752
35.18572
35.594555
65.548904
53.376953
41.76558
3.152536
39.675156
32.55387
27.563763
27.458328
60.995293
20.475634
19.938782
21.297554
36.139626
27.60673
13.703128
2.321441
11.276336
61.37367
44.86455
25.151653
17.24419
20.211735
26.169138
29.54913
52.90525
86.68181
96.54491
69.62525
41.233215
52.508842
61.298664
46.10155
76.46505
87.308975
108.770775
82.17378
93.085464
81.72186
91.270035
84.28073
187.96355
106.72148
68.530045
63.66755
13.893257
38.72652
59.438362
39.336403
36.68498
48.708862
39.221687
81.90346
53.678944
42.021954
13.450671
17.151546
42.12242
3.9823864
18.201656
10.775589
4.655408
6.8568296
21.689342
109.75258
89.093475
74.36195
9.613016
28.574707
19.013931
44.717075
40.612045
56.125355
28.621475
18.820599
31.00065
0.66331756
26.06506
74.17022
38.049187
5.230551
17.214415
12.720657
68.95033
46.455196
88.54229
50.828243
96.27207
71.1583
187.40498
93.518394
149.89319
14.089203
15.194099
41.32106
24.693981
21.237247
45.323044
13.86396
21.314327
14.823886
33.512943
14.95417
53.958935
27.78564
47.707737
55.725758
13.136479
15.435984
27.969416
8.333173
28.125229
18.598942
30.323298
23.960743
30.436075
32.23121
30.698196
54.113747
12.463011
34.168087
31.597942
38.882412
44.81939
55.999866
39.028416
23.55061
75.54212
65.53385
47.951916
29.136318
1.1772332
2.8738232
21.741262
18.271719
17.81766
12.649019
17.614803
17.777136
36.33792
16.055605
19.257463
21.049511
24.240574
50.737236
17.992228
54.676086
2.8262
18.043598
28.894613
13.189011
1.8215625
40.810677
50.410408
49.694202
51.2854
75.668045
9.556106
22.681355
21.597523
13.284282
17.07686
82.56609
105.74203
71.75096
82.54843
27.245127
13.25278
34.565178
75.39648
22.159407
41.692917
26.732998
34.726685
26.095093
18.804762
29.464163
58.75757
44.28097
37.37593
39.527695
60.177155
40.920414
46.43695
46.726383
40.116875
48.762005
73.04668
49.709053
65.99742
24.503048
45.699005
114.29622
129.30322
77.45174
50.294624
48.471336
63.044483
57.594368
20.000101
77.65029
31.208805
20.774914
59.812725
46.222263
40.68477
35.01018
47.21705
44.295147
51.649952
48.926727
46.766235
34.40847
43.875477
34.165703
56.657555
50.94654
40.49949
48.800922
41.68369
47.04816
124.74457
116.64811
136.70595
81.49052
90.28531
101.95533
15.586458
27.056753
46.1865
15.441401
55.63622
41.68214
30.465796
40.439037
31.02974
48.952328
34.98063
47.83428
34.658524
32.405514
59.0674
39.18301
15.037743
23.58643
24.885849
49.522797
35.588432
27.561855
22.325016
34.834255
30.631414
36.50233
14.707726
29.00382
56.600044
31.929745
16.776089
22.19365
19.066563
14.315219
28.76704
14.578705
22.745995
53.583138
21.254696
28.958221
19.069311
7.060347
23.03511
25.694693
3.5447712
20.526266
25.38737
15.074701
3.2553818
18.840185
20.689058
23.12824
14.087374
57.200813
12.849383
2.4416785
25.978907
58.32139
17.69339
5.446286
18.016932
6.6265693
10.886177
13.977997
14.168231
14.730718
59.018623
99.55884
8.221501
21.666067
5.7706056
21.429493
62.422363
8.087762
11.391277
1.4001656
37.731853
11.243335
14.621188
9.89268
24.55589
9.102289
59.313557
31.957829
71.300804
53.883106
62.550922
33.858925
47.753685
14.3914
12.449262
53.91048
3.8557384
16.686064
2.1784196
10.017175
37.692093
31.834827
15.091495
20.26846
24.525124
30.516256
61.749687
13.406573
13.127164
8.963018
14.556036
38.922264
6.713463
1.374617
17.697193
26.311167
25.639515
9.208993
9.692389
71.54675
48.158783
43.209175
41.00964
75.723366
73.73543
75.744965
92.03717
132.47585
2.6764941
7.9404855
37.160263
52.84724
37.610344
10.381429
61.111534
43.20893
78.908676
2.8438747
1.617395
9.754004
32.229626
43.512077
40.30471
21.778263
6.550766
5.331685
8.862698
14.890216
30.047924
37.423058
18.752758
36.23327
49.74629
68.82823
34.39025
30.260956
11.609998
55.25639
20.604738
33.966248
80.388885
41.842537
80.1479
48.485558
26.955647
34.093864
36.942368
1.8883917
17.999645
1.9749075
8.697512
3.4602122
32.955914
26.761942
6.430436
17.083769
19.329617
21.305754
38.48727
33.908268
34.890076
4.15878
15.0720005
1.0537425
4.043212
17.2907
8.849235
38.186348
21.374134
31.36529
7.5825577
7.529795
16.176935
19.812187
17.795982
0.62458175
12.530938
35.07577
26.041697
11.539344
41.243805
10.511791
70.758255
100.927414
15.411575
4.999758
10.33817
8.021398
26.04552
27.230877
1.2045904
6.091865
28.702612
26.902832
2.8901734
4.5410624
15.277194
7.9195533
16.923744
20.256603
10.216813
7.1771803
9.942877
20.823368
29.152857
30.982746
38.63389
16.679115
11.2582
5.0030155
15.617564
4.8816004
27.088604
37.09289
63.76179
26.630442
35.647476
36.75013
26.65765
42.79394
33.013496
34.39538
24.5702
53.158997
117.77267
111.1814
93.38393
89.68391
88.02242
87.051414
17.757847
36.479324
26.132105
10.038605
19.612211
1.821764
42.290943
21.56856
12.366829
1.8712256
12.164677
3.0678082
12.705961
12.420013
21.271103
33.93948
35.653404
2.844961
20.30953
31.531002
25.71568
1.367827
12.995008
15.42668
26.936352
25.507633
12.921422
26.951742
12.272845
23.685276
113.487045
34.55832
9.414259
18.946978
28.340399
22.831352
39.61593
20.100193
17.001816
33.409935
21.875278
28.746115
37.462463
21.883915
32.054543
19.673954
13.716756
8.27245
11.502098
13.442675
64.990204
18.184317
18.869379
29.266567
31.066412
47.00055
4.2892017
3.452439
6.3303328
27.350286
42.545277
39.77779
32.302578
19.961163
22.217289
36.802593
27.975101
20.89319
2.3147957
1.9298592
13.333435
38.94299
108.915565
