348.42145
35.59713
18.746391
208.82935
101.444984
149.80067
112.46116
57.37182
137.27274
154.05011
71.428055
104.607994
174.58905
265.59357
105.73297
111.02611
120.91836
72.505
70.997505
192.83487
127.21434
137.59293
185.87515
231.84766
212.39917
72.51098
225.10332
105.77165
106.246704
182.96451
131.54826
144.24716
127.46067
78.02309
136.67459
81.72825
108.91905
108.47969
152.97655
35.321056
3.0689902
24.38124
24.437609
85.34863
86.150986
100.79219
65.590836
124.91653
58.768707
106.496925
42.49632
54.66593
18.397003
27.256845
105.89357
19.50278
23.339167
52.137135
26.184921
33.70713
21.975216
8.899834
11.097809
16.987154
25.612951
32.347496
29.14003
47.156414
13.243327
97.41176
90.85069
86.81694
33.559032
39.25832
32.34383
31.847057
16.470074
59.49699
68.81041
61.243202
100.75542
107.988174
89.74898
31.081533
40.51626
78.951035
11.053778
58.336937
65.26512
37.86723
70.12275
57.591805
50.365376
43.382732
73.96906
87.74905
47.260754
74.3187
41.121727
27.225143
67.81474
24.441652
45.324635
28.399134
14.66792
38.302406
36.940502
151.40382
127.917465
52.722984
62.77235
37.648323
89.80385
68.312874
53.507732
92.83878
75.6469
36.879543
31.2562
79.47204
21.879663
1.8205073
41.1332
68.86945
19.992964
125.98448
94.53412
65.23514
128.51611
26.600729
104.726845
191.51196
80.173416
30.444195
36.11927
47.16907
40.823166
11.527966
10.278042
55.764183
21.991045
19.776096
8.148161
47.5121
12.056448
9.290604
40.095364
20.252537
27.65878
73.610855
14.271477
60.43385
12.788004
26.166697
25.91918
27.015762
18.2338
74.62388
70.02788
45.237972
48.586826
52.79962
27.164856
37.023693
65.11729
48.588562
72.132164
135.83269
150.55807
58.1893
53.244087
29.389978
45.77559
53.673767
187.71075
18.270226
34.094948
70.360115
58.78786
95.73981
65.53507
71.16328
68.83552
126.49221
7.6433105
69.59094
80.4996
50.275375
90.31581
23.894693
22.904339
81.334854
19.933441
157.9749
4.32635
52.495647
39.67166
22.130726
17.379639
50.15628
13.172014
22.753489
10.9981365
2.495264
54.970573
92.399155
91.35283
116.56063
90.36293
114.94485
81.78635
124.79956
77.6799
85.22436
103.14244
93.60176
112.24103
148.37009
206.83684
104.83974
104.48894
98.76289
105.37727
90.26294
90.87445
123.95817
148.12517
54.415913
69.31148
1.295559
17.966763
64.57107
26.390133
27.615162
40.800056
204.4384
107.0917
121.04325
8.294766
53.42574
24.887455
39.527397
44.63015
57.878456
26.720211
13.284329
157.26952
202.53503
171.49202
107.54928
99.21004
93.99909
98.75621
160.04181
29.998804
44.3825
17.524036
148.85854
91.06083
164.08704
123.20854
30.902126
50.95487
27.344418
41.069145
32.34494
86.175385
102.24812
45.30326
21.736015
49.85609
27.059336
59.22689
28.949207
111.97111
128.22392
122.13676
138.11343
70.83353
80.01773
56.754547
90.72035
57.032127
18.35169
12.516659
59.33726
41.932552
22.818302
20.363682
47.542545
70.55188
55.49071
126.11385
137.05331
45.482857
137.22455
82.351906
111.04651
92.54244
88.6526
70.284134
88.45305
136.76364
20.728039
25.672297
14.267569
14.881325
31.641247
46.699944
25.752186
96.72179
69.33537
85.03078
62.1244
36.85437
32.298775
75.429985
17.263935
11.445871
39.744118
41.813713
68.94136
45.075302
27.076757
65.113205
38.434425
28.49176
46.79841
60.54842
40.319878
57.119396
45.23287
47.4439
101.4301
21.461775
58.91449
36.663097
9.423882
27.341625
17.749601
30.307306
37.776253
27.285969
20.807613
22.17944
33.8977
36.419044
32.658886
15.192953
82.88459
182.33076
142.60664
166.10013
84.786385
93.29511
89.23927
85.481895
112.00551
119.51228
103.215454
186.4738
100.688675
161.56046
104.16907
99.37549
151.62234
115.63186
85.58179
105.925865
83.45956
86.08395
138.49472
200.03885
22.449842
20.051546
67.33132
58.112896
84.044495
115.810646
122.13332
98.30415
185.65001
115.714554
81.469406
88.65702
101.633835
84.607735
197.05609
147.7003
10.677021
16.79159
17.805805
19.605131
36.7427
33.91337
17.008701
32.56948
27.688684
54.91704
25.952496
33.11402
102.76353
69.5041
18.493042
71.43148
49.44067
71.07178
25.234707
36.43686
55.91986
105.51555
43.592434
43.483437
24.125004
98.510605
27.04477
17.363665
32.991844
17.070574
28.909658
33.839836
42.4728
45.04821
30.647614
15.949389
40.776993
70.782104
35.62793
43.66267
32.139122
115.80669
197.52504
176.41174
1.269901
31.157059
41.488686
28.394648
15.532761
69.14805
57.342083
62.582634
16.762184
14.104413
16.428768
44.682735
19.637808
49.91265
27.85618
49.16649
64.42824
46.575695
64.87297
57.194202
42.306976
33.796146
73.07814
34.37984
42.094685
47.323185
23.695139
59.085064
51.38327
80.41429
30.301905
64.77592
118.9931
138.3635
124.85097
108.56279
101.07887
14.908488
109.67926
83.3679
95.99254
126.80751
23.075422
12.555862
72.410736
28.240744
32.283722
204.67786
20.664948
99.15739
164.30272
193.41975
120.0847
182.96078
95.15264
100.69277
196.34991
103.14281
32.237892
11.0181875
58.917194
13.028829
52.893837
37.95968
32.528603
56.74053
55.630363
20.624502
73.20926
91.618866
31.582342
41.73255
61.405834
19.566767
48.5868
7.7051125
16.606365
62.654785
59.541786
50.989754
157.6133
33.676888
29.7061
76.630135
25.694311
58.326435
73.22178
39.372597
70.23452
47.030144
45.7938
40.27822
28.198734
15.308424
27.592793
27.882435
117.880226
46.724167
48.912582
46.609066
39.727715
51.456013
7.577857
95.391525
102.788635
107.83305
107.23161
111.54549
89.80084
74.59482
69.03401
90.99843
165.4407
122.38727
109.113464
169.97055
117.08103
120.95393
106.96562
167.02612
222.12248
114.10516
138.10762
129.30074
87.604385
88.96975
112.649216
87.76611
161.78568
10.769502
39.127357
41.54363
21.529997
61.299397
72.86201
19.246445
18.733416
31.643
80.813614
38.694576
93.97029
53.483032
10.584853
38.42823
38.671646
12.420655
44.897293
101.07564
107.78046
93.26025
82.964035
164.74948
127.02944
88.90282
171.22255
88.04977
96.27359
101.65484
94.260895
81.94103
87.74695
23.815886
38.05308
30.52618
65.270584
59.73758
30.976034
54.16343
31.777782
29.332636
59.229237
85.139206
114.90426
2.2165165
94.65353
26.447311
51.362812
20.86643
39.302666
106.24919
120.94724
11.176511
25.109844
50.62396
32.14488
114.06791
91.39256
105.19279
25.646631
39.888885
27.640844
100.014244
124.15269
122.02506
103.58535
6.3655176
41.49583
46.283104
47.934715
129.48026
45.52015
109.994385
61.360332
101.43865
68.989395
42.92172
57.676075
36.101864
42.675716
32.91758
39.358723
54.27372
4.566191
74.50423
86.85746
79.81245
37.336926
17.939007
25.205677
36.599194
93.80307
87.673836
108.40957
28.029812
3.3299413
116.00669
14.739487
24.252262
15.49637
31.245617
59.733753
84.471565
44.20098
3.0694692
4.80086
53.305603
45.96109
72.15339
77.140396
72.84722
91.4763
52.592987
49.98758
72.30658
78.92545
48.141003
54.711678
42.522175
95.10036
199.60698
7.98821
17.60992
35.40314
4.5011606
43.27667
46.076942
97.212906
114.36902
87.42576
68.33205
71.24807
110.5485
19.179646
53.13029
45.151733
45.055508
36.06359
35.45756
62.940514
44.497543
64.25905
84.16182
80.54043
26.217905
52.455902
45.77049
25.35031
71.80972
78.78357
77.18003
77.4956
55.58434
23.108646
56.500786
129.15623
61.724243
77.860985
84.66246
96.322815
35.02577
31.793268
51.3061
33.04135
33.36784
49.645638
82.97489
110.199844
85.07309
67.682816
75.76644
60.485497
87.87114
88.52782
67.04657
93.7752
28.20576
87.84126
50.88677
12.679007
22.590223
12.551207
30.85368
36.870346
20.040897
57.439716
25.143415
10.409749
27.527225
35.202568
36.58197
22.357986
49.1519
48.507668
60.694805
50.233776
117.555176
161.18158
151.20468
180.61975
137.04163
138.38663
146.8169
149.43436
159.30922
191.99487
134.02036
125.09641
123.91599
128.08186
40.615257
21.257088
21.657848
13.300934
51.354084
30.956375
75.75392
28.814178
41.65318
36.012302
39.372475
27.087765
15.0468235
18.264322
39.002716
56.710957
16.85211
40.721146
50.270775
31.595173
20.411188
8.253898
18.883413
145.3671
162.82834
39.920147
103.20007
105.5203
28.282862
47.95942
8.656938
118.01521
113.61825
36.915188
53.700726
31.189804
56.671844
45.998863
65.970856
12.908157
17.877407
26.517263
13.485288
75.23119
14.420336
30.86315
43.425163
60.171196
26.314575
98.18152
24.984932
107.81051
75.63828
51.93991
55.509483
26.442286
66.957726
107.267006
88.45469
184.26991
108.537766
126.88896
110.435165
182.02853
102.32665
107.06499
88.7052
14.889415
33.792637
30.64089
46.979404
43.455124
59.666138
128.79396
36.236122
22.844568
81.632515
27.910252
54.744316
5.1218905
42.14625
160.72063
125.200516
215.53838
257.42694
142.36269
86.88945
85.46901
96.9432
87.55178
147.08385
81.16843
82.728615
120.105286
163.23218
39.24483
129.31746
91.02486
51.735268
59.339832
81.22809
106.72316
133.72473
101.91619
234.08005
189.3572
71.988304
57.44297
1.8249023
33.898502
77.55294
48.867577
29.482183
30.24228
56.41324
54.565083
46.55499
32.42128
20.380276
50.98928
27.895609
29.437351
55.703205
5.2082367
24.063663
60.054035
46.23214
40.7846
82.34574
91.86283
79.91085
10.38889
41.228382
8.833156
17.528694
47.913734
94.13656
87.403206
151.087
42.448925
2.9052894
36.159275
18.622206
93.84944
99.97355
118.73879
106.257774
126.972916
111.62569
188.7496
124.73595
130.08849
126.21997
107.642555
112.91176
127.18852
135.38574
114.67112
229.88448
121.33346
77.61333
91.54502
26.905066
54.410717
90.472916
150.04794
160.2898
61.181892
33.208553
52.393024
32.159176
22.7742
53.99163
39.489925
30.096012
72.023544
35.06361
69.789505
59.785698
149.48347
104.40355
48.965202
23.86852
87.66621
105.76326
174.39511
132.57732
89.52479
86.60222
89.20831
95.27507
163.60583
144.25693
94.467384
104.4105
143.8214
72.66415
56.358814
98.50849
123.76383
88.3698
49.610153
59.9177
76.12097
25.203716
92.24443
69.783264
57.054974
49.793133
12.19185
29.848873
60.92824
48.16269
10.993135
35.730087
26.562963
39.96597
42.546608
37.229683
63.074657
98.78334
193.26192
98.48867
135.88649
92.17534
93.432755
83.54185
47.01415
103.99817
104.60512
65.70581
145.01537
15.420072
32.840107
34.161358
4.242063
9.309496
62.781017
10.393965
43.294807
5.8952546
74.64742
37.24463
92.762375
91.31517
7.7165856
15.816083
61.516136
29.948109
58.222706
64.53831
42.377808
41.041092
81.29942
18.018883
18.9598
12.357242
60.367107
58.722706
144.29369
11.9913435
20.225262
52.282196
64.10306
36.803696
79.78053
109.035545
119.62225
95.99477
78.592514
115.39661
70.91158
161.6108
158.99112
205.39507
144.27007
91.698685
42.447124
65.263855
72.357056
54.632763
85.93823
94.37096
78.58209
80.135666
43.689823
14.140539
21.38404
21.24633
1.1235791
24.973171
11.33397
79.28621
22.323671
29.260883
42.201744
26.024967
26.520609
35.885353
29.755472
32.46933
36.906803
79.66495
41.856323
61.367493
37.731556
64.51561
38.332275
73.00441
30.077053
37.678844
62.94262
10.377878
18.377695
30.2636
8.523887
40.389153
14.553476
42.002033
31.154804
54.57541
52.70923
80.491554
57.068657
94.13551
74.68598
73.92287
51.245758
53.398
29.289906
55.032898
52.970818
31.27106
94.14833
25.68452
45.702213
58.055267
72.58713
137.3974
101.047554
103.85887
176.40952
174.85347
242.36792
173.54134
250.20898
92.06785
79.61203
79.747055
73.22337
82.67612
83.162155
144.87291
47.325066
29.61401
41.130203
42.634384
55.956635
28.70546
71.41884
54.257713
27.187794
58.140583
20.153181
34.450756
48.447598
37.410057
52.377705
32.903973
28.647343
57.49867
21.050894
52.061928
22.46435
47.0629
36.04984
64.00985
59.679253
37.575855
83.16618
43.13431
36.099113
49.577446
123.06647
56.37146
144.77776
91.24168
57.332794
25.016521
16.837313
61.82157
59.125908
58.752113
41.625618
22.859402
30.34934
19.782537
59.531055
112.200096
95.66662
151.84885
73.66357
65.74973
86.679726
95.16539
125.114174
75.87944
71.50633
90.59706
161.0853
91.602844
73.39786
79.305626
99.558586
89.47097
62.241142
102.38198
208.26392
110.95764
204.94739
246.27654
178.78928
12.646697
86.189285
25.810986
36.818386
33.774364
28.434992
28.337475
40.68371
38.015984
51.56236
12.255749
35.907185
26.969746
33.937172
19.362593
28.021053
89.61711
48.464737
56.552296
34.39528
22.45195
39.119072
84.63536
90.206726
110.19916
140.7257
56.208534
50.833015
50.389656
42.217754
29.393337
37.08185
52.464985
20.821743
29.66477
35.18431
17.662859
32.18523
22.981915
52.57168
41.6295
26.987621
31.713114
32.526302
42.286915
13.843455
65.85529
48.817905
53.61735
56.079205
104.82997
13.298073
29.537647
21.1893
33.271584
33.34809
1.5165806
130.1513
104.74779
42.86349
89.52077
56.814465
47.687386
64.187294
42.6185
60.166687
34.74572
26.6542
59.99925
35.123077
61.82021
39.50223
18.049564
37.58989
40.66266
38.04373
57.251293
40.871487
61.385887
103.32634
110.68217
15.780518
35.724144
44.66131
48.492638
31.230122
67.95612
77.16835
117.232864
58.50603
69.424355
75.50902
34.884876
19.340284
105.76223
50.564938
28.938742
3.7287612
38.417404
30.793758
32.857292
38.349377
129.25803
62.662163
95.91344
85.03577
88.56676
134.64342
131.55365
161.04233
198.4556
199.49582
159.16887
108.87644
49.331047
26.769388
113.484375
98.78926
28.746449
25.542797
25.198788
27.41688
40.513706
47.884018
57.22761
107.900024
11.4390545
22.639893
51.144234
58.23241
62.20011
34.914936
37.905342
28.838186
35.3767
41.920635
93.685074
146.26663
119.26123
103.61155
135.36914
73.899864
29.027292
29.59875
29.667608
21.962988
42.102505
27.05889
21.51563
22.227835
37.790863
37.91181
89.219475
110.531006
82.86653
62.44477
90.74269
117.027176
120.98479
86.719955
126.74855
111.105515
97.75587
102.602745
114.80453
108.35608
90.61311
104.302895
113.41014
87.30119
88.35741
176.0953
103.80925
82.58242
77.276596
71.17543
59.336018
114.759705
72.75899
38.76543
14.777756
34.388042
30.793951
40.060883
38.09196
15.910696
37.658413
28.325237
30.008984
26.58822
23.419407
46.87136
47.036884
36.33761
10.67599
46.310974
13.874872
141.34746
62.61022
11.029871
29.134897
20.219032
36.97719
38.43728
22.4487
18.179157
42.786556
47.297924
47.352776
23.738216
18.228523
57.595318
54.15093
130.31299
126.808655
116.852036
106.3751
125.32037
97.8905
128.76273
155.54472
99.169235
129.04895
4.2892027
53.829903
63.526653
124.49062
74.48528
93.57871
107.0417
33.982765
40.878716
72.842545
73.2581
28.629324
5.1455526
35.62259
40.809193
37.990746
41.329952
17.343182
29.110916
30.55599
15.392359
23.99246
27.070621
23.634132
24.456518
54.06236
11.958871
2.0945125
15.516052
68.57056
60.878746
26.074524
39.298298
54.49598
81.42126
12.458431
61.1605
20.477108
10.7174
43.02235
4.8278723
21.66585
29.39826
36.35843
14.751375
24.280483
68.40202
25.321747
43.669624
89.16948
9.24823
72.30777
26.562084
52.19795
51.116524
16.091179
19.40958
36.11644
38.300636
105.149475
101.7575
26.673405
12.639647
24.495058
17.614552
15.830028
35.689438
48.317074
53.21343
28.326466
1.7184248
14.703227
86.49853
85.95298
39.89318
36.59004
51.11686
114.13591
95.33449
57.43844
66.9952
22.44715
94.46555
251.92996
170.48671
102.80629
101.94221
94.546005
86.77127
77.942856
54.838417
83.35003
31.579823
52.19509
31.913147
22.399464
60.21806
76.21867
50.949226
29.617596
41.950195
102.86288
78.21279
100.77582
70.466866
62.76478
71.89495
119.91585
19.581928
24.257496
82.13058
52.74527
80.48576
38.53901
6.4347506
22.471762
12.93636
37.317562
42.055832
11.5167885
25.473083
18.879862
26.6608
10.745071
31.524044
31.04607
95.251595
113.23015
70.42329
106.56061
126.92623
175.83134
114.53853
95.04398
119.03792
1.5261295
62.725487
86.216324
53.688393
36.737583
42.928474
22.327688
42.080887
50.55978
52.05581
22.348154
26.387396
58.179005
77.5992
54.919106
58.691486
60.56291
44.952415
70.34407
75.55919
75.19117
119.030785
22.146784
56.780846
106.92887
153.54788
129.36191
114.36778
25.406939
8.817269
20.185104
5.1243067
6.347499
49.06843
76.92269
46.792046
44.30916
56.849876
36.883156
99.51905
84.30812
76.558205
75.55202
135.91531
69.57007
15.367807
32.63651
14.419008
16.211918
43.70505
42.922977
71.52034
75.26871
68.63371
205.07674
25.968098
6.809991
23.096676
9.262402
22.994175
23.522022
32.98938
53.941517
73.23457
26.193554
51.68006
20.571918
34.36598
50.15408
101.82036
37.797237
63.641296
20.097973
28.364313
20.24461
25.64675
32.974953
20.113972
33.50484
27.553314
1.2041448
5.599307
32.00093
36.436012
59.911415
135.84602
92.55174
64.839615
2.8192532
5.241114
25.883785
24.237177
10.8721695
48.88061
56.88288
20.053778
2.2005243
40.108883
98.39238
21.41784
34.04941
43.82733
43.94544
17.12751
71.388794
45.120594
33.65259
61.964996
51.49369
23.856592
32.821667
14.170244
23.865871
39.94563
10.042846
22.952003
20.689041
16.8569
31.367468
46.6146
20.63079
65.550674
10.804857
33.452522
64.07489
25.932093
27.962042
46.429607
13.819284
18.365871
24.468643
39.744053
28.599417
32.72648
57.270103
51.919365
77.78205
9.477055
39.936054
18.267334
15.009842
27.054913
43.693157
126.8315
54.01081
9.869165
12.824124
8.924485
8.639906
38.17783
20.527542
50.312332
21.097122
128.51497
66.606476
125.58415
87.12714
57.556683
107.82478
84.180786
60.545208
66.8058
65.51451
83.38429
84.82418
78.59481
99.93408
88.58283
20.513433
59.68197
30.199991
27.997253
28.861923
73.28131
66.10161
27.320353
12.528028
3.7275364
60.460457
89.78807
30.53418
47.20321
62.4433
28.01768
83.65756
95.589066
90.01553
109.171616
129.13777
118.37949
73.42769
133.70518
84.74851
49.65694
28.342077
58.086388
61.54256
55.87664
24.022396
42.006115
19.514359
30.077887
34.760605
54.284264
9.74839
1.635347
24.684986
71.52583
37.542328
71.76634
11.638304
16.639942
14.21019
37.555305
35.131527
36.65414
31.652721
35.391365
53.121002
35.23664
23.944872
18.766418
17.667706
10.973397
86.25175
77.404594
67.77574
126.001305
224.53421
64.76463
104.710464
140.92453
131.26347
118.60116
79.752426
74.477425
72.11081
55.30062
10.099665
10.819382
13.72592
13.52418
34.138973
1.2573274
58.824615
61.078545
116.30801
55.83787
1.9256356
10.621178
3.2806447
3.4708087
16.990467
39.46668
37.200584
38.22637
20.015343
45.35812
22.254541
20.487337
9.43648
8.235458
24.127905
23.113394
41.54831
26.396893
114.080154
152.96204
106.520706
116.6817
107.75366
93.350136
67.5501
132.02353
204.99084
75.11426
73.12831
70.12348
67.293236
55.843803
75.97296
40.138893
44.069523
105.63401
34.74047
45.0403
98.17186
56.360863
64.06621
87.492905
72.40582
26.320827
24.399326
25.40833
20.215458
12.557238
50.239937
31.718073
21.230198
30.982693
22.871622
20.346432
61.19816
34.439377
12.185698
22.504498
13.24399
25.70346
14.4166565
43.132607
12.026821
20.21972
9.647414
28.915186
52.322655
45.888557
19.794611
46.61842
27.854244
36.44375
67.18999
30.349157
14.555316
1.6975784
18.550724
17.180576
46.87288
100.97653
24.138256
15.992933
49.50926
13.600377
52.801403
52.603325
16.77288
14.767014
28.558456
26.622822
39.620693
82.939186
71.42229
118.69533
124.11342
74.74826
173.93315
15.471022
29.523335
16.058962
27.48444
68.609795
99.28679
101.62542
96.13186
86.65926
17.975412
37.328144
67.482285
34.029724
53.10786
17.41836
101.78931
22.806805
55.146862
1.9160025
29.474588
31.500362
49.978245
14.517883
27.71824
53.072937
81.878586
35.69964
47.543823
105.78529
143.70892
73.15631
16.5657
43.77912
21.287474
23.440777
38.45799
38.11901
33.617878
55.77868
25.564632
25.748966
60.34836
94.17198
70.014786
67.19878
79.96025
42.608845
13.98013
43.159737
11.287476
16.40627
20.943445
19.210026
40.395195
30.813751
11.168938
85.069176
101.282425
101.20657
10.687472
28.183517
26.016403
19.070808
19.262447
42.782345
32.19302
21.94217
79.603905
72.04677
18.059565
59.324596
38.62652
40.378563
94.99584
201.67917
84.55129
22.353075
32.52026
67.74813
93.749214
112.099754
72.99993
67.219376
149.3234
168.70412
343.26028
217.72368
106.99597
126.227196
164.39113
103.524574
23.385149
37.952427
94.19581
92.331566
46.59778
62.86783
42.404884
107.47728
84.19424
148.40854
23.94955
2.2419348
9.175098
24.737936
35.609753
45.9159
25.949469
22.806704
23.413641
21.191399
28.102121
54.89846
83.64906
24.911303
10.9591
40.51623
23.258333
6.0604367
62.309853
28.999634
22.996378
45.825195
35.38298
60.092735
94.10564
13.554018
23.0637
32.024452
26.183044
10.073596
10.459642
54.902
57.79492
63.672558
71.07808
81.14371
23.105272
13.499072
31.185627
1.7402471
6.3992205
25.497978
40.5969
16.540432
55.88955
90.35681
10.990759
39.625755
94.81606
53.151222
39.783257
27.876043
58.17389
10.376573
63.155495
14.2652235
52.03002
111.00499
58.722557
23.75295
31.627417
56.102882
41.651176
41.068977
10.760287
30.639908
42.54854
48.917667
12.498374
29.024612
43.45203
52.03071
88.666885
52.042236
58.800545
45.502373
24.373945
71.20358
11.215265
33.71078
40.90971
24.633091
27.808691
42.92051
51.695446
24.222181
22.589794
59.267128
43.179127
107.158104
75.70615
85.08543
18.25102
32.012703
43.949146
37.11862
42.37465
41.309795
51.669403
5.6128645
93.778206
49.72881
68.72969
33.793037
27.478252
14.304678
17.049303
73.07268
41.603226
36.935867
34.391285
26.550724
50.84083
31.201557
45.606247
109.67857
156.31448
100.33327
10.302778
31.082035
14.779455
41.523537
46.88758
32.769592
72.6367
66.03715
11.938529
9.91696
23.74561
29.863718
87.057175
86.2097
125.39278
157.25424
204.52538
100.31226
94.986534
132.22731
107.96232
134.10905
83.625336
85.51494
75.89083
105.58247
125.04075
97.746025
93.85666
123.372826
85.02156
122.1971
158.28908
169.54648
153.01202
32.20964
26.316364
62.506096
5.014801
56.078003
26.571209
18.35647
78.49073
59.620506
44.33509
107.347855
6.200567
47.50452
53.11162
42.642933
37.756367
41.865253
79.53206
66.98656
40.78775
44.410667
58.497734
133.21951
125.63552
79.27488
150.37325
98.87756
134.67488
129.31247
140.05191
131.83618
192.96524
77.41915
87.33353
59.053772
108.26565
100.12285
80.0459
79.55829
87.80025
31.11404
14.299707
24.18533
106.6559
114.31736
83.26174
83.51527
102.428116
184.16188
85.17671
85.03068
93.041855
129.71118
51.913776
19.37476
43.292946
50.57848
39.897816
26.691568
17.197212
39.836864
26.68337
119.5931
106.64585
85.92866
75.139824
173.52715
113.15298
80.43685
145.69748
124.56653
156.92589
119.0012
146.75793
132.5645
131.58133
149.99823
137.26958
151.4838
63.075867
87.95827
8.204626
51.69628
40.39271
13.270004
4.4778605
108.68483
159.11435
57.846333
47.96473
42.95465
9.9553
145.34396
78.72621
123.734886
91.666306
89.720505
147.47652
106.32878
26.103333
50.126114
21.303017
13.983403
39.788334
88.45927
47.29337
33.18946
42.75057
30.884516
21.959377
64.11774
54.297752
58.84798
65.85349
37.40513
94.624725
67.73067
68.51522
18.927168
60.8981
17.017847
47.44999
51.218494
23.931902
44.25412
85.777245
73.185104
62.423584
93.75728
22.589737
75.83888
33.97033
6.202063
22.506565
15.799185
37.33509
16.166157
29.898264
31.535471
2.2198944
21.381855
36.551403
7.1250763
65.313805
37.857033
24.703892
50.40073
43.26372
7.917531
33.499928
67.97133
89.57928
114.11814
129.61276
80.10301
61.085197
160.78757
138.86694
100.20061
58.631897
71.30399
74.32451
67.85103
61.70794
68.48345
54.54012
30.671576
22.471601
11.46768
19.990143
31.588358
100.820625
93.72624
134.81479
129.61115
237.49948
208.07243
75.34148
73.815346
175.56662
172.1498
85.90713
70.269135
99.18742
90.32506
16.021296
31.711187
23.966196
143.13495
23.257153
5.9422264
31.66485
18.857204
4.2606378
23.16543
39.94583
35.73806
20.308609
44.504036
56.013954
33.60306
64.16896
5.7136836
68.55126
5.8292546
21.505184
26.51294
54.714806
66.529015
110.91475
61.38275
74.64035
39.60703
51.67472
45.010204
34.87827
83.55155
42.665413
60.620106
41.75132
62.94932
87.86355
11.325354
43.386803
90.997025
170.32355
93.45628
32.29002
117.52849
212.15918
81.540634
58.390137
85.211975
129.55623
137.93448
70.95924
105.60835
85.98549
145.06824
111.9218
108.34404
97.34412
18.47568
31.18193
56.295403
15.295522
62.95228
117.55066
78.10164
112.713905
67.80888
100.6655
75.32448
36.407917
30.700397
65.56928
50.59159
22.980576
72.45621
108.3505
77.79179
179.15105
284.4648
226.72433
90.15522
23.563442
53.443462
17.936338
33.83349
50.015747
104.903885
97.59522
19.909962
45.708622
23.778807
101.11587
99.390945
84.88815
84.44206
101.67064
115.57438
81.187515
82.79444
115.90991
4.050623
21.734634
79.33665
58.342537
62.0514
79.76102
21.036562
39.619926
21.156277
18.80479
38.733955
41.75966
27.788082
72.9571
100.858086
96.29491
45.86172
98.97306
78.090965
179.54462
74.339806
74.74736
82.6522
85.18349
84.85865
102.77315
80.826744
132.82838
114.245804
104.087814
85.776
71.804955
109.42599
122.75679
110.04285
76.166916
91.26454
106.46529
122.42265
89.94714
91.82301
170.32481
92.73652
206.0651
196.81186
226.18314
164.2761
90.255936
97.54122
105.0587
105.91453
86.83968
10.149856
136.64067
147.29848
168.06207
159.48102
161.60738
104.71659
108.08647
73.64401
88.988335
57.151924
53.39802
80.502686
99.43757
77.83036
27.429352
37.638344
45.336266
14.529043
24.526512
30.519247
43.99955
32.936714
94.17572
133.3713
130.33444
140.18123
149.46494
11.828753
36.01712
61.966034
24.818928
22.8154
32.743164
6.382314
77.69693
31.161951
55.860405
38.79496
15.062906
31.740189
22.415539
13.489275
36.8274
29.432907
44.78394
18.693615
60.637543
43.737663
119.6156
84.62261
117.3318
122.147484
108.60487
104.88595
91.22771
29.42249
76.12398
42.132088
55.53582
50.201157
43.982307
20.035883
14.125448
46.92131
77.83476
93.54883
91.23214
125.051414
36.033215
98.97896
23.13358
70.850266
60.736134
36.134186
14.140228
44.695614
29.0993
22.569946
6.985414
13.808185
71.81672
74.14051
79.74475
13.9159775
79.92225
78.60941
69.19502
49.78465
68.060814
29.493526
14.539
27.036758
62.440857
65.68186
106.74281
160.11902
23.210798
37.298576
85.46273
123.26597
154.8984
208.58865
86.214836
76.51989
96.697914
187.08974
151.12827
13.03259
14.183197
63.24894
32.033546
18.169945
31.390812
36.485714
27.935537
72.89866
13.082724
31.184992
17.354649
5.3826323
29.932484
53.510857
38.99355
11.804997
15.893257
27.334507
11.84823
21.511719
53.52431
54.426994
24.397423
43.42152
27.422363
25.785778
49.415833
14.505264
13.810079
29.759756
54.379986
57.167824
39.537437
39.630943
14.517538
47.871082
64.468094
37.070045
24.630753
17.084791
53.70045
3.8267975
40.435295
11.641741
18.338903
32.21005
14.800827
34.092842
33.037968
21.34566
20.683687
117.61415
37.147236
13.963385
76.95025
92.109085
80.215805
83.58515
50.449287
27.74796
41.039925
44.2109
62.731792
112.38161
80.210144
18.672997
32.36312
35.57657
52.43464
33.340263
18.987324
31.342102
44.558327
16.252588
28.655573
102.374886
72.05037
22.287025
47.298225
105.68584
77.72316
74.85622
55.876934
72.59138
82.32905
58.96618
57.8437
58.163353
68.26151
68.69975
122.5704
92.52548
107.605995
119.521835
160.29254
88.51337
37.277462
7.8811316
21.542295
33.659348
50.973244
82.75067
62.948982
70.55759
42.76609
52.96859
81.67895
61.306244
115.57141
165.99153
145.77525
91.60469
77.56448
65.69932
98.61293
77.02037
56.220684
88.058304
65.05361
87.8749
66.215065
102.30862
56.29209
66.96671
114.6582
72.32061
126.27156
113.49974
9.701221
35.81687
39.83075
32.15785
23.85271
75.745544
69.581566
57.591236
63.655975
42.814526
119.443565
18.763958
45.680996
20.76448
24.175213
28.30951
42.57298
71.81448
92.887
59.83138
160.70883
26.923456
57.171112
30.143143
31.301716
1.570138
43.627083
11.658148
2.6836452
37.579174
100.34013
83.371056
3.8822703
132.62956
118.688614
13.704317
36.445396
26.003561
3.524794
5.9361863
4.3597975
24.388056
45.044865
27.515528
46.688972
66.55286
103.987
63.77967
52.082466
25.327631
33.00075
26.342453
30.540752
62.749226
48.588142
24.295973
19.702011
29.974115
53.666943
65.949135
20.531479
162.5682
82.11021
79.97362
66.742386
68.94388
102.13573
42.814735
93.21677
88.55177
19.356968
24.073391
26.876734
42.842575
17.529608
55.779457
69.37554
46.441185
53.457294
86.19194
33.85277
56.174294
28.957382
39.237015
31.140507
29.07349
63.90708
21.497871
59.915516
28.563007
30.095606
22.185604
36.2324
38.922935
74.959
24.522957
111.79376
173.31467
109.69004
38.763798
119.63108
12.278488
49.632824
39.90661
42.46471
21.160763
16.831333
76.086945
58.029987
24.681187
129.2429
109.79268
128.48666
134.7589
79.06142
86.62785
8.822825
7.4849153
22.715763
81.469604
87.89242
112.55536
82.400375
37.18454
33.880642
21.971483
36.185963
45.321655
44.121437
26.94595
37.72298
56.56858
62.216217
53.010475
45.50368
102.357414
89.208694
80.55995
63.430103
56.390392
116.46974
91.37914
121.96484
88.75564
78.38971
161.15543
20.08131
30.197632
37.72451
28.64571
174.92282
202.02345
125.93169
71.740456
82.12575
118.911575
67.63652
96.08013
102.604614
105.46179
124.8206
143.61577
104.775856
132.98643
114.14325
13.749682
17.13349
89.95055
110.56834
89.34929
98.548874
111.89284
35.30555
63.943207
71.22906
77.85387
32.113064
51.073845
77.69695
87.353096
77.871544
71.40611
84.24862
98.335556
97.86183
107.59015
23.681896
147.77077
96.939
92.424095
99.807495
143.51118
161.43698
194.05762
156.15675
146.57793
78.837074
81.42269
87.66985
30.524364
81.80452
27.522755
28.822529
26.42455
42.48036
43.29372
33.2744
30.274136
58.920765
60.01583
30.887705
43.360043
150.06412
26.786282
18.289808
58.7848
26.072735
51.656456
60.02604
54.63645
70.40132
66.82893
54.901894
33.58458
104.647415
112.903305
89.275406
104.08635
69.98421
94.38821
78.65856
66.60892
105.164474
83.65317
11.969586
89.83794
83.514786
15.446643
19.923231
31.618383
28.801258
19.093832
37.55744
56.44271
6.980596
36.21395
1.4632772
58.29795
96.0873
72.57677
115.8688
115.1848
126.09944
79.70645
100.920395
87.40949
127.61815
168.88704
257.56403
12.014448
20.03006
35.359417
96.048416
50.361916
54.505962
38.598778
69.3198
24.453674
71.33344
19.93826
114.66951
1.2398527
38.995483
13.05732
20.509659
51.86378
42.12628
104.290344
130.22108
121.73991
21.411398
61.40622
4.947644
90.43602
22.73239
50.157005
116.18965
88.74309
98.149826
118.244484
20.91941
35.264412
77.77337
41.337055
55.049957
65.21034
60.368305
70.67728
95.084496
95.21642
126.82814
90.0344
152.1409
126.23814
107.487816
40.340763
97.98171
64.47737
70.830605
60.530678
55.04638
58.021545
38.94071
41.49307
69.133934
52.3985
69.78371
53.364655
69.5687
58.015217
66.20776
72.60109
53.622112
17.702965
18.175417
15.678042
39.167286
13.904544
12.875354
15.897748
36.97123
89.791176
97.04456
95.341415
97.58415
99.303314
93.12497
43.86199
66.410995
53.415882
44.316803
68.91172
54.65973
48.52024
42.167973
3.5411785
6.121068
17.243332
20.13567
27.845272
22.340136
19.745907
11.914156
4.7802553
27.975925
29.980524
31.904957
41.35566
31.425653
39.354847
104.06386
16.494356
14.790621
106.51756
105.27714
4.0543513
14.680272
0.7405662
17.049038
23.257523
13.467316
22.702198
52.087395
40.967476
65.1064
74.64558
50.072933
49.33121
47.268463
32.943687
86.21858
87.881195
76.91292
88.381615
81.272545
60.475456
63.734596
152.74771
88.06248
76.196304
89.20611
72.93951
81.43309
56.586567
49.70986
60.08383
40.920807
37.239006
49.373295
14.544665
51.103615
71.52946
41.220345
8.376673
53.47339
11.142599
20.897959
31.229847
14.028669
30.035385
26.827066
20.097858
24.04569
31.799768
29.332697
19.594109
52.5836
33.666496
26.42344
55.687023
30.909336
42.968292
18.902874
6.115407
19.14652
36.619797
20.431171
19.047573
43.925938
105.599594
60.63498
51.74989
7.128104
11.237326
36.599434
38.92523
58.46067
43.96417
48.449314
34.53353
36.471535
77.70382
84.684006
74.78867
97.210526
81.24656
86.8741
89.81019
80.36733
71.6208
86.848595
81.83889
76.957146
82.76418
76.113976
108.13822
74.73122
18.95126
34.959118
21.549358
23.899187
12.931303
45.78123
56.464027
46.69256
58.82179
37.97296
56.227833
33.750538
42.4766
54.59187
31.331635
25.812687
47.738026
55.49367
78.37516
13.481127
3.4212742
33.466503
56.67448
4.5613127
4.5945125
29.972393
46.1288
42.883224
32.896618
58.023853
35.82583
8.885067
18.544422
32.20829
22.29243
65.31325
35.121628
47.38814
54.33175
128.23715
25.767517
18.04292
41.403015
14.835279
10.810431
14.951601
34.82006
44.349094
26.485546
35.655014
60.856823
49.117054
38.663307
47.967625
54.049793
54.723785
48.04814
42.602715
51.256508
37.345108
59.872154
127.389015
70.61971
67.459885
49.251072
65.35897
87.70485
66.2872
85.82368
20.381659
22.65176
12.667355
6.795012
37.543713
91.77687
83.43591
27.606709
12.560016
40.86094
20.132513
22.333397
74.162895
147.69592
66.80147
101.2051
44.181873
47.152336
25.35378
50.423286
40.191612
65.847885
65.154526
24.797962
29.050186
20.987906
28.773731
39.78014
20.895954
22.924313
20.144924
21.641796
14.342819
8.177965
7.5886374
45.80668
3.2346272
28.530792
34.301414
31.467022
14.805041
63.372856
12.677371
18.89944
8.425349
17.254648
34.84783
35.876873
28.02251
37.689125
27.647009
16.600103
4.267413
32.639008
23.77121
36.56845
55.778248
8.37179
25.323977
29.812206
16.778198
24.284353
17.094456
22.83367
12.299008
53.140736
17.921947
19.337717
34.442814
13.341681
21.740473
26.51199
53.42686
136.72458
43.38704
43.1273
8.959284
15.020719
17.980038
42.975697
39.079216
28.087809
9.743551
20.759613
50.0796
55.257526
52.712482
15.436632
22.751123
3.5378938
16.154993
35.128754
80.74224
27.421047
18.33124
26.55277
31.668934
22.24348
11.849828
19.303997
17.868982
43.023926
65.08943
54.98778
74.322525
43.92029
54.488678
42.13855
39.49672
59.569214
35.76333
37.860893
38.459175
31.427069
60.364685
74.23354
22.014385
14.876277
58.180805
41.385445
35.101326
47.156948
34.54068
23.743813
8.810483
10.369354
41.0198
25.595173
46.972603
56.669025
33.663815
46.991005
32.41351
40.551037
46.989494
39.283356
37.607037
92.54823
75.57705
90.51731
90.82904
114.47679
125.539856
25.964512
23.300148
51.809956
2.4564347
33.06881
32.536907
17.467335
37.85393
12.61632
37.24323
44.950058
34.726463
40.014355
45.05152
6.8988686
45.83662
72.6392
126.10124
121.8401
136.8934
163.31981
72.525955
109.849304
106.390396
84.852585
64.914566
80.96503
103.54826
111.10294
90.64975
20.404476
44.43067
0.8503996
21.497196
22.352816
13.158434
9.9082775
41.942924
32.628105
37.815956
31.04216
34.67414
86.40295
75.84896
38.78905
10.158796
16.22367
3.9971306
4.3579245
5.275209
15.6346035
31.248495
25.880512
17.27267
29.733967
57.310036
79.55855
78.68941
77.57518
52.886425
67.42656
15.686304
15.922747
19.878347
51.66593
35.208065
134.12254
114.286766
47.10205
41.376396
33.800304
30.399607
23.465773
47.718422
47.13813
20.278183
17.575497
12.680171
11.053376
9.935453
13.737308
46.41787
104.03396
74.374916
64.30748
45.43684
48.23599
40.76341
20.36957
22.358488
35.702934
24.166746
15.856514
3.5558212
5.755008
9.483423
18.092411
44.301254
21.471762
5.100919
13.171344
14.362665
14.020925
24.113607
29.74433
12.42717
37.56267
22.318531
32.40165
53.23873
21.182583
20.630684
12.357637
46.43165
36.40929
90.03213
80.32056
55.77112
73.02375
136.06143
73.31867
25.31351
13.660123
15.610992
33.98473
35.532322
15.873793
14.538182
20.258488
33.587975
39.96943
25.925
32.28716
17.903877
13.630467
28.51442
34.393017
19.35794
42.361534
10.682016
42.47157
14.056589
31.880472
62.09156
18.548084
23.998869
0.8634526
10.323348
35.457085
16.069012
25.777365
40.938526
28.488607
19.02975
21.209543
22.138046
11.230036
48.14871
41.703693
88.20439
71.997475
53.623238
23.654675
48.18113
19.42679
23.754333
28.135096
25.28606
35.398994
35.99244
26.60036
47.01725
6.3845334
14.61999
39.24952
26.608814
18.161983
15.025678
26.97074
28.06828
22.176659
28.774067
40.858692
57.22868
25.29293
38.700165
34.724224
54.113667
19.987986
52.29591
33.635864
24.695724
34.579475
3.434702
6.383633
10.911177
19.25417
23.1974
12.120282
4.406216
1.5835006
52.148113
41.24612
26.040756
12.651646
56.827843
41.321938
92.9402
100.98435
82.49788
2.6425128
54.96134
50.21798
41.19322
44.16859
63.913414
44.47551
39.64672
23.905434
28.037014
40.466667
22.888233
14.187502
21.09438
31.173359
59.167
14.531484
6.468936
32.826233
32.226463
12.615994
57.194386
12.100962
21.970997
55.127296
39.37249
43.192604
19.945305
2.6216874
0.77093756
12.099188
27.638693
20.838438
41.17823
10.553024
3.6371913
14.948999
3.6326413
8.99587
35.35538
19.864468
42.26838
19.541578
6.876033
35.04346
38.443745
11.777388
13.607491
17.96518
23.149977
67.46598
38.37991
3.1779933
10.201411
40.77214
43.26026
50.309772
35.78791
33.30741
42.31112
26.670029
4.852063
11.662994
25.845892
17.35655
17.081358
1.5218279
6.834317
4.974171
6.5607004
5.595688
22.957617
19.683056
17.682465
3.1151576
15.363218
18.317049
41.10959
37.078682
21.935627
35.784264
73.40987
69.4142
71.30945
67.392006
68.233055
84.3701
130.20554
157.90488
151.86853
91.51427
125.20248
83.47308
121.94267
35.45762
41.342773
13.088057
16.77195
22.881805
29.763142
15.366989
4.8007703
42.4636
47.622322
8.803003
34.37463
66.62223
68.315216
30.64451
10.749477
37.793808
55.23861
4.9003615
12.39307
21.866407
51.712463
26.180603
44.795692
37.24373
79.897705
13.399447
15.297127
20.857971
38.963863
53.079784
78.75069
97.490074
55.0454
16.75583
59.979717
10.861369
18.775034
8.660803
21.28176
42.975395
27.064844
22.162167
1.3705739
6.301012
14.875206
38.416718
47.74106
81.685684
83.68935
132.60265
71.559525
35.626324
41.800343
43.449757
46.374935
54.313213
40.38864
60.497753
39.81543
61.205402
70.166985
47.459675
47.601738
72.85006
121.624344
71.3634
26.261835
17.175577
18.471342
14.916075
21.585476
8.66419
53.39157
38.203506
58.20112
34.490883
26.115942
36.391716
28.794418
2.6769307
2.616105
6.4163933
2.9854088
11.442569
22.105724
14.516729
20.397585
14.304248
12.210577
10.218786
22.253553
41.377365
35.969093
35.007298
4.4302244
24.099356
32.242867
35.28967
14.667456
37.042744
20.204762
6.923932
12.903826
5.227396
6.528815
4.743705
5.4085655
23.59276
73.18238
35.416065
43.192604
35.727337
17.52726
28.438284
25.878296
93.92673
88.58172
86.45978
80.747826
12.906754
18.294134
12.833696
11.424252
14.188957
13.047917
30.623346
18.900377
29.796469
46.84197
12.0823965
25.695969
29.076614
52.129547
37.475636
32.88833
41.64069
49.89128
45.146095
31.220646
99.2062
96.96254
44.371334
47.733593
22.289196
14.731558
64.003746
16.649488
21.117355
49.2867
23.252329
4.545525
22.792059
11.299083
33.250572
4.977786
9.820196
10.256916
29.078083
36.545914
21.27782
18.728552
18.122906
23.415253
12.657358
38.991833
24.953135
28.930767
25.064272
25.310083
12.264632
29.163528
55.57122
31.182867
13.79464
28.556372
16.17059
24.13578
26.005713
16.184551
28.096582
17.615232
14.095388
0.68632644
21.40313
51.97398
3.4563549
17.585567
9.280178
6.6461935
0.6831886
4.132585
15.177866
45.947548
25.0949
47.618423
42.30946
72.61892
15.0368395
10.861588
7.7209764
5.199042
31.07467
2.589422
4.967761
27.427673
30.425869
1.1986063
12.665178
13.895831
22.15285
44.768604
9.734643
40.23136
40.851734
30.084097
104.444824
16.4634
4.6258793
20.470737
20.766022
27.835855
51.211555
28.45145
12.426901
43.9376
76.613365
32.03837
22.38018
5.431642
10.708189
7.247658
29.681866
17.44357
6.2841883
21.740162
22.782263
27.275202
17.240429
21.82887
30.981531
23.61884
13.92419
24.077192
4.3308554
4.7688904
41.890152
26.944824
48.912663
26.635778
38.76758
16.419727
36.70333
28.495504
13.34538
21.538212
24.547573
52.48466
35.43663
28.493526
42.271324
73.08198
114.48012
66.814514
16.998016
19.746504
0.7734993
19.308863
16.018831
16.952324
18.529816
32.369232
20.678776
12.210791
27.79242
35.56029
120.4315
85.717575
74.99999
9.077139
31.249533
27.411758
43.054966
3.4938717
7.954811
25.558672
13.093702
44.20318
49.114037
27.55401
23.891071
32.070667
30.446732
32.998737
67.8125
79.474945
61.97419
68.69433
67.25922
68.26909
20.807432
27.345144
38.40755
9.236039
18.782093
23.546776
16.899258
34.50374
24.449203
30.23704
32.980633
39.625275
32.64908
3.7090473
8.416611
3.4988797
80.19243
19.971895
35.852093
29.202265
64.81254
43.9182
49.731255
49.62873
30.238155
36.668594
26.079325
26.080175
36.90093
41.061222
45.448715
24.296368
11.653795
77.66636
13.849864
16.337757
33.80624
54.447926
15.267937
28.100672
14.046948
24.317467
16.100079
42.582172
9.902481
13.458733
18.973755
25.854502
44.444847
126.21275
37.696815
9.822883
31.302418
43.845222
82.59712
80.97002
39.232185
47.010532
57.3414
68.22516
62.937935
79.41462
59.029053
119.39774
40.656914
62.530876
36.624275
50.07751
34.97724
41.156723
26.058939
22.994055
32.32271
26.33812
8.854295
13.801386
23.576237
32.24276
26.832077
6.8028555
10.578418
5.0644174
21.512018
17.9709
34.63584
9.413861
28.605734
18.775702
7.780902
26.310246
40.966408
36.24076
65.518585
68.760574
56.554176
21.913464
55.175068
14.515108
39.633583
49.320988
45.04429
9.736493
46.666656
41.036297
18.514448
13.872775
31.119442
6.4171515
33.418964
56.05545
36.679943
40.17518
25.98733
28.18249
38.633648
30.425425
27.755096
38.13975
51.948235
31.621876
46.326374
75.8452
22.411297
21.555172
22.127308
22.309856
6.4210715
93.42816
55.05308
36.694622
42.283916
30.939236
32.0939
48.889233
11.457735
11.761457
36.99012
8.037134
61.545025
41.989063
81.95373
38.47954
22.433506
5.308862
12.786817
36.23889
43.52722
1.221884
24.096498
4.835798
25.152924
91.8383
113.423035
105.54292
96.772766
100.56482
114.94553
113.89374
14.906978
9.885593
55.467346
8.821871
11.908511
23.691721
19.568401
18.84467
9.567551
28.739115
23.048275
1.8133032
65.93871
43.39375
10.530759
43.281017
58.15426
61.476402
7.8124886
7.5924873
18.137259
9.093385
9.243757
17.618137
59.66377
10.9032
46.416576
18.741123
103.26174
42.084602
35.04322
37.92188
65.05735
51.41629
12.40313
38.13614
18.730404
17.296453
36.009968
59.54847
6.19789
4.2284594
81.29651
54.36039
73.28387
47.276802
43.06376
41.44283
83.53507
93.38897
87.76906
87.7773
99.70391
82.14332
93.290215
80.07399
37.945477
31.902561
36.711
50.239647
69.798965
105.41018
119.07326
120.16713
94.35528
7.7098436
33.39155
18.815292
31.059906
9.256013
55.67581
42.434975
84.870384
55.85387
47.2358
69.17933
84.91059
60.868507
73.893906
45.83653
41.779186
61.717445
59.749947
74.68504
74.92214
81.74332
134.7592
89.14546
98.997665
101.864944
95.94806
106.823
6.9068575
27.41532
9.170694
18.703672
4.662631
19.8367
26.868954
25.877827
24.434566
10.177755
21.342731
29.35168
17.076153
8.525961
9.783503
2.8542733
4.504532
1.4677141
2.7998154
12.058502
4.3771124
16.524231
34.485283
95.87097
81.4412
91.94756
105.9532
39.20366
22.433933
36.249992
23.589231
47.19448
54.328133
105.40873
84.69829
58.743492
10.7966
40.138405
64.337845
101.836105
140.07657
101.9196
142.46687
147.48344
156.08588
41.084145
13.813484
44.60584
31.657282
49.76966
35.937584
19.970287
0.85738355
12.786894
48.98167
12.633383
12.940227
6.2650557
24.155754
28.372284
10.636511
19.302998
28.250607
17.816462
6.3370223
14.502298
22.6418
4.8160086
11.260469
28.42062
28.517035
22.982037
47.502357
38.482006
26.397182
21.21864
39.02073
33.768105
20.211708
72.62083
36.749184
68.05551
55.115425
57.053112
42.25115
5.720793
12.716332
26.248531
31.059607
35.794212
44.466576
48.507378
44.74435
9.138033
28.827402
28.279163
9.071772
6.3754706
37.215702
27.95553
2.690643
10.107337
22.967617
6.2494383
38.11277
55.0743
21.11258
14.165586
12.753059
25.589035
46.867363
10.77577
58.84662
63.38085
45.77101
17.537346
16.97511
9.121377
20.689434
22.570147
70.420074
31.905008
19.292309
19.095617
22.308695
51.3651
124.039406
109.42672
118.751755
64.79833
79.2551
36.622402
52.709675
73.6072
57.819805
74.672775
73.299576
52.65446
30.501627
26.697271
10.910947
13.3551235
15.862175
14.612529
17.59957
26.694416
68.65301
49.655087
43.079872
14.699512
13.155741
44.633686
124.29614
33.250164
12.540066
9.497146
3.0605886
12.388174
17.367718
17.093842
17.567904
5.22447
17.489422
38.930206
11.577303
26.733389
25.064816
8.282482
18.672184
14.219948
15.074819
9.778849
18.227821
25.087002
17.807186
54.500153
12.858377
33.0046
23.75501
70.59142
80.05976
47.95333
87.59713
87.831924
52.28438
41.50776
104.45565
11.154848
14.452795
27.839651
42.352665
32.94028
59.810833
78.86234
63.546776
58.062145
110.02254
14.241206
34.96682
52.31411
35.102062
18.913385
13.15262
26.528107
29.834024
86.2123
48.739967
109.60305
64.497116
105.9531
33.6169
24.877783
29.581476
29.441107
44.16863
67.35087
29.779205
14.336711
3.0460656
21.415436
50.34812
3.9627838
19.599125
10.625351
29.475842
5.717427
3.3281944
5.773389
17.321236
10.657449
56.25585
27.298193
24.766424
22.295513
36.241856
13.242277
18.94285
51.95171
70.48906
42.234184
34.950558
28.657139
20.018524
20.063892
19.698706
10.6350355
13.211456
20.299389
41.164757
40.227276
36.985962
6.6266646
29.645899
71.93515
73.3748
78.7422
22.331678
23.818794
12.566622
10.98234
12.292086
6.30682
33.784523
46.018486
19.86771
57.485115
46.25706
42.389797
33.28628
32.016212
53.461945
54.011055
40.815056
33.20704
61.015064
17.251057
12.628284
21.479504
32.64863
22.648567
18.050695
5.330329
2.9659183
31.797352
27.450113
38.436974
24.866302
13.8504715
10.395296
18.774332
3.6132164
21.822659
10.410867
4.5306563
1.5120806
13.162436
28.144444
43.932384
16.678507
29.973703
22.390873
5.608095
27.045202
14.581363
12.0940275
0.8466117
42.045345
34.961494
6.891464
7.785792
19.853662
34.101074
25.787994
38.00671
7.155961
13.82959
32.818745
10.296701
5.5462046
22.06316
15.402898
3.4481978
17.670786
34.056286
74.52674
72.6107
67.19179
56.48017
63.851124
52.530952
101.37849
96.230034
64.72282
5.7945127
6.1116514
13.125796
10.717764
10.76228
20.043724
10.891842
1.8420265
9.675894
19.796589
15.153417
31.189938
29.00379
19.684658
24.78482
33.086205
14.929301
11.066439
13.4319515
13.557493
26.79508
21.629074
34.56759
30.850643
26.963552
8.941772
2.7320728
47.166607
25.989828
21.467957
21.899288
19.807444
15.7626705
4.166415
15.141588
1.0804172
31.721745
11.977363
9.800155
13.598795
19.18606
34.01109
35.20064
39.763386
37.68129
28.450512
19.416706
29.64885
28.986248
15.713857
9.908217
15.349078
20.38414
4.2645183
2.50377
21.470318
25.957987
16.16954
17.324549
54.11614
32.38244
76.75143
3.2161613
5.5635767
13.600824
30.348358
27.698492
15.849449
23.17834
33.923573
72.21542
123.58569
49.611828
19.531345
10.93287
10.104885
33.775097
3.4602215
12.988957
35.824883
50.80756
24.265259
31.022232
11.871066
9.304251
10.541948
11.782846
3.7880852
21.314245
19.985392
45.669704
29.975025
55.16198
24.709967
23.640306
25.950644
27.113827
14.628586
13.606029
25.791515
11.071983
30.528076
27.725128
27.359991
19.482393
14.278231
41.48946
28.198013
29.978256
11.108481
30.812637
26.31371
121.14101
84.79768
7.095651
25.956808
13.666928
16.473822
9.678049
3.1373644
14.934978
37.47164
11.959822
11.934787
23.441397
23.324936
27.569653
38.336746
38.85712
30.17749
57.644676
53.336304
13.879415
11.313614
5.918334
3.666165
58.814922
57.946968
46.260525
81.283325
81.40914
72.49149
82.995224
103.47245
68.02053
72.23914
69.524475
92.99646
76.597855
73.28228
61.936363
70.98923
78.88971
68.04231
70.76133
63.933178
64.09034
61.42472
61.315685
11.95199
24.067106
4.892701
14.499975
18.395634
4.2236185
29.342138
41.018394
21.731524
59.627125
40.817696
16.324673
37.09956
14.054726
7.0315104
5.8281956
22.133945
28.124838
49.27948
5.5595994
26.554895
20.766693
27.383978
12.105356
16.032835
79.18409
27.964441
14.630331
23.615847
11.269787
28.5806
10.406069
11.827386
13.844408
42.58335
68.64607
106.74568
69.313446
95.115776
45.270355
69.89263
33.77176
32.406845
7.9399924
24.802114
25.55365
20.701685
8.97468
1.0849186
18.528948
18.274803
27.755875
43.629322
9.7808695
17.664825
23.843567
12.040623
41.255165
28.433008
33.353695
30.544506
27.992575
8.432547
21.800396
30.192184
26.894083
35.591686
8.240572
15.319527
47.37038
39.537277
10.01714
8.784786
10.236147
12.272027
8.428434
17.726557
34.519436
20.131433
14.794897
26.67893
32.552483
11.949421
26.674885
6.7982244
5.98801
60.491463
30.139194
44.959587
142.7613
105.29653
85.49437
90.374954
32.85777
8.5543165
22.639553
32.828846
36.292324
25.063253
41.32554
122.08988
109.26109
1.4116919
31.68604
42.024487
46.14585
241.35995
141.53746
91.26637
150.74927
56.00777
29.106003
24.944992
25.994425
30.157597
16.052258
13.044179
7.526965
50.110996
44.69059
46.917458
41.683697
36.33707
38.371227
34.640743
40.56324
9.099928
3.5463834
43.24467
36.361824
18.67397
113.423706
15.785095
47.223938
12.459508
11.207106
41.650963
12.068102
109.320786
84.24619
30.168015
7.66483
27.802618
78.99562
15.647275
21.561031
21.550278
15.908277
29.699219
15.0973
17.321924
15.893019
43.065666
81.50706
52.195656
0.97251445
13.474253
15.38755
42.17634
28.016373
33.57099
2.967792
21.503412
34.27256
35.61518
53.70702
48.271317
20.576366
17.389471
30.711578
28.78569
11.826571
22.399866
21.029987
40.27949
34.033344
21.090849
10.954634
13.456032
19.15613
91.3072
31.8653
15.124669
10.771219
39.861458
10.7191925
12.618956
51.051723
5.138444
0.9975522
12.879868
20.750774
23.29562
58.19851
18.631334
45.139275
49.333424
27.180988
35.127216
114.87067
87.30923
45.901127
121.77871
116.99751
3.1249352
22.826107
24.577429
61.404053
22.995224
52.221203
41.688755
34.701077
23.196045
14.845248
27.847626
27.70049
136.44714
108.47311
86.02628
100.584946
72.29079
113.09416
68.9285
68.20272
90.90847
48.68954
55.844444
66.39563
18.86736
38.260963
38.279762
40.2884
22.497751
65.86335
23.725986
0.78105354
17.212898
24.180096
90.82005
49.089413
46.297356
46.351
47.116776
75.91352
49.9763
39.45049
75.39218
50.93516
8.099309
27.700953
10.755446
11.584934
16.249746
18.897066
94.92945
53.65925
109.83601
48.25827
74.16756
81.18258
79.00264
61.661034
50.694923
18.582378
9.433063
29.92283
27.24318
54.7643
42.143456
20.474325
26.469076
12.470404
37.44747
15.33639
75.6389
75.4146
15.074649
37.724525
23.350298
7.9231157
15.021362
15.456123
9.043145
19.709728
25.211044
12.998642
35.57911
9.169347
36.723537
27.44556
10.643927
6.574093
7.233477
24.691135
44.168602
27.059261
28.118423
20.730515
35.155945
10.860687
28.864628
29.43548
22.042944
2.8755732
46.433567
43.609158
5.882777
17.21783
38.841545
54.998528
52.81362
16.748323
13.865768
14.62666
30.285639
22.359016
6.6125793
54.033062
14.695856
10.290125
6.752139
43.544743
11.86101
17.76922
4.873395
13.584602
26.24379
0.93063414
11.891881
4.6233015
8.964579
38.84268
15.866777
27.618353
13.016391
28.631927
35.141426
5.184119
32.658398
21.013992
16.983393
13.238408
53.069263
37.389835
41.0969
20.239454
56.73078
72.37782
40.065254
27.413092
32.281185
149.60593
82.300514
30.694996
5.1943483
23.589495
7.0282316
9.042237
5.291672
5.11243
41.596405
52.094566
43.0355
52.08315
54.28012
47.75295
10.971273
19.796198
47.783966
12.443499
26.955866
39.89441
19.962505
30.321789
14.969664
13.422058
9.483886
21.281322
18.876562
29.623001
11.107281
13.034146
1.0167747
14.544134
11.141119
7.2077255
39.014866
6.915288
4.4452114
13.157099
12.405372
25.439207
22.653429
27.263443
18.84299
38.75197
22.86715
22.866077
17.12659
16.43278
66.06503
38.924446
50.621544
47.123005
88.704346
43.492226
73.587135
29.709925
8.706709
21.942434
6.3407655
16.264458
23.251076
13.839561
22.070414
82.69095
119.07957
34.45765
50.74629
48.981316
13.670191
28.123703
7.0359154
24.394968
75.839584
82.079414
58.08794
48.93195
53.33712
45.001575
39.934338
57.365135
36.748882
39.56629
30.569813
55.530113
66.78501
59.218903
63.048286
56.407036
79.4327
56.627724
28.266178
18.978611
6.7128434
5.225831
9.184247
25.177202
61.10323
2.7058349
24.985664
12.409845
2.7995
20.674997
22.16575
57.353657
17.300663
19.184093
23.366405
88.50969
33.527905
39.54386
39.078133
55.99314
60.158913
83.18422
79.84367
18.493862
5.0548754
16.663843
38.055458
37.553215
41.313835
46.078873
42.738853
42.88989
76.46196
110.27342
62.56145
49.01403
30.526978
10.980155
37.878983
21.434465
43.184917
61.056145
57.562553
10.52177
25.298786
99.78579
93.504074
10.690201
26.60784
26.154957
28.871494
31.045624
14.974905
23.280197
18.587107
28.040058
21.37681
22.881256
13.173823
28.621479
20.503717
63.717907
75.65669
46.889225
40.7173
42.48493
62.409626
16.291262
7.8242593
78.67934
52.270985
37.110584
54.405205
10.861214
20.07472
27.084478
12.835948
14.75016
19.331844
36.9891
36.97565
41.002525
19.037548
41.454468
36.164448
4.156739
6.0575533
14.324686
14.945966
28.591564
20.829159
17.232615
19.452557
24.534492
10.902452
8.085961
38.509995
42.41722
24.344818
18.411613
27.193369
33.181965
16.596054
29.85346
35.84187
27.759869
54.844276
23.87898
3.6488729
12.890103
27.974024
18.586689
18.720806
12.002941
26.267704
5.8955884
26.33259
21.247005
44.102703
10.559225
31.309097
26.420816
25.276054
12.328584
21.821241
38.11402
22.113272
48.771713
9.783847
31.82249
19.0969
22.869907
2.9129047
20.054642
11.688665
14.203262
21.888754
37.78315
26.326315
6.611216
24.330042
98.03518
62.647545
46.24418
57.13384
113.99361
47.02872
37.59062
48.95239
34.2356
73.964035
32.599106
20.858711
7.954248
3.1184993
14.529327
20.652004
70.7097
36.968914
10.783413
27.342876
1.040406
12.444023
29.902187
34.923763
59.623543
7.4568977
4.868067
11.251018
73.10924
60.788776
11.493496
23.906218
23.23177
16.446451
29.344778
6.141793
4.08352
14.483313
23.36119
38.228706
42.85782
40.3904
44.64566
6.1989374
58.63457
51.344227
32.419132
6.1618185
36.92769
34.557938
18.289333
14.904439
26.952652
15.976214
16.489595
47.83686
25.886148
42.45144
27.272388
20.140303
45.895958
23.388462
26.259327
26.69657
56.306335
20.030994
23.600782
22.310066
42.411095
78.310265
67.33524
37.989155
60.731117
41.106373
14.06635
13.710711
32.525513
66.64717
6.4481773
30.618826
14.001656
22.138617
0.75966156
12.876887
43.366734
11.247704
32.646347
1.1630604
6.7407618
18.334705
41.346703
12.223416
25.025791
36.610462
12.907511
21.88029
79.52432
14.731134
18.70187
71.63063
68.55734
13.356104
34.927948
6.234944
6.817195
5.981336
12.516881
4.367073
33.484097
16.308983
13.193268
34.23925
22.734161
22.352901
46.11389
11.665859
24.376514
11.559835
14.87363
21.33254
25.007353
25.768848
17.712782
0.82978237
10.056123
60.905006
12.4509
11.326581
27.488388
43.317703
50.784737
37.544395
18.59808
33.17316
8.971825
36.3979
52.59684
48.933228
17.405231
48.84003
45.61443
46.218346
42.681847
45.2427
88.22825
119.67875
82.98792
92.02171
192.68765
155.52971
133.14136
117.21278
128.4598
115.95155
122.24577
48.12661
58.63076
45.285744
41.44427
36.749577
43.475456
52.42919
42.26718
55.184784
57.542053
46.210945
36.29819
48.803535
11.706893
14.145062
34.39834
20.256508
47.890343
35.633743
11.629969
56.176582
65.14817
42.71691
6.971757
21.11118
32.93424
4.1737146
14.700247
9.817606
21.968252
53.819084
63.14164
53.074135
40.909855
4.8168845
20.12315
58.69712
5.131377
11.030129
26.40633
24.900482
28.376453
8.601915
23.112087
25.099863
22.77524
24.168179
21.121305
20.422436
55.76405
34.128548
28.137121
16.973543
97.035416
102.970474
96.49066
100.65942
46.27541
34.61687
23.652569
16.331682
13.405714
23.26596
20.452614
39.372734
25.261143
26.928183
18.038008
22.441584
108.55412
62.95153
62.63404
65.748566
53.571503
62.656944
67.39122
34.34494
41.923985
61.222656
24.197348
18.198574
40.31574
47.78246
45.01676
51.455944
40.38282
73.30023
68.51133
39.485023
47.41221
64.04502
74.80848
62.525826
108.432556
71.702515
121.35195
63.275707
62.22749
67.81999
59.78291
52.485497
21.074284
41.332214
34.997406
46.723785
31.403784
28.161465
1.3099387
18.377508
49.08543
38.517025
37.230385
37.297047
27.913813
36.052605
13.131952
12.226372
24.423897
14.5297575
25.815796
16.102259
15.216062
8.737012
15.383875
20.89794
42.198235
22.530155
35.607635
13.410978
9.483937
18.90559
20.765688
1.269881
22.536861
15.368792
23.068024
25.7542
54.560688
37.337452
149.88754
90.28505
93.895645
92.37318
93.71354
10.259233
39.693596
124.852005
17.34924
68.1877
15.142375
22.44168
25.24348
32.013084
54.629913
30.2828
24.117273
40.208466
33.79609
40.35401
27.407309
52.431953
52.707104
39.963497
70.80056
66.778984
37.682373
47.579063
59.800255
4.7348166
20.067114
17.677546
17.55461
11.776109
23.626389
15.457751
26.931828
18.148794
16.823874
31.453274
39.46383
45.91164
36.3037
49.749393
32.033867
50.814236
37.537006
50.256886
93.24899
78.45926
110.18569
82.15979
98.87433
92.608826
99.181725
104.357666
100.331726
60.396046
45.827232
36.354736
6.0110765
34.981853
36.150925
36.530773
106.24208
76.701775
68.28113
38.389503
14.139404
22.06481
47.553745
70.33699
15.25733
41.28718
33.168118
21.312065
41.322533
60.963
73.06596
72.82541
73.55865
102.7113
53.869392
28.294025
20.049728
45.37172
24.590094
24.640232
27.873352
22.72977
10.7489195
15.230185
26.846151
28.492031
22.242409
24.675535
54.933876
56.69408
44.100857
10.766156
23.634954
45.18781
131.30655
13.628856
25.210012
71.08828
26.043003
20.007305
15.105944
10.414807
29.37326
20.931404
54.633904
29.00147
30.431604
84.479515
78.69612
91.89353
62.32145
79.27948
64.31678
71.462875
97.68522
40.925083
29.865839
37.77983
81.50868
107.94759
44.266953
63.705544
76.67265
82.15621
27.419312
17.181301
9.781463
70.43948
69.137024
18.515413
27.038876
13.610773
44.929695
40.381294
1.3846408
41.93627
38.36328
51.07554
28.31307
52.83022
17.66637
18.82009
16.375172
44.752647
23.506985
18.395405
18.69272
22.404987
12.462
45.84768
14.294739
13.066359
21.070988
117.12459
97.2203
86.57763
81.43801
69.251
83.57393
68.633446
67.91536
67.97594
62.367188
6.52825
13.628268
21.08554
7.0284767
13.940061
46.49011
35.772045
68.552505
75.72117
100.109436
13.2050705
22.704634
10.022462
3.897609
20.074253
9.598918
42.375366
12.738401
6.464175
1.0771096
12.065615
20.153944
21.819006
4.5929403
19.082806
26.515558
25.991344
22.926025
4.537414
14.859434
19.09434
74.49716
8.384001
29.317287
11.205469
29.263107
13.888496
32.7839
40.99529
21.82732
31.462353
26.08839
25.814352
31.999897
33.593525
9.553078
42.28376
21.911716
22.043545
6.8694754
34.422745
56.482147
35.795444
17.364126
25.13132
0.99803114
20.5919
28.146572
0.8661763
8.901141
3.4262357
9.002077
5.277893
8.496264
23.472113
19.786884
10.0208025
33.543663
17.574017
25.164486
16.23313
45.299614
55.523884
40.960228
62.999626
61.249977
51.167576
29.960663
21.99263
16.963877
46.11584
34.834858
66.289925
22.045012
20.939457
6.242752
10.227398
10.770065
22.228582
23.177029
9.9159155
12.890826
12.8259735
21.164068
24.656033
67.4559
39.35297
41.78959
45.43808
116.22125
53.25757
48.479786
62.736042
40.733437
36.056126
49.168045
57.67987
11.820081
29.289013
20.624462
30.251032
22.435156
11.286498
11.050423
10.890655
41.045612
31.071339
32.155724
85.575356
114.35106
4.256611
30.97742
41.374813
45.050545
50.179043
40.497986
55.233856
40.448524
81.18096
21.689648
24.327183
24.013432
31.10821
18.625065
9.098486
13.822682
15.131569
43.39579
6.0202503
57.557526
54.486237
20.369081
20.97503
21.239248
19.357855
22.508722
25.430262
41.93624
41.96227
35.877144
15.943207
35.761566
22.30697
30.500103
31.730663
75.67137
31.782751
45.725018
121.86735
43.817657
50.615852
77.9875
57.84199
29.354853
13.78681
9.249079
18.758026
12.53011
14.3073225
35.94063
23.51028
50.625595
54.642143
122.77478
119.29137
79.42915
71.134224
85.040245
70.494225
80.47874
79.70267
72.90442
81.19564
75.70225
77.34413
69.387726
73.10469
76.94623
85.74794
80.272095
67.06794
75.137215
79.38773
90.17952
80.74959
129.65549
112.54275
72.03642
106.25757
124.7375
101.42168
80.538315
92.238144
106.12583
77.49255
86.95604
104.28813
72.835556
73.50948
80.16661
69.56536
77.60427
72.589226
6.7388105
23.071577
18.011795
37.886856
49.47666
38.825417
71.525406
66.26132
41.505535
56.322582
12.867241
73.49864
17.53059
21.042912
33.43138
19.98455
11.766519
24.47928
16.048124
6.648805
41.616844
19.556211
46.13952
25.30593
38.533394
19.050364
87.07728
9.420368
19.548544
66.39229
23.2575
45.622833
11.034727
23.765875
36.881294
22.652506
13.475873
10.769333
16.212173
8.84874
13.25141
19.208595
38.252045
65.36629
56.09556
36.295723
16.837006
26.046085
22.527966
2.76401
33.44494
47.33961
18.631483
12.511269
41.67199
45.68632
35.147484
17.14822
13.8376875
25.132814
31.466282
29.41282
30.943995
33.905968
11.777221
17.626945
18.04314
29.514462
12.260458
6.161599
17.424442
12.3194475
26.775497
12.292059
1.0330197
8.673563
24.83765
0.92971104
2.1504517
3.7992122
12.148176
38.916798
13.46301
44.15287
28.783773
12.30652
28.339172
15.118045
33.185028
102.49381
25.105482
22.495523
41.892128
60.21177
30.543137
18.746517
19.86902
26.685953
39.277477
57.19823
56.1444
115.84788
132.82536
137.7166
126.881546
79.41936
81.056656
44.736877
16.076893
11.5332155
32.838505
38.90999
62.632668
47.3407
30.18812
90.87684
86.11565
86.55
65.15835
74.40378
90.741035
85.77725
123.16669
137.8538
54.224266
48.733322
110.07015
85.331726
80.03433
82.953125
82.22509
86.711655
66.73638
39.017464
1.1248822
37.96943
30.013098
25.516857
13.180426
34.64842
20.95044
33.65558
4.561747
22.573284
14.430722
54.530952
44.272552
31.26332
16.788227
8.914305
36.095028
2.6296034
12.096473
20.028154
14.431387
13.266737
3.9646633
14.663275
44.76986
20.302624
19.554585
30.829401
12.288098
16.489708
8.235651
38.49324
41.53728
43.486214
22.204386
12.341085
22.187534
47.392666
96.15411
36.367992
35.652496
25.894444
56.81527
57.297607
91.870255
73.90459
62.12275
63.124672
65.667915
56.164326
33.502125
27.608929
61.522667
43.36877
46.094563
66.30477
50.746365
41.273052
47.79151
34.858273
69.195816
64.781715
87.2235
56.145336
52.45342
56.65017
36.758457
63.900063
23.030886
3.1442144
28.75683
21.795252
3.7972927
14.370982
58.772484
53.980858
60.285664
62.82331
61.986046
64.68779
104.537766
75.94965
36.04597
24.374443
20.834515
19.142916
9.90748
24.285877
15.430994
17.896814
19.11418
22.589714
14.574446
13.844727
20.143997
25.74203
28.659048
22.584639
50.763027
59.109367
37.252125
48.980324
13.444484
44.158802
51.643444
84.10356
38.79892
38.168343
57.19181
39.122936
38.827866
25.174349
17.610659
13.064891
23.921772
41.474022
32.55886
34.61441
67.1487
9.574671
9.391324
5.127556
58.305717
13.87013
25.500696
35.61889
10.349513
15.558505
5.492526
35.896046
27.341137
77.29815
105.22473
97.41954
86.52275
106.57414
79.80733
99.59593
26.653858
46.491486
67.64332
17.922672
4.4264255
8.094996
40.86396
39.391476
52.347393
45.339134
3.3807952
16.196175
29.996105
18.168598
38.944874
96.976456
62.493633
29.599955
33.567616
24.864246
47.810925
64.17935
37.781998
34.23031
29.804508
40.804
50.56037
63.963737
42.29951
10.279742
17.671492
19.407686
46.252533
28.446232
16.07909
3.6045177
10.783537
21.524551
21.44975
21.21654
33.543213
28.070084
15.006518
31.08873
37.644695
48.87854
107.9579
99.41289
94.62011
92.00386
76.027
81.71607
109.118324
141.52888
88.78053
88.213356
134.36441
115.03784
84.76808
73.952774
97.994934
87.47709
100.150345
86.79468
87.42952
97.89464
102.1963
87.24943
9.063105
9.413301
20.978184
18.212559
30.197214
50.876713
24.630625
9.13539
7.347682
6.592491
17.668316
14.806811
39.22308
17.125675
10.873302
33.378498
31.835484
8.334233
29.765228
2.7543976
22.034943
33.054718
32.858334
170.36057
72.85771
94.445496
115.42944
76.50092
91.13092
79.52828
55.495045
49.66798
19.681833
12.736725
12.9960985
29.989304
38.647926
0.8508234
13.695677
12.783606
52.034065
19.114191
11.753488
33.43871
55.909863
33.86889
15.42708
7.542407
25.940853
32.24898
13.217741
8.845558
33.426857
28.956371
17.672197
14.2921095
22.674786
55.680065
61.326527
41.08377
32.008568
43.254387
18.002031
23.041348
24.817638
30.882282
14.842558
13.642862
32.17965
11.395135
18.99726
9.949695
21.368336
17.026249
44.051064
48.99048
34.04792
21.785719
7.7679644
21.177927
23.901577
30.964874
4.6603436
5.685497
34.338203
22.811554
22.05209
29.14855
88.46354
34.63108
61.25176
179.02335
76.79105
10.816828
25.709751
68.918686
81.11368
67.25126
134.4907
86.47016
79.87774
46.235962
76.734055
9.508707
36.774307
13.53452
15.5687895
20.206755
17.142643
16.997562
38.989853
41.37159
27.583828
50.398212
54.375988
91.94749
96.343094
42.514496
88.47215
57.497643
33.85656
37.838387
38.207455
58.970085
55.855774
56.170105
43.60612
27.833973
21.143688
1.4822419
44.92991
40.59749
66.15887
59.542915
87.633835
79.23338
66.19338
98.66168
72.1397
54.447075
54.877922
81.61226
63.065655
45.439842
36.838783
52.921906
72.07497
36.780945
46.425213
35.344063
38.329052
66.06272
60.9598
158.43779
74.365395
73.47967
78.136215
68.272644
84.42599
75.96504
88.94383
78.217316
54.5998
39.077724
39.702904
26.877193
5.6471305
38.466045
40.099056
62.295277
46.251335
76.13692
88.352036
88.03111
75.01226
71.68941
86.20852
91.60934
143.08624
111.51131
105.937256
17.383406
19.523891
11.601586
10.475531
11.388536
29.296711
27.194052
36.75837
18.756351
27.10426
182.81564
21.153873
81.89152
83.74138
89.72227
151.98105
57.334953
48.63204
68.89714
63.49771
59.372322
100.39243
83.84479
64.82444
73.13011
108.69826
29.088358
21.099043
24.921068
14.942105
43.270134
41.10499
56.854694
39.424152
25.638895
0.9477193
13.813251
11.616766
9.56647
14.736731
25.944794
17.649754
10.834917
23.324394
45.56391
36.35606
10.929847
23.942747
37.25933
21.61901
24.074549
17.21613
9.84607
0.82891387
19.124794
88.72086
75.61643
90.32834
141.5748
71.44496
12.915944
19.74271
42.297237
39.276146
8.9033375
32.59048
32.12361
66.488976
79.50157
38.218056
38.06587
57.457348
45.750984
77.70333
75.711426
64.093475
55.8821
157.0015
113.50578
117.84884
77.77852
77.077614
88.554955
55.29947
39.956425
80.23175
36.207817
39.490112
10.410361
3.9061832
23.023672
50.851536
48.680397
12.2587595
16.91522
47.10548
21.77396
13.67766
20.52142
13.899649
25.99491
24.386007
25.741022
30.393097
6.4235344
11.514043
8.341092
21.337109
16.312162
11.085645
6.2275944
0.51998127
12.2349415
70.01854
61.65618
3.6418095
48.810135
24.911963
41.923275
34.779076
74.77029
58.21223
104.538086
146.7944
116.481
100.179
110.0486
106.26968
72.86319
72.06066
78.19325
19.282223
30.44931
28.451462
28.646473
68.125015
80.41937
79.54521
60.848682
60.92816
50.759094
66.78572
124.78497
95.51805
112.42067
58.90793
51.90498
152.59198
163.48386
84.942986
127.96709
80.24282
66.20351
126.482834
38.965965
82.23418
7.9620423
18.414492
21.523361
19.526234
6.408811
8.459642
8.890491
37.57184
63.591564
10.736967
19.33411
43.922222
24.647324
36.388786
68.65832
3.0525017
15.052358
13.815158
50.881252
32.035866
34.011223
5.240046
34.493675
7.5521646
23.212254
26.97291
24.436039
45.506645
54.164375
61.919975
2.8542018
24.414692
71.30031
21.85572
42.321014
11.479283
27.763767
61.34527
8.0492
12.769234
11.5012455
61.040985
68.40166
61.470226
61.022266
38.741932
11.002264
17.08532
28.008713
32.723244
2.6830044
19.519611
42.795452
16.954987
19.435574
19.200085
25.212368
31.565952
16.143526
19.49474
22.771809
30.505056
10.160746
39.896976
3.5597806
15.243628
33.01374
41.570457
49.456608
42.575676
24.602991
0.89559734
18.482502
30.685932
16.480488
24.68687
47.708748
39.43294
78.14305
64.29344
66.48641
56.782593
63.764458
60.85006
57.443897
49.645233
33.97414
44.585243
9.316679
9.651554
16.915749
0.917436
10.06248
14.476744
11.692108
19.40142
86.96917
59.31889
40.056847
31.706858
58.893543
52.03056
31.681946
61.06367
41.848824
77.235085
60.968678
49.86193
53.616447
27.99326
71.472336
66.86896
64.821884
78.57536
25.366816
27.32366
55.856182
35.400166
13.981769
33.757195
62.088142
89.58705
45.270832
58.90326
51.237865
30.906342
34.369507
71.11516
51.510902
74.287155
37.715416
43.858673
19.829792
17.045202
21.07883
21.846254
2.4449995
39.627357
29.726538
14.9407215
11.491617
0.5038219
20.221409
10.661295
4.7018247
50.676468
46.687847
54.454792
38.56869
15.690285
5.9788523
26.57922
14.985838
26.214655
38.7149
3.8579586
21.991615
26.092426
61.214455
7.4145484
74.58184
53.593987
41.200897
40.718468
40.693832
52.10401
65.01133
62.392303
51.591938
87.41062
56.913513
63.52525
96.76341
100.78343
92.97201
68.128555
75.46892
41.336193
28.7111
52.070953
17.662941
36.831753
34.47834
83.42441
56.38039
9.17643
24.284191
48.658154
34.442955
11.009706
10.48916
36.35299
14.199408
7.147943
18.349207
12.61533
23.825296
23.901907
39.000275
11.319502
2.7281697
37.70759
13.489943
37.308296
39.74547
40.31604
42.260506
33.417755
26.817236
8.557837
45.085133
22.42955
12.087451
10.487469
18.439386
53.441704
86.38328
33.20781
15.581212
26.708364
27.648432
25.070948
10.888141
26.825796
21.279448
16.203234
10.362625
4.418501
16.776264
21.499907
57.039574
20.633474
36.34949
35.774208
9.293237
29.82677
6.767568
26.531033
15.140513
1.57374
48.743355
38.53551
78.22734
38.20758
23.957869
5.2060623
11.372949
21.684713
2.732158
29.903835
41.6088
54.878716
4.9960246
13.955498
15.71287
33.115265
30.872232
54.98469
11.33862
10.260513
21.691336
43.568707
26.67916
38.569893
32.75105
60.548298
28.60773
36.88814
98.00082
96.38072
45.21508
66.51572
47.188747
38.816124
39.680984
63.778126
77.040695
42.999622
23.807583
17.249847
19.56562
24.342417
47.896538
6.6294265
20.01184
21.961498
21.13158
23.323393
5.761415
33.15346
27.885147
106.99473
17.652628
56.152424
43.710884
45.41442
36.111492
50.674065
66.4326
65.32726
151.6384
162.47508
143.53868
233.03012
86.134224
111.51941
140.91
87.434586
74.07069
96.741455
66.669205
121.59501
152.90274
61.22357
71.30403
45.901344
47.96184
71.940125
59.891815
113.83927
118.35427
154.8049
88.63153
54.251686
47.465347
70.04051
5.7771726
14.122034
52.835796
29.843632
14.580093
12.109426
14.242449
16.98434
20.926744
49.533276
33.098244
61.835747
27.226099
19.395527
16.58762
28.695984
40.6932
29.911938
75.61462
28.167698
24.475939
57.121582
1.2564099
22.472668
25.81039
133.12778
29.28753
16.668331
31.255054
46.58425
34.51994
88.205956
43.172226
10.532801
30.2757
10.061828
22.41412
76.78762
37.12168
44.12543
17.642511
38.472633
6.1820574
14.94014
30.113474
50.377296
6.4247146
92.3394
20.006891
24.900284
39.903465
62.791138
76.39656
77.4937
55.470665
58.16517
18.952135
17.841837
24.703403
32.248154
51.0188
32.70066
20.73003
58.055706
10.34079
34.175632
16.074274
46.15469
38.46546
3.3156261
25.794556
20.289923
27.557178
18.767052
19.271957
41.01605
28.747574
52.545372
27.357752
21.10817
25.223404
12.9889555
12.043518
7.545705
41.05119
45.83175
54.381897
19.215921
17.200493
10.101728
19.85021
34.554413
21.000263
60.389698
40.15699
82.7543
97.94428
97.18514
98.50329
93.898346
37.64808
39.8586
58.42679
52.040398
30.63242
27.090387
31.765438
19.994656
16.505037
21.456385
17.571636
28.40556
29.341394
9.941501
5.8328176
46.77592
26.998571
43.362503
45.62919
46.341152
54.104515
18.178112
27.002941
23.353497
14.429344
64.12303
34.092476
98.82536
92.903564
108.90538
105.53269
118.32478
40.256603
52.96803
17.164122
2.1127377
38.338875
54.599846
34.650883
7.813067
37.816696
15.377089
28.19633
113.798386
113.04307
94.64923
38.9776
15.832033
73.12833
36.15846
13.444376
25.991714
28.079294
17.27762
63.32018
32.359123
56.415596
84.99348
77.38632
78.54592
70.1774
58.713615
34.960464
1.3819373
5.5437613
10.597741
31.837875
20.74409
16.593052
26.63999
23.211798
61.799034
41.350822
81.5899
32.000427
15.831024
41.64086
3.707744
23.45512
45.351654
19.572235
39.061302
15.729512
19.327456
5.3382845
13.164235
30.167551
53.785816
44.593163
22.937597
25.761938
46.932808
3.70761
75.08731
10.489961
20.01653
24.620855
12.9334135
54.89277
33.351974
15.648111
58.476734
20.197262
8.262794
11.423828
10.243689
20.16062
4.3272004
21.607746
39.91429
1.691555
34.20527
14.485705
34.86826
19.49281
17.445042
49.669353
46.19024
51.696754
19.329998
26.428244
20.149496
13.415583
11.608172
5.963502
19.808582
43.470627
19.865904
34.94843
56.07711
30.587574
51.44982
7.909749
32.936996
16.942745
21.93193
21.140207
24.918282
20.168783
20.301722
15.770929
60.102997
6.5971084
2.1547828
6.5286665
11.774218
22.78498
13.54925
1.6812868
8.40694
28.338568
79.776474
42.055153
19.596872
80.18578
104.271866
29.979696
40.80002
24.275518
18.141624
26.162918
13.282878
29.023373
10.643856
28.371557
37.398434
73.82149
74.15668
90.14819
71.991806
121.180336
75.0749
32.88484
48.869434
29.30878
21.822731
24.965723
3.6386974
16.80936
29.382305
54.055534
55.553528
3.8108172
13.292682
10.886951
26.865973
15.489801
15.109518
11.770679
57.211304
14.734541
13.108986
19.256786
14.97072
29.169363
23.899704
12.231733
50.51721
45.808002
14.69057
14.612195
12.661597
3.4334552
14.306265
68.47627
86.59495
28.519323
29.338968
12.291416
16.03187
29.530539
32.15821
14.077991
17.817196
9.233247
64.82103
5.135367
11.074004
21.890594
38.55942
14.542219
20.258657
35.662563
29.500717
46.916798
94.76864
54.72152
72.09583
40.721355
30.572094
78.67717
109.55272
100.1651
100.61467
23.484745
26.332409
19.445759
64.51192
27.998775
69.64937
41.518124
26.349833
3.0789194
33.422234
28.36037
9.721839
2.8217912
30.81099
34.963375
22.863043
16.890974
18.588463
22.22194
35.125603
35.50846
18.73103
26.152523
22.002317
13.845738
15.118002
14.22144
18.752777
9.781903
38.5629
25.787897
48.60732
26.61591
10.782534
92.341896
15.492335
21.472292
26.604883
28.992771
13.020518
43.347145
42.21234
36.47105
30.555607
63.349754
49.45034
18.778019
3.8159547
140.54527
113.06924
30.850311
20.010036
42.864426
53.964546
77.30354
11.658104
14.468211
20.639027
13.799513
25.47855
19.961283
14.320592
27.682444
34.640976
27.14767
9.869823
34.61851
1.3429707
18.783838
35.192806
5.788394
18.573818
21.28423
30.92869
13.753337
52.375725
42.447773
7.226201
8.938288
41.364227
23.445463
21.286993
33.343285
21.762829
77.38124
14.670575
19.126883
26.312286
37.16343
11.26136
13.339253
24.702112
39.292717
12.437492
38.855644
53.994057
5.1166945
61.829132
64.78243
78.01662
18.400225
35.30262
35.1271
25.181063
14.934369
21.040123
21.588385
14.818675
9.726157
3.316817
32.118546
18.612944
6.006753
1.6452976
15.75513
41.16282
25.203419
12.031391
28.576605
11.387133
4.9117975
34.38309
18.868309
42.755104
28.772305
26.539387
16.325409
54.618217
44.15728
40.93527
87.8993
4.053886
27.468903
26.061209
4.042843
13.639395
2.0527344
18.633076
14.437121
29.783367
39.97895
42.518555
58.971596
28.562302
16.630281
27.399311
28.681177
13.884565
19.927406
33.70879
10.397239
10.470149
25.739304
32.83638
12.999751
20.35913
13.194336
17.401237
16.44456
30.834845
36.555637
50.925648
31.740118
20.83353
91.92357
42.032692
44.630703
37.313038
59.4542
45.288296
24.25166
45.43902
22.586288
24.218527
16.651999
33.156246
29.839672
31.794403
19.36129
21.504337
36.564842
14.938878
17.184069
66.85435
59.88867
75.77286
54.87074
53.653717
64.32703
61.34298
87.38622
16.99994
44.729443
46.145496
44.72825
36.261723
29.279476
67.3842
25.789768
47.642555
21.766645
23.670988
11.97341
29.97002
15.59612
28.58252
27.202597
54.381958
55.23397
37.01128
54.867317
30.330185
33.8975
73.66432
82.65517
11.434927
28.613714
15.744809
4.5698056
6.346333
3.542492
45.297707
18.363804
15.324557
27.255463
12.435803
23.951487
41.62306
33.77672
14.464254
23.070559
23.605679
22.302563
17.455433
3.3526714
12.619058
53.045876
21.843342
21.09737
87.051926
28.760626
30.123383
21.07397
14.309303
22.45512
44.090866
21.336967
32.88039
51.437855
61.361305
63.711132
103.848694
147.04369
2.8432739
15.30459
27.005884
10.407192
1.5345312
8.956896
18.876282
70.863205
64.5709
47.01258
51.50007
73.649216
57.193077
65.45461
45.041138
23.092255
11.548069
13.767758
52.28416
103.53037
2.177422
2.8722963
31.681223
25.842758
3.398433
41.79812
5.253213
6.0571446
19.625406
5.189478
31.170116
14.51161
33.76832
18.43259
4.297797
25.226532
49.59928
33.65174
16.343761
29.63329
29.753464
23.637646
13.061354
18.890156
49.677013
41.293003
40.134064
84.92586
38.14411
45.527653
71.420906
60.99873
34.528263
6.9999228
20.093967
80.328545
102.29485
68.839325
80.31221
74.36465
86.160034
0.957253
32.90359
26.594105
33.70736
53.77522
56.989513
58.56414
95.28864
98.59551
32.503777
27.672998
12.040216
37.75686
27.89823
86.64468
74.26609
65.77478
13.947667
30.944372
56.317528
39.287003
51.41695
66.16145
55.090584
8.699537
16.241385
1.7482029
4.607181
4.8887873
4.1448436
30.83961
25.022373
10.602899
25.2213
43.06182
58.885826
59.236206
79.901535
32.46235
42.81135
80.81775
21.195631
8.796756
21.500103
23.826254
22.617527
37.13814
23.137547
35.815075
5.3016243
29.026936
61.225994
106.31969
96.65349
101.6075
132.55907
138.49388
138.05899
140.74048
142.79762
114.5974
129.07494
25.9957
65.645676
22.324326
20.626822
28.720211
68.64675
98.77126
63.518414
49.18594
58.742943
49.412117
24.097754
52.85566
59.593132
58.907906
55.09215
87.619606
40.9494
55.778442
24.645546
4.5863504
14.458328
13.703504
13.4152355
22.158667
18.169916
23.495556
18.544506
27.312786
5.339528
29.247482
46.274193
31.604176
5.69008
6.730258
13.191536
14.277475
23.258581
5.3311987
10.742653
6.312439
16.481174
6.36585
1.9035246
10.434694
35.91259
38.29621
26.277822
22.01479
29.005646
11.835468
50.096195
28.59986
41.842422
29.147821
30.620752
26.249292
75.41315
60.290314
54.372368
84.41139
66.8967
73.39029
10.55181
19.87339
17.483322
10.051203
29.650488
19.723764
21.115753
25.390024
26.869043
24.96513
8.923599
14.746702
36.60396
31.587948
24.972881
33.214443
32.35604
15.880743
38.84608
82.26539
55.681988
53.333046
80.54113
85.14013
69.89294
146.47627
71.7401
22.721539
0.6896204
66.830925
59.21154
64.57632
61.266865
52.07569
27.764038
30.26965
27.364141
30.03732
40.356766
29.328766
34.530956
42.117527
9.316538
19.20003
11.401681
8.691337
32.988354
25.598587
11.4954815
3.6049912
19.961964
32.40628
32.25366
23.020514
13.50896
18.172832
20.279753
21.01127
15.133532
14.212608
6.331205
4.3667192
5.038104
63.136353
30.811905
82.87532
106.85957
82.861435
82.769264
35.68632
58.309166
66.32613
86.173386
65.257195
67.06125
79.88939
65.68408
48.533283
46.156086
55.537212
42.81768
39.44001
52.070446
48.335716
70.76665
54.57478
42.573235
38.435127
46.052246
63.230934
93.69156
96.048775
73.675606
43.249454
47.01886
46.026302
31.056103
40.806007
21.03539
31.73495
32.22261
40.9741
47.742195
36.179726
28.642542
24.781727
41.000454
52.10494
29.865528
9.704304
36.21733
67.14283
40.894886
31.453236
29.511164
29.147572
58.746693
56.03767
45.460857
36.231163
29.383844
11.034468
23.80093
22.24446
2.839302
7.8094025
8.856285
124.94283
129.86917
31.12761
37.43357
27.367874
5.371761
48.45288
49.021008
45.159462
17.272865
21.704872
13.0570545
91.04949
65.50426
42.538685
23.7207
45.704502
51.39565
10.424623
4.992587
41.77016
26.453527
14.317101
1.1668401
6.776993
12.955595
22.022404
25.55285
24.343824
13.906639
14.41322
13.85095
22.50201
42.028297
24.480259
13.916827
10.955954
21.472918
1.7085733
8.538313
15.337189
61.767406
28.701603
26.205582
43.961372
32.264896
7.1979074
13.503321
6.7484426
14.883125
52.610737
54.52646
79.65736
52.8857
59.850105
82.478745
103.77666
52.092255
57.237263
37.73394
26.295898
36.926147
34.120747
86.750534
79.61156
108.044495
66.50502
3.6245856
3.2758274
19.968235
11.8501425
21.33823
8.163546
2.6902294
10.45059
2.0335603
4.773619
22.645205
33.164314
53.053795
28.248001
30.010498
42.45628
1.1351724
19.10433
5.2907705
5.6692443
16.016066
6.359742
23.852003
49.99772
55.55834
69.83788
66.35771
5.739563
38.448128
28.466288
16.812428
30.705359
16.396969
30.333033
13.543805
16.45976
42.007027
6.105168
24.685486
14.070017
21.659088
46.71386
23.835901
58.045116
79.38152
75.89877
61.412212
51.130287
72.32636
67.4196
68.400345
67.34367
60.116497
60.671947
90.831314
72.93778
114.729355
66.57394
60.049194
36.464287
51.334576
49.743088
67.42714
63.88664
78.85781
67.32124
35.868134
22.995232
66.142654
72.286125
32.713486
32.834206
56.880383
41.44397
129.62445
32.54769
22.206081
20.745407
21.438318
17.339693
17.584417
21.669373
33.20217
15.96259
15.216479
29.438412
115.56024
117.05487
41.745193
19.304495
16.75062
35.39098
17.801083
14.930072
16.02267
27.848751
27.171473
29.627024
54.84132
51.291332
38.359715
56.857166
56.95642
25.688929
27.135284
24.033548
14.1152315
9.362116
14.320581
13.954306
9.323593
17.069696
19.570324
25.322124
48.789566
15.163496
28.801336
19.960333
22.987541
32.69419
18.695456
33.055836
35.878937
12.373278
46.204594
16.751759
52.511208
49.935177
19.208527
20.93145
76.03103
74.122116
10.662493
22.075413
73.04756
42.321064
44.314926
12.900311
25.683447
13.088013
29.193295
12.82399
22.492153
1.5527958
31.162014
25.120401
93.43772
144.23296
66.69326
66.26809
58.585968
121.12081
6.622279
10.960114
19.202337
22.552837
25.818295
31.192892
20.399876
4.474679
92.520035
19.546782
27.175653
19.738016
29.030502
69.63332
96.66083
83.46214
155.06778
78.71026
34.62302
68.41124
38.61474
52.34035
19.561283
38.57717
54.13151
47.313423
49.977894
32.707024
85.70595
36.360443
12.087151
47.51672
35.355354
13.686823
20.731363
11.857409
21.967396
9.208182
17.453411
28.129364
43.931202
11.421556
20.400928
8.559088
43.144844
9.353369
8.931889
8.777263
79.056435
116.19676
69.95894
74.831505
112.07424
138.56012
91.79402
64.73589
88.93428
136.28758
130.60172
159.25362
123.28031
85.95305
69.12866
19.99284
15.101152
33.79996
43.786324
26.310099
29.699545
16.017267
62.288033
10.397329
11.736998
19.312508
1.0513773
6.6038313
15.440775
11.039399
25.87471
42.694695
22.18883
28.05448
6.0124264
26.713917
28.084564
35.715805
14.783551
39.506195
82.50911
5.257085
66.06847
62.777935
83.84992
55.022957
40.28077
108.853455
89.47953
87.7308
80.485306
108.51776
91.86992
15.022639
41.271408
40.28589
13.318484
22.305447
26.993412
10.383653
21.94935
32.354576
24.24728
13.055061
7.442212
33.937057
31.57513
62.393604
34.41868
89.26744
12.598183
18.140224
17.539555
12.901324
19.65509
19.088171
31.39324
35.396427
35.0756
24.067106
4.0026913
4.924343
14.820578
32.080143
31.503942
26.544882
47.591633
19.317831
26.737019
22.678389
30.587
51.449463
18.282888
6.108548
28.61879
19.595554
18.588678
3.8572955
11.6850815
23.818953
22.48183
4.6039624
13.644754
37.71819
23.298962
18.88281
16.961496
20.785933
59.885876
29.726284
34.61841
36.1625
40.072533
109.415016
29.233631
59.926838
68.014366
39.277954
56.407906
48.66797
64.79634
34.542103
41.047447
54.949078
69.882545
67.46745
73.68685
40.205276
118.5198
99.811356
95.86437
36.503593
53.224377
60.1556
35.35015
57.89161
41.007153
65.3484
43.76758
40.387184
43.803406
24.79707
20.223072
19.114649
18.722546
47.011177
69.96457
12.94943
43.178047
35.620872
24.711824
13.712949
9.062464
34.940205
31.315414
42.860237
51.17411
20.65341
29.303106
42.283737
81.4816
30.262894
58.8106
62.145744
106.6251
88.21458
101.81288
87.4472
87.41228
132.8776
145.25531
153.25363
76.347885
123.19651
77.911285
81.32014
81.0485
13.364084
26.741302
68.8394
52.112633
19.284693
12.677841
39.22534
31.267262
24.718603
29.46992
27.696198
31.12119
30.954153
16.41838
35.028465
38.521843
5.547855
40.22038
42.57043
5.9334035
16.637867
5.051093
30.662878
45.181797
9.324303
22.942638
29.061611
28.48956
73.13524
67.27761
55.577312
59.286415
36.078346
43.08845
69.7672
16.88568
13.647983
17.660202
20.218313
42.52587
43.248684
30.457977
128.44617
85.41417
116.576195
73.13199
9.05352
12.874005
20.09129
34.115498
14.358032
12.605292
2.7374272
15.28459
24.727333
25.704071
17.838652
18.588251
47.38407
67.25904
47.57121
36.655815
71.15184
66.71857
95.72843
70.87959
69.272934
63.74344
75.04036
9.607792
23.938286
11.430384
14.340929
17.90382
16.667131
48.827568
57.603294
39.716373
35.932957
46.513737
34.718987
43.89219
55.239037
57.682648
17.859741
37.48664
16.577398
17.560585
32.46229
24.501137
54.206654
52.667866
85.769424
102.36894
103.75883
121.07046
133.48141
112.7361
77.90321
150.38045
34.331657
34.748604
73.30582
4.4316344
3.7001064
24.241795
24.722141
27.434116
34.022694
25.032352
32.629524
16.506521
26.358059
31.171875
1.2778075
19.437923
17.638172
13.241778
14.100584
12.471659
21.444061
52.99001
69.306114
23.278734
34.37288
25.259708
17.101448
23.114681
10.671644
14.673883
55.77909
25.022839
31.92192
79.10384
90.56853
22.001259
50.49306
28.887432
14.784353
30.327595
59.63349
26.553375
23.924831
26.576035
15.5123625
125.18477
86.8323
75.58602
76.884575
4.8090925
21.889307
20.130121
15.949049
9.40262
49.27204
15.2465105
41.096565
18.379837
25.816692
7.024148
5.742151
51.88983
32.885082
42.709175
33.394306
73.669785
35.795586
66.97064
82.803116
65.89012
45.538364
10.048722
7.596055
100.67105
80.476364
102.90574
92.05364
70.74044
82.2481
15.62618
30.802038
42.853996
59.06366
7.7026367
14.327832
22.018875
24.330326
29.012121
6.4648123
12.869777
21.24967
21.160145
22.441998
10.66058
26.596487
29.195612
51.683826
44.36067
35.017593
9.273291
20.402485
16.379517
18.37495
19.016766
13.187955
37.224014
46.95968
28.761578
20.489912
15.794395
0.9143122
11.075927
24.014635
0.67734253
6.7112403
19.526777
5.1902394
21.201838
16.65919
29.893131
27.496952
27.29588
39.011135
18.07824
5.9846
39.25281
25.39242
23.234076
16.261847
17.681793
12.448886
26.17244
14.100569
47.804184
62.104168
40.833916
60.344757
65.414474
38.635918
42.86126
44.94123
37.91471
68.78136
43.56866
37.053886
39.24356
61.45295
68.47528
90.74376
67.259636
78.04314
122.40627
77.688675
71.94715
64.90531
29.08432
40.156654
38.2421
12.823069
11.099333
57.210884
29.810612
46.53891
12.40591
37.109493
76.869865
28.136078
6.2888556
31.254192
1.7673645
10.084503
20.340115
55.09812
69.7444
34.110954
66.32558
49.979088
62.781456
66.05227
64.1682
75.24242
113.09312
132.11826
79.35395
91.75643
13.684489
15.639185
49.183495
64.01903
71.784805
70.93806
69.10684
79.19535
99.32993
28.398937
71.41374
95.55873
56.33982
59.629974
82.72561
86.95818
115.24056
82.71282
38.871773
12.507627
28.64087
20.784859
27.42687
11.19149
87.88251
128.68712
22.357534
31.609299
54.46708
29.807642
26.173004
44.225227
65.47881
100.68069
83.347084
71.81562
57.69156
59.902496
19.024656
15.694821
42.180847
12.565044
41.1194
52.285664
12.937208
17.675903
24.061733
28.904257
20.062542
20.84623
2.3525388
84.92889
89.51671
21.177166
22.842455
18.760914
42.244072
76.011314
31.150146
30.24384
32.947063
18.280947
25.895878
47.678795
41.55073
44.597984
36.381615
79.72463
83.74718
39.142036
53.579
82.19356
20.79061
37.06236
63.833458
87.31582
72.35692
130.27713
87.66821
96.40636
46.251106
18.63257
30.948559
82.99494
95.90587
74.08391
78.36177
45.486385
50.79043
49.34901
29.347652
56.748024
35.40327
18.905039
81.185165
60.08078
58.70117
54.570026
101.85924
83.184906
45.864384
63.59004
68.88412
96.40007
32.50781
30.23502
24.89217
23.534786
68.71954
32.195663
31.79592
19.45366
26.0521
42.815075
18.277847
93.259254
109.60038
63.283436
67.32574
44.602898
37.517185
38.91609
11.722984
34.611977
35.267277
41.86497
26.671942
36.963676
24.57436
29.498608
21.763046
4.713637
22.670534
79.462975
47.140114
65.99666
203.71878
193.51894
195.32957
53.099693
22.247705
92.965996
110.444016
217.65373
20.199606
32.025005
44.80076
25.767496
86.464935
92.399796
141.9786
137.3448
129.61038
142.53452
130.45128
131.04214
149.85956
152.4851
124.4245
87.88124
136.58136
98.02176
91.07114
67.84637
3.8935745
39.167793
20.99947
103.304054
68.2996
98.676414
151.19891
51.92621
62.820213
107.27307
62.878376
67.50741
49.2435
37.206917
64.87137
80.11828
107.757065
173.45935
164.68137
193.38254
107.0046
75.88911
157.4215
17.287899
38.748493
28.912954
51.768696
29.046621
19.542048
48.914043
50.23766
92.35441
86.666016
15.629044
33.69517
12.02907
40.152912
43.46629
27.86315
65.61323
24.528673
20.164211
84.39729
72.30748
69.81837
76.958046
88.75021
43.819115
32.75863
53.20445
52.17864
47.57377
27.950302
51.673088
81.57663
89.14138
79.981575
130.10721
100.968
65.54261
60.068867
71.79023
34.78761
56.189526
137.81454
178.18167
77.27023
76.42464
36.76101
45.421165
71.94772
52.74711
121.4745
46.464855
124.16835
170.56578
118.24385
92.089096
96.47722
20.736452
45.004536
19.299255
11.205126
27.2858
4.9131804
30.13515
26.077505
14.712314
31.562403
14.053978
47.260048
20.148617
35.7241
18.958824
93.35774
61.978203
46.146935
60.790062
96.91065
74.13474
26.533884
55.914215
44.56646
51.73213
25.593697
12.902594
38.04292
18.277422
35.244034
30.171982
16.815746
23.5511
35.39721
41.377846
23.794504
92.20473
107.498886
88.874535
86.76075
72.46434
145.94675
86.59921
75.72639
95.78832
102.76666
13.243932
32.15664
54.338287
22.454737
50.376106
24.170868
86.873215
95.13513
152.89888
17.968801
54.679462
46.93738
32.710197
60.07946
86.07397
81.39909
94.0305
69.41633
31.029898
36.285137
54.818016
61.702995
55.29353
55.966766
33.77877
188.71422
149.51564
176.18623
115.640175
115.664
188.3556
136.83688
99.64691
100.43143
112.33136
79.90845
77.29041
66.28938
113.30476
110.067505
79.85823
92.302124
65.374466
84.30293
107.76207
76.0453
19.509195
11.411562
46.80106
49.46491
23.67582
51.000156
21.753029
36.3183
29.858337
36.601574
54.910625
11.329209
38.481342
14.819893
35.84598
28.481237
29.232212
72.57017
21.278555
61.407677
10.564878
11.561426
21.135334
12.941501
58.930153
73.98797
64.016235
49.729687
86.270164
106.533554
71.24556
79.39589
54.537598
22.964312
29.39712
16.183119
24.485914
33.62901
5.830384
26.07726
19.149082
24.928192
26.504581
42.80753
53.527996
75.06863
70.89902
126.17488
210.43527
107.441025
72.93849
121.13963
173.94252
87.27793
104.447716
184.39053
170.33188
222.74881
140.24008
170.69278
146.33426
92.6203
75.53944
127.61583
164.96957
88.25871
147.28035
130.01315
78.03813
117.759056
88.357796
80.79342
81.59105
110.60304
4.8871374
19.566597
172.69054
144.51526
158.90773
30.054474
32.071766
47.96841
101.37967
48.940834
68.988464
44.20057
24.141945
61.488213
57.02607
32.647274
26.900986
34.02322
52.04006
94.76197
89.37791
86.46645
121.59969
186.5138
74.12482
152.96832
194.52829
145.34279
162.40674
75.13937
92.080666
169.10233
236.80185
144.31876
231.18716
164.52951
149.70065
174.96661
116.866394
90.82345
138.73161
15.481613
25.133114
44.568184
58.065796
40.53689
27.612652
29.141321
41.9902
19.544224
3.8458753
7.4231176
59.21931
23.02856
95.14524
156.09233
53.097282
185.13557
89.25682
101.81077
81.538956
157.88774
178.25139
54.0178
40.98603
33.781803
49.874046
56.82309
62.99867
168.16678
41.27418
33.356297
21.773836
121.546165
59.488068
62.655895
45.998486
59.128082
60.08557
46.644314
137.11784
85.31012
40.586773
38.040348
94.193054
48.79988
38.081764
88.26879
82.93902
38.172997
18.387924
45.95533
52.52459
34.977333
20.232775
45.593468
55.074608
50.63272
31.58191
29.226501
22.561083
84.05803
75.552444
83.42124
9.386059
6.1057534
7.7475343
7.982619
9.284853
47.181374
33.84613
39.710316
38.551064
34.689625
9.643267
13.965609
47.402065
79.575554
71.34379
4.55742
10.001951
45.53396
36.84304
35.328835
51.92273
14.096212
33.106403
78.97413
50.700687
11.612209
16.665733
30.70521
60.10553
37.671364
44.196476
101.61859
103.3304
11.991139
14.123077
28.149847
33.353706
25.717978
25.34395
80.56647
21.33001
10.117384
20.024471
21.247423
67.94928
54.62742
26.29107
40.242706
37.809208
105.24504
21.7559
37.024536
61.490273
66.99608
60.73409
75.009926
39.567974
24.449638
31.504093
23.437107
31.751638
17.223156
20.086954
29.965195
23.692532
34.067657
38.483833
39.261246
33.18433
37.02498
4.728519
1.5607657
39.572304
25.954762
17.91173
38.409042
17.498075
34.936222
22.17145
45.225212
29.091434
91.65658
60.034107
93.592
54.698383
107.686386
20.160812
22.877964
29.14687
13.36969
18.182034
27.76678
64.8228
83.66053
11.892126
42.859344
71.4009
113.16667
69.40789
63.88382
86.891205
53.54194
81.85826
21.91113
14.688377
3.7163513
47.23388
35.317627
54.73396
123.174355
66.16172
83.878525
77.54247
111.71544
55.834057
32.91713
39.116203
37.26023
47.592575
16.205769
54.158806
28.548656
12.963446
31.211864
31.197758
41.119003
65.13416
50.23462
39.600044
13.406639
38.822044
49.30017
27.995426
120.14465
100.12307
30.972143
49.585796
87.92259
54.052727
109.4527
68.127464
90.65207
118.801796
130.16997
186.48863
35.15544
36.130833
8.34304
36.208244
66.94679
18.103931
20.876307
30.26261
46.109978
41.220455
35.35728
99.19958
72.04149
82.41704
15.026001
45.94323
35.43618
1.1489751
25.150152
66.85696
96.58016
98.531006
91.50981
92.52575
102.26458
95.18597
111.09579
44.54158
7.073767
4.925092
44.63616
18.415733
85.5891
97.162346
160.19882
87.19833
171.03609
176.6332
106.99673
97.90428
187.70027
240.14441
136.57198
33.28367
42.31301
51.613243
76.622696
51.639954
48.734325
30.092962
62.56662
70.2831
75.30429
39.433033
38.672676
60.679375
42.40438
41.243813
75.84906
96.65298
46.682613
127.905136
18.456768
43.505817
69.20486
60.124123
106.27757
9.897285
49.501312
53.78423
85.68675
94.9315
209.6541
210.98296
11.945239
19.374718
4.847496
23.080631
18.209555
21.744942
69.0457
127.64009
204.16013
165.61673
123.07056
19.573677
77.30733
22.517706
25.460785
34.055614
40.85594
68.53032
52.64683
60.156532
46.305687
53.495293
31.02477
112.550964
103.053894
103.782166
78.18444
74.29136
11.323813
16.020658
47.152714
50.15616
55.00097
42.335663
117.47229
90.72044
182.6405
94.1617
84.99708
24.624075
38.726784
76.86741
31.578491
57.845055
135.63132
188.75478
127.52838
116.79592
117.14396
156.8114
189.37497
138.54639
19.057148
54.697063
31.041306
89.7928
38.494816
57.566418
28.404705
41.06387
17.481457
83.22963
72.7115
107.789856
88.1048
181.44151
102.00923
80.53494
88.38161
82.30996
169.28679
62.158062
69.429214
86.0767
93.73082
29.372091
31.940159
15.3842945
56.6747
33.81208
51.376995
6.535952
27.307697
48.44575
43.319473
19.14304
18.618906
28.576046
37.55238
13.604576
23.163084
23.293335
19.964594
69.679306
44.638184
37.552555
41.948193
25.215227
40.135216
40.88778
103.401
93.31455
138.57706
24.550522
10.7535515
86.71464
7.479009
52.80937
68.270996
54.006542
28.250462
29.68129
71.8184
37.410606
39.392365
19.874342
45.09303
46.26466
63.591515
73.45819
32.253494
52.032463
39.13788
51.529884
84.796585
163.4913
107.179054
159.384
38.772896
72.238235
21.651493
23.609436
44.09705
58.60205
29.514713
39.83866
65.39121
116.46837
98.46117
61.49179
95.8085
52.7461
44.07775
29.650314
19.06378
4.6855016
35.840664
21.09425
54.14332
49.101357
22.873268
119.76642
5.254433
58.744507
50.074455
35.08236
35.849777
31.05655
22.52261
36.31551
77.44728
29.472507
24.996029
46.58866
18.865717
30.119473
57.35552
120.615074
65.441696
82.00685
92.622635
82.52284
75.737114
36.233013
58.63214
81.462204
47.211193
58.972004
63.51936
18.625238
32.693413
44.67399
100.88795
26.983936
41.193825
75.66468
52.415302
29.820591
2.8968415
13.026369
55.368797
86.41362
75.14985
21.06048
78.44523
19.609718
37.476826
18.145493
26.570736
47.440655
16.422546
17.174099
34.10314
19.755198
41.287872
25.282917
17.750326
56.231586
41.50245
29.83118
92.287735
32.92176
16.70729
52.19333
45.417732
53.832745
76.19763
44.668198
30.016165
87.54749
55.57438
65.604095
65.01418
20.774479
20.098755
27.778107
30.401806
41.015335
62.238995
11.85709
55.172474
3.1053345
34.775085
19.395885
27.153427
19.707144
38.377037
12.124006
39.494747
37.886368
22.317
35.719013
3.982397
17.709675
23.123833
26.719046
20.201572
40.003563
23.09068
65.436386
52.466125
40.278072
91.05588
98.303085
152.17915
110.02787
164.03444
212.81674
161.80191
185.20152
212.34628
144.8298
106.6638
125.364685
135.61685
109.9149
93.28171
98.11391
103.925964
121.03955
84.38241
93.93329
97.16299
111.60592
26.945398
26.798447
24.061758
48.65983
12.580408
82.429535
97.25871
109.5155
78.72203
75.69644
12.320096
44.11599
28.305277
65.78596
5.598515
28.49909
53.9187
103.183815
30.833536
28.488285
41.295914
46.81037
40.120697
38.95902
13.629372
91.43596
96.98512
202.38097
146.29352
143.6933
125.934105
118.61687
101.52033
26.860687
18.548855
49.393776
50.482162
10.10637
22.291029
18.575607
26.832531
9.59886
21.307396
81.23604
25.594458
33.267296
32.27933
33.436134
81.27051
56.692944
22.44278
123.16618
89.13055
99.913155
114.02037
54.87459
122.57147
90.468956
187.41115
111.66084
29.129114
41.202793
44.306633
65.83238
28.2635
13.630488
15.851822
64.662796
43.5214
124.36454
102.20019
51.537743
31.498276
21.860247
20.039257
34.16908
19.123276
38.766457
30.720297
105.23967
15.756674
13.872635
43.93526
33.269745
27.429016
10.109204
41.150562
13.648573
54.553154
42.730816
17.962946
95.20285
72.8203
111.875206
32.49093
61.269325
27.645578
27.371693
45.752617
38.588146
42.80919
96.31732
70.79618
58.28009
69.96532
78.33869
84.508224
79.5276
53.963226
38.283028
45.741917
28.637722
38.62376
48.311153
46.375084
44.839924
35.464294
38.928963
115.7347
49.154793
194.71477
64.93293
55.978962
55.951466
82.5938
19.360052
43.538616
115.188576
123.29187
107.19877
110.623535
149.00095
131.29974
143.99393
120.54427
38.969177
39.165535
32.86975
50.883987
23.685877
32.986946
44.33259
116.36697
15.518282
23.308943
16.21598
10.679586
32.959576
77.90421
92.19118
124.85689
60.583687
184.62057
66.52626
38.629482
11.267567
29.983353
76.10334
115.55983
99.05449
2.7391787
144.21658
118.8433
132.36777
125.848495
143.05661
128.24596
151.29831
131.91129
17.673763
41.433983
80.11015
47.08847
42.016594
35.391144
36.496437
16.391035
29.888922
27.516932
34.680153
53.237846
34.369728
58.220818
70.18522
53.007393
64.78262
130.24898
78.179596
76.91371
44.032738
26.188183
211.95647
88.35585
62.3171
61.97866
61.537586
69.29977
70.616974
69.17924
104.29409
65.24354
37.778072
47.706963
32.100574
62.879414
22.525326
40.015137
70.699356
42.488537
77.30235
85.67544
119.161804
95.173996
119.598694
56.88745
19.667948
21.861797
56.02607
40.933342
24.619678
36.03097
38.520897
62.996716
46.444542
23.838305
89.52881
25.38934
25.943401
39.22018
48.2334
29.273716
50.8189
14.150393
16.88393
22.92085
33.73551
22.16576
29.38679
72.315765
55.645775
22.787727
29.120434
27.030178
37.47591
41.590755
51.57605
51.24168
37.788525
27.922394
48.690987
40.28569
35.69764
19.913433
29.108707
12.801608
28.053263
35.927536
57.16781
52.549248
20.894857
58.05675
12.0473795
30.70346
10.179371
45.040333
25.218325
65.89369
104.32997
89.52026
45.071693
62.536583
69.56179
73.6062
97.21284
57.08189
96.45404
99.92082
98.8041
251.57956
26.529882
58.129402
41.779182
135.18861
87.33585
101.03189
126.58984
85.74929
141.23087
97.69
56.29262
79.78962
22.002949
47.983208
68.38058
47.030895
38.27137
41.0241
134.2142
115.682884
86.18802
109.19601
76.481606
21.848969
41.5243
33.427
23.925825
36.455414
131.95099
67.68279
179.29001
114.47009
154.6489
165.37527
172.16202
25.479359
50.536198
83.29185
97.43818
130.17148
63.634735
57.752495
136.62836
94.217316
122.786964
110.29984
139.32272
96.966446
64.58949
109.90061
137.7561
85.39989
34.202503
75.413605
83.07331
80.33019
54.71279
102.41988
72.21408
176.45273
105.49597
79.20415
72.92344
75.897125
87.55167
69.81571
83.77959
109.859726
113.79122
82.484436
52.286976
57.835217
58.917664
29.537403
25.388163
103.55045
103.01979
70.2964
3.4450138
86.96109
37.83062
120.34017
