406.6169
133.61308
90.7078
144.48328
60.0485
71.48361
168.29782
39.652397
62.549805
91.59445
177.16489
96.37977
78.378586
73.99734
115.40581
44.10138
26.054447
163.69102
47.632805
17.716091
57.966747
132.09366
1.2102301
3.0060477
78.47297
40.627213
79.2661
106.86649
106.446144
62.148712
146.07532
194.19069
32.367363
63.996178
107.7574
116.86228
140.68582
179.42952
115.790726
50.776733
0.5237628
4.921486
75.25896
145.36867
104.255165
89.66687
63.939034
30.283087
66.895424
59.119667
197.63774
89.31584
109.852585
129.72299
107.7738
206.54477
2.909922
47.68863
126.83921
95.835464
33.711464
33.97597
264.44745
243.36848
75.15602
93.81942
259.7834
165.1182
72.60158
101.881424
72.7863
114.71397
79.89229
69.36727
162.12889
125.47003
169.06529
79.70883
111.94997
169.9761
114.66081
276.5046
181.95854
92.91601
70.46594
101.27362
35.565506
96.2705
57.39146
122.960045
69.19083
35.992447
75.16251
149.44019
102.91854
81.36592
69.91264
4.1715765
2.4950528
74.78154
176.6186
205.14792
225.01575
121.244446
57.10548
113.602844
90.32695
143.10167
64.55949
192.62247
149.19739
72.03705
164.0713
98.96998
59.152924
15.046672
80.09022
4.2837667
54.36859
170.27379
41.47384
113.32909
19.472374
76.39482
123.618065
40.40237
96.51377
135.18404
360.91727
117.34056
110.15137
140.72897
156.91164
141.67941
19.543741
101.872055
87.500046
15.369751
111.53291
204.21414
14.722319
108.67938
8.543516
115.18623
131.10135
46.571846
154.08505
69.22225
37.603996
44.88632
76.93411
111.12669
43.614403
180.21146
124.2488
59.606586
38.019596
83.945045
73.71239
39.19101
106.73092
86.194595
134.46646
137.75076
58.44516
103.977036
71.6726
175.50633
19.789791
119.064354
52.77592
124.38438
63.47417
77.11758
76.80447
58.290443
191.89182
51.42907
36.897278
125.95347
49.78133
0.3931291
35.755703
192.44243
83.54871
13.69105
33.043114
184.50769
132.21718
50.785522
66.950485
361.3941
64.81393
138.42296
39.99268
135.15427
39.37705
346.82
205.79643
177.48196
136.02611
43.7536
84.991104
72.14966
102.38175
142.58778
84.16997
21.311567
47.585815
71.536644
82.84856
106.998085
283.63058
339.77402
204.87296
222.83655
168.00774
65.7339
147.52695
44.981255
41.934395
125.39813
160.71701
174.06078
253.18161
212.2526
123.94928
166.0875
41.10573
59.560738
106.72908
83.79262
44.95108
144.48233
178.37932
143.02364
154.47481
46.898785
108.76156
4.832307
47.568142
53.60974
121.56216
106.59972
70.72083
50.143436
48.57351
82.206375
45.206127
59.758717
50.727757
68.68549
45.830963
69.20749
46.750244
22.697659
56.718872
206.8678
106.41559
35.95252
36.342445
77.38216
121.04219
66.68681
201.11307
151.61081
74.69617
127.44436
135.69751
49.627842
36.329933
45.60357
115.44957
158.71043
171.89275
120.68496
116.60209
100.675766
216.6326
106.326126
146.91609
73.50634
217.57329
254.41434
204.20735
215.22241
80.21306
1.0681574
50.46295
188.25388
45.772163
127.7238
1.8255637
44.453224
254.94572
241.354
208.67241
242.25803
63.959473
132.92848
112.78518
102.84149
81.306175
154.57204
106.80049
160.92482
64.02438
50.825573
282.88055
144.82448
147.60692
100.323975
135.72905
133.34714
125.88878
154.00809
125.90143
171.89651
131.03131
215.47998
116.78264
91.14888
256.14124
10.252763
34.053276
39.294746
84.520775
84.02713
46.94474
71.61769
110.53728
133.07117
77.27013
86.68852
123.60066
91.00508
36.254913
35.875328
37.05113
122.21554
119.88633
311.8121
138.856
125.70422
65.65346
79.11099
122.72807
127.90236
209.2128
60.335594
61.06672
35.76142
96.20039
41.716763
60.873497
34.15405
31.900131
61.511566
186.58827
46.817467
50.03559
24.472883
79.78377
125.48856
129.77362
128.80238
132.2142
74.967415
42.132713
129.17525
143.7208
69.782974
99.37992
113.35423
0.61629784
39.736732
119.01292
67.227135
74.94136
50.379646
102.94585
230.64145
175.8933
71.428406
79.39097
151.63033
71.86408
66.49303
42.344906
26.966003
26.11579
183.4232
91.395035
125.73435
86.42847
165.46123
57.632668
102.42909
45.374496
186.1544
121.13412
79.58608
53.53711
151.99919
128.38724
120.18164
116.030174
85.326035
122.81399
226.24234
178.5424
237.45943
299.5788
275.79706
280.89716
292.48108
169.42691
148.60472
144.50177
108.15098
96.04897
109.172935
173.44646
35.46874
70.27698
40.475155
126.39581
36.579536
91.80231
88.10939
135.53146
35.922802
45.002907
13.731081
106.80229
35.563644
47.69341
2.7527862
152.11284
34.321148
60.598694
126.582375
12.430542
197.81615
309.92474
68.15928
107.61111
111.588455
175.54477
66.76481
136.19067
136.91975
126.91101
151.38943
57.994972
191.52522
57.69271
91.21961
77.423706
59.48233
7.277446
71.97284
36.547005
18.082287
75.4855
216.49776
104.97015
56.23636
92.73424
174.95804
323.6034
68.600395
155.79141
79.60683
149.86139
83.60671
148.28403
122.839615
111.67815
47.44234
38.37992
42.926247
146.8202
67.12987
182.51906
59.799187
44.71557
70.395676
70.810745
5.775127
37.79569
81.862015
75.64444
36.14053
71.52378
108.60803
74.63929
164.36778
147.36562
37.5921
36.474648
122.77921
39.42716
1.6195717
29.117273
57.917713
42.771374
81.158745
106.837845
37.569145
74.91005
72.645485
63.553608
139.28258
145.04407
89.83273
91.7437
64.697296
103.13998
84.659874
172.52872
145.03072
124.91093
143.85568
65.96603
118.47347
54.1787
131.96155
219.47942
72.32887
38.614323
144.22086
168.98021
46.974403
103.756935
133.17775
230.4744
84.825485
109.254906
2.7554414
36.875256
91.4142
207.01826
141.0596
69.29932
115.03186
107.94254
218.20296
237.20517
249.04105
153.93027
106.42888
2.0614579
106.96012
44.114273
138.36586
38.061195
93.11391
49.624485
75.17764
177.54803
85.70841
112.279724
106.00203
104.71422
244.00313
112.11659
155.65385
152.88858
135.67728
67.71114
161.84427
99.51744
136.55202
260.73633
214.6813
127.032425
107.245384
64.80618
70.93611
25.14333
140.24226
102.353355
80.16415
156.97775
27.616302
186.24272
113.00138
220.86987
215.07231
188.41527
38.308628
152.1011
75.62468
151.96744
163.08205
208.73653
289.33618
171.8255
59.14798
38.983807
3.1860068
50.73676
103.622375
51.42094
116.16813
149.93237
91.45818
126.567154
75.665535
325.05438
69.87145
53.655872
221.52454
141.46353
235.31396
89.32926
178.97365
96.226006
52.246624
161.76443
153.91646
43.047424
77.10601
111.13883
78.40014
50.94065
93.20055
72.22976
76.65608
100.089645
162.40771
140.02136
114.08826
142.05392
121.81126
103.991234
122.515976
130.32721
0.8878683
2.9776382
113.38436
41.824165
185.95209
71.16008
38.30555
70.49097
40.50962
76.75146
135.80539
36.398987
157.6304
167.87868
112.73843
87.1836
51.400795
39.30544
95.8911
41.82009
91.101494
200.60867
2.2504117
45.679535
34.971645
9.643595
107.71382
66.8241
143.0596
183.67465
112.022865
32.109703
105.006226
180.43912
87.19101
2.2284706
2.4699228
83.022385
75.244705
51.85454
187.68619
43.63777
171.19449
110.20793
40.24253
111.04883
50.06579
79.32937
86.493484
133.48596
45.945942
2.3060815
37.887733
46.189323
145.37497
156.70084
155.62607
203.85585
126.0728
187.46904
151.20045
19.79009
81.193596
117.68181
145.27165
38.381752
38.136288
45.200005
78.3926
146.24498
213.39896
87.42224
118.1907
51.747295
10.492241
101.35323
49.79599
109.05995
323.89517
120.825806
57.829018
230.1927
44.844955
109.78352
170.5938
170.65689
67.24632
116.533875
76.27753
86.33777
43.93026
51.27207
63.533638
97.165344
38.387733
176.1896
144.5596
38.631588
3.4032874
75.57926
86.778625
126.02651
208.12126
93.38707
124.98241
142.83035
117.73887
107.44466
124.409645
243.59286
71.423134
54.392284
133.96594
121.348465
180.72101
92.42209
191.90369
42.447754
74.4214
73.806114
144.88022
167.12088
105.44762
96.24624
204.92058
127.07939
173.11954
103.37795
76.67079
108.064026
118.88634
87.49438
66.09281
0.32904246
34.80486
3.6272874
187.90375
96.156136
42.74123
157.282
224.83025
133.374
97.74546
101.770996
4.164455
45.827293
46.435204
37.04644
34.871277
61.614544
36.817364
126.078445
231.1171
138.0692
69.992775
113.24989
125.08036
131.9168
35.368248
106.69871
173.25188
158.50595
135.14334
35.239082
200.49821
81.21303
80.84981
77.3631
67.42299
117.04901
12.718483
48.235954
107.6584
102.60545
105.961685
66.07591
57.71418
55.05671
24.049938
65.88594
94.85832
297.00705
200.06377
95.60515
102.41579
62.40033
54.29054
165.4028
125.08232
96.45634
64.392494
81.36049
154.57626
101.95644
228.6457
140.5221
109.33234
98.238014
68.43388
208.08902
172.75894
33.64926
11.448667
8.461837
90.15048
122.14447
83.43687
118.421005
71.49912
109.49884
250.67351
39.187138
156.0378
86.64841
1.4325837
176.53152
142.70772
125.058945
138.88597
138.25601
39.899178
14.625631
125.30068
36.893166
192.00723
113.357506
114.76375
46.58094
139.71997
53.468285
126.25256
158.34567
95.01529
81.83644
150.87369
65.73918
96.441086
144.72131
143.033
212.62544
47.51629
342.48013
173.61002
84.305954
49.063652
78.58235
72.484856
37.83851
92.29722
87.1572
203.49171
152.90738
67.668076
103.479004
108.60835
112.52678
54.221558
150.84993
53.930164
200.73917
247.73026
211.69766
95.54396
137.32147
97.30107
171.98642
205.49658
28.22327
103.83209
133.83157
184.68504
146.23907
83.127686
85.538025
63.46502
128.64258
191.57924
74.05495
72.51059
101.01963
133.5801
151.00673
38.888035
148.88065
85.41027
96.33906
88.20084
147.84552
71.34599
126.281006
60.116364
107.53971
125.04775
74.191986
124.73743
154.65811
76.512985
113.954
38.05929
0.14797068
4.971836
111.901695
97.44133
42.97402
136.43492
86.36946
119.20488
0.68693125
44.898384
119.40753
54.61599
77.16441
46.61454
63.257446
190.9716
40.510796
4.08811
81.92409
88.8678
119.015564
115.025375
36.820045
214.55428
211.84123
74.638145
119.71659
109.379745
117.196945
47.429466
180.64734
110.85219
132.73463
66.80222
74.31977
87.03328
103.46483
61.45954
38.5902
114.733536
95.79223
40.08832
163.78255
104.835304
265.0147
180.26256
65.518845
47.644096
36.330124
114.857765
76.168724
44.35081
109.13844
108.89055
114.35631
105.92827
148.78398
157.36375
92.07418
78.65916
98.49412
156.25624
64.589096
49.50396
69.57389
34.858055
113.044174
117.834946
91.400314
128.47202
242.28545
117.38401
146.99489
63.27993
149.28171
90.260925
41.19715
110.27797
72.14833
44.19416
59.563606
2.282621
77.28563
84.35576
111.27931
60.54458
64.976906
110.62727
93.99892
73.26782
39.777218
61.132774
80.046196
14.454242
44.282387
35.3398
42.53359
43.300148
2.3030908
76.09408
107.5182
3.1389165
80.67349
1.9306895
82.744286
166.32239
60.675026
59.49137
11.844492
90.363754
46.79449
47.214424
59.026752
129.8095
123.399216
88.75268
173.81883
138.55151
132.93307
36.527153
59.46342
0.69475436
218.58688
45.012154
43.328487
106.336365
161.35587
72.854935
105.15016
39.925606
135.95938
107.2794
395.55847
55.110188
139.27206
113.36267
229.76643
0.63350105
142.8052
99.439026
227.50198
8.260801
105.22746
72.43323
186.30238
36.159634
67.3555
102.36206
36.13601
102.27556
14.487909
74.337944
98.16716
121.76096
138.30069
118.92114
119.99939
128.63516
90.00848
89.52341
100.6241
113.54796
216.39888
253.68814
72.16597
38.62248
111.38918
165.1442
85.59898
53.287853
50.095154
33.81965
136.42917
179.10167
116.92245
80.32039
149.84898
71.71274
227.33255
67.78264
5.581973
39.105545
37.719883
178.56372
96.0301
83.43236
114.658104
93.70055
96.82794
75.91649
120.186
98.403854
103.01387
6.5879784
70.81438
282.05063
224.38
130.96107
65.535545
118.09298
167.4493
209.462
205.23051
32.186306
167.27802
104.5896
95.92318
47.77004
72.90564
114.50902
145.66612
46.275593
107.86387
68.985985
93.33103
114.88816
82.0031
44.89913
56.833954
83.2836
61.055565
215.25015
275.43747
225.67075
304.56177
143.75049
118.42806
43.344116
76.62158
89.35338
128.06015
181.94498
225.1729
81.90937
104.466995
55.10393
37.104267
33.198647
7.4192886
164.1011
43.03812
73.267235
113.97656
127.22505
139.96176
96.695625
112.116394
108.45387
105.01216
93.53443
119.05454
9.919826
19.462952
83.48592
161.45918
202.04196
24.660728
103.065384
55.13437
101.23854
124.87522
63.2071
117.29547
135.00108
36.29319
69.1257
34.1661
253.83981
207.5695
134.33005
195.40413
82.37584
229.1728
151.4149
192.69244
57.799507
114.369446
86.20899
131.47353
79.50834
170.06982
30.039053
13.65444
156.2594
55.037678
54.678486
90.95119
183.00122
165.31123
100.54674
149.27556
130.92168
141.28893
139.53392
79.80247
79.79471
151.66606
80.350876
146.59329
39.312492
203.80945
39.774986
48.768612
66.89801
184.90793
138.6575
50.474197
204.50443
81.14637
127.72838
97.5648
91.07846
54.03019
98.62113
158.16202
131.13014
118.23502
95.572655
111.188644
201.43324
73.4802
63.063293
195.24826
52.797596
62.599934
37.77594
43.602222
220.22253
219.48552
88.89299
115.45622
90.63783
123.16136
111.2417
107.79201
45.27344
48.005745
123.09554
37.97189
105.25382
3.522894
54.96386
134.42618
46.282074
36.617672
43.46984
193.42644
45.058865
212.54617
464.65332
85.01938
71.56577
3.4798558
46.47699
169.40462
79.507645
70.06369
73.43898
81.33186
88.99803
196.33209
126.2722
41.21687
1.5109428
61.165905
44.471676
0.31668025
71.81172
3.6054149
1.4246622
80.42982
185.319
126.28676
120.70786
128.3477
206.39023
72.751175
59.85978
82.511765
189.9454
130.37172
182.96242
73.297455
87.59185
45.95809
107.57145
167.51576
78.70127
147.45047
97.14663
141.57782
49.047054
143.90863
94.66366
45.54047
68.84929
154.08325
23.86283
47.298943
8.96744
0.3561421
54.353302
129.74307
3.074442
71.079346
37.93573
59.51541
83.143394
139.3807
69.22592
93.81105
152.39188
74.89971
106.890884
91.14745
181.08281
47.65471
35.68063
110.516685
219.78989
194.12177
83.393906
16.777756
24.338737
50.677227
59.36422
169.70961
208.342
227.3083
160.85272
197.64705
281.68076
239.05142
125.04885
59.887005
1.4023851
46.57037
143.74864
81.05474
189.66296
62.153393
178.31233
132.27318
96.29777
35.31835
71.11833
50.138367
93.48716
61.590553
134.96646
83.60766
68.33459
219.57007
173.20609
66.097115
75.32094
105.54802
107.91128
130.93954
139.24323
47.662792
39.915424
153.69394
109.97652
138.84842
150.06482
140.92038
71.67977
70.32585
35.925602
145.93636
73.908394
63.899426
60.890907
59.910694
151.09387
145.56381
219.33813
176.70277
121.88545
130.28073
79.2735
124.283264
50.028835
97.71579
50.86207
12.032461
84.703285
141.98283
218.77383
314.3974
179.52069
266.319
71.41181
162.63501
98.15123
141.90027
261.9798
273.21802
66.67613
68.13536
109.18264
93.16357
90.79045
104.59261
125.0989
79.912895
141.73068
81.4153
168.47775
37.04083
0.6377081
123.76664
39.81727
129.14015
76.77148
89.886925
37.29816
37.409336
69.9829
113.02985
53.70119
46.94947
0.56335825
20.05525
71.3628
29.170563
126.30376
148.82448
207.34856
39.7763
33.547
214.32263
181.1582
159.12265
185.90904
262.17737
33.63702
94.959854
67.52734
110.19232
23.633604
65.37819
97.24207
247.93631
242.97397
283.60754
254.4108
297.73404
84.52463
228.58017
156.93408
170.19974
102.31222
102.7844
11.181089
85.09439
76.471436
157.73236
59.9899
158.37553
117.65724
73.74329
79.13523
63.745483
39.17904
106.538
38.39297
125.72197
138.15887
37.440735
70.511925
94.425125
32.90531
81.66258
89.515076
59.989357
134.78719
149.17546
131.33815
87.62816
161.12733
112.61851
84.60762
192.71632
120.40531
122.37962
32.229984
58.140003
74.97882
55.730873
104.397194
136.9573
116.6297
24.864906
75.977844
105.88202
143.16524
146.99849
135.39804
46.089447
112.581825
220.4611
77.12644
76.82292
48.224316
112.895096
40.60349
80.96924
81.74759
229.95584
21.062437
20.461012
13.449638
149.63812
160.5568
67.91994
92.79044
109.449684
144.20749
145.01772
38.30465
81.01382
84.02853
75.073715
77.569725
80.58239
85.52124
74.61633
71.03429
36.805813
43.033806
83.91866
46.878582
27.050613
77.67745
69.24805
82.47394
79.54567
124.88927
88.25582
97.933014
83.0508
241.02286
216.68604
48.8014
126.95335
108.573326
109.92082
94.02876
73.868904
72.56441
48.336834
95.941216
121.633804
28.639551
37.796623
94.43387
36.690163
76.87295
113.816246
146.59457
168.2808
140.61371
115.31769
105.75755
263.74954
107.51703
95.0064
104.49306
40.872066
90.821815
79.1415
94.77057
130.20883
145.94221
193.31708
99.90824
126.29421
114.36238
157.48698
134.06895
57.24804
293.0299
239.73486
5.0065393
42.01164
150.3572
155.19553
105.69301
47.522804
218.43713
220.45976
148.32697
40.677284
89.8145
54.44817
79.66047
82.839615
240.66975
38.534843
13.272074
118.465775
61.299843
170.92699
106.313614
253.78418
83.96545
38.060833
193.22476
58.091785
62.53346
83.89926
51.922554
76.63722
150.96512
46.049004
100.05372
192.4782
201.85362
188.7449
344.47607
225.12337
41.14924
181.51344
46.654076
130.95175
81.18547
38.567253
140.92958
206.91159
270.04703
168.49971
214.07979
109.60112
48.092567
174.1675
73.10105
38.64065
183.43437
291.53674
205.48064
288.53387
257.56403
226.10576
86.33096
69.24436
74.79033
214.82547
157.03323
87.74252
70.50734
39.911083
108.03507
111.923965
148.75525
99.41109
162.79965
161.18343
141.1241
154.01703
44.905827
185.59154
150.92546
50.401196
150.04172
56.39968
58.430347
53.024162
43.9468
102.70653
141.67125
105.86613
12.428035
122.80827
233.69907
174.36984
6.466319
72.95522
11.21566
77.38702
39.248245
112.32235
108.93085
108.59316
76.30101
113.165794
75.70028
77.79667
70.06517
4.726919
166.21066
179.92914
178.28288
106.92168
31.986048
14.498991
42.75294
72.82511
184.43387
46.268234
40.86927
99.845024
104.265305
132.43715
172.03883
142.00362
66.43362
80.454605
107.77134
131.35812
81.608185
84.36098
220.47647
39.160576
23.179369
85.96682
34.059925
138.17593
176.15776
169.30008
147.6646
132.3214
87.79088
51.32937
122.08412
74.68044
70.06112
36.971123
72.35006
78.09525
160.89676
131.01907
159.48145
88.68174
147.585
95.49323
74.64775
119.52053
163.69522
101.22067
65.14377
69.09754
48.225418
37.38722
210.8649
66.30237
141.3699
145.73373
21.621155
128.71603
91.80843
80.25581
48.6986
54.17852
97.79236
32.551983
60.09017
68.10378
16.216967
52.824593
41.482628
114.470924
265.13013
182.47684
255.96866
214.84673
205.88098
148.17062
131.56378
110.18895
46.03681
77.39302
102.32598
72.14876
15.566917
32.61248
25.005758
80.10706
109.681175
84.44684
8.794611
19.410313
82.23244
104.6061
72.61576
62.472004
49.702194
119.30654
40.143074
118.55569
92.40813
64.78547
69.657455
122.959305
84.74311
104.56807
11.537762
222.38809
135.78027
114.099976
186.58585
201.90588
168.08151
57.6184
132.98201
90.00597
315.0708
131.68233
222.16818
226.74768
53.721863
176.92245
58.903008
119.61692
50.223118
155.52509
57.61556
148.27809
38.856575
74.654396
67.91555
53.308037
112.2073
77.22103
144.28334
125.74245
89.441185
63.019775
109.593735
127.24902
117.7415
263.55878
178.84396
73.45879
114.43654
39.20092
124.277084
121.98087
50.99647
97.39694
86.20772
182.49968
72.33266
57.73877
199.17496
175.83882
287.98267
153.66652
180.70567
143.82779
105.18673
162.0422
97.971054
138.06747
87.88518
48.79278
142.60674
49.982407
79.510475
118.40501
87.51312
38.58031
70.63997
84.50682
4.942891
83.87218
92.49266
48.723698
128.18929
122.45332
40.678577
76.18261
81.78733
22.434282
48.92833
176.9177
2.7980187
81.304344
183.57022
125.58777
75.71586
76.995834
299.65756
110.61824
143.85118
80.078476
45.633625
215.1934
69.06903
47.26461
36.623783
70.870094
17.98898
167.26672
56.849945
44.773563
142.647
53.64796
182.46133
98.52208
81.48797
146.57803
260.1088
112.2975
160.04253
115.127975
177.62306
151.37271
40.919983
37.35042
174.9844
126.29264
103.96134
141.08884
258.58414
137.80914
149.81856
133.81084
102.373184
13.094521
57.346123
70.95402
140.36838
54.06898
127.40483
139.77188
131.56064
43.706432
75.64942
121.7762
140.35367
32.755672
28.66093
38.847145
96.84328
74.142975
23.680851
148.69443
120.36247
84.541374
128.781
256.89667
208.7782
243.7564
192.99356
54.87788
54.36556
62.330833
48.313114
89.332924
48.40145
116.67578
180.56235
39.87782
117.571884
60.43568
79.79649
124.73152
109.20184
105.1072
76.05624
166.90366
97.044815
151.46014
56.0461
162.17487
10.910783
129.26453
48.81258
57.82627
241.36362
175.88937
276.3334
105.864914
150.866
191.81216
81.60816
51.00236
37.084587
51.175392
149.08661
187.11324
179.35226
156.45062
89.93189
87.420876
98.97713
81.893776
43.607555
74.78535
122.476364
113.88352
51.036335
73.19997
27.0557
125.01703
80.4828
203.76662
66.055374
137.99428
5.8755326
118.62987
98.131775
52.812096
112.02307
46.69946
49.193077
87.69173
154.46562
170.85266
128.92319
165.82452
81.308334
95.758385
60.177834
107.8855
115.89337
2.644806
191.32394
129.82973
74.13927
145.33232
91.42279
159.13127
67.38631
29.359436
149.85817
127.533554
90.027
176.77805
70.185875
101.74052
40.59712
70.179825
146.98848
45.12759
93.94072
179.08093
119.93866
106.11886
55.77746
87.56808
206.04839
139.91794
147.97878
139.0194
61.861675
234.73764
41.50112
134.88684
87.87557
130.232
242.62967
207.6925
103.48557
8.988738
43.195465
74.06938
35.117996
116.20858
168.73094
120.66115
84.53569
83.2517
45.182888
216.54309
211.80798
72.56163
117.57387
212.97212
146.73335
142.47995
276.0353
177.18553
214.27348
117.72063
58.56376
72.86875
78.05569
113.512146
41.83279
35.213833
117.69387
99.022125
37.70614
43.26187
78.12648
217.13408
72.50875
106.29918
73.28914
80.33228
244.12064
119.77063
309.70865
154.39258
78.23752
43.93559
262.02887
225.19681
246.69992
190.35817
144.90256
93.48204
72.61194
157.85611
84.76184
105.82701
92.5096
70.78042
68.85127
70.248146
276.74228
244.36194
113.97223
111.72131
181.93433
107.74955
88.80162
95.31318
140.04013
72.615654
113.71802
162.50945
48.90525
100.7086
76.297585
30.071812
58.73989
70.8763
80.530594
122.59898
63.97355
76.81227
38.588844
94.198204
3.8849254
82.04202
130.64409
133.16562
99.720375
0.07230985
74.57469
144.49619
113.13121
138.89731
38.905586
75.18901
104.5707
115.930176
182.13715
66.22775
37.491615
41.34661
1.1888347
105.37864
265.31006
74.20943
43.20432
42.49649
255.74712
277.03375
272.77686
135.37415
81.42468
157.21738
73.955826
162.86502
50.77102
138.01547
118.691635
109.98772
148.31772
52.077248
177.00278
139.47986
59.803905
101.14873
57.20873
174.0016
72.129524
46.18212
102.363266
216.55376
188.71654
107.59989
145.06271
98.9647
152.40742
107.49577
35.67713
105.94861
158.85301
149.64304
40.781914
81.23553
77.1591
129.87006
65.130585
27.129416
71.60442
116.16561
36.262566
85.20433
72.71416
127.23441
42.78203
97.8628
57.81065
203.25777
70.94952
73.3401
118.3302
185.26942
237.01506
48.279095
2.6539044
46.70194
101.5411
105.46902
96.8421
37.71562
109.250084
0.12699875
76.650986
37.470837
45.65495
102.42869
166.02461
309.8058
295.1348
199.75705
289.9629
365.52252
292.49054
61.518364
119.76897
110.87307
57.95992
98.969315
42.51706
97.07635
0.82873154
59.739006
40.016075
2.6610084
131.6423
68.28157
158.56454
115.33602
107.6422
82.71946
89.47697
150.12848
153.81787
118.24034
77.56993
232.74039
152.36603
124.52433
43.958183
36.590294
102.11819
3.5631115
44.582035
135.73805
182.47449
68.51109
82.67344
115.52047
148.31479
2.4422739
75.711136
3.591238
102.93931
161.08905
40.351288
118.36763
104.04586
68.841896
113.03319
47.569054
0.25926062
45.37004
35.15978
75.47035
135.09267
19.990818
48.85112
13.845024
92.54564
102.59064
114.53911
111.09756
251.10056
0.8108231
32.15771
81.73332
94.28489
180.28398
268.33734
44.601883
33.812714
19.128788
54.5342
71.28155
38.57936
68.55159
151.478
105.88418
104.93614
113.134315
69.791885
145.57683
35.630352
70.38396
182.674
84.428894
155.7311
94.20404
35.38027
48.80526
249.9188
80.71196
69.22253
154.30064
48.50693
96.3079
140.95164
254.29019
12.562425
6.9829264
115.70038
85.62626
70.28984
98.17167
19.118572
59.690285
61.322998
47.567005
162.47571
48.360313
35.222176
12.570879
80.34334
49.239037
0.4199148
38.348812
67.769196
206.6033
80.80585
4.2040315
19.829596
105.35144
156.668
207.73608
80.26152
184.61234
207.31967
45.3657
143.06299
68.348854
121.44393
89.81393
151.13426
277.49924
39.109425
38.392334
115.467575
28.11427
54.310963
100.63043
199.8861
43.048183
47.433224
54.4239
47.911716
112.69869
69.56084
99.388916
66.726845
40.548096
96.01974
71.239044
105.4813
124.30046
115.39394
7.9791894
58.603554
11.304421
76.53166
34.326744
68.456665
137.62915
0.82154816
84.3338
0.7797498
35.76638
63.32334
194.14958
77.79764
156.44136
123.91144
195.39227
91.909966
197.80484
160.2777
95.78373
205.9498
22.403782
108.17881
150.24109
217.69792
141.94011
47.750046
36.322456
78.28224
61.821205
47.244255
203.0667
36.568
46.464508
16.65543
122.3676
119.21596
178.0886
77.29669
148.40663
7.276899
40.195137
84.51385
105.68347
18.785616
91.99558
3.2038562
11.424795
41.68833
80.61054
23.220589
69.193375
99.34241
168.94049
147.71448
198.12749
161.91196
109.64247
85.24
122.708725
98.588394
108.94668
171.83138
223.55225
17.713787
3.0101247
106.05839
67.40051
59.527424
259.33566
125.6733
78.32783
96.863525
186.02518
112.21419
252.35812
182.13289
389.30475
212.87871
209.2299
248.51706
220.08257
214.11905
124.1169
127.2559
109.68858
48.39896
98.64501
85.37114
209.11885
84.36221
31.098597
151.91019
17.109179
0.7657868
84.082565
37.27381
86.6292
0.19273342
44.14072
16.603027
17.06595
2.556301
129.06175
94.62463
153.87486
71.68086
111.52519
212.25912
129.21915
107.68473
117.729385
86.447
80.61433
115.11483
99.94279
98.70865
81.636856
113.96287
77.62216
21.48466
88.15213
78.42796
106.248215
151.63536
72.275734
38.89109
10.131238
111.47555
252.84053
182.65067
285.0864
204.57016
99.149796
2.0583363
73.4544
122.899704
68.65298
93.33493
233.719
288.28516
281.40613
71.82215
0.3102102
129.14706
35.12611
82.91816
116.090675
153.52235
142.6953
205.79285
187.52072
250.97421
137.02232
199.90512
111.156944
168.33139
241.08846
223.97928
37.87844
120.14103
1.1419885
33.074997
39.164825
37.350536
139.67168
136.1041
239.73811
58.585766
69.72464
169.52798
119.257225
128.64677
71.37418
83.07208
103.89651
108.24326
174.04742
73.15829
36.507454
105.27535
175.33685
89.113754
129.68839
66.235176
103.2161
100.37404
147.57713
158.99553
136.62495
121.374344
116.67861
132.42097
125.74568
56.397167
56.83207
93.16329
125.68398
94.67326
167.86227
53.46004
58.203125
57.734093
146.86575
128.67638
213.90442
187.40462
175.226
156.48688
268.60712
47.213303
10.138068
114.89504
138.59525
168.98264
176.2936
177.02621
72.9673
52.191612
13.253372
39.07814
113.149574
11.091547
35.20469
210.48877
224.02817
210.01945
158.0449
71.46628
5.5757437
63.45629
191.71239
66.74419
108.43584
76.88065
39.779606
114.488754
81.20417
36.950806
85.8376
109.6212
103.533325
201.81438
96.182686
85.97448
161.16348
106.11188
129.78983
37.505295
80.88008
116.880005
108.95418
43.96268
208.11894
203.04448
164.36484
1.5770441
46.180996
63.165028
124.26174
46.878254
141.73149
252.8519
94.00081
104.287704
122.37605
0.8496742
115.925415
57.558033
196.04391
168.36917
157.2287
83.02041
195.16364
119.837975
134.00836
37.432564
73.525444
38.32355
131.31514
64.862015
0.22313002
12.134851
53.54389
62.23189
90.455826
293.3652
219.71304
336.32068
210.54224
375.73978
133.56558
91.87117
144.26819
144.64937
96.946976
64.500626
287.55148
249.72714
85.96113
166.62662
121.24972
71.72573
91.69751
163.16428
41.02665
33.068733
104.54158
45.3143
166.26128
29.750935
69.30147
55.058723
84.604095
233.29135
182.84685
2.0652995
37.553333
146.11359
186.71011
295.45172
81.09879
71.80327
183.51382
41.373886
211.53296
42.14271
85.38304
81.30121
45.787872
149.06924
69.39076
117.22233
124.86699
107.5069
149.78862
217.05205
77.867004
97.50788
96.6873
344.55542
125.07436
114.06604
81.02806
111.8381
87.13736
82.333694
178.3107
75.045525
75.71989
111.558266
81.73555
49.655224
148.53967
112.71071
199.83363
51.141594
50.5396
88.184235
126.617775
62.904102
55.112988
119.20264
104.18031
82.411194
36.015198
118.28743
80.9471
83.721405
71.323456
67.145294
159.94316
100.51249
175.70471
89.629875
53.08122
109.42135
138.79651
262.26477
275.55325
269.3561
307.0757
47.258102
176.5488
146.52737
82.829575
70.25543
39.261753
111.23094
89.71023
36.4853
92.98098
56.815033
249.62515
175.17319
81.04664
76.26564
165.52292
60.076294
55.419434
75.257675
108.57656
95.54797
21.496386
22.073856
138.46858
155.51343
0.5267215
18.580257
57.03892
78.99736
90.38989
104.773026
116.92488
150.7427
108.61082
184.45174
116.774376
69.05973
38.836365
109.89412
140.05792
10.95862
56.31822
111.44481
45.100197
87.04445
47.944252
45.66735
49.99237
34.93312
71.00105
110.33122
214.6101
157.74698
178.36528
211.50217
239.54507
240.99368
141.16861
94.38644
127.94359
269.9726
89.60622
80.013695
64.40883
118.40843
53.638435
93.81551
141.9849
287.11237
186.66498
210.26997
50.73055
82.79405
78.69196
74.06816
278.76447
256.32645
104.4507
178.3171
153.3345
117.65102
90.92996
33.4257
127.51261
28.895136
250.61865
88.72899
37.20612
103.669815
83.09427
116.301
161.0083
58.881874
164.05472
98.12404
70.76366
38.20814
268.75626
2.697724
67.66339
57.405144
164.2386
176.9859
91.68895
64.65517
9.657381
85.73256
204.46565
153.12466
74.28174
168.5506
165.30673
102.33136
70.64662
75.05379
79.08747
203.62662
57.682274
195.57376
91.06626
2.880243
39.402386
101.95364
80.084816
190.74675
148.14165
230.48311
237.58492
79.11167
114.5439
80.33999
330.26727
37.49019
69.86209
114.41996
70.7747
85.19432
149.66068
143.23636
84.344894
15.223413
35.5595
105.143555
122.2877
377.33267
241.27518
35.49573
105.57827
67.66711
71.39684
116.423096
70.39127
103.58272
115.81588
130.48926
109.20653
47.220856
155.7883
77.291
75.26256
89.9359
82.704895
180.3168
45.199574
48.397705
95.56413
0.9753976
68.89163
57.025684
149.55856
252.45212
178.53116
196.87
172.01653
63.483177
119.508896
135.14612
82.81136
147.8418
140.24364
133.94614
144.70743
65.52552
48.626118
50.299965
83.070435
272.6747
233.9504
98.553696
121.00028
74.546906
72.5081
178.41364
71.72089
71.97615
118.07361
118.2686
36.115948
38.015316
44.760876
99.96002
34.278015
72.652336
45.353897
160.52261
131.37016
154.04459
129.09247
56.22884
132.01025
112.08335
44.679497
83.44147
9.057424
53.720165
44.536827
140.58096
82.673
81.06831
177.52411
154.34402
177.65202
196.56839
260.10245
22.284834
39.946777
56.87033
88.40663
155.49854
85.90316
203.21658
195.03494
199.99959
244.45047
251.56418
72.35957
36.6025
79.72815
104.887245
50.174103
208.61441
144.06818
87.21563
184.13559
136.07253
83.987206
106.87401
219.51767
78.17562
133.32027
171.23978
56.74109
124.01383
75.94169
109.37622
0.82185876
39.351913
120.388
64.049355
83.64775
69.77517
56.71888
95.42578
81.84413
98.98187
135.86526
39.24203
119.46133
85.72728
46.443256
121.211685
148.71878
89.14494
61.59659
153.3768
57.13748
74.44991
14.191012
193.267
46.69084
6.3076487
97.91398
101.3466
0.42766172
29.49853
52.139244
79.898575
46.82265
80.35656
77.824394
35.002808
139.34668
192.18146
34.897495
47.41922
72.51129
179.78008
165.27615
89.73749
107.13728
36.35171
78.78543
36.50282
65.9694
275.96396
173.52267
207.33456
237.32059
175.22543
245.51236
243.37053
203.85896
114.36987
151.58191
46.089985
75.02052
143.21608
52.20022
48.80519
38.567287
66.74417
131.74425
40.0268
64.46669
110.410995
66.481
172.44443
68.556076
103.09788
88.35637
216.37393
226.87585
253.38834
91.26283
94.64183
66.622574
83.48988
40.79357
93.7121
129.54863
125.206825
86.71173
256.27567
360.8873
68.103226
107.396545
88.51342
224.64473
126.44548
146.47324
88.22457
69.570206
91.61816
79.27817
133.07439
159.1453
93.64108
117.152405
77.89271
59.43979
2.6983757
38.38699
71.97554
84.775826
248.30765
247.99529
63.256737
82.32306
76.54213
139.39703
164.60178
107.48562
74.884964
81.076065
77.08853
108.274635
246.65353
300.5019
139.32608
120.05328
49.55502
82.08245
72.09956
108.547714
166.30376
74.72931
182.92432
189.63084
50.60286
87.34116
112.52318
73.2281
126.995766
114.84121
168.29091
136.79962
70.18365
139.06645
108.77187
165.08945
66.91208
60.169365
44.187965
82.4205
39.79214
176.06018
73.923935
44.45123
0.4734448
116.257996
179.67819
96.33733
68.29103
132.26483
73.58464
82.566414
37.54682
73.32724
77.17703
78.792595
13.501184
120.25566
45.465298
178.14552
60.43813
109.52576
62.986317
146.76761
201.29768
131.54178
295.38348
211.92412
105.71822
102.71001
219.87247
34.24096
105.984665
82.99232
43.110092
207.20776
182.32108
80.1799
92.09716
152.6084
38.937542
79.948326
189.94008
41.90122
38.3046
38.885918
120.46543
3.0748477
78.79546
52.786724
118.319115
102.89691
126.15049
57.060863
99.99078
122.69499
44.79075
39.82927
94.125656
75.00806
145.97656
96.361
119.68422
122.81992
171.60849
184.60146
197.18718
122.565895
208.3483
245.63359
68.6454
100.608315
58.977345
168.10207
45.16419
217.88574
61.96926
103.13124
157.15775
68.58942
72.82863
34.569344
84.67919
34.57954
136.90303
73.03727
11.158858
0.27223402
52.360435
34.89746
60.22283
37.476574
72.15318
109.58827
113.40505
140.93712
44.84167
116.726074
121.58354
88.77019
130.53334
52.80314
0.5896592
77.460434
75.57005
74.932175
48.86193
153.47112
4.767478
45.623165
72.27034
107.42208
46.46022
110.63757
248.85812
110.002396
114.83589
114.71599
81.063065
35.069824
115.627174
52.4811
110.78068
107.72974
173.66574
72.99004
123.36019
105.01267
38.670403
89.096054
30.36823
0.35782906
55.978127
121.14215
107.08772
46.534966
48.46044
105.31337
11.044596
52.854195
42.99997
70.55653
105.112465
110.02716
113.150955
42.396904
204.24457
69.153145
82.96947
73.32949
108.67363
256.77783
227.63509
73.1284
108.512955
253.17496
173.62596
133.62679
51.315086
112.07379
83.4032
45.44439
4.143407
186.67876
71.558
39.098335
82.67084
2.5241559
42.76723
110.61931
282.3508
153.6145
121.465355
43.713615
25.670673
108.90503
0.85909015
0.747071
38.89503
27.821075
57.29112
39.771442
116.81732
3.9472451
143.56242
108.321945
53.38451
168.73445
38.781395
59.089428
91.52195
134.8422
71.15512
176.99382
78.530624
103.8916
5.487638
29.99122
52.233734
171.67894
3.3250465
55.45172
64.850716
132.63606
57.701027
50.94862
108.196205
108.2231
54.87713
138.58444
112.21993
225.15393
129.65718
77.923874
92.97916
79.64411
13.08724
77.03735
88.10564
114.0797
111.07869
71.52684
119.16964
167.66913
171.50058
167.7721
233.92818
246.73784
181.17172
225.41907
137.47342
144.23999
15.889857
61.114758
107.985985
44.936363
137.99203
287.9721
305.90366
57.027992
144.73418
215.47852
244.62198
204.7211
114.10127
116.471375
46.849842
39.400764
141.00723
104.948105
59.556843
69.66475
36.416008
281.74576
147.36923
249.96255
234.58359
216.08716
115.09491
57.181416
121.97463
53.75063
132.13431
219.4841
0.26649737
181.12325
146.27702
41.09943
133.25252
75.82961
36.320854
49.601814
41.769638
87.61652
141.93262
124.27073
180.38907
130.79648
159.34506
92.258446
79.896614
48.724007
78.91882
115.93534
205.73946
278.31897
133.43927
69.11047
154.48189
50.958885
72.22805
124.68308
120.611084
126.09424
103.17118
123.57194
38.09144
3.3823338
73.74376
108.87749
89.96922
124.630615
73.460365
77.74542
158.94295
110.39081
123.119225
24.114607
136.61673
147.06053
0.20198426
47.201027
137.92677
101.872696
107.74021
100.23166
72.04945
140.60452
103.94624
81.235794
55.718872
39.196148
48.42875
149.16437
2.6141021
74.61881
90.04887
66.23849
123.21159
86.39344
106.422935
47.34349
58.07024
142.2015
39.20914
39.113182
55.889324
203.00566
48.817646
229.40991
64.62335
12.009986
116.95039
160.20778
16.395445
180.82436
66.895905
76.171684
42.452633
137.41022
81.896385
117.0052
110.92992
106.82172
51.861675
129.16458
188.18228
2.8447566
29.035648
95.409515
46.939922
110.29463
41.329403
74.751564
74.54588
149.94589
77.81441
162.45432
112.417404
9.097995
52.284386
171.42712
86.181
1.2332062
101.16817
91.82237
43.351654
34.63943
70.79544
57.981323
56.586376
181.01988
103.6215
113.87996
209.36081
284.99692
190.19482
286.33557
182.06233
204.33344
217.59978
241.19238
48.2294
71.757774
83.63834
139.07889
3.284122
43.45171
103.743
37.575855
87.31142
58.838295
90.29169
54.08039
151.32855
38.94719
157.21332
133.86
73.26975
45.784996
225.0894
193.139
157.88101
72.66771
224.01949
87.709785
123.15371
10.800631
42.382298
78.238266
12.772181
65.11296
152.23975
32.576183
110.06287
159.27666
179.19553
56.44414
101.521034
98.16252
135.4509
230.45891
1.9873393
36.356853
113.918884
43.717155
71.64349
55.810295
234.91988
222.93086
162.19629
137.06992
62.577198
81.89161
72.40232
95.39543
134.90631
15.012491
2.3095407
77.44177
72.68332
36.354828
72.159706
71.38998
128.35715
179.42123
99.06528
149.57678
161.92528
139.17393
137.00803
165.60544
91.832886
99.65226
105.35555
179.88872
225.08081
250.00046
264.28568
168.6362
196.56444
2.8621993
2.6076326
90.72118
107.92208
56.735565
83.213844
84.70932
73.894
35.029686
251.86551
216.10735
254.2205
227.44711
259.10736
148.47801
72.42692
77.324265
183.18755
145.20755
217.88382
42.12986
156.15492
360.9824
256.427
338.67953
256.59637
235.84517
261.28027
227.12735
9.501689
117.7946
20.612682
15.709043
2.7758975
31.216675
73.57892
111.874245
51.350594
131.7184
2.7233832
118.2466
81.99988
110.09593
38.519276
95.0405
212.1062
92.314804
136.64961
105.435684
6.6854286
3.2529855
1.4370488
44.012714
103.010574
73.72676
36.736626
43.48182
75.99078
107.96196
82.08586
39.682144
41.312183
143.2021
122.74654
93.29985
83.377075
59.64791
70.827515
150.64377
158.22295
73.255035
80.30748
83.70401
93.77654
23.627256
159.2215
193.86847
46.61718
34.665306
35.53651
36.597485
167.77728
209.91621
130.08987
240.25078
32.74214
73.08705
235.93819
175.28564
63.88305
102.62561
206.05537
57.351562
91.64928
178.47002
93.49562
30.192661
264.23813
45.96496
135.26123
77.33785
97.82053
132.25247
35.346
153.09702
106.04978
38.18734
42.119698
222.31348
198.90866
294.2795
121.16826
57.048927
93.78627
143.79012
52.291664
77.602646
91.22203
102.99689
154.59221
112.42059
108.555176
172.16098
59.945606
87.06114
94.9076
91.77098
139.46997
103.552536
37.218822
70.31478
29.1704
49.707214
40.18539
120.388466
111.49391
36.7766
143.06747
39.902565
101.308266
12.043964
5.6940207
143.95949
184.73549
118.11167
94.12456
134.35355
162.6089
88.14774
16.936415
21.503763
128.02982
194.31668
128.31418
125.5824
127.51526
57.22509
213.11165
9.2709055
41.6216
249.96721
152.5568
40.30619
138.43517
212.26692
56.170208
106.09148
179.99898
73.35689
114.76378
182.48206
199.07983
83.40435
85.23146
0.21752074
95.91106
159.49596
87.47457
155.70634
73.34768
46.13424
126.278114
106.593155
84.06859
130.94943
315.59125
127.69409
84.39906
80.965515
46.846043
138.40594
37.77257
15.081047
63.49648
10.7068
58.35442
10.893961
144.77591
65.258804
71.277176
113.47943
171.7683
216.83078
136.63597
115.02107
76.583786
124.00023
107.55505
95.78904
116.97649
102.9397
169.0443
228.97392
105.90419
1.5007489
34.723377
58.339027
141.01692
71.9828
88.27824
151.18027
75.07634
78.001045
55.754707
79.36523
55.698006
128.44835
104.01642
106.331894
100.67369
68.54555
45.01952
69.26418
54.570503
96.9525
12.850914
81.14007
93.02641
142.95596
136.08983
42.06344
42.54312
68.65012
71.53874
116.72545
153.33273
332.68414
223.11247
81.59129
67.62639
112.542404
144.32152
140.19905
73.9905
250.10117
231.25403
281.358
175.70837
307.5858
208.01868
302.29074
193.22913
270.00986
125.856094
118.02604
86.33168
119.38955
111.268715
106.64474
146.76898
116.876526
40.59555
223.94307
158.45847
90.71272
109.65017
113.71735
73.434616
142.72095
102.91545
103.2997
119.21122
245.58438
76.93258
71.92516
134.68504
104.65194
80.89153
38.357044
107.55247
45.389076
64.05446
142.71475
2.6174014
36.37304
95.08656
84.44176
72.20351
49.355
95.13561
48.412292
11.573088
81.36358
20.215502
85.602005
49.14797
126.52281
115.36881
74.68266
77.63082
104.173195
103.88805
211.498
152.89093
213.55603
225.58786
188.73303
122.41356
170.0983
163.37828
104.55151
91.50293
84.47901
59.058388
83.54396
121.80619
48.857445
14.823176
103.67842
52.32487
104.94548
32.88201
35.172215
110.52022
33.091927
102.91516
65.47831
63.327576
90.636894
102.45254
74.43361
125.271164
44.037262
47.332443
58.37022
111.18191
154.22243
113.62213
76.012924
69.29409
122.81039
43.800255
79.68543
44.072987
67.42564
105.0016
68.262665
53.62864
86.93193
159.28072
58.321373
182.58946
184.62039
106.47472
150.37167
151.99739
94.170944
59.553062
118.15257
64.19932
135.55147
105.50774
88.116135
109.81864
121.064316
33.541676
92.503235
115.14418
172.31189
51.657055
92.22109
135.4729
92.21358
43.189644
78.19002
89.071754
104.96593
39.662758
73.81473
116.18477
167.03128
103.90055
48.18278
170.45605
38.28793
133.89236
69.87532
115.47158
34.22297
34.006073
68.59431
191.52043
88.354385
116.13959
86.8517
170.34404
100.47545
127.213135
107.20055
46.059456
108.641235
151.89236
108.54486
168.20496
69.00731
103.274254
61.85378
115.1275
54.133698
66.07235
68.07232
38.79689
102.26362
137.9307
119.19939
0.99897814
140.87805
69.42145
185.27083
85.13579
73.14315
95.04116
127.83584
155.89177
138.69736
44.65209
239.57661
180.0179
68.79912
128.6462
168.98154
85.72835
166.06924
76.430046
46.203465
95.51588
30.387989
101.64674
83.86248
70.02912
179.24716
166.53766
119.03652
136.22812
49.484955
81.30281
101.47239
156.56293
250.43552
176.43965
105.122536
80.680595
33.12353
80.81886
129.2971
77.95989
189.99934
127.894875
93.63127
154.27077
2.8754375
77.99974
135.28777
165.1767
94.49196
34.50808
53.94264
69.9528
123.380455
33.68852
62.62127
170.44249
152.28981
169.02864
226.98235
87.83656
44.675625
70.87986
105.767845
100.87941
100.66778
2.510251
43.618496
148.74237
35.629517
146.14809
102.111
130.91594
49.91728
194.13274
184.2775
182.79416
119.58006
96.92906
49.35938
190.70392
161.26001
46.41464
102.525894
99.51632
137.76266
227.92342
66.41816
59.361095
101.228134
56.51294
68.43777
87.78365
182.39142
45.62281
103.96153
67.08617
9.325146
82.75426
96.59426
77.35528
154.23703
79.923935
115.10425
32.449547
32.069054
74.33313
48.242172
139.34012
170.98872
108.676895
72.32677
156.6467
87.52493
22.814232
85.79394
72.0291
0.58553773
41.748566
88.840965
15.668141
104.107056
69.34623
135.81181
38.9495
269.09195
170.53879
181.26807
149.39517
271.5457
212.776
290.63297
116.46171
148.25627
26.64095
26.215984
98.505005
77.087036
96.16933
14.307101
67.56935
66.80575
70.03662
40.771294
40.20652
104.219055
66.94032
34.198093
68.07583
145.59012
83.941315
83.44115
81.13053
97.99596
152.58109
13.664896
47.60599
92.95979
187.69943
69.77817
104.67755
65.0891
118.07085
68.38835
45.80996
97.84183
159.55472
152.1106
87.75642
64.31123
161.15353
66.164085
165.63867
82.19054
101.03703
105.1995
150.7032
2.8357432
72.05177
110.99034
44.483658
68.09284
83.90037
194.33858
61.412224
70.41331
97.39696
224.58061
66.51227
103.68315
74.29146
74.004425
67.21991
39.87414
31.840536
50.20295
121.31449
178.67078
52.24455
54.04995
85.63645
57.348816
191.44876
106.112854
222.32248
174.03214
141.61153
6.911377
92.99929
136.40973
141.79593
177.4753
98.0237
42.313244
107.64325
155.59914
154.99174
185.34903
90.72615
88.51336
180.42453
51.872284
220.87247
111.63257
148.51517
86.694565
72.79176
157.71263
94.002365
162.91998
96.404785
112.35077
292.26068
32.09253
55.36311
65.87174
189.69945
143.06683
81.726875
98.05438
204.70871
79.58744
183.40536
38.447456
93.53098
68.89988
240.38383
73.13721
87.00392
68.96654
52.89315
162.87393
157.89932
120.22902
72.87132
97.95224
91.94588
150.68365
130.70937
103.94325
106.75166
68.641556
42.385944
74.61895
45.38963
82.952805
45.80534
105.883286
89.119446
36.10406
87.80408
75.08052
38.454945
109.33604
38.802437
163.3814
363.4271
5.86009
53.711
13.338979
99.43354
100.92289
131.38164
196.05063
101.84961
69.37197
49.73395
119.80379
121.004234
66.5196
96.19034
56.32649
183.00974
122.90686
124.16935
74.828064
82.67437
201.09846
150.1684
34.60466
105.552444
83.888954
183.91107
130.46762
182.45845
140.95515
132.48016
224.71753
105.14848
59.482048
110.39821
107.348915
116.70327
134.17108
170.33383
48.25076
72.05888
76.309814
105.20416
122.474075
67.6076
61.081745
37.74595
156.43259
118.08295
51.083508
36.508987
50.324608
238.26538
171.32861
293.3048
75.75567
108.74896
46.62369
11.671758
38.231846
66.63216
46.676598
149.09105
144.29306
80.89429
115.2573
74.810036
85.789505
281.0759
246.6667
185.82735
208.69312
252.51761
204.75635
67.56637
69.545784
66.810196
81.37868
46.67934
71.04093
62.994953
54.993294
70.33714
79.22567
46.68716
38.334328
152.43289
106.70199
64.03918
34.89075
104.68392
84.53674
176.18944
190.91365
92.3455
105.60172
20.67394
109.658
76.73349
102.57512
117.27366
195.95047
110.573135
81.21273
123.52263
91.63303
56.154896
82.333755
8.762495
16.296232
130.05788
104.81273
77.27962
121.564224
78.50665
177.0864
116.87317
184.9225
39.84644
98.40538
171.77707
78.96779
82.673584
264.3891
88.29397
101.98414
93.045715
105.23633
36.547333
74.89213
102.26442
140.5822
47.7512
186.2556
82.387856
53.748436
6.3435345
8.673772
158.47841
37.959557
64.229
12.331102
74.99729
2.5955365
10.285534
73.71569
50.434517
43.602036
89.23949
54.709362
72.156105
70.3713
73.09651
41.34413
225.83762
391.9007
233.25945
310.3454
205.31425
277.8493
58.236794
109.82623
22.075928
57.350594
35.0554
211.28569
261.73773
76.96996
73.42083
73.77546
41.256283
0.24220094
61.30763
102.19377
144.47116
35.02604
73.47347
120.54692
40.08317
107.83783
128.87468
103.265236
162.6511
57.363197
40.455887
187.76523
183.75943
225.42896
234.50044
229.01395
228.92065
146.24875
82.7769
50.57711
9.642233
82.590805
90.38216
86.26775
81.14488
116.078575
242.08784
130.00632
167.04922
76.50352
122.287415
44.38142
64.51866
59.095325
79.33031
66.192184
36.452732
1.126121
125.496994
86.52461
13.368831
82.462135
146.32884
174.91815
79.94001
75.098114
70.64833
13.120756
80.188774
135.05034
6.114508
15.490128
19.409214
20.052706
98.50633
103.27513
47.02573
103.97835
93.86614
327.37222
225.9865
176.29407
114.91797
57.113274
108.28314
143.51868
34.792805
1.323158
29.078938
84.22217
15.790196
82.33652
135.72134
55.8091
99.00624
65.52037
113.34135
29.194544
69.27401
52.926636
108.61705
92.90658
101.685875
82.85616
108.89186
116.72483
115.96019
89.86131
69.905655
183.17453
98.636856
92.858505
80.288376
234.2185
46.23848
22.927557
52.681236
37.217278
74.40277
144.26846
176.17975
90.699814
120.96863
272.48444
122.31511
71.85964
79.57152
97.40501
54.813385
145.63733
103.82092
67.2512
71.84576
118.86062
47.637516
103.91315
49.091423
146.51727
277.27505
205.3757
73.157234
205.45657
91.44377
127.200134
60.414642
70.29347
179.17564
51.452065
149.5213
98.06567
128.98958
89.12575
6.8502617
124.7335
78.5067
118.28352
107.65176
56.035553
68.96655
49.768433
106.963135
112.76872
131.07663
226.38516
86.86446
152.02548
126.34929
152.75485
71.66396
149.7222
67.91531
143.07498
139.74683
186.29239
184.5879
137.68576
168.71556
139.99968
101.45653
124.1108
159.22171
143.24164
106.34994
97.54851
34.058235
67.5309
43.32682
62.294167
1.2985703
124.91693
49.212627
60.399773
203.27083
101.45656
161.97125
188.5103
40.075615
190.56462
213.15
85.123055
235.61752
159.50124
56.425556
57.330894
118.05294
120.443726
42.324455
36.016205
57.00747
144.58688
59.925255
80.538315
75.754906
68.266846
79.82713
81.332886
20.576569
29.69761
49.263
69.337364
118.003555
148.5408
37.265377
137.80464
33.6044
137.32669
73.54414
104.70248
41.128357
85.292336
106.481346
253.81067
144.52194
49.13564
2.422572
2.5475597
71.0913
48.306213
1.5866368
41.896736
115.36723
86.97246
73.60469
51.007805
37.141422
177.66353
70.35857
73.137024
45.251446
39.768543
83.554436
57.801525
103.08887
151.0177
34.387028
70.08574
126.66892
69.872894
109.87181
78.879974
107.116135
70.22832
138.69695
219.22331
318.4351
25.547237
49.455875
135.65451
72.49683
109.13749
27.70069
107.30418
73.18768
35.746284
81.45618
122.7124
127.65515
158.09712
21.553513
23.722431
84.265976
2.8929305
36.57531
73.042984
1.257957
54.07713
152.23459
4.935073
40.42253
73.45103
38.547367
0.4879621
49.5626
239.01477
88.19778
101.567
52.489723
68.88416
32.95648
120.09275
127.84281
108.95619
269.151
86.92638
1.0714117
88.640915
79.11359
67.74721
142.59921
122.83144
94.968
153.31717
104.67114
79.32173
107.50641
167.97188
85.70503
92.75672
184.60153
153.87749
7.1265936
7.4262705
4.6854715
19.489151
103.35441
95.518715
99.62068
145.04031
190.03577
58.758583
106.35215
126.85083
37.349117
111.1089
75.23274
239.05093
36.36097
88.110985
113.222336
167.95578
92.58515
123.01912
36.83903
73.184044
72.14386
2.9252045
79.70381
64.26972
94.59438
69.44515
5.4393554
72.91933
74.39365
56.01062
142.86694
143.91905
79.713684
171.36075
32.96069
85.87703
38.727867
171.53288
137.9449
57.565895
38.302147
104.6899
2.256153
14.856596
135.90266
54.64034
90.46469
168.90324
126.35138
58.002766
70.28198
65.615616
45.784695
104.7271
36.110786
86.726875
132.70825
50.595352
84.40011
107.359024
54.427696
116.78992
73.46848
134.82426
163.7268
144.26215
146.85428
110.39951
58.42463
116.95071
91.12506
145.33755
217.30807
80.34073
72.95189
84.00082
79.29958
58.091248
154.06981
124.15697
168.04958
312.84338
78.54173
91.0912
41.61956
71.447655
107.19838
98.01811
135.42204
160.82797
107.16864
45.63842
42.615875
67.00576
42.08201
41.868553
67.60707
36.329548
226.52527
95.85634
196.80177
38.225357
121.638565
69.6188
172.44785
83.67476
245.5195
177.22243
59.28652
129.76558
31.973211
35.72808
81.91302
43.44819
148.04773
33.07968
87.830414
173.08646
206.19193
180.65317
63.908253
60.63964
68.77818
83.30324
98.401474
75.10658
106.711975
106.33043
98.273674
0.64794344
99.52467
80.469986
100.32286
95.84218
164.98831
195.9135
555.23175
182.57315
204.33817
226.23904
49.98543
70.396866
81.99312
47.334084
37.4206
113.72695
103.90163
184.6836
191.2966
80.56825
208.20981
94.72711
139.73955
66.04614
76.1192
72.592575
34.005547
126.69159
93.729645
149.259
343.90854
228.4589
84.75224
136.6985
78.171936
36.705254
73.62152
111.32815
1.3545578
35.568886
44.312042
38.749054
66.58185
165.91037
3.4019012
107.84298
34.277237
67.03871
56.54663
57.17687
87.202835
37.772957
67.721405
5.992427
93.879944
125.31012
71.12387
40.8073
190.444
190.49484
49.301384
131.2171
2.6491861
0.76296306
34.798393
68.454155
0.570433
2.7122478
87.70562
136.57797
112.571495
208.52629
116.9399
37.802746
47.91129
98.870155
40.52236
12.04098
204.0603
2.5524812
46.49295
74.54846
196.63812
75.55678
115.63728
45.6773
144.51573
171.87271
20.673939
37.491817
11.499513
77.888245
104.16988
105.9709
112.63328
101.72881
82.1066
48.266747
167.98521
173.845
102.94796
127.79291
18.35094
57.4763
195.71677
77.18838
11.54339
49.278713
228.71292
1.8525747
93.55626
32.966713
67.71881
34.27276
66.2418
141.95885
130.46109
13.777481
55.706543
43.9759
36.14005
80.32721
174.35306
71.10909
0.82204044
138.94504
125.12929
46.26313
136.80823
68.71362
132.26883
207.46758
40.58476
200.64229
65.51416
4.924573
99.68495
159.3649
45.92566
36.841846
43.85663
69.89459
222.74704
202.84961
110.20127
70.372696
77.72306
129.98608
81.541
98.52864
43.44175
32.39367
133.46419
158.45761
34.8588
69.929
136.02704
104.299095
102.24115
83.40855
99.695526
71.37529
34.29049
39.667023
33.407696
101.29311
0.50670755
98.394
49.599667
3.1196704
99.9657
103.02629
164.34723
102.64305
132.92358
171.76761
85.58083
36.029816
10.952729
130.83495
35.286777
186.43759
36.757187
0.126773
140.2417
38.684822
68.364815
38.022995
10.364961
85.32399
143.03596
15.792361
49.32252
118.80853
137.45035
35.27422
73.51924
220.09677
333.8441
101.01842
73.36317
37.20699
102.805214
104.08791
1.0715476
69.65577
305.0668
212.29138
241.77495
169.79398
194.46097
94.828705
127.39319
45.428394
101.66895
68.12546
102.027855
149.76096
73.17909
34.332844
0.7935144
1.5732272
67.9278
36.367985
37.049675
214.43892
157.18718
123.793884
65.28412
96.25312
2.2685165
41.60486
70.953384
72.48381
54.79179
16.619791
43.816143
181.47713
236.87907
203.32008
57.478504
175.78123
214.17859
246.27104
266.01358
233.48637
122.276535
70.17619
83.300125
137.58952
270.1583
34.797493
71.45747
98.467384
34.386402
55.799232
116.94334
68.57146
68.21946
205.46753
127.00993
148.31084
139.07675
108.27055
64.704735
96.39713
63.081047
32.15346
188.59482
77.65451
98.74862
167.33194
107.86928
96.2679
63.316967
101.79124
94.77172
34.755657
51.651184
137.85904
108.41234
141.50024
139.47374
136.91046
164.92522
78.15373
53.23462
52.078625
124.71291
165.9994
157.58783
70.702446
101.073166
114.68805
184.315
125.39248
129.54216
81.95184
63.3323
195.34348
44.505615
31.812347
34.13836
97.293884
75.7277
140.74524
150.66818
154.52638
169.6465
170.32196
207.90976
35.073223
103.671524
86.390495
49.71309
49.985786
121.716
225.82317
301.31937
34.79485
35.402073
183.74658
49.476074
86.81042
93.544464
150.4968
140.1943
69.66453
68.45307
101.92302
182.49341
136.52036
47.787926
87.159836
113.11916
40.069862
49.446342
11.899049
99.88427
173.92749
116.49437
32.066628
169.63623
125.050644
165.3212
98.126915
153.19727
121.73189
171.85538
5.0502086
12.841797
117.01137
118.01609
171.26051
135.20473
188.39163
281.19745
291.30023
235.58252
47.516827
102.06587
100.32336
56.92875
162.99538
164.66599
57.08547
48.02465
69.465836
142.74268
103.350136
54.88679
166.64651
45.36689
45.78583
66.99255
3.1923795
65.73952
83.53498
14.705841
97.40093
90.8922
81.0329
72.625435
103.376526
135.7502
147.38113
134.16164
98.032455
68.47307
70.06944
105.42898
72.3194
106.21791
72.3461
73.85536
190.3138
34.396294
152.23659
119.23601
66.99596
221.89359
209.70132
241.64485
43.049408
92.27156
48.874855
101.02476
69.31853
112.045006
143.30075
76.068344
64.636185
78.998955
56.802086
106.56262
133.76053
155.47595
283.34958
13.478455
54.79358
33.949364
32.89231
133.58292
2.98592
78.01598
69.00337
84.425735
52.626587
87.32779
65.8525
186.39786
79.03829
0.93908197
113.43909
74.055786
67.20859
65.030106
146.86467
44.581028
71.340355
159.83784
150.76883
43.39861
39.419106
70.84062
100.9722
269.456
256.00238
187.79907
41.5875
70.35884
114.76565
70.63718
133.77235
32.27125
75.43379
191.00723
38.350567
130.34702
226.32275
148.8547
90.990395
130.62547
74.14076
109.30137
113.019226
70.5385
170.6832
255.78793
55.519493
85.88781
221.31851
44.50042
102.40436
3.4170995
49.06535
71.670456
71.79534
80.246284
0.44349027
117.53833
110.82668
38.94866
30.864838
64.966736
63.832172
104.185585
78.29521
159.83139
3.4364045
5.8478594
72.88777
90.782295
103.048195
70.55696
106.43071
148.21884
68.36688
37.922867
32.394733
78.895164
62.91524
137.78207
110.95376
15.277043
50.904945
13.6488085
13.767688
79.908455
234.15625
67.826126
35.77382
234.55684
228.61813
235.12373
87.82128
171.7739
68.38348
124.47078
68.57937
70.21618
65.636925
62.52796
31.208948
136.01106
71.843735
134.94968
113.34895
45.407124
267.90875
233.30923
143.3116
231.48682
236.96611
231.2745
70.75
81.69767
51.116272
84.88841
184.38213
308.24933
271.91748
169.72067
243.15999
217.04166
114.2231
102.36811
119.89647
36.24051
82.762375
45.581455
88.17023
140.09995
70.55802
145.49332
89.7647
129.95406
117.66659
160.56941
63.622692
97.5014
44.112812
74.82689
199.52812
3.4350522
116.153625
129.05045
100.84326
101.319695
77.34864
62.031086
71.813194
72.066315
2.0308313
42.61988
65.668106
102.22725
96.43233
192.30338
164.40225
197.26367
65.02271
127.623436
280.706
217.85368
174.65805
238.10654
209.67244
67.846695
136.40488
25.27348
3.2962334
55.338696
55.49656
56.802032
120.36019
239.74919
190.2262
85.353745
13.346823
137.76743
104.35608
2.8202748
15.269467
42.13307
76.37116
36.669327
147.02774
126.196335
36.445248
96.37108
65.18502
69.30352
101.70758
71.76436
34.828526
107.44662
37.21567
67.856766
10.649208
37.100117
93.96048
81.80597
67.54604
37.70501
103.60022
108.71391
38.055004
79.06352
131.00899
100.43365
79.94029
55.472485
97.14512
166.04921
148.76382
62.035248
72.55184
240.54758
233.16385
65.49419
138.90027
120.089066
94.90346
80.51049
42.4291
122.11776
143.81534
51.46682
250.33902
209.08015
62.65396
169.94496
167.0086
71.95319
111.99392
127.700584
34.830936
40.222237
84.67574
68.515594
62.59632
71.27046
38.963585
65.65587
18.488632
18.142504
68.536736
35.87276
34.823166
20.183887
55.80432
133.23615
37.991604
69.613396
149.62938
25.33867
97.514114
54.25179
72.93529
168.2416
102.0294
195.84055
37.863297
100.53667
67.34642
0.24424188
101.60073
113.74019
34.49273
37.097466
3.1621833
69.11849
0.5922782
65.672714
99.70476
73.92735
70.104355
2.4186618
95.32164
81.52901
75.05906
78.513626
60.977734
43.54612
43.43349
68.858604
182.28098
209.99272
289.75308
276.53198
260.01822
248.29495
46.69924
229.9689
249.7388
36.20384
66.66731
200.6578
42.0199
13.877556
74.06629
47.43181
37.488365
171.395
184.17297
269.78912
36.107513
227.95285
188.39185
32.409424
34.41017
133.9924
66.74348
67.91114
67.91099
113.26904
71.18082
130.75423
46.596264
32.228603
121.903564
67.58286
68.61293
48.60001
136.5176
111.9479
161.77869
204.60605
140.996
46.17888
97.47938
180.69289
104.37954
244.253
50.91336
36.731266
135.55193
33.565952
147.35503
0.23502107
35.261105
235.41736
44.184624
34.12567
245.08452
216.3145
65.556305
131.3458
144.57016
150.28091
54.776825
98.56506
135.76459
93.65961
130.79506
60.22458
148.70508
53.447693
34.373974
260.22708
41.64181
213.52148
6.106997
25.016582
33.255455
6.7872114
13.83671
44.44004
142.77362
69.61737
12.4387455
87.1591
235.26411
35.478294
19.619778
86.549675
86.752106
71.218925
137.8096
120.16514
15.132065
45.872044
116.07302
172.39134
89.189766
156.5979
176.98148
239.97034
255.98178
132.51581
181.03506
206.52605
107.50704
4.3492045
60.09256
77.769585
34.990665
81.06964
2.7606368
4.1211715
4.3666105
66.31828
163.61334
161.7985
171.58333
53.98056
120.710495
53.671074
300.3632
251.28218
182.77562
66.387375
81.99111
70.46028
204.83682
107.97858
41.136604
99.06455
5.5215607
59.063545
66.33738
45.158783
203.33301
207.50554
114.755295
71.82494
75.422485
135.74776
424.64648
390.8397
38.47117
93.000465
74.0134
34.834522
73.71381
48.494656
124.02495
184.19348
137.54233
76.45453
40.774906
119.601295
40.88415
139.46825
67.04854
198.18655
3.434761
32.398228
288.75565
225.66113
191.95352
187.03745
267.5958
170.2516
15.292229
68.56709
73.736015
115.82744
2.8015008
82.06893
34.398026
45.460495
88.88316
182.46439
46.42673
91.25261
86.20299
103.19541
76.08074
135.38591
120.45809
101.44411
89.133804
92.64984
40.339787
103.099144
122.6797
106.02637
86.27357
88.43155
117.538795
175.1309
95.659706
95.15864
271.96368
190.79883
104.262024
83.33947
85.616196
36.924923
99.13617
75.97888
140.9814
181.8055
70.83418
98.16722
108.857544
106.19729
145.53728
32.85476
90.42491
90.759575
144.72891
75.463486
132.20132
157.99849
89.777016
245.0188
173.08142
134.08163
228.57446
235.01729
267.14493
138.76863
38.58898
60.98388
74.3887
134.13647
0.44468838
87.95187
127.90088
69.06918
132.3434
173.05551
175.59897
97.67445
170.86089
76.36025
57.248554
107.55093
85.1853
201.75142
79.002716
120.70347
80.43817
141.48926
118.58269
127.11312
52.36236
8.980063
145.22408
149.00986
131.73204
4.666131
55.75254
71.37776
41.026936
141.3206
252.5606
60.006493
273.97223
130.56421
173.3842
76.82123
86.041306
73.933815
109.11155
127.61623
108.619675
164.70416
176.20966
121.82524
123.039085
144.4274
81.22621
106.45827
102.09116
75.39069
76.6684
38.387016
161.3437
100.00098
124.23769
38.70274
93.82846
129.71877
36.939873
83.32721
36.61898
78.05635
183.10039
47.90143
57.32842
68.99588
11.498196
151.3347
113.4684
219.40022
289.83026
77.3722
243.33667
71.787674
39.084114
109.98079
60.30705
138.58212
223.88533
111.84127
2.7125149
11.025553
73.484955
50.074654
15.195253
36.796715
78.1367
28.584316
130.51085
102.22574
38.07529
36.8424
106.87986
150.93571
112.40155
40.947
64.23635
167.9857
36.917263
31.895313
126.87144
110.75631
149.18881
166.30122
125.75554
141.83107
85.666695
158.4859
129.72092
92.4337
169.87445
62.98463
154.93895
147.00067
83.9918
72.25169
78.733116
141.05202
94.76248
68.55015
50.90568
230.19206
194.41116
109.46619
107.47544
180.79027
119.74027
144.6572
74.12874
86.07224
123.43169
122.59337
51.620247
182.47452
306.96817
286.09125
351.8553
146.36514
201.40514
144.06432
59.54131
81.44304
83.829056
72.81807
15.37383
72.442
140.31009
170.31602
40.287624
113.441246
155.58624
214.88144
158.59848
115.81047
36.861935
40.97539
34.88734
135.37686
75.4567
40.108574
76.12859
160.26694
227.93991
54.532967
70.198
62.815224
128.69563
228.31796
174.32414
120.560646
153.43158
79.75226
44.171562
106.596695
197.35667
44.22663
95.24658
74.643814
25.098425
92.95933
45.35812
67.33213
59.569206
33.003178
52.551613
4.7670226
103.863914
267.79254
132.4988
147.00467
92.7872
4.364063
32.909794
80.079285
65.08852
93.36117
99.27493
34.271507
139.58603
196.90178
208.93172
76.35183
0.74898744
49.75258
47.32151
71.827415
188.24124
129.6243
70.77393
15.752233
30.523083
39.891388
1.5308897
150.57852
3.1510718
36.17193
112.118164
315.0501
342.17554
77.34163
62.05239
64.50528
4.6155066
35.47864
131.16298
38.015484
69.06826
132.61824
327.8529
67.68877
172.56094
2.8726165
125.910324
66.7831
71.38944
83.28882
253.22722
77.59788
131.88918
85.91162
211.53398
190.07266
115.19759
79.31877
2.348687
74.28004
69.0088
38.20781
107.87323
16.312479
0.4178638
13.677599
108.03922
116.534645
45.78814
109.286545
76.96183
141.95938
114.72949
64.841255
116.01128
41.96021
31.266285
85.79762
69.10786
62.663116
77.60127
97.73115
230.26521
215.68298
135.0629
134.55392
175.14723
89.96887
165.6023
104.49974
79.71483
92.292244
36.611973
42.465084
39.180927
67.19659
3.3158545
100.35281
146.21397
100.223526
37.577232
143.69589
44.667854
85.955124
80.67406
82.711266
131.53285
83.2697
35.387775
46.183342
10.117132
84.45177
240.47672
216.9676
80.55894
186.12558
161.36237
136.11633
15.059252
62.39345
204.14946
273.0924
142.16864
177.6407
183.15366
99.97566
83.345856
143.63155
45.537598
85.6339
268.3933
112.2639
121.575424
139.28616
128.2161
210.94983
46.509132
14.158487
20.63036
84.34792
36.389008
72.56095
32.754665
21.015324
67.75571
229.20906
72.7814
47.610767
86.16744
106.2892
107.09218
163.94014
126.98024
37.193863
36.21348
128.6705
343.06378
312.12354
175.11557
106.17381
9.467024
58.008278
57.10367
58.045246
288.1087
227.43306
181.4394
98.05103
146.6049
205.58694
68.29447
52.665016
43.44413
36.64469
18.449932
82.55705
133.65005
112.05
38.517365
75.4705
82.50661
108.87893
35.030846
84.02017
144.67812
155.25836
223.83432
216.97058
80.48152
78.91484
80.59952
103.93412
81.31024
149.22531
159.35445
35.219185
109.453636
61.611725
84.85223
12.488213
36.754192
73.68098
51.741096
114.177246
137.04489
124.135216
240.81438
288.58188
85.24186
168.61665
132.5145
130.90158
101.56699
184.78018
469.562
282.1377
73.876785
143.19574
144.92494
112.93013
35.663513
40.21131
36.035248
55.62251
12.590494
71.72621
97.16554
48.60644
100.54742
39.498634
3.3087914
33.41065
133.99237
72.22869
70.04438
96.82598
72.12842
2.6978588
44.627033
238.02731
85.85891
36.26716
34.64759
79.403946
178.06865
265.7823
153.08282
117.54537
196.14088
36.37887
77.77505
0.53910047
37.573776
98.66858
11.303709
102.20991
159.47725
6.9955115
84.73212
51.495197
36.737247
1.5573896
35.031563
65.3401
66.85952
165.40836
68.31186
35.82383
34.890873
1.0396814
58.055706
14.505966
77.48888
33.99652
98.29494
64.209404
117.43917
151.6752
136.0303
4.829097
52.18529
115.83417
4.808571
78.98924
7.0160737
32.942547
64.25198
125.963196
102.31938
2.2928166
65.08354
63.042213
67.20427
168.36812
100.0605
102.07005
33.777267
44.410748
137.54889
137.18083
104.31991
36.76451
67.83559
63.274384
101.86245
68.93239
84.008286
191.1371
152.31573
189.80595
59.766273
87.57594
143.25592
167.14438
56.9187
201.35875
128.55432
123.997604
160.4914
94.44183
52.462364
92.97412
84.40526
106.010605
100.22641
69.591324
94.07306
73.36237
0.9406482
64.760544
217.24121
33.864555
41.78786
177.79639
8.556635
151.92393
80.17675
93.87622
84.93425
36.660072
167.23718
83.26408
44.767258
69.196785
47.48706
128.79587
36.180702
14.100027
34.39881
12.878354
92.54576
77.64982
106.89767
169.77243
105.600174
3.519928
36.1175
133.56923
90.06124
139.551
118.92159
34.457516
213.67972
191.00812
115.62384
102.580345
226.8814
158.44818
152.12222
61.745167
155.43889
199.57828
2.2919703
102.32895
70.036385
48.018745
139.4731
8.852399
43.337265
325.8198
206.4364
68.82368
131.15195
95.91362
41.25139
197.44913
153.97609
68.93127
106.02678
342.92914
68.204056
44.860477
35.022186
102.772415
70.68351
119.37981
9.101959
92.90481
41.722633
0.4261321
44.260868
68.31508
43.755424
69.08639
170.22818
36.25057
64.18499
48.07708
133.00917
72.817
87.27226
170.39066
25.229525
46.95583
70.62401
109.43874
39.69616
137.22679
85.93773
101.575455
69.139694
87.341576
163.62045
94.06334
121.331924
171.70537
95.635506
54.863747
50.132946
118.9037
132.93884
46.811283
82.50708
64.037415
27.068531
101.852585
96.52509
73.863396
52.80296
111.1624
159.98239
103.52616
92.47942
73.90621
94.477745
44.220997
85.67808
131.71179
72.65255
34.94774
51.184074
38.88314
96.82151
77.97092
127.23938
91.442085
128.12572
182.14572
128.07425
105.309105
170.8409
151.47365
162.90974
41.099205
41.351177
48.003582
49.54403
106.988075
88.86586
141.76942
39.031185
40.93337
72.79333
130.76065
132.14331
65.64884
102.042465
152.41493
50.99196
136.32239
79.792984
194.88675
144.20132
66.01389
137.55635
71.19977
60.554882
283.8395
42.00122
297.21326
309.57343
124.226
109.90692
91.78281
298.64362
223.8099
226.66548
97.64728
52.14573
201.38794
109.91504
81.39196
74.3605
38.05526
91.41699
49.80183
73.42631
82.98189
180.1158
36.03927
109.82088
64.305885
64.202774
117.43595
226.01714
213.4069
226.25839
190.1721
186.97623
37.887722
8.288225
111.54411
74.18615
54.30652
74.53187
0.55491626
222.80838
211.3566
210.21329
227.17378
192.08931
181.08127
215.90454
291.12524
304.74997
220.78305
148.02576
43.083588
92.781876
211.07974
137.00896
98.399055
109.18984
156.60611
191.79782
174.04277
104.56242
104.16089
169.45781
80.0421
67.997086
128.82536
80.55639
58.764626
67.68754
158.95522
38.425365
81.0128
95.386734
132.22661
96.13564
68.664154
50.98951
143.77646
76.81419
27.268606
98.899155
24.109674
73.06337
173.91296
33.71592
37.784855
107.92372
123.129845
153.99821
163.45384
17.94876
125.53789
82.40124
189.1913
86.15769
129.09503
114.12905
183.38914
87.912155
107.6074
43.168003
128.56506
147.36899
190.78554
69.97948
102.758255
69.90165
42.62813
248.01547
265.70435
491.9975
87.9879
84.757706
102.13869
60.615753
141.213
113.103294
223.82022
52.36794
66.69871
90.62377
226.72327
71.438934
65.91887
132.89102
144.33478
85.0118
139.0162
38.624397
82.431076
39.047607
45.413486
2.7418075
69.139786
178.55342
132.61061
138.84439
95.75263
167.54831
162.13408
147.9978
246.69406
83.115166
46.955345
81.62329
49.060925
65.42401
114.08247
100.03547
53.474854
42.01292
185.79349
71.37929
40.729664
61.51026
29.7255
24.606411
36.516598
169.08327
107.60156
77.68282
291.50372
217.57181
43.5458
65.1518
28.786219
76.40058
116.77374
83.18223
218.398
49.65202
59.972546
50.64206
75.43442
71.41707
155.58623
172.03955
315.53497
105.727196
106.03611
89.92543
38.93105
70.790886
58.369667
33.9505
32.22666
83.194695
162.0159
153.00507
122.274765
2.587455
75.68186
56.776466
53.839172
69.55635
50.61448
114.45996
41.867653
84.92489
37.764183
31.269415
94.65532
103.86449
86.06461
171.60408
37.925396
124.71965
154.9226
80.09512
82.2167
200.86154
104.30859
167.82254
233.94144
166.95457
115.046936
79.23364
138.80446
73.92074
149.41772
15.70474
108.87421
34.021183
186.8479
34.430393
175.25735
74.529
161.67711
192.4805
113.94503
189.47324
43.922684
81.9366
76.14347
156.57028
87.464485
300.819
143.12354
88.36597
120.37246
157.91354
144.66153
196.75343
72.202705
106.00586
84.56387
63.441692
46.547863
149.59685
52.83481
58.772705
262.90848
93.69762
122.55495
137.2351
168.25798
162.38565
30.046055
81.42427
45.662563
147.25705
199.49261
223.23355
16.311281
93.85887
170.37779
160.30173
82.114174
46.452602
86.25261
147.85658
50.050575
211.48409
75.871315
11.131575
69.41948
127.89659
54.41991
96.6495
161.07559
61.40725
84.328125
103.1626
36.34828
4.1011024
98.48896
79.50874
112.73258
83.23784
136.57413
109.02721
91.31068
34.817287
66.29785
74.57687
67.79088
72.52199
32.233253
118.20491
121.59452
155.07239
127.45294
75.363335
36.99879
44.586594
223.88736
218.18062
179.17647
66.18576
127.40639
46.341145
117.44045
18.3445
17.135593
51.944542
105.04755
91.12303
169.18251
137.68265
119.072495
45.169003
279.59125
140.05731
116.80023
38.47387
60.302723
37.72878
226.53735
39.307518
110.936935
117.14497
190.61133
213.43643
181.88489
162.22668
326.68896
43.1372
56.04008
114.243546
36.777035
11.12472
229.46155
166.94745
91.52315
72.16217
76.71058
108.17954
36.727955
109.41388
97.26438
47.096443
59.696297
94.097595
19.385143
14.817876
138.00256
93.275024
75.441055
112.76626
55.834583
112.43025
186.29181
115.72002
61.77938
73.43091
74.02839
182.73093
76.66032
173.58954
147.39731
110.82639
51.24016
38.485817
137.02321
107.39829
69.433914
76.51948
117.66746
38.626373
89.88847
170.98512
117.00462
3.2203019
110.49036
113.648315
81.07352
71.94267
136.50114
164.56409
45.81151
56.51548
64.85522
148.97662
101.448135
143.78035
55.79833
72.02428
117.42682
0.12382345
56.06251
82.868706
36.901806
23.208477
175.81067
179.69388
91.45923
156.83147
103.98843
47.343586
242.1562
163.67935
41.48032
71.95863
129.3586
173.74426
44.17097
43.447956
48.26049
127.35649
173.85512
110.088455
120.90169
147.67014
98.022194
60.251198
87.056076
79.56859
85.25069
117.875465
90.29616
168.95915
100.642685
106.58278
129.36183
186.60594
88.83608
107.79228
89.003555
118.795105
45.56725
89.59819
79.10727
59.575886
89.97627
164.1575
132.94841
122.26405
149.49413
125.458755
94.98434
137.33537
210.62614
179.39851
136.64903
113.30485
14.063344
139.81078
39.167618
43.755367
97.29553
126.99242
69.142815
0.39688197
42.004257
81.98357
86.32208
15.407633
18.141697
80.91672
48.369663
89.71679
45.303474
40.09812
35.552254
212.25618
78.48507
155.20018
143.64725
71.84642
48.196255
94.10811
37.240788
108.4939
48.909767
39.631557
69.50157
35.40706
47.40629
164.7396
135.45052
186.48764
118.43223
11.303062
40.4827
73.27055
10.151065
51.35622
104.49919
67.25032
104.85921
110.81738
55.49016
70.22302
67.74987
74.87243
51.381325
112.607254
88.030464
38.213432
66.22922
175.50296
176.86581
261.0114
284.7891
204.53555
37.988537
163.76926
187.37819
78.82754
165.24031
52.826973
73.73596
7.8125877
0.41729063
123.4068
264.38153
236.86829
149.39262
163.90923
86.55857
87.23686
126.13438
98.054245
170.02159
172.33054
75.22847
43.077385
72.368576
73.33714
35.367344
137.38626
128.12442
186.3958
164.3739
35.42155
23.156933
54.059105
151.0721
59.87375
69.19161
72.82638
54.53427
11.489645
114.4578
159.56369
85.02041
43.916348
82.50529
115.181946
199.58415
217.03792
294.05957
226.94913
99.29023
38.623665
36.751617
111.707924
145.39711
37.248108
62.362152
71.57326
75.18446
80.46239
67.26229
98.31244
121.76381
38.349308
287.19778
293.39493
124.00938
109.64038
46.944263
93.30585
118.15657
110.48729
50.876167
174.92332
109.15853
69.165764
107.23973
142.47043
90.98128
75.195724
96.41015
140.88597
12.091923
73.324356
80.41941
93.763535
210.98482
116.46416
107.46157
70.98805
38.5342
71.54104
45.612904
69.04175
85.65479
81.25661
279.9163
74.20244
82.764885
110.07021
245.89326
172.85873
78.384285
116.443344
108.59629
108.668175
268.2907
178.59479
330.16058
198.5131
177.89362
185.87915
177.41199
321.41193
88.89845
81.27461
198.62497
60.55384
133.57266
43.14957
113.92442
72.43121
104.42445
112.14298
126.01561
15.667618
106.55281
40.714912
68.166275
35.68487
52.010487
151.15892
78.985565
90.76354
145.45285
220.94783
58.506233
152.40808
139.8914
35.4504
120.09548
93.97481
215.3906
39.58169
228.28325
232.21098
99.37018
69.446815
0.39059705
71.16236
139.9939
56.586292
106.51198
143.26677
147.76054
114.29097
55.36556
110.60779
77.93698
270.01584
208.27202
292.12268
145.48416
228.00874
26.88121
145.80664
185.0008
176.13518
221.44092
197.99483
216.54587
222.44931
46.111137
43.598793
72.5226
209.12009
14.281339
28.34583
54.52639
87.49113
82.82851
90.733864
120.50612
59.62267
35.761673
15.732752
41.795124
83.60208
11.392089
84.9683
78.66642
38.32279
35.215584
49.718822
61.48763
86.75799
139.53802
58.706627
140.05167
94.14752
80.74354
33.406403
70.457146
39.736645
231.5002
103.243835
147.93839
188.54623
192.3931
244.09998
134.5513
117.004295
77.81026
10.977589
187.27953
168.86699
128.50223
77.70494
47.566643
73.18864
123.54491
106.20961
130.75894
144.11269
72.9584
119.665085
76.73545
153.08328
75.17608
97.94615
86.25957
140.26639
120.14205
167.32355
110.79912
36.608788
89.35322
0.83955276
210.72871
94.52902
74.32764
78.04247
83.21122
109.406784
46.599934
8.816848
45.451405
103.93849
86.93312
252.17363
163.1305
147.80606
139.1508
64.46544
107.21885
133.85196
35.682903
189.53252
160.62296
259.92548
212.16245
325.81992
97.5077
79.3725
128.29128
145.40695
50.076534
50.346085
106.10722
9.064719
96.35912
205.39668
164.90591
184.78409
124.40326
110.86833
214.6385
68.60766
49.854504
106.90507
73.686874
76.691666
77.13927
43.563683
76.44575
254.68005
239.14359
38.748985
94.58722
159.75117
68.79146
149.60342
145.70499
90.69049
69.50656
44.19384
12.30839
108.531166
88.49047
50.07273
163.95215
90.00082
116.5177
104.77676
119.390686
84.990585
43.344467
55.887012
96.98775
80.17177
190.46442
207.11057
202.82932
183.42532
202.61195
92.62219
131.38678
134.8991
175.75023
94.00527
71.25386
205.80325
103.491005
206.20084
145.05223
123.55967
138.15065
36.78326
10.650407
125.41522
23.605145
63.45484
114.18331
37.24404
112.46999
147.66257
143.45563
187.77937
202.55911
180.89891
219.72359
130.31856
123.18672
86.61522
176.18497
73.43409
33.748974
77.803055
84.372055
36.170628
102.829735
59.26195
26.426596
91.054985
71.992325
315.15887
45.770226
142.43597
80.15111
83.60854
73.358765
227.59285
70.814896
104.855225
72.01862
117.434204
25.143055
122.2216
59.84732
53.1847
113.96201
43.33674
125.599655
57.174366
5.788939
45.14243
134.03473
139.71306
40.92376
171.75241
111.60116
126.583336
47.65794
82.04484
140.63863
111.34084
132.63103
188.86948
117.08877
137.91093
197.18765
84.26497
81.60523
83.37683
51.546303
149.43367
147.96582
111.302956
86.64461
218.78036
111.012695
148.48428
57.922913
3.6992059
82.22498
136.5655
222.4379
79.889145
126.70162
12.880867
25.715256
13.980824
56.303425
124.9019
49.282
58.296852
97.47742
66.85508
111.62703
46.74575
0.5666699
55.832436
266.32574
85.267166
58.476532
36.445652
11.286382
51.4793
103.470116
80.78086
138.02159
189.45993
112.59245
90.95847
100.69129
89.79808
176.53085
151.2296
111.07799
81.036026
28.470814
9.064281
54.276752
105.75342
40.424847
73.821396
57.140453
44.7632
82.74805
201.47101
282.13562
190.88078
151.10172
79.70138
53.2445
145.1188
116.790726
121.60476
120.119286
10.8848
101.42211
92.74372
92.08291
84.47917
58.839394
82.39435
44.71653
131.49547
52.703247
69.84935
38.437313
79.44804
208.32706
87.281204
77.11275
80.14538
223.7211
131.01518
60.550976
102.675354
111.64726
111.329124
74.465904
113.35481
74.14759
132.2093
95.97839
139.36641
49.240032
11.660239
17.952398
140.26942
91.765465
88.85135
1.1452914
43.424274
110.42781
53.195457
133.24867
38.058006
152.13449
47.554176
140.37004
94.38411
122.62019
173.54974
152.73094
99.49837
224.09958
148.89194
73.85066
56.168865
49.010883
67.103806
85.77056
144.87466
108.12463
2.6322982
70.50858
138.0158
73.9011
44.57318
165.1173
127.70469
65.782
141.01381
162.11848
41.939686
99.96286
69.064766
73.38661
139.84662
25.643036
68.043
90.59523
103.6909
69.87729
36.894493
124.26671
70.46416
148.59004
115.94126
36.793564
60.69563
37.357685
68.42633
116.56392
73.04084
75.282265
157.49112
161.0634
88.76672
157.67154
38.612984
270.78598
233.58755
65.622795
37.888832
48.24822
37.64201
237.34737
246.28035
67.68331
13.064796
79.25411
68.28313
82.54383
35.54563
82.40994
80.02472
0.16497776
0.35200223
65.79365
120.96086
91.96252
69.8008
73.54915
77.72235
236.00308
73.297676
75.02626
94.653496
72.45043
48.048492
88.583176
125.152756
88.767044
119.92472
101.520676
55.042744
239.04427
106.48894
141.96335
266.5688
62.22289
68.31512
308.59888
222.88864
307.7585
201.17
195.0236
179.32416
91.36691
114.38765
73.47456
69.4307
81.08349
74.921196
39.43003
215.21884
141.929
97.63707
41.06253
75.98699
110.61776
70.230515
54.623024
225.9583
62.726234
73.85246
105.47969
86.54128
77.87166
143.2506
126.99585
43.423325
72.03468
71.30208
103.39915
87.65833
231.22859
80.73246
152.63728
52.40816
95.82945
37.316547
61.666473
193.33463
2.6240046
107.89758
38.643204
50.587776
82.440094
145.84868
121.557335
70.82002
26.479355
8.447165
115.15871
181.99136
35.2626
42.62882
158.04897
34.271435
0.72365344
23.96855
37.091145
265.25238
226.92224
138.46637
210.72757
398.14108
164.21835
141.02711
131.70111
78.74373
182.93472
192.45346
50.113167
110.68599
35.054153
94.10976
127.29376
124.6852
154.95285
103.33846
188.91988
84.22748
62.072895
190.74005
161.72585
202.91573
63.398888
39.596684
128.54431
149.73532
120.17605
148.87434
109.54006
113.988304
120.87239
129.3533
94.50082
71.34163
117.454994
52.564953
93.724
146.52411
237.01602
143.60506
100.607346
82.821434
124.48103
166.19096
80.58657
42.345757
140.18965
80.201904
131.53348
179.6496
206.32317
202.90796
93.50571
206.37411
38.273212
169.17064
203.21257
157.12924
82.493164
82.48659
197.36288
74.712036
81.054886
169.93164
72.90815
41.783897
232.83823
10.91728
74.3276
11.200819
142.73193
50.024414
121.574524
49.088684
65.090866
57.253002
47.25671
193.11441
136.23445
65.982376
115.291466
1.0003161
37.609047
58.184326
73.91197
163.72491
43.08641
93.130424
174.32962
114.70911
48.040184
94.602684
190.0859
115.68813
66.97114
84.76594
161.6525
117.2454
109.32877
16.783077
123.975365
14.969973
10.841154
78.15669
120.486206
209.70256
167.84369
221.37134
168.3747
64.04187
42.78247
116.59718
109.05581
165.85861
87.47309
87.1819
276.75992
208.29211
132.6745
145.66757
43.439495
73.596054
44.69991
38.553856
102.74972
70.399376
50.521957
118.46361
63.482246
53.31382
3.0173216
89.836555
3.6074767
123.942
11.173716
72.776405
55.230762
66.88313
43.2858
58.703064
134.78366
88.22158
106.387985
161.47969
82.79773
96.3331
86.79528
128.54077
132.58752
85.47654
169.09026
121.2084
39.69422
60.0419
109.558
123.87163
128.0052
122.67208
83.70168
76.12418
43.31414
17.638805
80.52915
39.48615
0.97890127
94.22683
293.5982
108.71609
57.08097
211.92847
185.81064
387.2243
182.9748
193.814
217.38675
299.9082
98.76559
105.04993
71.43541
37.186028
60.48072
80.39703
74.3713
86.27563
83.41109
78.39925
87.78211
56.155987
217.52385
145.03555
141.1325
94.66232
46.570213
73.50304
71.82629
118.11436
133.70187
161.97797
34.950115
77.78078
4.01875
44.81168
53.999317
41.199898
99.7844
467.34546
244.95547
285.77496
193.7651
195.66992
241.29953
249.8708
201.83818
187.08214
245.32333
206.06914
292.29932
145.81938
128.2961
133.92418
3.88592
113.52932
75.93514
13.165625
112.367714
58.995995
131.21448
67.535934
60.084827
156.17024
137.9948
110.82532
72.2072
33.225796
125.30184
107.33354
75.839516
119.54118
202.78175
44.314514
92.41901
142.63779
19.599987
0.67512906
75.01909
42.595047
119.158325
180.1636
76.71293
67.652565
9.371959
20.065365
13.36809
50.1496
25.005228
82.12474
187.65105
179.64839
203.84763
199.8471
210.14388
263.4355
288.57892
253.63998
175.55994
170.23935
9.807486
1.3886739
88.69068
42.894474
64.35014
36.368187
57.268322
74.4572
109.06215
92.66334
44.390476
109.49599
130.9692
80.36865
39.587082
98.67671
94.76836
64.25332
45.855263
55.955116
136.70996
105.4448
214.75735
205.87961
118.170555
115.00686
124.78259
117.72017
87.9605
134.18216
71.91246
118.107445
126.311646
24.413603
27.845448
24.917812
165.60596
41.749187
108.6284
51.767487
148.77878
112.66322
35.1174
48.05903
32.94102
81.63386
121.92348
53.79931
38.757595
73.4651
49.32959
44.27557
129.03084
92.482056
176.61288
47.59219
93.506966
103.408165
84.26387
51.981873
70.36193
19.714146
89.17016
70.270805
101.18949
91.25667
59.25045
97.945145
125.68164
123.07188
190.59949
161.53654
58.703064
62.41749
98.12165
151.80165
84.83889
102.32601
129.46017
161.43922
20.845144
47.278687
145.97232
85.47005
148.83531
199.27644
105.36589
135.13101
116.36359
60.566154
152.3591
39.013165
81.668625
121.16118
139.92447
124.198265
130.06157
105.881386
92.20316
248.6036
211.67587
148.49666
179.19572
268.37177
302.30853
284.68042
292.95712
142.01508
10.3547
41.833603
61.45742
128.50131
61.25657
76.75306
102.927895
113.91738
142.933
50.962883
110.6088
75.938194
42.371113
40.171627
185.61024
77.97813
106.37927
160.75287
55.212517
95.89662
43.5874
336.5805
154.65427
151.80167
292.82245
39.587086
112.991615
71.05515
49.576138
57.122597
153.07417
38.377663
55.224632
143.59332
47.641624
106.729294
42.50966
66.43468
80.45915
126.47512
53.623833
41.10166
71.6277
127.5699
185.67429
68.693184
116.56163
92.68407
163.55754
60.192047
95.208755
143.5612
98.79688
42.60588
68.58927
38.26026
126.64205
173.02487
46.802753
282.89456
231.36873
230.99174
140.29645
72.95761
75.48341
130.87686
189.88335
161.5018
85.282166
100.66597
107.866234
46.635334
60.586525
27.977362
126.92311
89.050644
38.324474
135.20213
42.046997
54.784203
36.95983
35.337803
82.2054
120.24962
70.50257
118.71116
14.815303
80.1279
141.3733
64.62567
119.72449
105.47583
116.80043
107.61981
175.05687
331.99203
220.29736
247.03873
227.97888
114.303734
149.88791
217.88364
223.58244
250.02312
251.55453
244.28047
319.79858
60.040905
103.99699
116.872604
93.679115
169.33528
230.7116
194.23042
11.850263
2.5378144
93.3312
59.50637
10.81389
26.69429
54.679962
111.789635
53.77105
63.87417
47.185417
118.909744
135.09987
15.112271
13.2781725
104.37109
52.198353
48.51408
29.513666
101.61804
135.76419
94.20329
63.11442
87.81816
166.70988
142.51025
51.966145
63.91274
185.61905
127.776505
174.59772
119.9647
78.76534
217.70157
77.4241
181.10648
117.7709
118.3605
130.7751
142.42831
184.15257
218.27727
148.12518
98.15787
1.1997097
137.51846
22.152546
124.50089
103.136795
38.486153
1.7141125
229.84439
255.32597
225.96211
80.93169
46.231564
28.630148
78.89488
108.04042
101.508316
105.38228
106.48793
106.74483
107.03365
114.0406
182.40833
173.9304
149.42361
74.232216
46.542976
114.34403
98.958435
53.845795
81.91778
22.156
109.0224
126.32478
115.83168
49.56188
88.31996
242.1304
78.93658
75.07887
72.69946
116.700584
164.43517
37.211494
102.448814
46.938255
85.01077
69.24977
71.65329
59.732094
127.17403
104.50899
56.126423
2.878541
44.493034
87.948746
159.94185
157.55298
70.96834
44.714333
76.41579
130.47379
151.90271
83.0096
289.158
214.79451
219.45723
122.4954
56.163258
121.29401
98.67488
129.89369
150.08115
63.89076
3.6588855
81.773796
90.98843
40.74258
39.082054
66.22726
69.259796
108.824974
103.801125
275.46603
113.85171
12.955829
52.24237
41.015793
24.644283
54.313118
45.07736
213.88367
218.9102
22.258213
74.579124
49.86771
67.426956
50.852673
48.419792
75.86299
105.234665
3.7233424
91.489235
82.00472
103.907326
290.904
144.56395
58.651268
46.440926
123.73537
40.41412
60.77583
59.347656
155.06894
76.40022
219.6943
141.7033
140.47333
251.549
126.18611
159.61243
12.830478
49.5912
15.662504
20.067978
49.983944
264.11124
74.104294
121.71123
67.53134
69.26738
75.2225
92.563545
222.31082
108.65244
53.594196
10.650003
48.66451
71.63966
46.867725
162.30234
71.00378
125.3713
106.265976
116.300415
38.35666
145.25052
42.46267
107.79281
81.72933
255.9593
69.025826
120.038246
78.349846
47.7705
54.95495
32.371212
148.13802
119.16813
141.0928
110.050026
208.39944
66.263504
121.95769
97.81147
69.31346
88.53764
84.61034
143.45511
96.906525
81.65071
94.73253
220.94902
84.31975
78.0802
54.06095
141.76965
193.55743
61.81295
11.473205
112.07793
82.55296
137.42215
107.1013
33.0029
108.954445
207.75056
210.17795
248.02576
95.07151
119.140564
112.639755
67.1958
70.199
35.834335
38.08979
111.13719
42.189034
94.1319
83.02345
108.61621
165.49245
34.87191
106.106064
128.17654
46.590958
216.48477
136.55869
182.67978
114.897255
58.39269
158.63977
155.47119
116.328896
56.351166
83.06099
118.99642
40.148155
44.091255
115.121925
40.243275
106.3788
38.90552
88.04326
144.59988
108.413925
72.21129
85.39754
74.514206
105.537766
70.16089
108.346115
188.09999
180.66483
209.64432
245.60506
393.2966
217.93657
57.391487
48.374268
154.84091
45.01172
46.476845
93.063644
63.9765
185.5671
238.82365
82.27638
69.24165
130.80096
100.26313
38.127693
81.351135
79.52511
141.99654
173.91226
199.75488
164.21451
15.797913
94.57042
81.15871
137.99892
129.49971
285.36917
294.7832
376.00482
63.594612
36.98776
140.15488
54.831768
2.7239323
56.75464
13.381162
26.649979
1.0252234
34.43196
92.53205
80.86883
36.538197
54.298462
47.034443
107.88988
10.570059
34.70025
116.37162
72.145706
12.169518
35.468834
70.96965
114.105484
116.033066
116.80772
115.28865
123.354065
68.565186
73.54558
111.66107
172.41408
89.11632
56.069275
76.850204
35.070786
107.03017
94.94931
68.48045
74.33873
28.80299
82.393906
127.40839
47.18411
78.976776
38.63578
148.84322
187.53813
40.464985
54.637615
42.21442
146.40762
46.056
37.06553
36.6643
93.70284
92.30356
48.469734
36.574593
76.45639
40.207256
71.30949
49.214268
141.13177
156.14507
262.11322
41.03598
83.74372
148.36015
99.9134
0.15904288
13.513411
7.052541
82.740036
108.276535
104.53298
69.439705
73.24587
2.8391407
22.036724
74.50792
143.34152
34.91372
30.914097
312.97604
147.72408
191.75195
155.30081
85.25862
189.50986
51.527424
47.333134
41.752045
131.59393
79.99327
44.41298
45.262383
132.92491
69.76419
34.50328
68.69621
156.27992
104.65547
135.59544
116.37573
121.467514
105.19828
113.673134
80.773636
146.23018
110.84487
128.99033
161.06119
78.96602
57.629753
178.63612
52.051483
221.75984
225.09583
118.40979
80.36629
75.88752
180.1534
180.13214
58.38017
59.771996
73.14967
82.74204
71.16286
161.81723
74.34703
114.3833
86.149826
84.91117
88.79583
49.083603
82.92805
70.91208
184.99942
169.56613
92.33186
58.383778
69.92211
56.443176
56.752167
97.95906
35.770638
224.92476
236.00632
138.37448
184.9545
175.58118
120.42412
160.85852
64.044495
105.06264
111.26382
35.060024
30.917068
1.0748279
2.860993
103.0933
98.69352
35.275803
131.73268
186.89218
114.521255
101.39485
43.09367
13.16165
189.49222
35.703728
108.20156
225.69443
232.74434
148.19057
50.129005
199.01909
92.28892
75.58218
53.767418
46.347412
207.9886
166.63933
194.7699
235.0643
154.29071
223.27705
299.28113
238.58252
253.62097
21.417503
56.208202
91.52512
46.088966
2.9094691
153.88414
194.01634
88.52121
87.11148
158.25702
180.40942
124.282104
179.43411
151.73422
166.47061
190.81271
82.16575
168.78735
188.83359
183.7255
1.6836306
71.289856
106.323875
105.531105
74.9724
120.78658
49.671734
116.88151
85.69569
90.69782
111.26843
106.31758
67.67202
76.33723
105.94869
13.463877
76.281906
149.77496
45.86315
49.463234
45.20488
113.52179
46.770226
37.34724
36.98974
68.71234
37.580486
68.33641
83.47825
104.49398
34.90168
169.21658
192.50244
223.2446
135.1152
69.4881
101.27864
70.56378
47.679317
263.1341
96.32295
122.59175
84.71223
119.303444
120.94116
155.617
159.15085
58.489952
37.131435
105.39424
105.892235
78.90309
109.104965
107.1357
143.28232
54.237
89.49325
131.82248
67.749825
205.58516
64.47006
49.396614
160.46465
25.976023
126.54222
197.83673
208.06882
210.76456
80.29254
38.870922
8.568358
40.10813
35.871983
80.75808
49.804176
103.45839
29.441425
72.403946
135.34058
127.759995
219.08696
46.863853
122.93031
58.538635
234.85796
141.93839
51.524426
83.33513
46.31687
125.00549
47.03776
173.51569
81.85574
43.676144
141.74336
50.189133
49.360607
113.22542
63.937794
40.392273
34.409554
146.94786
47.302242
75.732414
153.96878
165.56206
216.37466
163.44456
122.42942
60.524208
76.96212
131.11667
155.70464
177.30838
127.90077
121.75102
155.8418
74.10658
138.91423
88.034325
95.14555
96.04346
161.13194
177.93962
247.72665
114.58113
127.20024
76.98222
100.245834
79.49129
74.38294
82.46988
116.51451
141.85153
132.25276
151.05125
120.46625
146.96284
171.6305
107.298096
168.72984
7.167872
118.902466
103.98955
53.635487
60.267273
72.64764
103.6661
79.11689
37.888466
76.40368
144.62978
82.46669
139.54471
59.615166
99.049904
38.317272
108.58647
136.85336
124.45886
47.94854
22.212246
18.87648
72.78844
141.08188
117.52211
101.00896
158.9642
80.548935
91.16195
116.74309
162.59225
146.98077
0.54917
34.521507
46.41963
119.7719
136.20944
91.70028
74.14196
185.78482
120.518166
137.02377
157.21153
109.97656
62.496193
157.36761
105.58089
80.335464
71.09833
65.81319
136.56012
142.11545
86.111
133.33202
111.99629
149.359
68.20649
134.14658
76.818756
120.31346
163.03642
165.73337
128.32414
47.219715
47.319286
102.735825
301.1424
42.241974
2.9142184
161.3385
116.705154
45.91888
106.14282
12.094222
49.484825
0.8759842
68.757835
14.405891
46.411465
90.75302
124.93878
41.3647
124.252846
252.85031
335.85406
331.7967
458.66278
89.06596
196.44028
87.85441
158.64505
102.19597
88.00623
139.78815
190.04794
189.04254
175.24847
72.804146
1.2728226
87.325615
85.54176
62.74195
111.56256
113.251144
121.089195
150.29465
105.93137
203.82147
41.811943
83.38675
97.23188
37.55407
37.880592
119.03994
74.68548
103.82955
88.47123
41.88635
36.092724
168.21567
137.3365
84.90834
65.35313
3.085607
49.937748
217.04504
66.156525
164.12405
114.73869
113.960556
82.81987
229.4338
230.1914
98.192566
204.78189
88.37576
144.35487
34.09708
67.23709
145.59935
65.77645
31.366817
97.53767
1.6967285
134.37578
145.78377
268.35956
14.598711
80.28652
36.52169
43.260075
82.73048
36.443996
153.1022
80.386795
66.03016
75.32833
45.155846
106.59889
70.077446
173.53108
48.53031
112.08401
87.170845
148.01395
147.43071
133.2632
103.45805
87.4701
68.05135
93.30293
158.56908
26.686554
28.784983
256.8635
165.86598
31.05993
74.84172
103.28634
52.11808
76.44977
200.65889
35.962173
168.80478
198.51648
126.04262
89.605125
121.3375
72.64125
0.25008285
1.3097794
13.558035
126.721214
64.52571
191.46378
204.18564
38.692978
81.37618
167.67943
153.66179
83.96965
148.94662
113.93185
61.2938
75.52196
32.746483
25.028675
132.44751
195.58607
100.76988
113.23679
201.64688
154.32474
102.54763
115.24617
76.5882
72.03331
95.21108
36.777378
58.21385
147.52896
71.45665
101.653564
150.951
113.75305
36.98197
48.13703
70.05246
150.8863
120.27309
40.020027
83.098114
83.530426
100.8246
97.864944
72.962296
89.789215
167.78973
101.87581
69.542595
117.51094
190.25723
87.050766
106.11576
115.633766
73.99757
233.2518
61.202858
35.14124
106.43797
71.55927
43.053593
89.04654
205.72214
98.52536
65.91401
183.89095
46.74688
165.78624
119.77452
130.51286
33.021362
104.37144
72.740074
78.3915
55.049553
202.39061
202.7139
90.058495
1.1275798
80.85641
154.46542
102.17802
33.14279
67.3292
101.181595
64.72533
35.345314
60.694683
86.310036
52.805084
113.08563
74.36988
96.60396
4.5334005
235.86336
213.3874
35.193348
32.214603
209.68692
54.186146
230.8523
23.600636
131.72128
130.63803
132.90132
46.370613
132.76892
51.23817
130.99368
70.83962
43.30735
136.45084
3.5123181
65.26389
86.71639
301.16748
37.965004
81.20406
171.914
166.90648
63.339375
36.82998
96.18236
71.35246
82.20229
196.86707
151.467
72.25688
78.18615
100.08095
134.34012
146.67842
48.184883
100.74001
61.776115
91.13215
86.7754
68.88075
114.98409
101.33482
206.91971
68.07191
71.83136
167.36732
40.91778
88.530914
32.38213
78.0344
102.88377
37.890285
34.127636
5.8183966
76.36535
70.782646
48.19062
46.398853
249.34756
227.54346
90.37615
114.207436
166.79305
34.12107
41.53522
52.54176
64.39408
133.10002
135.298
54.082832
58.969414
70.561035
63.492035
15.858124
59.836617
144.11258
196.07361
170.9368
261.93045
225.78821
77.47693
47.46997
84.23877
34.758514
31.799036
67.751945
68.13802
132.41724
137.98473
43.6758
65.27503
141.52328
56.48125
136.0727
6.830381
122.38161
58.170227
64.649826
66.01482
83.89533
130.78508
118.7603
34.75115
2.8654103
1.0388186
124.5334
65.056816
1.3079257
49.152016
48.958733
67.68141
104.681786
208.07544
33.98699
78.63112
169.64713
38.697437
47.400017
72.411285
13.975756
13.383223
47.605373
211.93974
103.01759
58.531975
0.17026603
5.3194184
164.93642
209.47212
229.4946
97.2395
38.556934
74.53498
137.30872
48.900745
99.34816
102.43461
76.41037
272.21478
174.21846
187.43742
124.17015
235.41333
238.37454
163.31131
28.257284
41.41115
74.31662
123.15462
188.1229
208.28296
276.37433
99.99715
38.61705
101.00712
35.855736
132.69571
37.610115
131.84921
24.044598
83.08852
284.47015
137.61328
115.68846
53.42643
89.463356
24.99802
108.318405
38.383316
77.15817
134.0203
127.424416
78.40596
207.65018
164.50473
58.37316
92.788506
96.98356
76.194954
111.12982
89.23315
111.43199
150.39282
76.41913
185.97952
51.260796
71.00752
184.56912
68.83876
81.24187
83.20307
177.02412
112.380905
42.933186
56.2333
103.0462
88.73213
86.49194
40.427834
70.706215
125.417465
41.63626
35.2733
62.315895
125.21914
55.113983
100.52184
202.57516
71.3701
47.472305
37.75236
118.22115
70.868866
72.99154
71.40123
51.120537
95.9629
167.1788
159.06003
148.44894
53.32235
134.40819
37.38599
45.634228
53.25866
39.252243
83.301865
82.816154
109.613365
112.6602
67.35366
13.709236
68.40974
133.95493
92.38284
20.413555
53.406788
78.40258
42.451878
10.822389
57.9723
37.743755
67.92099
76.7993
127.75533
50.916634
103.15092
123.847305
99.04309
79.174805
143.85721
41.695553
37.588585
47.732857
194.50299
209.15933
290.15085
182.4313
107.10952
72.18094
36.893593
103.839645
76.139565
32.946827
130.7097
104.26613
89.8889
91.033745
152.36038
167.68506
146.85501
69.51814
85.935
69.423386
20.092945
161.07988
88.74611
158.3043
69.36682
73.97931
128.27887
43.71269
165.3322
65.645195
103.12026
36.740047
101.879654
220.96118
221.12979
52.074165
80.69728
45.010094
217.10625
90.42912
72.08667
128.66843
98.91545
139.95015
133.76105
89.27391
63.636707
124.486694
248.86665
123.31703
48.50975
67.9019
80.991356
103.64331
36.69306
81.039734
215.93648
229.16972
142.4731
39.329735
141.12973
67.877914
76.82703
37.25994
77.086975
125.775345
127.140366
96.943924
64.552185
102.51388
12.368145
51.176933
41.424904
52.221485
305.63562
60.2089
101.75453
149.77145
37.244408
56.105865
169.55905
76.065475
114.48439
74.600555
217.36777
143.46701
50.98116
113.02761
140.16774
81.81532
121.24489
94.705086
107.01799
92.062
114.11648
128.44675
114.86019
82.24921
54.65318
79.60766
48.46332
10.011097
162.88297
39.718575
131.67137
129.40858
82.19998
105.076805
11.076348
13.483299
20.429905
82.55832
156.7751
89.71825
50.525288
48.48169
74.767235
155.37418
134.66278
103.52383
39.96623
142.99496
128.15933
70.17697
37.446846
148.96689
48.320892
146.30066
112.63887
132.084
50.55775
25.155308
81.862434
119.73112
188.31638
177.21603
72.163956
41.371956
103.7448
125.285866
98.1793
20.046206
11.085732
133.12257
95.84986
141.59091
129.50905
143.76994
264.63907
147.1614
146.77707
58.72746
100.18461
142.60963
82.58449
36.796104
85.01866
35.59227
63.18202
85.02523
128.04022
171.77367
47.28046
78.58353
116.584656
40.792377
95.86439
279.42087
82.5206
160.75507
59.195366
184.97285
155.54001
91.2441
56.169426
50.662437
82.833115
46.821358
51.447243
47.113724
49.550243
36.651974
182.87856
95.67147
79.56655
74.33116
56.004913
127.32861
92.0343
152.44936
13.720909
0.19136134
33.53005
90.33205
149.36975
294.72742
40.045303
128.80524
71.80993
68.267914
120.60056
86.72081
155.2284
101.908035
56.684875
107.53324
180.68758
23.940718
34.59598
2.0513883
45.55993
104.69585
66.7515
105.00615
94.59818
12.923569
13.01416
94.67601
141.6735
103.966736
118.15664
122.39961
125.50116
92.14474
81.88228
50.819035
4.203189
84.06685
79.66936
116.254616
147.82974
39.221577
63.84664
119.06708
21.749386
38.787373
54.638844
76.82437
139.18472
155.33661
94.70372
2.9357715
117.261314
229.2021
110.6439
0.22115457
43.019176
74.94931
122.552956
98.21295
105.98673
181.31418
268.794
280.03424
324.1374
41.37865
71.59444
95.66168
41.739872
39.00199
76.930305
74.4702
41.63121
178.01486
130.54115
141.6019
173.93578
104.73716
162.70824
201.99704
187.35216
180.01671
48.909836
79.939224
13.160154
16.181646
53.13337
97.23738
48.52511
74.03064
141.87047
170.61197
125.08934
139.53793
89.5418
46.59474
147.30666
4.856104
5.535451
13.606636
141.44962
157.06499
51.16034
134.9245
124.43264
105.00624
84.950966
169.1376
112.99542
212.90962
59.134674
108.68331
76.436775
208.20659
244.39761
253.73677
281.54996
72.32573
20.195702
48.431965
152.5551
275.17862
44.594456
147.85928
57.786182
220.67671
55.311726
75.0841
125.25094
98.65239
125.43166
78.110725
5.5651593
91.74978
170.87311
66.54629
94.31477
143.81012
98.710754
58.30845
59.730988
239.0278
108.44208
81.575195
46.78726
118.25496
289.92444
256.4049
234.84323
172.41962
179.53091
70.676834
75.025856
156.7868
38.20461
84.37024
130.66019
70.23792
209.09258
184.37602
151.9651
141.95746
245.99165
183.61679
145.8593
31.368158
231.68344
124.49455
73.99447
144.77829
146.70328
216.46262
90.75502
22.955524
105.254654
131.71628
95.79531
89.85286
183.86641
168.54414
77.2875
234.58818
142.76753
152.4009
94.88606
290.65784
75.38117
78.54589
35.905304
101.66496
46.408974
104.798744
2.3990104
35.87065
92.872185
100.45416
78.32498
106.203575
46.541813
96.30924
111.31764
113.909035
161.40303
232.79004
238.33044
182.82468
106.34762
120.12416
57.955162
136.12543
41.698067
73.77423
117.62553
75.769196
21.58991
40.96283
11.020187
63.602894
69.52447
66.01409
37.782448
97.04454
115.353065
78.90113
183.24417
271.27036
86.941666
214.51294
216.19919
167.47635
70.185265
0.8392765
216.10835
210.65457
90.86341
109.70622
80.507126
0.3827922
152.36719
45.861443
349.55707
70.26845
77.46708
249.36972
290.3028
72.34528
71.50827
87.13802
71.56601
106.95412
134.64235
124.778275
126.694336
209.19624
118.73772
16.110323
213.49763
169.0181
210.07414
53.436485
103.82831
76.50729
28.943613
14.914042
56.550667
106.33565
73.03792
74.978806
108.06563
95.90648
111.9082
37.115837
62.624275
0.2358568
19.78294
50.31355
111.24923
58.37066
137.18741
66.39721
124.25093
2.9816766
28.528118
68.48986
60.480885
108.07837
0.5351753
1.7663282
29.685278
91.6983
112.133705
107.80644
48.82085
171.24124
27.78775
50.34089
144.77245
36.941185
38.9587
43.693382
140.7293
148.51257
97.36409
73.841415
126.039696
117.86311
118.18172
86.565056
138.67107
73.7596
66.683
126.78567
70.41326
111.92943
128.92807
113.226685
86.38963
102.36899
29.91475
15.729935
38.98887
116.06551
71.03504
65.58009
318.895
147.81334
60.300983
153.6792
91.97197
113.74343
168.65195
323.73508
162.40514
199.93542
122.33225
173.64821
119.13896
89.3592
0.7561744
23.887972
69.03151
238.23209
