447.1172
190.63463
135.07945
65.56319
145.13217
121.9436
190.35449
122.540344
210.83432
34.83909
45.30616
105.16699
188.6723
221.9166
93.69651
81.72583
44.522285
44.74212
77.56288
90.00094
57.856617
0.9191882
141.09346
119.14703
2.3769543
69.71559
53.574745
43.49775
60.046192
177.92464
163.66571
103.572
35.222927
2.7489593
88.50666
124.007484
81.90654
35.921566
70.81259
79.23502
128.65059
0.24570677
34.908028
80.41996
0.5841992
49.406338
63.57379
59.26995
91.72659
181.30302
139.7263
246.16129
186.93771
181.68645
242.95576
76.32837
61.3089
96.709435
107.41884
1.2305955
27.799866
36.95214
64.41527
27.403189
64.586266
36.66222
128.80228
173.59744
65.85383
286.80545
128.75214
163.53114
47.21415
81.31209
70.25774
179.43884
79.50804
180.37233
235.01608
222.00278
120.10065
83.47829
105.23578
105.92995
0.6847271
36.14922
90.05417
85.15705
155.41127
164.74197
64.01425
102.70398
80.55632
5.0695896
35.197678
101.38049
92.05174
146.93013
38.404892
77.04681
117.05003
121.77279
125.91588
92.58384
122.430725
200.24063
44.364147
28.625605
108.36572
143.7766
69.73891
71.18448
42.70449
79.10584
37.283722
123.74461
74.62482
123.08002
64.37807
68.45875
35.916313
65.79366
24.985638
53.181854
81.88841
93.23386
64.20063
15.509626
18.95018
139.55078
47.28372
60.60373
42.628323
37.59739
13.272646
106.64551
108.0046
50.714603
27.016438
65.170204
59.61265
61.595512
115.6405
117.054955
47.548855
22.49972
71.269844
66.73212
136.5173
90.02576
216.32187
197.12033
250.79704
160.05132
187.37152
108.81284
74.829124
46.46718
110.9166
84.22721
56.448647
66.76881
49.539406
108.09198
4.787725
97.33905
37.211464
132.62488
101.61441
29.593624
374.80292
150.82915
26.413433
48.682377
69.289856
71.9482
131.0937
74.49994
32.51412
181.62552
111.153404
62.648823
91.78087
155.34653
71.545006
56.181232
88.15871
61.838665
116.1559
58.78535
65.248184
68.926186
41.55149
81.850426
137.18527
13.340236
139.78014
118.91484
83.70438
52.715965
106.05495
34.84857
25.559021
98.64424
15.786481
2.6235266
37.673542
54.13789
167.40053
33.7353
0.38853097
2.4540622
35.02043
43.10096
77.85106
189.66118
129.08463
102.17213
24.405428
178.99118
47.805504
51.327263
94.20264
46.264137
98.13018
75.04105
18.189219
13.923193
12.664472
89.375305
63.199017
31.825161
29.58342
0.4184598
47.31815
34.966255
207.56621
78.54051
113.06216
93.37178
39.91737
52.17295
101.79429
125.27565
122.85707
43.087257
60.447533
31.913998
31.59367
176.61063
166.3415
132.05411
66.998116
65.60562
102.94869
55.93213
6.739723
9.974268
50.900043
228.57222
63.819344
68.49121
62.002678
34.459057
98.4244
74.085106
51.337116
79.05293
3.3185887
13.420662
66.80684
161.37102
12.53195
10.849064
34.75048
157.23047
73.84355
137.46306
127.35811
72.13491
147.79619
49.066063
72.4701
217.13815
64.33043
128.00027
36.04756
114.693665
102.32178
64.71573
108.28365
64.04355
57.752625
72.23675
68.41367
105.81145
85.212234
71.2304
60.50072
135.74695
100.46678
75.1412
36.73005
75.121735
51.1455
74.84779
126.40498
121.48755
103.58004
85.15042
73.31054
134.08267
147.12254
106.25474
78.32171
33.019234
35.373383
34.81078
83.74034
78.968765
53.035595
132.34915
46.18906
48.907738
150.84642
215.24358
196.5662
235.84468
198.0996
224.0483
234.66556
193.00826
220.15474
116.857605
89.23121
35.92834
51.17579
80.96072
92.05025
87.01515
129.05338
55.572918
37.738335
143.56473
256.1989
195.78941
152.73393
24.953783
51.63964
63.10332
115.79364
69.023415
68.81059
114.75752
135.13814
86.85433
35.594982
73.05919
273.39166
85.724625
25.147526
176.40076
180.71106
186.6315
132.21237
260.09265
1.795981
1.0479137
22.435883
95.814766
52.692284
25.190207
68.1129
6.5907974
29.586624
48.226097
105.26062
16.486143
86.65209
51.168274
24.18878
43.604713
82.97151
68.89856
56.401268
56.589134
69.67863
70.781815
63.259045
124.47457
126.26432
34.98744
160.85295
136.73195
128.38911
154.96751
155.84816
203.50714
123.787415
150.49011
71.74904
87.24013
123.09845
220.51028
75.6826
140.92632
82.69643
58.44988
1.1939008
26.035442
56.321922
50.085674
95.942406
88.793655
141.8859
165.04205
181.82893
133.04832
171.66534
131.0846
22.646978
19.28503
42.493065
74.01711
71.99144
66.40216
41.157505
38.266624
38.954845
4.348118
63.260193
60.620422
134.7289
112.39359
66.31267
112.0002
86.50005
50.0783
192.46901
44.046593
73.10468
112.45015
69.626816
36.85119
100.10075
145.91605
94.100555
137.81052
105.97266
89.15765
37.618195
116.09591
117.60298
34.87809
59.854706
88.89719
70.583824
99.568436
71.81499
103.992325
67.88728
39.53505
162.83704
167.17227
42.107937
104.58522
142.65376
120.3019
51.59754
86.15383
37.725807
29.255468
67.6572
4.623761
79.29048
131.65323
31.101141
34.29674
106.36436
106.74884
83.72219
122.96342
173.58907
213.17679
144.27783
148.12723
177.94022
208.5585
152.25664
290.61612
156.60501
127.308205
100.88047
62.658394
2.702268
113.53945
161.64497
59.651268
143.63347
11.61087
39.377316
41.608673
62.582603
28.476242
86.01866
131.74178
12.156608
62.509644
176.35034
8.938121
56.37843
51.877422
35.493004
56.714897
85.95338
62.02169
112.96382
92.22965
59.723976
129.74016
74.03284
223.41577
179.21036
89.35636
124.04997
114.42849
219.42288
130.18903
7.2998133
118.0623
69.73993
89.61811
43.711277
79.4583
35.498135
16.663038
37.19593
71.513664
157.82367
0.34147248
114.05885
248.37764
81.75041
0.700256
57.844734
61.533012
176.71475
78.41313
37.063023
188.24797
62.250507
63.900734
71.14722
73.6962
191.33357
42.568104
139.62804
94.07475
38.721485
69.30271
204.30653
143.0651
82.78993
36.01567
117.90196
33.92173
118.76398
172.62326
78.05946
106.175735
146.79405
72.22989
97.871376
103.85921
83.857025
80.7324
72.800964
109.3015
115.99626
39.16008
65.10984
47.585976
60.074303
177.21246
125.217674
1.0024544
61.85531
44.548714
28.405624
43.54621
63.729053
26.786383
99.83546
83.319885
12.886091
40.165737
71.65426
150.49336
142.97652
48.88912
128.65189
50.99534
149.541
109.40055
42.54713
184.6054
59.969025
181.504
52.3922
62.440662
62.357166
51.346355
37.799744
130.41985
2.613429
55.092854
31.058926
29.343983
121.47102
65.76862
172.83054
90.18962
78.24037
3.4444516
62.943165
45.59058
62.33988
100.85803
157.13042
58.29116
128.80391
271.04422
213.10266
113.549484
211.8144
77.07033
217.75394
177.56151
93.421555
56.20998
41.995277
57.982445
93.10681
15.585098
96.61428
12.117852
71.92253
117.30353
114.19188
113.6713
15.0507765
99.2674
136.94395
89.890495
13.707736
33.72481
52.240917
72.99963
55.568756
131.98259
195.52676
99.23625
1.0338652
63.483803
85.80586
49.778313
163.38077
154.71414
214.27803
169.28642
44.89895
200.40973
3.0764267
54.88976
94.81829
165.02518
120.45491
100.100685
219.9744
154.75882
114.27515
91.72638
195.11133
158.95137
220.1739
128.71295
134.13777
39.268726
48.929802
71.413956
49.000748
84.32613
285.94992
390.3919
160.51126
346.3997
145.4913
128.33052
117.57963
58.1544
58.90907
58.56255
39.89885
71.600006
52.134052
74.17306
75.434105
120.61674
66.88155
39.171463
157.58932
80.94972
36.072273
35.708164
140.1618
72.33208
45.6837
80.76335
61.637085
139.19524
99.543106
121.62157
133.45753
107.47538
66.481285
44.726482
82.170876
63.010445
136.66171
202.5035
100.75435
113.11526
25.227451
71.7163
94.76667
103.99396
89.88972
43.11657
38.842373
27.39156
42.450516
64.496254
63.39673
74.07623
71.94658
28.408356
107.23293
59.35973
76.00114
70.48333
87.82163
105.29437
150.15327
111.034035
159.2178
63.20165
58.536224
72.57736
45.89416
40.1129
165.09239
54.459778
98.298676
99.26923
118.370895
47.24523
0.6197525
94.3857
181.91551
199.33846
203.96123
78.849
95.783615
15.489347
67.831635
48.723015
75.581314
104.749756
88.72865
220.27783
155.62845
268.8223
116.88733
45.55876
96.98677
46.289967
206.33833
77.59247
71.68337
95.7828
94.133316
123.38173
96.494095
71.658844
121.81372
173.87115
65.11574
170.65457
139.52907
58.635994
42.745476
80.16506
33.925137
35.675053
169.06204
167.78915
191.69995
103.00448
152.3745
50.050705
60.130787
0.45546532
14.659691
113.17007
109.54317
120.40517
118.019775
66.84712
1.8100984
0.40396318
1.7062995
72.25643
105.13655
42.839634
163.02988
50.853447
3.909988
17.709883
56.41842
98.20447
71.76101
252.07858
94.28424
100.08208
62.589314
109.362915
39.733353
91.64198
157.50977
181.1226
86.29669
34.475315
75.03417
22.435398
122.94508
92.42058
106.93656
72.117226
41.69483
63.01549
58.679058
67.514496
72.19853
63.218964
77.04018
76.47891
106.434525
180.11642
72.90366
126.43233
36.23678
119.132126
101.4076
34.42975
120.44928
96.299484
38.850628
61.327625
69.78484
56.03219
65.3607
148.6196
163.4013
55.837852
92.46008
66.61156
116.91591
117.034546
70.200676
75.99333
65.93667
33.879295
119.826584
143.03052
103.45034
65.67568
36.075996
141.71106
72.22597
121.475845
41.51558
56.019035
38.972908
59.06916
74.71266
70.03837
212.94168
132.09366
90.65284
73.31107
218.13174
99.96157
210.47054
35.467487
48.559887
49.557793
48.2348
39.08317
4.1468954
60.727264
120.2521
140.02466
91.261185
106.74058
53.312733
76.68191
52.67962
74.43048
67.494705
74.2329
80.650406
58.444633
66.498924
121.41368
74.88494
112.740555
87.116684
111.29012
200.40219
162.75801
112.121704
35.635212
57.01127
72.51808
247.00264
122.09485
160.99564
57.940876
60.234608
41.690056
133.08217
61.212727
158.04114
56.979675
0.71478736
3.7124496
4.391872
64.02439
27.65835
93.74839
71.56685
109.37782
131.5486
81.067566
4.051885
126.13695
161.53763
220.44963
197.85692
116.75736
42.962273
42.18509
198.0687
44.133835
126.71407
78.3111
128.70972
153.1511
46.798393
70.75075
61.995384
87.44438
80.460396
184.88693
102.36387
63.274506
146.17917
65.768936
76.215836
112.664894
70.33896
118.10173
120.59978
142.1152
82.95702
22.592155
3.5871644
102.22239
156.01431
76.027985
115.80554
147.24792
45.814278
156.74675
237.32193
173.67656
122.57353
92.74434
55.46937
214.18576
115.29872
41.04969
93.23058
66.650314
1.156666
85.37204
0.7388898
81.48259
70.96074
71.87681
156.79237
75.99501
39.475418
142.21944
49.715305
95.69239
70.46524
201.39816
352.38593
133.21841
133.82187
138.63309
78.220566
129.02043
130.37735
56.95574
135.39696
223.95035
250.18266
129.61044
131.60056
156.18454
40.11777
38.93755
300.4312
184.83772
46.71549
74.234055
156.58287
75.27775
115.8076
42.846256
140.75508
2.6623545
135.78549
66.901985
251.755
279.85574
193.73575
113.775375
43.635788
38.959774
126.92745
75.74763
73.68866
75.05769
120.89754
38.93375
75.05077
87.59468
52.558197
92.087524
68.04484
105.30713
155.54987
13.013494
12.41764
173.56674
124.15288
217.34875
243.53638
260.61182
200.4295
250.5228
278.768
141.75735
117.767944
106.87358
55.333214
57.21955
230.61368
227.45662
137.88809
184.67715
333.78827
217.10507
164.35866
148.20967
237.96016
181.06294
159.25449
66.684105
44.4698
66.851524
164.67831
107.6073
200.98166
40.614895
39.232212
249.26347
221.1031
261.70795
6.2897606
105.381874
176.80687
136.17133
135.79765
142.08725
59.581257
175.23318
189.04541
97.243675
54.465034
61.289284
152.65414
156.94823
270.644
239.59006
214.61165
193.06026
173.96959
140.63054
266.8768
208.77715
125.96773
150.9405
103.80011
135.40845
51.54767
3.0787067
46.528015
45.815907
81.59697
35.059105
112.672485
2.7684245
8.924254
80.16749
38.598454
85.110306
76.437454
100.582726
208.98666
109.935776
178.26297
60.644096
58.207325
162.04343
145.2687
124.033226
174.9631
180.50693
105.14966
88.49004
95.789215
144.70364
70.25168
72.66323
32.084812
34.424877
102.39767
34.670406
173.67067
205.57043
52.74195
77.340485
135.44617
68.280685
47.742435
108.15873
225.66646
115.12069
169.86276
103.93856
119.989944
128.26295
92.788284
209.56026
213.94974
52.87508
79.20553
152.6364
38.586567
110.7547
35.267162
241.2688
167.37769
226.61821
168.14133
89.032265
61.3296
90.80138
127.24648
93.13512
20.385584
65.73875
162.34029
100.24556
106.13075
111.703384
91.94673
76.84099
19.65221
39.56631
107.70137
42.660637
10.81591
244.70792
144.3302
109.18956
83.25835
121.09959
124.16306
169.26657
78.92973
11.340438
30.681839
109.83938
135.7588
82.611885
96.12022
2.0563407
68.850464
103.5005
106.87032
84.18278
168.74211
119.59696
22.430748
81.07109
184.523
37.456593
98.034164
13.981642
120.63371
74.77411
28.675669
11.318022
78.31232
103.92881
122.554726
105.317566
138.56535
84.157585
75.18282
122.010155
180.9858
291.2454
188.59944
318.2795
229.02939
168.3438
232.1495
206.14812
145.20436
120.13411
81.17586
84.207466
98.68892
159.71988
151.75691
83.94081
94.878136
48.440037
108.99209
181.33025
71.6357
115.352356
58.692078
70.326614
69.47037
5.471137
41.965878
86.51382
149.41658
39.349625
37.880444
31.462738
50.589806
92.89571
57.53826
125.83563
159.94405
218.0767
120.793785
107.30973
139.01712
279.79846
34.48104
119.05774
83.35368
47.756912
49.11874
42.06214
50.455494
48.88235
72.0175
75.89065
93.571915
25.248058
47.784855
62.11261
99.23619
94.330986
163.70384
82.30639
115.08203
40.503323
180.96764
45.509384
69.741776
141.81589
145.5923
127.87124
77.057175
84.081055
88.84918
78.80354
69.84439
217.66971
43.234802
52.600414
130.96153
182.6506
243.34286
146.50987
153.66621
7.5235453
145.16615
81.876175
109.03227
177.29916
251.29819
281.48175
307.85114
173.6207
199.64081
224.4709
208.74219
95.465485
84.257706
77.08099
156.52347
355.04922
108.56569
135.6756
159.14786
101.14288
51.16352
32.762924
146.47073
249.3851
143.17181
164.01396
74.966774
287.27203
2.9182518
166.8021
108.70549
84.56829
68.76861
167.05576
229.78915
332.69592
142.69174
1.2524717
75.88859
2.299932
101.90829
49.72065
138.10701
43.030384
154.72171
72.83799
157.92508
127.009315
164.64687
49.28356
83.149025
89.94775
125.5339
3.7049165
92.556366
84.207504
43.082867
191.81888
11.391016
83.73252
73.43013
149.52652
51.32738
3.84714
73.432106
78.46992
78.586105
185.27603
183.42415
71.49676
101.61766
94.85817
137.50345
108.373764
47.979103
87.32923
61.04701
189.35828
190.19177
249.89815
20.990343
13.0053835
101.1488
1.8885686
143.88339
89.999306
116.78237
102.31201
146.02692
189.70352
154.3162
178.08524
198.80818
88.99858
73.204926
281.9664
200.7518
363.42206
82.95747
185.37875
60.054028
54.75523
45.00885
11.317532
113.54629
307.3189
62.609486
127.7818
67.75194
164.85428
106.43282
148.7972
164.9989
123.27993
140.94284
74.55075
130.19046
114.26839
180.79033
57.06078
109.21519
120.07422
94.11886
214.6092
38.190586
107.75077
39.923428
52.179005
42.662304
131.56767
163.02477
49.129204
2.190796
64.94917
167.72629
128.4261
9.825929
9.811224
49.149666
82.39974
109.594154
84.95036
50.729164
134.12466
112.22495
71.39598
151.7041
37.803993
40.492485
92.3865
39.986286
56.50277
85.25694
19.250366
109.93473
157.61333
95.53316
48.80625
109.37732
50.60135
162.43002
149.94846
81.006386
88.291916
157.01108
95.49336
109.17938
98.61068
132.42105
99.00758
38.233135
112.65166
171.9996
146.99867
74.71234
48.841125
106.76375
125.93856
173.85782
115.94609
128.93513
51.731262
245.68246
109.86162
149.3758
221.27939
39.805824
38.921394
37.803257
158.63992
232.20633
78.11417
1.552964
57.484398
38.708755
194.82016
58.05619
10.635275
69.10707
123.12032
38.30086
217.43857
266.04422
74.39027
194.72299
130.55388
39.26717
78.59567
124.97688
87.11969
129.3211
89.247765
37.7016
152.33131
79.582726
115.382545
114.97066
95.76745
2.822309
80.545425
309.23663
38.766853
67.91207
9.389385
99.560524
30.275736
43.339043
38.19299
72.495926
92.40643
40.430805
36.817528
2.3081465
73.192276
11.283436
55.07655
54.32093
95.50269
215.53772
35.35384
71.73735
89.39485
72.80781
70.22454
64.49352
8.851648
54.43908
105.50989
39.660217
74.002235
48.063183
97.74585
85.948975
82.81917
73.4887
107.23595
111.03121
104.09459
84.34096
96.31944
143.09396
71.371796
71.585106
121.98308
76.92605
1.062185
70.98061
354.1401
308.51495
88.429565
85.13713
99.666115
142.7038
36.050735
140.80551
3.8801963
35.14157
141.49025
170.96411
133.06372
264.48553
174.24957
93.12837
143.9614
54.189262
173.74095
129.43375
119.4449
52.26819
34.116398
146.78813
71.57354
77.891174
151.2968
75.73212
109.50481
76.06201
155.83011
265.5404
234.11197
141.42264
446.28696
39.37478
76.66456
106.06525
71.42939
70.421555
177.51886
74.28442
84.999405
132.79953
57.20533
33.52769
91.901245
45.390957
90.37221
50.086033
152.74394
109.45018
127.07649
99.69618
100.54635
224.63225
205.9191
68.673965
57.65392
53.923443
61.531982
97.022804
211.71109
67.77164
84.4436
94.65602
94.85079
111.648705
67.707
41.40181
1.478457
65.6061
91.26088
35.56647
0.3104574
67.64942
86.64778
152.28789
74.48558
134.191
49.657932
84.44841
40.480488
75.95921
0.324458
52.254383
38.531593
61.099068
112.42617
88.81676
124.11615
58.089973
104.045494
100.00747
260.32355
38.26473
172.93423
85.13042
35.877464
77.76428
129.05367
99.81433
260.53888
42.455135
40.74912
28.022724
143.34306
0.5256544
29.632404
104.189125
107.80206
142.06361
38.775707
64.061844
3.632932
8.740403
39.042866
50.489502
113.79797
6.582106
108.31563
66.023766
20.671246
37.533432
171.87474
229.27332
262.7106
193.84065
147.60541
50.606743
187.8856
178.01187
53.552124
51.009235
146.1915
30.000116
140.49704
74.00249
64.64953
46.751472
58.97356
74.07196
38.467663
97.19176
48.962585
67.16113
38.004402
48.761593
166.14102
217.30452
168.96155
178.6163
107.90723
62.526196
74.57836
240.13199
98.69255
229.36015
80.12651
89.35974
108.784256
35.537132
261.2786
89.505325
110.77757
186.96582
252.13779
108.260666
140.09305
65.30061
55.166267
43.685577
53.831627
138.06697
108.32749
93.55018
14.99012
49.66436
49.92391
97.731224
6.191611
18.8173
122.54964
168.56905
251.9567
226.5162
165.31259
144.1998
5.152104
1.8387988
35.9849
109.08275
161.21646
124.03978
141.03568
71.33156
60.57179
242.38701
97.23088
55.354687
85.2997
99.509346
96.26896
211.50883
98.21356
67.10627
107.757324
65.99374
36.63919
89.86126
42.33646
62.829384
36.05204
56.68448
138.77455
174.90799
266.41614
61.529335
62.671272
170.1033
67.223854
156.54611
76.31343
28.326004
35.678303
46.42028
102.61295
75.21822
16.56099
28.448177
107.994064
141.59006
83.516975
98.856094
119.701904
55.5879
79.807594
83.309586
197.23302
69.62236
95.43593
141.9429
66.98828
36.66467
154.02893
182.40912
80.917046
108.18839
50.819405
11.793874
31.357676
96.32643
128.47092
77.41285
165.65631
1.1680517
32.840893
223.22055
188.51208
123.19983
68.3445
71.35039
120.28609
134.36293
42.746483
153.83804
170.85689
93.25003
111.286644
108.13228
99.554405
145.88214
130.8687
212.28833
93.338615
55.359802
100.5134
71.136475
136.05191
215.10498
97.01659
88.05297
104.06738
149.73956
75.004074
129.70078
137.45485
149.50891
119.06655
44.177998
75.29362
264.05527
284.52756
91.496445
104.57124
118.100464
87.958374
71.00357
15.046988
28.643564
18.848202
168.39815
94.38184
51.084396
63.26048
51.383293
71.083244
39.21267
128.59283
333.85608
29.78114
73.053085
200.78561
165.22714
67.39604
60.67875
3.2327175
72.414246
44.829018
163.48009
130.7857
42.832382
80.9199
178.41823
75.77425
197.09982
63.39625
141.85538
39.172764
114.21484
108.51282
117.69603
64.750206
97.854126
58.095898
98.73526
69.1776
133.5481
137.2789
143.28061
3.2236094
84.44383
174.21107
36.378853
107.69405
109.64099
84.67757
187.09682
106.30166
109.3145
43.29804
64.914894
108.45015
35.080868
79.4955
96.96895
105.12173
47.104797
119.72386
108.66028
83.66306
106.45487
78.69819
3.0289044
45.386997
0.73180896
93.77334
106.96797
79.74002
40.93173
120.80019
86.67833
136.96172
50.099792
125.471695
117.13045
8.414232
38.48272
109.63957
81.17027
103.904564
11.146223
108.35362
97.95595
47.48295
73.0298
93.93367
49.68723
84.4217
72.93511
81.98778
80.8079
94.11455
87.85995
44.900826
71.15282
48.41369
96.01352
54.4051
224.7938
72.62599
174.01498
331.41614
79.212814
112.17405
52.824745
88.87439
116.27268
155.37178
151.92326
113.294846
0.74236643
40.508198
200.93942
196.05035
101.960106
72.30493
171.635
6.1025934
177.889
174.08832
159.13391
48.59069
73.204666
85.41222
38.11466
107.45674
108.31012
64.25011
40.502018
70.5544
181.51407
171.96762
202.8837
221.29782
279.96356
262.5595
371.58594
113.96377
45.899754
36.083515
146.92717
264.9788
204.16223
116.42485
136.77611
125.11825
153.6463
137.54561
41.444923
146.41246
173.98592
202.13168
68.36304
95.07693
38.92905
42.454727
163.59978
8.4868555
105.85343
79.60002
68.009026
154.4276
191.90858
184.72891
85.167595
116.41701
201.23434
176.25645
328.57025
106.52632
151.51337
48.545025
36.718544
73.24455
39.088593
113.235435
67.03978
126.496376
61.744843
122.046555
238.4154
153.49765
74.02144
91.82366
149.04012
12.2307625
54.8048
31.137634
81.98383
127.03921
53.01549
79.491234
84.88889
107.52328
77.695175
66.92465
110.46724
92.29861
240.91682
81.24861
220.32693
71.422745
93.88279
166.14845
190.06317
100.87367
80.64016
158.32951
132.34566
63.890755
40.884808
82.82906
57.31547
75.187546
34.971634
85.4619
111.04289
117.34245
216.90604
92.27926
150.60367
40.653664
69.2031
107.351
136.81339
214.74773
45.14755
49.304688
42.2399
47.037567
160.24124
46.652763
112.26821
44.59153
12.862287
34.897312
179.03865
155.81181
225.15869
160.13437
76.86427
44.053917
78.79513
41.357693
208.1648
197.35094
156.00833
200.51105
172.68002
38.956505
71.36179
37.655464
130.92834
184.39027
157.6557
230.34819
117.22263
128.61829
81.45796
19.886791
72.41597
48.383694
141.19736
14.993535
68.56026
41.910614
52.23712
99.71138
72.20732
119.40222
93.27962
89.74862
104.788345
93.34251
89.63539
216.18034
116.23628
178.3095
110.60185
109.517624
113.0306
110.25242
47.275734
11.633424
229.10739
83.74177
38.005154
0.9561162
109.57072
97.72374
102.27262
84.05947
35.69056
21.263086
53.11709
31.361944
46.65337
29.894184
38.16226
56.492634
71.41504
32.44672
73.99533
81.65272
39.0087
11.331106
36.927635
60.32984
10.516905
274.93317
79.35921
207.41675
101.71853
226.82065
67.20336
28.713297
41.70997
122.94551
140.46478
114.03249
2.619246
46.756462
54.75473
80.53114
106.524574
40.679512
145.5039
81.75674
150.199
113.90877
116.52616
36.47593
68.33684
47.516376
44.22152
42.320133
73.75096
45.426594
44.47786
211.4689
33.523796
257.67584
309.1213
73.37963
73.44113
108.97296
103.86299
235.47836
258.67023
189.19565
120.97599
11.11589
38.11243
81.142204
67.4567
138.45805
218.54489
217.87228
35.88665
109.607346
52.86617
26.74912
60.017006
110.59535
163.7097
191.43214
144.8516
339.14
96.08214
66.8994
84.951256
184.02115
229.68417
134.13821
295.69528
214.69678
135.4947
38.50983
243.7181
37.061943
181.96922
224.19121
137.71432
72.442795
103.21733
67.419815
96.86316
232.87207
44.93758
11.343515
54.900818
45.692482
29.54798
79.4676
34.931534
86.009415
203.10097
143.2662
147.89891
87.9658
131.30258
104.02754
80.967224
2.3009353
123.12352
150.6398
276.21106
65.021194
56.388336
89.99551
36.96009
43.38469
48.7463
38.143272
200.22322
98.554
131.10553
107.13136
36.41561
36.661217
0.5517489
1.4226826
43.64097
84.03761
113.82643
115.77605
153.76642
36.063145
38.8758
72.48794
44.585003
140.984
97.852715
2.3183389
20.894663
10.851561
79.39148
106.46682
193.93759
95.00624
50.856037
156.70592
33.337387
1.2600647
75.28163
145.97342
36.795418
162.88542
150.0441
140.5369
81.10082
103.80825
46.428703
46.6663
32.417057
291.65662
29.236883
51.403687
141.89424
189.94327
85.08392
110.72331
78.13396
49.650177
81.93833
48.680996
18.149881
115.98379
122.27342
53.97588
70.28011
107.27399
66.613914
79.16741
182.85132
73.341324
74.16077
36.525505
142.5173
42.982082
114.747375
100.88289
99.46983
12.086751
67.90813
39.652847
70.21877
39.137276
265.46835
48.44639
72.576065
118.46007
99.7032
37.01021
103.73637
129.73709
110.15269
52.54381
105.08242
57.166527
124.09248
207.0627
45.085125
219.77438
12.245239
76.41049
69.25037
68.13759
159.33098
101.91908
70.72679
40.610184
54.830055
146.83
73.119644
77.7427
185.70303
57.381725
153.46722
4.15487
123.373276
82.19787
326.58353
288.2736
154.96945
253.75558
149.42177
212.82173
81.77412
130.4025
163.58328
174.18858
63.09315
111.49945
139.28296
146.22423
161.13454
128.69977
173.93289
183.74112
68.30367
19.448635
171.52007
118.82766
66.69798
109.73668
136.62137
43.564186
53.13656
139.5706
79.50342
148.60477
151.10965
105.55025
178.90388
277.28796
249.45029
138.89334
20.215633
139.21817
37.969334
36.120415
27.613781
40.677208
100.907265
44.95932
108.605545
36.1643
148.61032
146.62808
157.75822
212.57504
211.9781
144.3753
329.69666
258.37338
104.33772
109.35089
183.98288
196.45377
35.33099
248.44614
306.3557
213.63162
66.517555
283.2292
128.80824
57.212902
223.1202
12.001646
226.80974
150.84598
0.59120506
65.57422
80.46986
77.03824
73.234634
217.54959
116.81631
136.1677
203.69386
77.83986
77.83722
107.31148
144.29782
84.91111
91.324394
223.94878
38.22199
38.506664
93.7003
216.12411
100.04544
22.815228
35.588055
70.86304
125.0116
65.12217
126.31323
55.261086
100.44621
38.00426
58.282795
294.63705
49.313286
46.41825
39.08344
49.283802
0.62714136
40.096504
37.844578
43.536583
38.060555
250.396
144.93863
0.19705887
20.147331
117.065285
154.35349
106.59178
45.025745
138.11165
116.73732
170.48032
84.01732
159.42923
122.04378
49.5359
35.701073
186.72891
102.18901
63.14748
0.8445547
94.04808
86.52586
131.49992
9.413891
37.71662
82.24106
128.28384
77.97727
95.43497
48.392937
56.285023
101.89793
73.65927
45.89982
197.88992
57.863068
187.90758
167.4508
71.26186
178.69916
36.311367
35.774673
66.6024
109.215126
74.2564
1.6076496
93.396675
48.502647
69.320305
86.265335
45.588036
116.17521
71.70266
80.30351
0.83982676
1.488996
37.3669
140.92184
76.12114
61.72289
103.18331
101.255745
73.12748
72.469315
111.36515
98.20834
9.410317
77.31828
58.01371
84.44371
150.13731
184.99492
48.05754
2.2326775
121.016014
52.709236
50.358627
30.238688
95.45845
222.92014
162.80466
169.21175
75.21615
116.946884
136.21968
246.25504
215.17923
202.96828
222.71204
274.54694
75.95312
126.96478
100.55177
116.39573
77.33287
192.44113
75.276535
24.749462
32.589897
241.06856
113.53744
9.548693
106.74217
74.63071
132.10106
285.5361
76.37585
89.28908
37.22677
80.867035
142.14433
75.73692
89.75783
3.7513652
79.961334
127.50984
120.00688
141.25128
37.894615
2.3759534
53.13639
158.5971
180.86565
204.329
231.0251
129.90471
302.0788
122.0005
27.104776
85.13784
79.53616
107.51804
61.28187
180.54234
57.96991
131.86282
134.59763
135.12689
136.1683
95.85584
59.45455
99.054634
103.97445
140.37985
196.96246
97.84773
73.219826
39.791325
110.63395
85.11465
169.73154
173.83736
290.79172
58.757545
119.117004
92.77936
73.27156
91.35886
48.11284
120.92738
61.86378
109.84657
101.833336
43.13736
154.0445
37.79771
43.119423
73.753235
2.8262813
18.919529
48.567875
74.45322
67.56561
39.434258
151.26115
70.37701
110.63755
2.483358
34.96525
79.05879
72.00382
39.20086
119.05522
159.60995
114.09605
44.674812
116.53215
117.33164
25.93685
73.84425
195.24568
120.18522
46.22289
147.99187
30.318827
37.451824
88.13844
70.07567
0.25015903
76.81449
73.66363
135.07455
152.50528
89.16396
241.49316
313.39014
211.58813
261.17365
182.80814
124.699
20.681067
170.88159
256.5491
193.18536
184.2942
171.92441
73.91542
44.312782
100.160965
116.02321
100.30626
46.16317
142.43173
46.295082
141.19836
72.80189
46.736244
119.69548
155.16449
151.8673
64.98443
270.2452
129.35747
49.543278
113.03615
149.4829
39.421257
37.633682
123.65737
269.74133
79.60083
215.2447
129.97449
85.20399
82.89574
94.09694
109.420876
38.03531
142.16237
138.92174
156.11603
105.11235
52.759888
70.51073
226.35962
228.70198
85.838524
38.544662
76.318375
71.435974
53.49757
63.058887
48.829185
106.6178
88.99964
30.10913
131.4501
231.29907
59.375164
89.200645
38.919365
57.84826
74.39125
57.734966
159.11496
207.05472
221.48233
38.022194
38.60244
51.506824
147.94746
43.44691
142.35434
48.165535
124.66597
117.70908
69.77327
51.438873
99.97184
123.81763
94.65886
11.487803
47.647327
102.313065
0.31013003
36.9316
2.4821026
205.75253
184.97713
145.56834
117.27273
68.78437
68.96581
69.724655
112.92234
48.21908
318.6776
36.1836
73.52688
51.117695
76.47769
37.863777
120.00032
153.62488
138.84758
223.23157
158.6611
230.65657
114.749306
84.85875
72.95085
2.391222
109.86078
30.919231
159.81598
354.25323
203.88608
72.174576
141.88864
72.59652
83.329254
40.812653
146.40817
56.514595
114.98317
2.0732965
55.33145
14.866564
74.07026
161.35037
70.16385
102.1686
37.113693
48.079155
2.3746555
47.6463
196.49057
87.52743
185.8882
38.661255
136.68747
121.814804
78.372955
86.8008
142.95923
38.16987
67.35068
48.98275
98.35093
117.62612
79.770546
96.8106
37.233
35.53787
44.129322
123.29791
108.28469
70.69744
75.18739
113.10238
144.12231
200.01566
36.315937
38.503075
46.271065
70.91582
42.02424
37.74746
119.58152
48.320824
213.75558
87.68938
108.24376
87.35748
111.03837
6.414242
18.493046
69.58617
186.44357
81.666626
102.52037
32.416153
48.265762
20.684406
62.827137
40.22553
92.14421
43.127552
47.364525
316.08664
141.92174
290.51398
140.73425
187.13783
207.0527
72.66546
43.94883
161.7818
59.731995
74.36348
132.81866
88.892365
101.08829
87.616356
132.14134
14.921143
40.326866
151.90485
53.08835
94.73409
66.01196
53.7942
59.317924
47.9096
65.70354
37.589485
0.5659012
13.909541
71.97737
96.72573
48.218987
76.60758
82.95202
114.57719
80.63399
86.40279
245.42305
96.95076
359.64865
241.91365
172.31306
122.25504
33.679268
43.135303
44.93636
72.043465
59.78409
75.76639
24.172947
144.05496
148.51169
73.46301
70.81096
149.86246
104.067276
86.86548
11.871633
31.753866
136.25542
142.14406
123.533676
176.95511
104.31691
134.28462
45.42626
118.15694
44.76467
129.04854
78.14972
205.23349
57.898643
108.72258
73.84739
105.729576
71.88011
130.05449
56.142952
9.522328
76.645546
126.47121
119.03275
53.9806
152.68593
75.2283
111.9542
143.83061
77.87482
78.57965
3.033953
98.17957
128.68303
280.7223
311.07697
84.176834
101.56477
47.482693
34.530495
80.044075
115.98346
122.29586
119.35925
188.68544
234.50522
144.20035
319.48404
236.72652
276.72266
193.1539
13.121286
68.43714
73.900185
45.31983
67.495255
36.49073
82.02677
218.14702
178.0134
78.61645
74.48323
105.730385
47.939545
182.98448
79.9261
35.248848
37.705757
152.02718
104.451515
69.14496
56.530804
49.418938
185.68573
84.36095
139.46404
138.77873
120.949356
38.932297
37.629276
82.10057
123.22987
0.45025665
38.58566
79.51247
40.251125
162.38693
199.9338
280.62982
112.19258
154.15536
124.23496
29.887918
12.12296
11.623339
106.53522
36.483475
72.59566
8.536354
47.4296
117.87712
172.29344
66.42527
145.12253
98.16957
96.80606
107.32253
42.22181
104.370316
36.589134
113.23987
43.571896
36.903576
68.98334
45.819996
82.86803
91.98801
73.39689
81.66136
116.34542
38.264957
110.29451
78.33871
146.06131
93.34226
40.24098
70.97203
68.22294
78.19637
124.449684
33.533726
39.49364
118.06091
82.224174
38.563194
71.839516
73.00676
141.84717
70.15672
108.78849
140.25304
256.41806
277.70245
61.060097
99.90716
75.311386
117.47673
128.61797
99.55494
151.46321
108.34092
114.64465
122.93217
250.34274
56.915607
118.63301
104.352844
248.71655
168.53397
297.7044
1.0337495
35.77029
113.118614
74.66328
1.0927432
50.027843
149.94003
156.78827
75.51811
73.55987
346.01675
360.69583
73.73757
250.75937
155.20071
222.059
103.24593
83.23096
78.046036
112.91264
88.45723
74.79152
133.0501
55.71756
108.79271
80.02402
72.05619
88.49623
110.856186
11.002091
130.78804
21.179834
175.88171
67.83269
138.60828
178.17409
107.18748
3.609019
12.763716
88.55513
123.39176
31.322058
11.65531
81.7939
135.52072
26.282873
42.477966
83.76712
33.990273
105.048096
96.28761
78.17316
40.363674
60.153637
46.918556
84.406235
148.68892
106.34416
39.977795
99.90529
181.48734
105.849
98.75432
85.817535
60.834747
135.55484
169.01535
118.60836
76.23451
71.892715
48.86341
110.889755
172.72028
73.47159
0.75678116
42.209187
101.387245
11.36305
76.70662
119.25515
68.210266
96.0507
120.62449
123.20009
83.79558
42.28268
42.644436
176.32019
175.42482
181.76851
185.54672
112.18468
98.79101
33.61719
40.064342
59.460335
36.35693
46.999474
70.99507
99.40118
78.62527
99.65123
73.01497
204.82072
88.23869
53.602608
72.41968
191.42014
208.13445
215.2009
256.82135
183.00986
168.447
208.8737
32.834415
75.99748
118.73934
145.70578
82.39561
49.932487
41.95263
21.029148
65.397606
257.25848
145.42244
215.93648
185.25931
272.20792
223.67253
4.3514557
166.75009
67.82849
0.58758986
30.777359
124.67641
74.411514
171.62622
91.09557
107.70309
79.61636
88.163185
226.96635
251.93303
220.93416
157.229
103.830666
145.75345
6.7895966
46.786144
76.99491
46.662136
35.09311
21.175425
19.470387
142.44058
102.70652
47.593983
114.44387
88.50818
95.73462
114.222145
93.39352
58.99764
98.83767
128.09903
126.532
73.660255
90.50993
73.83936
164.20493
72.02295
53.111427
34.20752
145.09096
143.58214
100.93082
74.411674
93.443054
34.26407
357.8697
83.591705
145.37912
49.764565
83.71119
84.43407
107.79569
178.5158
109.33972
101.20232
110.42141
130.51736
79.43245
74.68099
66.92088
149.59471
69.45099
77.93257
90.428604
124.57467
2.2887275
3.222791
46.911697
99.20905
103.07927
38.31579
2.2201564
41.33128
80.97376
73.072044
110.763596
78.421104
76.45991
48.4672
146.74278
84.9898
83.50215
77.170105
235.98254
73.66704
41.407387
172.05153
189.69594
112.90083
92.666885
121.22939
84.297516
99.75814
125.95913
139.02611
129.54454
190.42287
244.64188
36.151283
106.18795
89.8365
178.42299
89.91907
146.99513
121.81962
72.74593
102.971886
24.355303
38.310005
106.26811
121.21761
137.66757
178.14735
43.77948
93.67249
103.20724
2.1379645
167.3071
45.58769
0.81685364
99.54102
38.04094
68.84875
70.235825
163.38683
109.3642
108.4328
48.65452
108.0199
133.92465
82.75566
46.66713
162.8434
13.134105
33.855934
44.29914
2.5819254
79.879715
109.14052
35.70807
127.83888
119.63074
89.86777
74.10051
107.11143
162.32063
99.281784
223.43735
100.704346
109.20033
127.55454
171.19485
155.84654
246.1741
301.05588
237.07268
19.832218
82.49164
121.58508
124.340515
56.42588
106.2031
115.76936
70.45023
121.48332
160.12668
146.21773
101.52748
83.27745
130.21646
129.86894
267.03705
36.177635
138.88849
105.130875
50.45406
72.663635
39.00808
39.95669
175.51851
68.89128
35.083584
23.551676
51.38987
121.026794
83.86342
52.49403
121.00569
70.75415
126.208496
109.08089
39.386147
38.076088
267.9964
277.7242
19.44044
78.24483
84.62372
144.82199
25.22899
293.27606
354.82626
70.501045
121.070816
77.217186
146.51794
50.68357
151.9068
76.08309
230.26047
175.33444
189.24632
342.4051
180.7333
158.30554
129.7321
62.02721
44.930733
44.40312
33.47892
170.49368
99.503624
85.75957
165.77841
163.91306
203.43134
104.98505
62.26452
169.08928
240.0918
179.3652
97.97678
116.97656
149.88951
95.08406
126.3906
56.214375
187.94882
49.23715
111.43168
38.58644
65.52545
40.821236
154.09105
145.73564
107.59011
93.71934
51.709003
48.83311
119.6024
85.51945
76.04572
82.28643
39.3122
77.16542
250.52522
242.83493
216.51236
140.58556
70.46048
106.536316
94.08668
81.477425
45.358707
99.37915
161.27708
108.666405
172.97235
100.44893
199.87247
72.844315
75.20658
74.791145
78.653046
84.33687
73.375374
51.406597
65.378975
147.8957
79.21293
150.38121
38.08764
76.3181
164.1421
33.30886
62.56317
57.281166
39.420303
62.056885
55.50595
1.3623868
187.04468
41.777203
134.47688
106.80835
187.38002
47.71702
115.90336
47.754547
72.17645
46.16018
98.76331
143.10504
85.99578
110.20626
113.28921
126.599014
62.71775
133.46536
108.21767
54.973278
38.33229
37.568096
47.578007
0.11831093
62.804047
113.29132
142.9338
108.79497
108.263626
0.4845284
42.179848
86.04928
145.28883
74.25185
124.27891
55.69109
122.05741
109.837135
261.13818
181.4523
345.77484
146.24846
36.113605
149.88187
9.399142
132.18985
219.36426
197.38217
141.41624
73.831894
106.50956
48.45423
29.7418
273.45477
80.24183
1.0896046
67.367874
29.216852
114.44741
91.64439
155.5192
38.394447
34.51255
11.69924
120.51044
40.455273
184.31686
125.47815
111.40405
111.37825
69.9454
36.64282
48.50184
26.892506
37.348705
194.78659
164.19669
206.30527
0.35959476
113.52456
260.12262
74.05498
76.34426
76.250336
101.11342
63.159046
50.236713
223.39407
168.46939
126.43734
75.08629
124.196045
151.2058
145.85886
9.329003
75.09309
69.16316
81.77689
134.48108
212.19316
78.49469
83.12626
53.677074
72.12867
76.12015
38.679085
55.77044
3.8113716
79.77565
40.277992
38.043644
205.27864
57.60547
102.182175
58.86492
119.338135
85.85951
169.41438
124.13998
172.68887
81.55968
119.61194
100.15367
153.46115
87.71443
80.02904
42.606346
79.483116
43.617702
68.997604
105.780945
103.66117
94.67069
152.73363
129.5618
33.67776
97.38121
129.81653
88.72885
155.02116
125.47501
191.96394
45.239223
16.411695
64.5661
53.663177
4.7124224
50.926598
46.253773
44.992313
223.26572
153.4574
95.74996
124.648865
73.132484
209.60991
128.65552
56.540215
96.18749
107.813644
133.79514
51.095497
51.871124
130.59303
160.31296
188.7864
180.03339
60.25767
96.594444
119.38191
36.847008
37.447594
77.72292
46.480034
35.54489
0.16161215
2.2197213
137.08632
47.74415
71.8135
130.62569
139.30458
97.9915
143.38435
109.55542
236.03745
472.0193
322.9073
113.70166
55.187553
35.544003
179.0984
13.784752
15.980463
152.99725
158.46892
126.96002
51.96885
71.85708
92.68986
92.69042
128.11281
130.93686
182.13077
155.00798
120.57749
120.86218
134.52919
176.33952
36.345573
97.633125
83.47573
40.540596
47.28771
180.77634
226.05574
82.263
116.7115
157.67395
12.966631
102.12862
34.869617
62.175
93.139084
37.38993
190.10251
71.40792
28.825848
29.877878
106.677345
36.200817
124.28174
80.552864
57.504547
55.458363
95.59225
100.35428
102.33897
67.680664
57.11355
229.54431
222.0673
184.74094
128.13998
105.64884
90.76168
107.43364
101.56765
173.4469
124.829735
189.00574
104.00513
161.30621
109.56655
1.3788545
40.34133
122.747826
159.09668
219.28511
2.6212726
118.97787
176.5645
62.875
96.18371
80.73335
147.8638
147.3468
46.498913
329.72955
110.29164
38.351994
82.74885
89.77144
31.15681
47.935726
107.15007
279.6072
70.72133
84.83107
78.18837
35.17314
108.101
50.03003
29.016056
68.80964
117.880226
104.797386
168.73975
108.66292
38.168514
190.77483
0.54309356
182.89975
215.5632
5.6683307
11.763499
86.46943
106.011856
37.516468
29.367224
40.00575
177.87436
60.18979
88.75359
56.775414
151.51167
100.132286
90.610245
58.803112
193.20026
87.127426
77.18094
187.01053
109.57485
131.01715
71.62673
1.0433918
5.783199
70.56045
97.77428
53.378284
91.20027
37.611126
127.74573
26.326874
59.364296
114.64468
103.99941
160.26639
125.47018
94.55253
203.13705
176.772
211.23141
48.20096
61.567696
38.26515
49.89761
50.433704
39.88122
57.70573
12.713542
35.756657
5.1230493
11.509854
47.578266
269.38376
177.45935
171.23055
174.03955
250.06943
201.6761
199.9578
117.26524
23.023432
52.134987
3.356453
35.731766
137.19727
187.53549
403.97968
254.33493
225.06815
206.26839
175.13246
124.748634
45.260406
10.906199
92.2963
80.20325
14.114119
155.0491
110.42268
37.296944
117.00569
136.28523
48.634834
178.92065
135.6708
224.35571
149.25085
47.48242
88.45751
59.79061
47.960197
133.31082
39.034004
48.490685
90.308
70.26277
71.27571
21.652782
98.99482
45.191303
71.97127
209.87317
36.869774
57.61715
16.818851
56.266197
9.962844
70.02385
9.924347
58.524895
109.2879
105.10795
147.53061
160.68723
169.38815
221.02534
143.00969
83.73973
44.339855
65.43752
14.7989855
91.28641
195.74597
93.4337
154.78552
80.1136
150.55667
74.36194
10.504562
48.33572
33.764343
112.44547
134.17026
36.12991
109.67888
89.739784
76.01143
49.731003
220.30042
114.9694
49.6502
72.232315
2.2628744
40.074474
72.13725
119.2137
148.38957
69.88226
40.374763
114.71702
44.97404
40.83194
29.137201
148.31792
196.50955
157.96063
57.595013
128.59396
58.805946
84.62302
199.83322
171.00418
68.190216
124.527664
95.13273
76.67564
41.363487
285.39932
187.12326
178.43924
196.53616
173.25406
128.23247
175.94547
116.79138
108.0968
68.82158
73.592575
56.945763
106.05316
68.32962
82.69672
74.20829
75.747574
126.97154
91.112625
208.79599
108.34829
118.827194
112.167336
42.63077
109.22572
49.68755
72.50564
66.811714
3.9903095
38.2398
76.31914
38.884476
2.6404448
13.311258
117.78762
69.42989
182.41438
190.70822
196.6881
109.865234
121.31952
185.45354
212.149
145.0619
91.29253
98.15768
163.40205
164.4626
95.38872
64.835144
84.43251
21.603786
3.2103634
14.885597
141.67715
82.21266
114.08053
106.37919
120.241104
74.03846
78.7871
33.703945
36.286613
39.101982
23.230427
157.70454
7.1423783
93.21344
121.05162
129.26224
110.88733
112.65421
119.71782
112.291115
92.72609
71.28926
56.856537
41.538303
153.654
156.49728
58.55007
79.244774
91.2489
103.22319
89.40633
67.02694
58.90312
34.319633
102.17937
116.81783
30.263102
67.556694
37.172848
37.84651
117.211136
0.32619855
83.468765
106.35117
84.22486
143.74284
98.6354
116.23979
164.53769
47.540104
220.11282
194.92099
118.73462
146.6964
39.942894
84.56453
14.447186
144.13654
107.584206
76.45845
74.975296
102.99026
111.43943
177.37607
49.094166
92.970406
75.5143
18.399897
51.93159
71.72682
116.0062
105.64536
129.07008
73.19329
106.23967
57.52906
121.51913
76.30407
43.778233
180.0599
122.91943
49.466064
22.373877
54.070843
104.278076
126.87856
119.24939
117.77576
146.22954
232.7553
50.714108
51.85659
114.61005
84.041405
131.47203
48.98403
192.64276
126.73497
54.449257
43.600155
41.16329
234.20793
73.61467
175.47903
104.80123
210.77498
93.79645
161.84775
186.44707
61.144287
228.75557
179.36497
13.248448
100.081924
67.73427
2.5904784
87.26087
81.97108
117.086136
235.36543
114.44688
147.74962
52.957623
47.018562
113.29557
102.786644
39.16464
44.961357
73.06918
98.80702
81.66073
165.7454
128.53952
99.37051
179.61191
128.35713
74.736275
30.720104
108.72752
108.02846
139.0035
119.29094
110.99109
77.85863
74.733536
103.340195
120.80432
42.85924
74.297905
131.87413
163.32388
35.576694
68.7046
94.217125
104.39889
129.74014
151.2564
55.863884
87.86421
71.77796
75.55561
96.015755
106.09328
84.09257
49.803673
141.49815
131.80212
0.64608794
5.6698823
40.11663
136.56435
174.03157
170.77061
83.808685
35.79613
40.72874
0.19486246
40.25483
53.19697
36.429474
48.971825
85.20724
216.3366
390.84525
222.23291
322.97192
285.32828
163.38382
84.39814
332.39917
216.24063
264.44418
343.56995
137.02681
49.982117
155.7972
241.18799
288.2469
113.466324
110.310425
120.5858
53.272198
85.07679
204.30128
118.34457
63.114014
143.72128
205.29863
143.60533
99.52604
63.016376
79.21184
77.565956
35.03739
101.739235
90.13543
80.36976
212.21603
244.0876
251.39522
179.5642
84.350784
39.739742
114.99026
72.32279
88.0562
170.73886
101.87506
126.00488
56.986
122.64104
83.149124
89.90222
71.97829
42.80259
48.557972
3.0087824
69.95297
43.343834
34.629307
14.354777
99.498215
86.19374
48.30989
79.67171
87.59187
39.04506
44.293465
227.86938
251.40552
465.57764
117.775
43.356495
141.72739
62.551323
35.137016
85.98901
55.882774
114.23137
43.49568
65.21292
107.64122
250.21281
126.547424
252.69153
221.41093
164.32301
167.71187
139.61032
50.716835
182.09892
49.89967
76.96379
59.432648
104.82619
159.46037
47.208973
80.88168
173.64505
104.853355
81.48092
72.195114
194.51212
45.912804
58.44223
59.75655
269.11935
87.22671
142.44824
179.85704
154.76562
79.17206
21.323301
93.83977
40.689278
37.982758
76.41957
90.37759
85.55883
76.04685
41.840107
119.321884
181.73106
127.90221
86.15981
40.63279
312.69562
180.0014
103.21616
52.13848
221.26181
58.518005
186.7449
115.95714
84.27986
185.74913
108.07713
276.38727
238.96468
72.70996
98.675705
58.522957
81.2999
83.38726
140.0671
63.4466
83.264595
77.65286
73.32125
132.44305
283.33768
19.293282
27.659552
69.09952
43.77076
80.078575
275.2302
185.20796
70.521065
50.826996
113.48826
171.28995
106.0153
82.517784
175.47116
1.0014395
45.23169
10.82286
45.398342
79.84654
145.74905
140.98972
203.59535
202.72838
124.51378
125.2344
38.337547
83.61373
192.42001
50.604836
71.58026
109.01152
100.2438
39.312187
61.998756
68.38111
184.27682
139.07431
69.87706
34.01223
101.303635
96.14708
119.621506
29.544317
52.09026
79.893295
39.87551
12.636717
53.747948
71.81356
119.44649
78.83122
8.546924
106.596115
188.53012
135.17586
119.12675
33.785934
58.82419
228.65508
238.48775
190.09421
142.69957
333.01453
254.85019
326.5716
87.99219
84.55934
76.17982
121.51493
118.66128
78.38594
92.67724
176.76144
123.748276
204.6779
197.31992
131.3008
86.30892
97.64205
166.436
84.07109
49.317726
203.95676
91.43834
88.023285
97.4383
78.87941
152.4537
74.88186
87.56635
149.59085
60.542107
135.21204
138.31343
9.204088
51.98998
108.81477
51.988403
224.71396
126.668434
46.71952
140.475
50.27305
88.62053
38.61767
273.15488
217.0876
140.93985
168.94234
115.33683
43.422516
56.8838
182.44998
125.25204
51.20053
0.9644559
60.72389
83.1471
31.938269
127.422386
142.02536
146.5889
48.819042
108.25291
105.99254
90.032326
101.03858
156.30576
94.60075
179.56137
219.17276
121.83346
153.13985
273.70697
143.74666
180.28792
106.99259
178.13281
106.90538
90.17517
139.89493
70.7017
132.93356
78.23706
129.90909
156.41064
238.9642
317.97363
208.99661
93.03353
94.19646
77.322235
122.75735
12.484817
97.066666
88.58374
76.75304
129.3829
74.64851
151.51566
175.71274
218.68799
182.04012
36.59127
76.063194
20.593403
4.514405
99.48422
66.99359
123.069595
139.62112
359.909
225.65718
322.83896
505.94662
239.39848
202.37447
316.5986
57.870525
59.264595
166.16634
130.02858
143.86319
101.036804
72.13063
3.189219
83.693436
64.991714
72.601974
49.02278
19.910519
49.59581
110.13676
102.198975
218.58066
165.05658
125.7162
130.48932
112.63202
151.88927
114.052956
41.547417
138.54651
110.28899
73.55985
57.144432
101.08143
196.7707
53.878296
171.66069
380.7885
193.90952
275.57745
260.50217
117.461975
120.82445
119.65835
81.309654
65.74135
67.46363
37.747284
200.97223
297.98645
182.17766
134.97617
252.68765
175.64757
219.48889
190.5897
207.21158
227.07019
43.122105
123.50425
78.22809
137.62093
36.72399
14.465294
56.666603
30.090872
85.36011
45.739025
9.172621
79.491104
214.73271
76.00523
104.459305
44.497643
143.83792
238.42041
76.01895
105.65076
68.80733
121.84202
9.076191
133.78525
86.53584
55.468315
72.832245
23.8505
56.93875
136.2952
79.33417
41.02978
92.00311
162.17146
98.782425
87.787094
110.97367
46.16905
91.658134
56.707478
133.67152
97.89001
158.05618
66.99325
110.918175
46.77391
182.02147
20.27057
101.711815
72.01566
39.340332
81.46054
237.58965
179.15793
144.97705
114.43681
127.70107
109.26554
75.444244
85.45631
189.07558
140.6751
45.56215
174.80457
126.12728
182.31114
43.386913
34.965443
47.46781
137.3043
186.42786
74.05122
72.945816
88.50436
71.33506
112.70255
164.2279
188.54575
254.97653
153.43474
177.33939
174.63742
113.40491
163.95091
114.372574
36.164143
0.8895608
57.46416
92.528
122.06055
175.80229
103.57991
162.20883
123.919716
38.298695
77.69505
107.91411
80.26946
80.06559
78.89343
113.02791
84.18173
260.58533
171.20209
171.90646
149.99005
83.80683
71.29708
134.92136
138.72137
100.69676
88.243416
52.933662
132.69815
201.0603
98.667404
116.48302
63.970196
77.27919
78.39828
87.86136
37.563404
72.3179
48.245323
107.98535
67.549774
145.32588
99.5406
151.6113
84.88475
62.82798
120.49795
64.93619
62.746227
72.48507
200.45221
94.75069
204.11159
154.72653
63.909294
109.22099
116.18727
105.974625
73.02761
153.75624
282.5998
154.7027
1.4291829
34.726997
56.760384
114.02423
118.22489
108.43369
142.1654
55.839344
147.14929
82.50247
110.08409
152.7754
34.318718
85.838615
88.51988
99.624504
16.526546
4.675942
55.94175
131.53899
57.397675
95.21983
71.364975
172.09377
218.76572
169.28255
122.714035
99.2771
119.360794
130.44696
161.37251
86.039116
134.04091
64.43823
66.45321
181.10168
38.677864
77.99665
46.858894
42.917408
34.930878
1.1423802
0.8651453
39.21891
83.11454
14.118422
16.22201
15.161435
187.96391
37.809963
73.33275
116.070595
107.11281
83.17386
120.24974
90.64206
119.58195
70.64582
34.285645
213.86203
82.464066
132.72427
109.0378
32.580986
124.4198
71.406555
118.59236
96.058464
110.736
116.95579
85.877464
295.15918
181.26585
287.59662
130.14206
203.79068
319.62344
114.13518
115.13491
81.47035
240.61348
128.65965
73.76266
40.18502
71.32587
57.06737
85.27056
11.638838
119.21748
74.42496
144.39346
74.45903
76.88733
125.157104
156.6713
72.954155
190.06297
82.856026
122.84569
11.532689
143.34094
177.20084
191.57224
231.84537
157.22745
181.30931
234.08456
181.93762
214.81548
221.63657
111.76756
201.20686
46.3409
181.07881
34.742702
64.90059
66.08086
147.8702
126.58046
73.334305
136.79506
50.79628
73.48039
73.96827
144.5164
86.53744
17.416876
71.58507
77.79916
56.562073
156.3304
212.16373
90.03111
75.090454
94.761536
82.50031
113.5778
120.47063
39.160057
68.09953
174.48318
97.37037
89.83572
58.683765
95.11668
58.030907
87.35669
129.17326
63.002155
254.79745
96.84978
67.67107
110.35893
77.667625
78.61986
116.02287
102.700455
34.911495
47.72395
85.37724
2.1709437
45.61075
45.070297
68.88023
140.75912
69.70255
127.02722
92.119095
92.217545
147.55516
90.82562
208.98206
172.21782
325.05713
228.67764
220.44514
315.71356
86.21355
93.6267
140.64401
74.07344
101.13984
53.59925
25.189426
75.50269
115.450645
187.87717
106.61299
194.32698
114.02932
202.07114
156.08372
68.62724
82.82626
49.05467
60.147205
42.67846
71.228806
76.77338
94.276474
82.289055
82.64393
182.12994
100.61266
0.3378685
115.12063
102.40861
108.72566
78.235954
140.12039
44.973675
111.41771
12.284983
80.683044
42.814224
82.61995
56.571217
127.156876
104.54569
218.9148
39.246437
69.94915
177.53535
276.0572
256.5378
91.72821
81.35794
108.86101
40.910736
130.28299
21.606792
127.9141
102.90137
110.978806
47.864243
34.65345
34.926247
2.5594468
35.017952
77.79033
48.063503
75.629105
119.53359
94.24451
88.90859
83.713036
73.486305
87.37193
73.29307
233.59143
59.97398
191.17273
92.54494
194.39857
133.4972
94.51775
94.778366
265.97806
210.17899
89.1494
78.3289
137.6784
97.081345
127.31096
136.76701
144.45618
123.491684
109.58563
59.62165
37.03549
70.32304
93.00716
136.5538
184.21208
116.89475
75.669586
86.62337
214.71338
38.17019
38.53504
61.849926
75.52793
8.686147
68.83147
94.89739
86.83819
226.91116
147.80466
75.705864
75.922104
191.95062
124.3338
153.11815
137.04333
92.04078
23.754953
91.92291
58.367096
162.66458
79.190155
84.75856
93.27614
41.770134
71.1606
100.73692
72.86699
122.579735
58.871452
120.89055
154.15483
51.06517
124.99209
88.038605
115.84121
170.17087
79.13627
66.72631
48.02259
11.435463
12.826724
27.924597
109.95365
49.517452
109.45132
22.67294
22.922337
81.12388
79.00932
149.57307
50.662827
35.063747
54.14144
66.27256
44.62035
11.85951
256.55817
93.12344
12.99953
248.63115
159.24564
230.04123
184.73578
140.69722
36.697376
47.164337
52.625996
12.737177
219.46362
196.60303
208.98491
190.73917
0.5462604
82.75242
193.04115
102.418015
240.5087
118.28654
151.6127
102.90251
67.085556
258.99377
240.49101
83.38363
170.26462
91.455666
79.21909
102.251366
40.775486
81.85759
17.429245
30.374475
50.273743
223.67526
255.19821
101.25804
177.22249
154.21246
158.2604
24.708473
57.14217
117.12056
37.293957
63.891552
76.641495
39.248753
252.65422
11.093706
26.116318
100.03232
123.08472
101.65365
210.71677
233.78484
283.8144
190.78743
95.862335
111.59212
120.54077
128.39096
169.93025
158.16837
99.169785
71.00147
179.84291
211.99545
343.53772
226.2863
134.75722
141.14273
143.65373
21.262852
109.25515
91.00249
78.301315
72.28898
48.43979
64.29357
64.8719
231.54654
17.013424
52.962654
76.48993
46.264534
68.2256
4.8344145
42.914776
132.68831
72.353714
86.35852
35.818283
119.13285
119.10133
39.175056
39.69914
118.381386
9.171347
18.209057
48.27475
83.09105
0.30482516
45.552246
84.21831
86.75337
124.6828
181.8208
39.761032
53.3515
33.303123
103.477806
142.056
117.16024
115.96793
73.731346
138.29874
37.10701
119.987625
130.97862
92.992256
88.979744
123.65916
89.58256
64.59361
54.815784
46.946724
36.245316
89.12883
150.22945
98.39591
207.44485
107.76913
186.75247
182.6879
123.78097
49.044853
74.459694
120.38161
142.80254
37.146446
17.3951
116.71745
229.465
191.07712
276.10205
196.75711
329.17767
138.7945
62.385292
249.45341
170.56241
56.185547
133.58849
14.328499
60.10597
31.009953
144.3213
80.45012
34.70829
133.312
43.15461
68.99638
132.35483
166.4483
91.484505
182.06282
136.45723
144.51895
193.93301
61.487526
38.115295
85.20635
107.520226
105.88263
106.43014
71.50665
190.8099
10.911746
19.679663
85.67697
133.56152
160.57463
74.76538
4.3924837
36.91751
149.24898
87.29341
51.71978
2.7885518
28.565775
50.135536
71.50377
106.819336
13.373082
44.505844
216.59207
191.41573
331.3966
146.3601
13.583796
90.33369
39.052937
94.74061
118.8409
51.07481
71.36412
48.08433
91.00297
178.07344
246.9943
71.53463
92.30621
25.412605
124.40499
75.994354
55.108044
76.707886
68.96058
112.84373
113.37797
256.00546
84.49257
71.9791
48.594147
100.66896
114.30814
105.26168
28.896097
164.7988
105.56163
42.31518
87.457756
20.32169
77.77641
49.289368
86.57202
71.32309
154.13367
0.18451405
47.92005
38.993687
70.7486
94.606186
126.77688
166.97275
121.46153
73.9266
43.454227
36.166103
131.86665
68.5043
101.23025
61.539875
259.34357
38.056927
105.91067
73.10686
203.18155
34.17427
138.49734
14.286081
58.482826
75.55699
113.67708
179.01234
146.14638
140.26688
102.46725
111.82915
116.26459
106.349464
37.938515
70.60211
36.357895
84.32891
168.44478
71.128296
77.51394
76.44
91.32879
57.282707
103.99142
270.23004
165.93414
90.9733
300.7246
208.66707
188.51593
43.965897
60.03106
127.23399
58.88915
49.859825
120.385475
45.431057
96.89958
13.972662
19.341188
99.85511
39.81133
261.4329
127.67527
53.66848
82.04893
163.05699
131.72092
133.21341
196.71298
164.35489
143.81055
92.20242
44.58224
53.64754
116.82957
61.912437
154.05472
23.520153
114.792786
217.42493
89.06775
102.09502
58.423027
21.705296
112.82424
118.50264
180.30264
129.86795
241.39966
108.880775
81.19563
66.06494
65.5621
50.23578
41.48644
41.329735
68.599045
113.746544
82.927574
107.70912
102.61714
106.57579
106.10962
2.2799215
81.255135
101.51504
145.557
37.829784
81.29727
107.698975
70.97293
77.76291
69.13068
125.086
172.68492
75.39637
73.31497
37.41186
58.873848
44.903637
46.81452
63.678352
36.91814
80.79448
70.07016
81.79067
94.9835
56.308887
9.697008
18.229544
43.356945
40.302837
125.70686
235.49924
266.41617
201.22165
235.03833
213.34712
165.49918
127.023315
146.73123
192.88287
91.54391
63.35631
147.54721
136.48466
36.413822
155.95663
3.571629
34.24142
199.41693
140.83395
54.392548
44.65966
44.87295
38.20999
37.429985
74.08902
90.320755
98.046585
36.128445
92.69031
56.38172
160.00906
112.42252
13.067157
101.72536
38.255787
192.18884
207.96648
299.6706
283.69635
120.443016
180.69461
143.31339
305.4478
185.95456
252.2985
279.78088
351.10153
276.75797
206.6484
183.35458
356.03412
206.55217
142.79549
230.43929
195.24615
187.51414
101.77742
228.11252
122.34776
92.393654
190.61226
122.08568
334.43353
184.72362
231.40405
48.033836
62.790638
137.33708
38.437553
207.76431
235.14267
82.422554
177.08043
97.68906
205.98471
95.64442
185.63138
109.10024
91.721306
77.40623
129.5037
181.84805
51.760216
99.720314
37.937283
188.91635
106.57163
48.429543
113.02014
1.5358428
154.59773
71.198814
55.753582
87.28175
8.139658
49.58096
33.777386
208.22702
145.58786
184.39597
111.66399
171.30818
168.55205
153.47621
118.73313
84.78466
247.21733
375.67892
243.6312
186.149
214.62051
236.53378
135.40154
114.08104
76.63096
83.43114
76.99957
57.259144
110.91062
40.508194
63.233894
145.8942
125.999954
58.230263
69.80025
250.52469
105.97817
129.25253
104.82755
53.528454
124.18355
157.22154
3.6194012
41.376446
39.324696
81.48497
113.58378
83.30701
169.62125
196.70311
54.118023
108.58287
76.02153
188.31215
138.91293
72.94539
145.30151
178.39143
40.889095
88.678635
5.059852
3.22616
23.53995
89.200874
79.6733
19.780636
76.39807
108.638596
93.663025
81.46451
159.92645
85.0444
118.09892
160.96986
84.16162
35.028053
78.76029
137.3536
110.42476
70.67368
52.425232
4.28087
6.98668
99.60492
89.14383
92.47413
75.97267
45.736656
83.82339
117.40061
46.867153
14.2046175
53.395042
110.641014
74.84056
16.439098
53.12635
108.67165
108.28522
88.8492
114.04407
38.70422
38.14238
128.72684
82.319664
86.1251
107.867455
75.91515
182.95271
66.141304
76.68094
130.37173
48.219128
366.5784
187.90282
218.42319
114.10276
50.576897
9.231931
54.75582
153.53589
62.654156
76.621056
105.32101
72.19424
141.85379
44.56302
179.34297
38.63661
84.257706
138.27444
146.4943
39.32972
141.25427
147.18703
10.08143
147.28275
114.727745
124.38303
219.69832
124.360794
144.166
73.752655
74.667435
49.082264
110.46598
41.123783
112.95559
117.47826
120.25334
172.36673
98.34258
2.6776168
0.68238306
24.284107
105.41243
150.09044
123.38326
38.52867
128.31076
157.76492
154.71185
41.001682
117.85388
87.084625
43.799557
139.67001
102.743614
100.29488
102.98277
90.49859
76.82595
105.61318
39.25852
147.42395
121.30876
138.74716
96.16727
4.7637377
110.83805
105.85299
50.84797
103.443016
130.11726
65.25708
102.35738
102.0182
87.31648
71.90105
198.1721
168.08986
72.95115
135.81624
96.37963
44.301826
73.49278
134.17271
66.60109
106.61322
70.81803
193.9858
78.365875
68.68257
38.050636
29.126108
63.590767
135.45134
71.26441
1.0859139
40.698135
49.838806
14.05773
132.63028
121.49312
134.13536
43.424717
170.8803
38.035328
41.897587
34.281303
49.614307
47.253685
4.4763384
5.840078
102.75227
135.37042
132.09213
105.37453
43.848446
101.25254
67.531296
100.36272
13.7686825
44.857605
101.81001
39.316788
197.30406
113.29028
33.665867
38.493263
36.311775
71.335556
118.30353
256.7453
264.24683
179.94913
200.4661
217.00117
348.2324
238.56477
122.10283
155.44173
118.409935
88.021675
146.17441
52.96352
33.81095
122.63253
106.524475
81.82072
68.82817
182.11412
305.46442
107.80507
84.70827
242.88428
198.30276
128.14195
89.90114
42.159515
172.66861
125.66173
142.39148
376.5971
169.16151
273.7377
120.253235
246.20515
70.90062
40.509777
35.165962
118.0414
176.07707
175.05826
255.5098
161.67355
118.393166
165.66066
59.392475
54.106922
164.36351
119.86153
147.50014
248.93892
111.91213
86.204254
112.85695
127.54677
0.23448166
69.65587
124.86684
142.08226
226.13884
253.10153
68.92875
182.32797
168.77182
231.87056
202.8196
50.780464
63.378754
100.05975
111.10974
100.84701
107.17883
176.36896
91.125046
108.80276
75.67574
111.56333
49.424755
231.60556
240.43277
139.97653
158.2107
264.06476
137.29718
201.83556
45.74231
68.71589
48.097206
189.38991
110.90926
68.88304
68.57174
108.79491
101.41621
78.42699
84.3676
113.74109
34.64737
3.6266866
4.266143
33.98055
116.73057
73.55616
141.49712
109.03107
76.94719
180.87234
212.57832
75.6671
82.81011
74.77091
108.74485
247.93855
139.51155
166.09187
94.21263
90.448746
108.42686
107.785034
107.5145
144.70068
104.87588
89.120285
93.4169
97.089096
1.5207303
149.69893
100.452126
38.790794
87.91164
131.246
159.42537
108.317825
63.430847
91.38012
154.42998
151.18271
116.63302
103.520996
70.11556
37.34629
113.11113
118.43904
78.14696
36.889812
136.32951
121.47803
7.4248137
67.048546
109.26418
40.618866
85.46106
125.56537
141.2755
118.12136
74.52113
152.07243
79.41591
94.64653
80.91495
71.212944
65.471634
204.19098
48.289955
123.62883
35.37242
185.91206
40.49099
15.882581
118.85091
38.65455
52.18798
81.715866
3.2370625
12.442168
94.17365
3.0171483
35.74559
70.34755
67.09688
143.54776
89.02022
104.06853
36.261303
135.37933
80.35876
102.500305
4.297145
8.51827
12.476337
120.72788
95.98515
37.422997
79.67075
49.689697
38.530632
76.47014
125.84251
41.08955
40.213093
147.09462
83.14295
89.42631
192.37875
127.91323
79.79297
120.90395
107.46865
74.264084
71.62767
36.69448
164.80045
175.71213
11.669335
93.01969
151.80237
46.990246
73.682816
140.29025
70.07939
82.91878
47.398186
98.723236
75.48466
75.31557
145.33615
40.983856
109.3159
118.611755
83.70299
85.842255
243.79964
126.4308
116.01205
61.50876
3.6789575
38.68597
120.707825
188.87692
144.8619
145.19774
217.32219
59.041565
101.036026
105.585754
9.950172
74.75874
34.683174
48.54134
71.302345
81.39844
54.931957
143.39816
151.27673
47.794792
64.84359
235.773
4.545519
78.95012
149.51039
74.58629
195.6282
26.623646
18.340649
158.894
66.10112
136.9298
204.84787
84.77514
76.80534
82.55206
59.879353
146.49178
83.9651
248.0821
75.05103
108.87286
52.905174
81.22426
152.25595
72.19233
59.19181
158.81839
134.7848
111.8574
8.853273
11.378653
95.476036
177.90244
93.17849
247.69641
144.65657
165.14175
268.88202
132.53757
37.943836
29.369608
20.348183
100.35414
38.56568
188.93094
44.438755
14.3499775
7.099219
107.05444
219.81567
78.85887
29.474468
91.69328
141.03357
149.32928
93.561424
198.1572
85.71878
156.83145
25.668985
48.297558
136.30486
110.14773
33.6471
124.59662
224.49585
198.01654
132.00337
43.338272
51.57859
159.7066
49.71329
122.385414
38.835613
154.15012
139.81453
4.0340734
0.43215385
0.5627371
68.8708
72.46862
69.52652
74.18569
393.08002
73.383316
155.33954
25.032854
15.527738
21.407553
36.63703
69.196655
92.48315
159.66035
199.17517
146.38507
239.52307
77.07481
206.46611
59.726368
134.55661
28.961422
65.10761
77.19839
74.69038
47.401207
159.81664
72.57159
68.43234
104.69698
103.04441
107.97591
48.87513
98.39674
22.353981
45.202747
55.55755
120.84657
121.31759
129.58507
34.83165
143.62952
48.41357
135.54414
71.878235
215.11809
108.88841
67.88605
50.946938
149.001
35.09748
79.05205
37.80997
53.652977
18.24638
43.259655
179.28091
77.19883
52.010063
117.48167
0.6305556
179.11691
347.11868
35.410397
68.781334
183.84842
259.10513
33.917
37.64255
71.719215
176.96126
256.01688
225.11234
363.29803
212.01457
285.71115
93.64703
255.03708
77.244026
135.31488
75.26145
4.5661845
131.29868
228.9656
148.18588
210.03787
151.57855
55.92063
45.30265
191.2274
34.762177
69.98755
77.95924
110.75354
150.41177
29.158298
110.55577
96.705864
173.87416
75.215126
117.24131
11.519932
148.96262
74.661316
121.4904
68.9833
132.71283
153.10892
37.828804
77.78012
150.11847
103.12457
117.127075
36.06489
0.7702132
175.124
38.7159
127.672646
42.57227
111.40694
141.18723
48.982834
171.69597
149.24718
34.293297
86.939064
139.86209
118.02004
40.202187
95.4076
183.10995
5.2899585
60.29
35.285877
28.273401
220.08267
163.8897
35.893707
34.988945
2.0436838
36.129616
83.29696
147.12149
227.59012
190.76715
212.4731
165.25659
145.41301
40.26868
42.569756
112.1578
35.59744
133.82977
79.589066
125.92737
133.15797
21.394476
77.00526
97.8495
47.9135
72.79704
100.42189
46.38503
28.754726
102.49019
186.91187
212.67911
49.39408
89.34242
117.65437
121.713135
85.11781
283.03738
354.69608
91.247696
89.452896
161.85886
90.4866
29.59817
39.873863
92.27913
68.41884
10.093213
101.320755
72.39548
112.808945
57.859486
39.262398
110.685165
136.7021
103.68518
153.24414
67.273125
94.01905
79.703835
37.530514
70.10562
112.0103
166.11795
39.711235
93.24618
173.44144
40.699326
90.63357
169.27858
109.20085
110.88756
29.999313
66.98551
136.5662
113.92847
75.29622
106.06565
40.31675
57.2931
101.03832
81.227135
183.2259
157.14323
214.85562
225.18552
180.12825
216.86655
102.70549
112.493225
109.25974
79.385574
59.202995
81.14075
132.10886
159.5688
64.46781
58.72164
120.631165
78.52004
47.348976
55.696392
111.144875
56.242634
282.22208
131.0963
19.344194
193.04398
235.97258
217.85307
175.91847
10.943186
20.164358
113.419846
49.104847
167.99625
69.28249
82.61265
107.99971
39.953823
45.549347
44.82689
71.92134
80.521324
36.5158
185.03912
99.26743
72.036514
152.08052
102.31819
143.36714
146.11661
229.61153
196.11282
113.57793
110.30601
154.22523
162.19534
129.70836
72.31105
73.897995
56.319286
36.233044
160.16055
172.71428
89.49975
250.41568
218.82248
166.14621
100.143105
108.74497
107.07113
46.381798
56.500496
59.591106
58.67608
145.4412
13.009107
88.12516
51.00743
49.173607
84.55263
130.42923
106.29814
79.42496
57.80195
187.52148
90.305084
56.131065
43.86682
106.72843
58.111073
34.362587
223.4683
38.629166
106.04674
189.24808
68.92763
51.728844
124.32277
153.31752
120.372154
59.712006
153.43785
160.69757
158.99217
74.34205
115.76549
52.872223
147.9573
84.75594
50.35912
180.08537
171.39369
94.40437
96.12727
3.1280026
69.87581
102.87514
89.75249
122.63989
47.32045
112.26823
186.29703
113.6544
105.39439
103.74574
43.417492
124.182755
36.780434
37.007896
40.59757
17.34672
45.582817
159.00084
82.21867
119.84236
104.282425
196.50667
99.64617
77.500534
115.35466
118.92191
135.83426
9.448031
20.651808
75.12985
81.31415
159.30879
26.763052
0.40728694
121.443344
161.75204
111.31596
140.27098
53.395805
250.80429
35.006996
56.97094
134.1064
112.187805
57.972443
69.50432
67.515686
120.265076
110.01803
78.33487
39.16909
80.303085
100.6937
92.18712
111.98226
124.46261
158.0416
4.170461
39.53723
155.07008
76.24299
132.58202
124.01591
94.20663
116.8123
79.26415
59.88172
144.90388
19.766577
149.16718
48.890568
85.77397
116.83622
45.946648
358.22485
248.92017
177.91151
130.76456
120.837
197.74435
31.125265
91.67737
64.59725
224.82077
104.45835
179.05185
167.38638
157.17143
50.794956
121.5179
194.97433
92.02954
59.28483
39.13625
95.617714
147.54915
86.01988
117.056786
100.315926
83.3128
109.472374
198.90038
198.31808
51.404816
53.5165
131.39944
59.82918
74.76369
218.85092
141.65721
147.92482
137.81369
122.41237
80.41154
114.96989
36.720203
126.54558
75.23336
127.813965
163.29387
126.08256
119.10664
57.592182
125.43008
163.00201
44.09513
73.27936
173.67844
76.49792
162.67108
161.4234
21.612448
34.736393
79.49969
199.72015
197.64554
95.49741
116.911545
58.960663
66.71359
252.31148
132.97421
167.6506
110.08525
93.64828
85.249794
97.72914
189.7025
143.83612
117.52505
118.79299
168.25772
100.25089
49.62669
132.28758
147.34625
132.18484
36.733772
143.68665
71.43227
33.293392
141.6882
153.21196
214.55904
68.655945
59.766632
105.79903
87.20947
56.5447
120.94855
86.15568
165.34726
249.87012
118.86778
172.93576
318.95712
155.53812
166.63022
175.3571
239.85458
533.1407
186.84769
0.56415653
78.07578
50.411198
56.62785
47.345238
111.83181
150.25073
69.99418
37.72619
64.48388
39.506935
209.54231
47.714596
69.066086
87.29784
71.76591
10.892859
204.91194
151.64725
73.4876
215.46646
114.99896
69.37155
71.785126
158.37845
53.72068
195.33191
160.57932
188.84549
83.7722
224.34549
278.7188
281.25674
304.88556
275.50308
220.46931
215.74158
55.60788
247.48697
215.52414
348.61322
247.93571
220.43938
149.42886
45.77334
62.037163
101.9264
192.54907
84.78477
161.60512
222.62634
191.21518
110.57442
70.31269
89.061005
183.8385
40.413536
109.49198
191.27606
228.76721
61.747913
107.297646
96.21215
90.81315
155.70988
58.753517
157.81706
127.30251
100.1673
85.74633
191.65483
38.926582
21.487299
49.446926
75.9979
70.63873
99.843094
58.393288
103.82595
89.63164
36.766415
117.191185
41.103348
64.32815
37.12561
87.04182
45.201508
187.36073
133.54019
45.941414
101.27892
107.478905
140.34123
82.274994
0.6060878
136.6943
37.518143
39.263676
115.593666
111.11062
46.17527
69.40419
184.5514
39.295155
99.165535
56.402485
151.26144
123.332664
252.41927
85.59502
89.973274
59.25351
117.20174
57.94388
103.84607
142.60355
78.97459
112.67119
74.50005
46.999508
187.70076
113.47856
116.27242
70.19851
100.66723
81.07027
199.56908
86.118576
153.93906
103.905136
12.907466
78.521286
57.5349
82.73149
35.267994
136.79028
105.42798
99.71997
101.854996
38.664337
105.695206
175.07965
150.83069
198.25143
165.65633
2.8860488
125.24168
67.24452
107.22972
38.226395
46.429222
220.30728
92.83776
111.59053
83.84718
89.46937
186.7168
35.58732
0.5005177
102.68718
80.38659
100.87639
123.99099
123.495224
102.87697
124.59178
54.60959
27.996979
100.30283
86.78285
88.98814
114.87254
123.82741
247.82773
169.83398
81.35062
87.56114
62.6302
144.48947
85.88135
74.42746
69.79821
234.23886
194.097
185.12991
59.8086
166.59828
27.10823
82.83113
45.456654
150.1036
32.908184
44.86052
45.180584
144.05132
111.202614
83.30282
171.39177
80.630066
104.05337
304.4386
107.968956
110.01115
243.33969
204.03279
202.40178
208.01208
71.49585
181.96764
198.19289
4.83317
68.20379
45.39249
64.01309
125.39046
34.667583
21.753662
70.75374
61.81488
23.210075
41.94995
128.2026
91.47154
78.3329
40.596565
59.594612
74.06607
112.020386
142.78421
20.17446
68.61469
2.432358
118.296165
105.020485
173.1824
76.04616
155.03223
130.9837
142.07141
14.366473
91.69718
143.57236
154.0662
0.5265981
72.297066
72.31998
7.6524024
150.68607
45.056084
124.80422
35.12644
81.411674
41.02667
118.95674
110.52153
57.915
104.21926
61.158966
11.148371
128.28563
78.53919
87.92584
56.313416
67.276405
173.14421
70.092064
158.96425
165.40405
110.12759
156.67825
146.5054
87.70626
75.79136
66.905426
9.479258
90.819496
59.992157
81.45215
86.682175
79.48113
70.29235
38.828598
38.311493
50.38421
60.741352
9.250012
214.07895
52.38867
69.32859
107.66721
54.41388
62.422432
2.2663412
76.44125
159.26082
94.76095
4.5537744
74.868744
143.6018
48.586166
3.8556793
118.3457
77.65734
175.0713
252.34671
194.39603
323.44684
158.46693
219.49338
238.1125
250.81429
178.6645
34.535454
193.2569
36.18716
140.27954
32.567863
81.40033
139.9051
113.438034
23.978567
170.50662
87.55527
125.60332
222.96013
239.79634
42.347477
57.457844
4.7746816
110.49861
187.51253
217.40031
252.85242
145.45137
40.666134
154.45918
116.924194
151.09024
21.158602
34.933083
173.51974
121.17466
261.471
66.15379
182.04202
132.99188
184.01546
226.82925
260.7412
151.77469
132.82576
226.37442
142.37985
74.42018
107.25417
160.18503
155.68979
86.73297
129.68068
164.57458
187.78436
213.41594
213.70525
290.06293
182.25919
160.21548
61.30843
284.3129
140.77145
144.79422
61.231956
46.0404
24.30837
144.15239
67.36873
74.29006
119.170425
82.7918
78.842255
142.2158
69.1485
129.5552
110.24862
56.78301
90.31944
144.57005
256.18365
146.24725
40.003548
80.136635
1.0728875
131.57513
93.38285
223.53023
303.5114
188.87003
49.274677
42.72532
53.31966
72.59456
186.25029
128.25595
102.7534
0.759951
83.110016
75.16873
91.382645
159.27167
1.1001958
117.14231
62.598328
153.78122
142.48474
83.851166
84.41536
75.20369
21.479315
159.16295
37.868073
34.831448
44.93865
197.1664
107.69216
36.665375
34.622826
170.69426
158.82535
28.437729
32.62071
72.19773
152.29288
44.804825
98.11919
34.52155
88.927414
280.18274
315.73102
175.03214
255.34656
242.648
93.08013
17.05331
49.521217
78.020905
85.641685
18.384367
83.36598
92.12181
39.245823
73.14436
36.553616
48.416058
196.73618
62.79969
2.3808014
38.358513
40.291695
97.07842
109.97972
127.161194
50.305103
29.6945
30.973164
213.8283
246.89328
190.72678
100.70105
126.014175
72.96118
34.509327
67.9564
114.45813
101.79254
46.78874
50.628872
83.45656
198.6716
124.01333
62.133293
214.44437
88.850624
76.40597
231.57382
117.85425
53.612354
174.66177
141.07901
168.64034
154.66646
56.417175
208.45561
213.52815
339.48114
234.4091
138.98224
390.3139
196.06311
32.35878
32.78105
173.57156
34.46217
45.92781
35.48751
36.34891
66.44106
69.44372
36.958656
134.45071
19.007444
72.26076
136.77875
166.97763
144.38795
87.953
57.179638
11.755912
40.5725
30.789215
154.27225
118.72025
59.18288
2.4388871
35.580235
3.1635914
63.740776
244.84517
230.1853
182.96164
104.09828
12.747151
76.19969
31.698795
117.94087
95.96275
31.632812
46.944145
69.19108
136.4365
85.66716
110.126076
68.00182
104.21881
50.002277
113.386246
49.50733
30.96231
114.64934
46.849434
69.3641
100.97625
84.0532
64.071266
102.260544
68.64541
125.8856
0.87631834
37.882107
102.74153
42.926636
80.6945
93.169174
160.97084
135.21085
148.60495
88.97032
108.13261
52.156044
157.86646
169.01198
135.49075
155.42447
101.45964
131.82986
165.15959
3.530159
130.06537
58.118156
68.2839
48.392296
115.81095
62.30198
121.65275
36.14475
152.12213
94.979294
69.91745
80.0271
134.38794
182.44125
137.17645
59.05423
120.59408
125.97445
128.89275
48.87077
89.90476
85.31984
71.432655
110.23067
12.009887
0.57411104
112.63743
284.96466
142.77774
202.5629
203.65279
14.086901
81.95439
93.06279
193.47928
159.45488
149.2711
223.94785
153.51355
241.88614
36.109562
143.16045
118.73812
116.199135
98.98003
47.302475
139.50284
342.30624
197.19992
156.40933
99.24192
103.61592
2.40468
140.72617
155.31154
137.10332
201.77707
148.86308
138.6448
10.753412
115.16544
69.838806
68.29844
115.329506
140.1824
89.4792
63.258595
125.38436
118.05758
78.964195
82.57496
172.53133
43.935028
171.15657
141.43433
76.03212
42.50435
110.42637
39.681248
170.29036
35.596222
70.1568
58.25758
97.206215
16.963787
85.002914
213.73763
176.14015
255.41443
218.1657
17.3446
86.26289
40.43522
121.8724
96.625435
23.156525
167.73701
16.316074
31.176706
39.24153
146.89523
49.470295
47.551914
81.29273
48.377415
33.921547
77.21263
43.40932
124.30766
38.882473
41.03186
70.98906
42.28185
4.536534
40.38232
89.796616
83.99645
211.79448
32.90635
133.6746
150.8584
104.51396
30.714605
89.02393
40.471962
46.71621
74.060616
68.32222
84.54421
148.20822
80.47478
81.78634
80.8756
130.28865
147.9613
49.24275
126.08512
0.55914366
0.32179955
338.29465
151.52863
240.1495
145.61188
109.74298
148.43646
169.04892
272.8992
190.40189
269.7728
160.9962
91.086624
13.526434
193.69907
131.3848
60.875378
113.34285
105.687515
119.39075
83.109024
97.499535
77.4563
101.283775
69.22306
74.70607
79.64257
117.980934
91.80685
87.46257
122.29407
96.08855
163.40198
86.04674
194.89348
90.88064
1.2586052
8.705742
52.779083
151.78857
70.93062
106.04224
81.99581
35.348034
188.99083
109.07778
86.461655
60.995796
48.847164
53.918995
182.9757
56.472034
61.193195
110.322426
48.90995
33.090714
30.23613
91.18204
66.41997
118.505615
177.8184
71.58244
45.554474
211.17949
115.809006
178.87306
76.43648
100.1433
11.950062
115.60205
160.4353
71.2357
109.469055
97.256546
112.68351
40.43687
48.102554
106.721924
150.92648
122.83909
197.24979
39.134686
57.41577
82.03495
2.8486905
77.57473
128.90097
93.719246
101.12713
74.944176
79.25314
101.37264
74.53575
73.48219
119.50664
74.893616
129.89052
200.99203
131.4291
125.669556
59.19436
108.2831
52.87132
152.2391
37.158714
188.2515
22.015764
112.28462
67.579735
73.379654
52.641254
41.77791
43.29127
48.1581
155.16377
144.27005
70.84192
95.949844
118.805954
77.3755
23.088593
38.573193
2.889544
44.916466
82.49838
159.29677
41.927677
85.82939
39.177223
43.68469
45.072807
245.68906
193.18768
109.617294
261.93814
203.787
119.86173
66.155174
162.23042
72.55481
232.35037
70.20354
92.281876
36.49807
121.7122
137.28111
152.1378
9.062824
111.638466
109.657875
68.56562
129.18216
69.44713
176.39795
83.25087
95.694214
72.28139
118.65212
38.642242
68.55528
100.82142
109.36778
161.66464
1.3103946
167.93607
100.912926
170.83133
57.779736
55.715675
85.69805
118.96625
45.47445
222.02177
43.043755
108.18654
59.702423
55.460064
128.727
41.733097
229.84598
183.94565
150.78865
38.91568
59.151283
75.78231
45.313805
48.65573
256.81464
279.36493
250.7362
212.38008
227.90833
220.9676
214.20052
231.58716
40.009426
95.5844
215.62573
151.25687
134.2116
114.36288
72.00897
65.52194
35.335148
44.11919
23.190052
163.9618
35.136497
64.80922
58.243813
157.10605
113.13786
150.90305
125.48976
39.41342
57.317596
154.50035
140.08179
229.04929
92.07962
36.813023
79.171936
38.171738
89.76784
155.25662
198.07019
142.19041
130.04099
108.408554
54.58504
153.39548
141.53734
73.79262
162.90517
98.04762
62.67614
150.94875
169.44553
74.6441
107.00582
0.40550724
70.25167
42.957043
163.44336
174.96007
46.084377
112.01997
258.40805
50.956413
66.4211
124.277664
82.261345
73.6634
154.18413
73.608864
215.50366
92.76117
3.1720278
26.62186
74.267654
55.534843
49.2823
112.105545
149.54764
189.79597
232.07976
45.538788
104.7827
84.49753
52.913067
44.633278
15.255075
67.461655
56.02604
79.275276
112.278946
97.13373
67.340805
105.9008
104.698746
205.21272
112.9918
12.691202
92.644005
175.63168
55.926624
151.21707
245.68875
249.55896
216.41862
217.42046
127.660995
132.07422
321.12335
157.48671
58.995018
82.78941
38.35814
198.21828
114.53456
104.44481
71.05385
93.8398
80.67225
68.01571
40.231766
93.79172
210.06042
70.3423
16.23336
110.7368
142.89578
36.374977
0.7129884
109.520645
34.342354
63.81272
71.338974
132.18063
83.449905
121.37573
238.6726
133.16946
83.96526
55.900185
126.34276
124.9032
155.41977
84.17561
89.88035
124.6311
184.5516
107.933426
119.555504
77.49458
0.13441432
35.89466
65.84686
71.59728
98.21424
0.5003418
20.497826
90.21513
89.97482
78.9319
80.788284
37.646095
152.82388
115.17013
75.8949
51.095867
142.3356
129.48065
209.41843
89.39566
183.95285
105.31447
110.37598
82.340805
266.1438
47.528408
37.730915
48.82467
146.29741
0.10056017
105.244064
71.51068
177.84549
76.24727
84.723495
193.68854
167.81454
238.38486
0.065901026
36.44077
179.87364
142.91513
133.70749
180.5156
234.776
41.464817
137.97893
72.693954
129.44124
75.02806
195.73679
69.9883
134.43938
136.90097
78.74831
158.0195
100.7104
120.85996
144.80898
46.03283
50.139626
207.04399
41.029076
67.618355
120.68668
118.80107
76.03351
120.454605
157.43909
148.40834
300.94672
133.57841
149.09827
187.2875
59.027203
82.301285
111.12605
75.89818
63.70518
138.83527
97.82405
173.7628
133.23543
200.46992
31.043598
114.39913
38.68343
67.87178
40.875008
200.38855
38.29975
147.62387
77.33809
113.44371
0.66004336
78.13424
71.00933
0.68393916
91.54725
143.11703
69.77742
92.66162
40.30179
78.12512
77.91299
4.3792357
106.36401
43.90222
72.1651
54.999615
86.61208
104.24565
121.4032
169.19318
111.21956
59.919666
193.0665
97.68809
80.38697
117.84807
288.731
10.980165
90.70962
282.03793
3.272866
91.892654
103.04706
215.0208
29.0956
129.42595
41.82386
8.259946
57.023083
26.824305
104.20819
104.04752
86.51424
110.81847
92.67483
278.85968
90.82058
101.58949
57.740906
110.14541
261.7757
176.58624
128.6374
118.29994
168.78069
139.71861
20.578037
79.95563
99.582115
76.30069
175.62166
95.18614
299.0672
101.592606
104.56069
85.83574
107.910446
105.774536
28.562275
114.71849
50.945526
145.6079
82.64226
191.30344
56.356304
104.32467
215.06726
138.14825
201.79892
102.11992
47.353252
160.77919
47.599636
73.94329
70.71567
45.266716
68.0072
2.5866852
4.7773848
142.50894
95.86898
125.15279
162.56088
126.46777
97.167114
113.57501
118.85785
189.15425
149.34863
143.26309
49.81826
106.380104
136.45003
82.49458
75.39756
47.019836
148.95966
49.65559
86.10887
192.66824
177.02516
70.26554
15.395803
68.06728
47.32437
46.041283
0.8655531
87.86402
48.878704
43.562706
69.20256
74.39608
110.5309
37.34718
95.82642
94.90361
38.197563
36.429047
136.54556
204.48044
24.271347
57.9847
96.33757
60.200977
59.447285
129.73001
65.185524
143.58597
91.40428
89.13318
66.2772
34.493996
91.70445
72.094284
42.723972
88.65577
96.93046
178.92523
81.35408
36.245506
151.10556
244.70166
12.041025
17.637142
72.60988
119.91559
37.660294
112.878334
0.8791383
113.80483
70.725204
95.60743
78.554245
70.363396
9.22524
93.81427
72.425156
176.09999
386.06818
79.14994
2.3436584
107.44043
48.55053
157.23051
15.490977
70.5732
1.3269336
13.901947
116.03871
88.372025
172.01051
67.37986
153.28075
4.181233
24.145636
39.196056
80.46111
100.64012
116.07362
149.75204
60.23058
99.5741
109.91286
207.44376
242.02173
130.22298
144.35759
122.656296
156.56546
148.95813
74.84773
96.17817
70.52335
59.924927
36.733982
138.48825
92.82324
5.5556116
68.38334
49.37617
35.353127
109.32872
120.83655
75.89871
84.25435
107.12099
35.471592
60.74044
64.424995
12.057945
7.91023
2.3335462
48.69937
0.90995103
169.20486
59.849506
105.51427
201.31966
2.8520238
69.088585
46.70437
82.285164
41.664974
76.87236
37.954758
82.77922
177.12704
73.076965
119.03416
46.362144
255.23935
106.89744
28.356775
50.601673
60.32008
176.88997
201.63956
55.061016
53.793316
40.27499
55.360474
125.62146
77.59373
40.175274
93.06124
133.30005
66.37052
128.70316
140.88689
206.13614
156.26839
139.31192
142.09192
144.48845
66.73342
131.52354
161.48587
297.50696
147.30281
220.1241
85.93046
107.341774
281.1114
233.97697
108.49784
41.39211
106.82605
73.64443
76.776436
100.12788
55.290047
136.61403
65.31511
80.152145
129.4214
88.37135
216.74707
92.26489
120.524925
88.19626
72.53511
10.607613
68.34401
132.86304
107.56863
154.548
157.59978
57.53185
70.53552
168.42506
119.51144
84.12646
108.152084
9.3767185
3.0095513
241.19815
218.57393
145.2015
43.046135
191.32603
172.31206
213.76448
102.58211
57.33091
93.64682
119.09934
65.37584
50.536186
78.43301
178.01816
104.21068
34.5532
40.08466
94.21301
109.561874
143.11069
132.48857
248.1241
52.49746
72.185814
59.621532
13.760121
65.73904
114.61542
47.045784
86.2375
47.047817
77.00467
136.6417
68.25084
69.142555
139.97263
120.78713
60.138794
219.31856
233.70016
148.8184
172.37646
0.92983323
56.141235
92.67622
105.9022
36.850628
72.50871
160.93741
178.22682
77.96675
72.292274
155.58739
90.47283
78.32964
45.573063
71.537476
182.33627
13.7276945
88.22826
175.93192
157.73607
155.00589
154.7344
150.17642
85.22574
54.337547
229.6401
195.89224
293.85504
198.60556
366.3913
171.07599
310.08618
193.26656
220.8251
318.58374
7.6912155
5.451373
96.41509
31.226944
100.358284
0.37709093
97.851364
80.18536
228.39998
199.91351
20.737759
37.973255
173.9456
143.13873
180.04066
181.979
151.5828
249.02097
183.18274
113.43111
65.96964
104.43469
111.821915
140.91196
75.9906
46.826454
93.27733
352.70087
10.358014
92.11272
104.59959
67.233574
66.25441
68.583694
107.21649
99.281105
104.17478
238.60295
0.267137
9.64175
69.800064
117.323
54.103416
82.436226
45.951557
61.923912
181.65259
16.667013
48.990158
30.754389
185.73105
64.22449
3.5374637
87.02395
116.76282
177.554
123.04198
77.07393
147.82408
136.12865
54.491516
150.69577
168.27113
67.812416
73.13092
80.527145
94.17664
81.182106
39.549034
73.07155
66.87524
170.60881
37.284206
87.651505
75.55635
47.205753
113.864174
82.22936
116.310425
42.646362
72.51643
96.20435
72.12952
53.168194
127.499855
40.701984
187.81726
165.0612
58.881065
55.27766
54.80794
142.03804
40.811855
145.02644
122.87317
48.922497
135.83212
43.192142
100.15457
160.24577
42.685955
9.708927
43.829536
73.83246
55.497547
277.2626
246.92622
146.55222
108.78733
139.53217
124.47514
163.89139
80.40898
85.99017
140.34708
36.74733
71.1555
7.999673
136.62422
273.81506
36.793938
92.06864
146.22122
75.5804
163.71121
86.9353
109.437294
44.98906
81.9967
81.95684
31.427118
83.66256
75.823105
139.71584
134.70511
165.18999
50.76077
114.317764
83.84101
82.49377
72.91944
43.516426
50.942284
41.63963
85.33105
56.448677
29.7751
161.47716
107.42815
83.183975
61.895576
35.02903
121.49276
78.441795
92.00417
0.56261283
20.913902
16.000484
73.20621
69.46565
108.94055
37.20733
37.011776
164.04152
73.70152
49.040108
160.47517
96.23713
109.10933
77.727715
170.89001
112.21122
22.59666
85.01693
67.98496
70.37138
88.763855
2.0062842
126.211655
13.870569
47.626205
18.874325
101.89691
126.55693
167.11632
77.75157
117.57523
85.15084
142.70132
139.61293
45.9316
40.005333
0.1580433
0.6858279
73.85744
141.67303
82.79238
102.0179
159.59018
180.49777
218.44547
185.63808
8.4071455
6.156202
104.57888
11.111368
78.48158
35.250328
41.920433
106.56996
53.96043
40.088936
51.02665
143.33466
28.394323
136.75056
127.07707
40.30596
182.40448
92.22656
113.24101
39.50027
82.16869
109.28644
50.32453
19.97983
1.0847214
66.87623
105.69053
192.55608
158.0914
158.42827
96.58395
77.129395
2.9074073
106.71647
171.02399
70.86288
73.64296
266.227
202.57857
192.8057
248.25772
242.10884
204.46939
316.13348
93.347664
41.820354
165.28452
94.273445
241.04976
297.12326
64.52207
215.29178
49.204468
19.90546
78.94011
164.88036
106.83165
178.9223
355.08115
273.88095
33.51316
12.675193
99.22037
70.73093
101.562836
95.04022
136.4324
154.77563
80.11375
223.44666
287.8648
255.43657
250.5522
127.984375
117.25615
87.29783
108.140335
133.46928
13.759601
57.62558
186.07864
178.5029
210.59714
132.70674
69.80424
56.55131
246.17622
78.70921
47.00842
188.98495
102.06735
92.34601
170.4227
98.46452
55.777454
120.17682
205.13535
244.43411
147.37637
221.42285
129.23512
138.60901
16.237766
106.229965
189.21465
221.98618
110.00138
35.567867
76.98439
67.23745
79.951904
77.98753
78.9584
102.74264
259.6961
236.27095
79.83362
75.38737
101.01082
179.12268
283.46353
99.28871
108.82949
79.299835
69.52511
23.45475
214.9729
174.021
115.294655
33.50543
38.70913
158.5727
196.7996
34.88671
44.076145
154.50615
196.33633
164.99008
102.05924
139.63043
161.12209
184.71443
122.086136
179.60062
48.217365
116.36743
82.49794
118.42021
20.766584
54.80412
39.873386
103.0286
211.55159
100.71331
0.80174077
13.491379
107.17594
124.85451
79.36604
35.395714
4.4482045
22.161722
123.23247
79.56416
174.77187
110.3809
170.71082
36.306877
249.60501
45.74607
85.118484
85.29375
70.64734
34.754196
59.260735
78.09943
77.82231
56.355762
170.43309
40.591778
120.4578
71.63135
68.44858
76.679634
88.52126
68.478165
140.09085
35.208855
0.13820422
68.27813
70.260475
17.789228
204.96329
78.68624
107.27147
82.01335
9.008669
16.26279
36.728104
52.181683
11.318938
234.96121
134.20207
176.96175
78.44857
96.7671
108.504005
106.2829
155.5025
159.74406
5.4121823
43.393593
102.65013
150.55206
91.68912
96.89235
88.55564
119.96411
177.39458
128.66623
98.97566
2.690167
286.26486
35.147408
112.261765
41.24131
37.783806
142.63516
37.257515
72.63249
136.43509
94.084305
159.2717
114.78512
68.496475
96.74706
116.68233
249.34067
8.897688
124.36401
45.232964
143.96327
110.59054
75.072815
145.76767
35.837254
34.973255
185.29898
187.43048
272.08612
200.1215
95.46004
100.8742
69.12995
69.74425
75.07646
48.552933
35.637867
115.33933
95.386475
121.20935
192.18832
114.20807
146.28885
178.85771
131.55177
49.468193
101.795135
116.95974
151.76825
108.986694
146.54465
38.696518
104.10808
158.93863
30.458664
92.11528
271.04022
202.94992
84.19872
147.90887
75.08313
46.623806
44.483757
46.930103
73.21225
32.623375
187.82632
103.298096
65.71913
145.98032
94.001205
93.586655
91.29381
54.12513
226.21379
68.45603
36.54988
138.65341
86.19959
82.572044
5.8223534
48.162216
37.018585
31.098392
36.823223
112.776634
108.975876
37.77612
94.180534
37.65916
37.754623
79.55247
9.100443
65.88546
194.68912
61.424732
110.975876
37.553986
110.00047
30.614346
120.18201
28.001776
87.14747
56.788177
106.988686
72.12328
51.920185
128.0641
62.330833
33.394726
40.469406
48.487564
11.525854
46.244213
13.824781
39.296272
67.40795
48.236965
105.766174
33.81771
36.1316
67.729996
120.29468
153.30383
99.26069
72.95038
73.61126
72.35991
3.690625
77.9528
105.385155
119.44734
37.11203
121.14807
86.63149
103.50041
149.5766
117.42747
123.464355
77.88914
97.51204
0.4292852
43.512047
37.044674
68.86641
136.08328
21.259867
2.3050902
107.358444
113.352684
2.4755077
114.99064
73.09709
70.7483
141.26279
91.69175
74.32112
121.67444
46.527092
118.974594
69.04368
106.99076
87.67397
121.47752
193.42966
47.680683
78.81559
106.338646
36.308563
83.44991
45.650913
59.786663
110.896034
104.7842
69.999245
54.48828
76.714584
82.27386
178.84308
177.86566
106.32162
70.81008
87.62981
121.66355
135.99551
142.26643
89.00242
104.15004
63.000782
101.22229
56.490578
107.22825
53.61631
139.06146
119.1686
49.35103
117.4811
76.82567
237.13858
171.34575
105.44218
163.01517
140.15791
93.958206
73.81487
37.738914
43.592884
77.85243
125.58732
80.67715
120.45378
33.65753
133.82211
81.44091
40.095055
92.89482
91.03575
85.67473
110.53477
14.835066
49.796387
276.25003
131.43336
48.13093
147.65742
105.949326
196.47762
91.26919
191.15959
119.00774
57.512432
53.934887
180.46516
0.591174
76.55694
70.19505
129.3544
164.83495
159.66293
71.36102
84.75583
79.450836
42.07977
110.78975
91.191696
146.06996
87.79145
142.7674
96.75239
83.44826
103.54293
29.311361
71.83245
39.44337
76.553505
98.87442
155.42484
93.2713
91.93275
49.37517
158.76773
70.85776
47.361
9.059856
80.906265
105.1792
57.928963
26.804941
233.04666
159.69269
117.27769
150.93576
48.539974
103.61131
2.896647
106.83175
118.92145
86.070305
81.80766
39.32215
72.718864
44.875843
9.010297
90.57514
121.67731
117.05913
7.203196
60.917328
94.65422
87.21657
120.7112
1.2899928
11.094517
111.29144
31.52074
102.721054
79.02069
30.794846
56.984436
96.85423
14.34577
90.69041
181.54109
86.95454
82.125145
75.6664
59.292156
221.79117
110.68109
98.93494
41.82263
180.97379
40.40483
236.89116
117.82082
150.27292
47.224346
103.72882
139.31445
111.99369
295.5421
192.11127
103.11259
58.10891
85.07322
117.61371
5.6634183
95.301094
206.61014
69.20123
105.76827
117.926956
77.08812
87.04764
110.23067
77.4192
87.07805
36.20113
85.279205
160.84998
130.43584
129.79893
185.13382
40.928535
89.08064
225.11617
19.183342
87.16492
149.01694
114.25502
150.46562
75.80052
197.81645
162.9724
142.71608
53.044067
148.79944
76.137405
69.791885
95.058945
179.69054
105.97294
85.82216
46.678505
85.229256
66.98711
75.8766
100.498695
167.583
115.95547
44.44685
96.31561
29.436443
80.00332
271.13397
204.64099
198.56993
44.77294
0.8484494
302.54028
275.48273
293.7105
326.2264
164.59192
59.662422
59.266533
167.24492
70.634544
149.908
142.55132
77.47521
235.69449
148.64868
73.262726
130.68196
87.140564
106.60243
121.47444
98.18913
148.7175
74.89224
64.79491
100.59794
39.141304
183.50029
38.900627
112.25028
83.24395
87.41219
88.062
0.694384
100.02278
43.48266
6.0079603
13.917883
198.01328
0.90414447
3.580035
103.429214
13.72659
94.58886
103.60195
124.87545
17.220226
78.71722
73.638374
83.956894
86.93648
97.40169
100.975204
288.97702
175.55139
71.5746
30.83995
85.4018
174.54562
126.95763
94.90252
181.17732
58.366405
139.40721
57.350624
57.265003
104.504745
109.56449
148.4316
66.44274
61.272186
98.677536
178.74304
17.342447
11.394396
116.545456
108.88258
87.982834
49.244003
255.41919
10.689183
72.82667
66.73161
53.645325
54.810364
109.64774
96.13511
46.369484
46.163326
81.41735
70.85777
76.72597
141.39694
48.11669
70.54659
115.224266
178.46179
40.101036
38.51243
224.6939
258.30646
289.21805
282.62454
214.4198
123.37828
89.46661
53.94697
77.30966
125.312035
199.5671
88.69426
140.1684
178.8189
149.6724
54.663464
96.72345
65.47812
127.61748
102.91402
63.551422
108.547386
142.95108
101.66218
38.840603
51.02845
116.34019
93.035286
108.65945
89.137024
71.18099
65.628914
230.3778
215.2806
221.72713
114.73299
267.9062
198.09877
249.91829
126.90947
127.65521
108.06514
120.67898
211.80449
1.6822073
10.780333
106.81818
57.912853
35.368748
21.738077
55.975105
36.95484
176.76897
40.450233
168.10538
41.978584
63.01702
159.11465
122.0886
57.561226
224.46408
148.84372
72.42692
48.667767
191.71973
243.20625
115.49457
107.82784
74.713394
121.86979
119.133545
77.62718
208.27287
193.94258
72.269424
129.44193
96.24508
78.7219
13.382479
15.918157
118.0115
82.18528
52.136353
186.24957
66.393135
73.733475
122.45931
162.12602
96.81943
96.48593
60.608307
122.35857
84.86702
24.35316
189.29495
90.41548
85.286865
104.996605
51.000633
49.278008
112.98366
35.72974
32.63217
97.07653
2.8865504
11.042625
27.287624
48.78439
193.59225
125.81001
78.70897
60.751415
92.225235
127.17522
102.200615
17.535486
156.06729
62.91036
121.77434
118.59678
72.99013
118.39518
133.33038
109.409386
75.07084
41.67867
44.033028
75.85693
63.7712
39.282654
1.855835
183.89977
176.22151
138.79248
11.281802
17.186054
117.872925
90.04674
45.470833
87.01561
37.365902
97.07896
159.64395
72.82142
45.417793
79.56362
128.82938
109.886314
154.23317
178.27182
136.5571
257.3443
75.74632
120.3718
103.03461
147.9736
46.926277
110.89946
118.02135
36.78247
22.903208
182.46922
67.656555
40.221645
127.538315
186.45178
120.24972
129.94272
105.99718
106.760254
75.78474
126.34837
196.2327
68.49683
63.039955
72.012886
70.41344
104.95848
139.99203
97.8163
85.25626
90.987
111.195206
105.833534
155.37505
76.848564
90.33899
40.51006
122.17932
89.36
134.36122
70.70869
77.77269
151.70627
87.60232
44.367702
67.1971
124.73063
89.162636
89.87109
192.71053
134.23619
138.74136
131.53604
55.381104
223.73283
49.490192
106.63678
74.678085
111.57849
150.2432
1.0281988
41.72216
37.07148
69.695145
32.93615
69.70352
134.59497
85.14713
87.42606
122.121445
75.01017
126.34143
86.81306
122.888245
162.5316
66.737595
53.884388
235.39421
227.59587
78.962746
103.7228
39.668682
111.38467
110.796364
110.79433
106.21307
43.83267
102.24296
188.9891
212.73772
275.66574
50.826088
72.22102
77.70189
44.591324
76.11861
248.8699
178.51941
315.96954
180.34657
124.92625
52.68913
35.13035
70.67986
74.18574
92.88689
88.853615
72.48507
63.17501
82.47172
94.76495
149.55298
65.74919
136.58151
136.07881
56.261253
161.72787
66.08052
225.5247
133.34427
160.42653
202.99
47.181667
256.10223
165.57689
41.423256
76.52976
65.13266
70.420395
108.72404
163.50536
53.248436
19.408962
144.62851
47.71502
211.9277
73.39859
42.016647
75.9785
107.11343
81.06279
38.378883
108.94527
76.16928
72.62532
142.1481
171.36702
146.51286
130.79065
73.13239
0.7334609
3.9406419
79.20625
174.20483
35.475204
104.71016
139.54301
184.66391
92.4435
86.50188
72.03966
79.386375
69.09459
145.32507
100.41251
81.62532
38.780807
29.836044
29.568857
79.170586
35.45041
141.20401
128.44307
73.23022
59.943787
63.833923
81.29175
275.34958
134.16605
50.434303
287.6507
319.3548
88.93057
89.159935
57.591534
108.205154
156.54814
44.729103
83.64445
120.00415
61.811535
78.859024
116.434875
54.772606
94.18742
47.448975
48.649864
51.847816
2.8289618
49.553505
86.82133
368.37592
269.60007
179.94724
238.26363
227.42593
136.8225
180.14085
207.37532
165.96109
14.756905
48.038094
63.489754
168.69763
73.44122
39.33977
143.32617
190.29869
124.49833
97.03655
36.811302
222.27579
9.651436
44.260464
39.356705
91.60857
181.01503
172.43979
99.003845
6.083205
37.234932
22.521076
81.4516
153.46219
132.76282
140.18756
92.77989
96.93669
95.75929
122.362625
127.56203
56.35854
81.62639
67.51585
60.660046
11.295822
43.4199
51.21944
204.8929
36.978207
71.1395
76.9287
64.332245
141.7835
111.63967
112.64413
75.60643
64.86417
138.21684
95.17054
39.40939
101.42441
106.9138
139.61926
58.11843
28.60357
77.57597
106.0414
74.21071
42.232765
59.513466
136.77786
49.01422
219.93167
117.07153
130.13634
223.26595
36.336964
99.6218
74.97475
71.676
109.63328
200.6194
230.0347
160.58195
147.44699
3.3005843
269.85248
109.69193
86.053795
22.25885
94.78981
46.21644
56.173187
62.206856
75.43245
2.1380298
83.30281
43.93067
56.07195
43.729927
74.35676
40.283993
80.1746
55.589466
38.686558
131.33176
109.10443
103.861916
74.19842
71.59227
37.382614
114.44497
67.20017
103.17092
79.91603
2.5603034
4.607667
17.337614
30.9688
13.812653
80.54826
108.68473
48.72377
35.532433
109.65835
55.911736
68.86775
136.43585
49.048687
51.22204
37.391273
77.23511
48.509705
38.103287
69.59983
155.35246
231.269
182.44243
196.04733
74.76845
115.625565
175.69023
87.772705
36.267227
70.85994
118.78668
68.01397
109.80996
102.352844
123.12716
113.820786
75.783165
77.81779
141.07175
93.573006
38.162033
44.926807
73.76364
110.046364
186.54121
158.00444
49.79978
204.47807
74.379715
56.67218
148.85768
0.5699047
40.424515
97.48385
109.06931
261.7933
145.3707
45.105724
124.22117
123.84802
38.335533
78.26508
120.67556
105.67765
34.289646
68.70146
2.2431
46.10418
4.636251
37.416096
46.323963
106.82308
47.730145
66.7714
191.65007
169.85861
67.922485
52.598152
47.12012
107.95154
49.336372
97.86425
98.43605
51.864265
70.39888
20.788252
162.1868
192.95525
43.681404
3.4203515
107.131676
33.696
80.585846
46.800884
92.46134
94.86104
37.233803
109.005005
37.572838
52.66374
22.415783
107.31034
138.14494
119.29689
214.07549
65.93106
203.88655
53.69887
140.34975
97.42031
79.205734
83.39353
198.8879
59.224663
113.31704
46.505486
119.50297
105.209496
135.31235
79.05945
114.45207
122.54342
40.88344
226.38248
215.91745
75.14843
83.93883
56.04049
50.902187
257.70026
44.668633
135.18526
170.6062
121.88884
82.83708
117.89638
64.48942
44.65876
93.891335
63.709515
50.620255
40.24217
58.715874
75.08852
346.2306
318.29492
59.95622
174.78873
66.68447
94.73268
127.42024
122.63202
42.36016
2.5425076
47.33396
83.33141
53.888294
49.276634
64.33117
141.22067
58.1888
42.87722
62.762566
85.64775
48.119724
2.0458229
20.099178
71.93144
111.03996
74.05939
38.05549
71.49234
58.931763
37.957535
35.26952
89.15563
121.53633
93.1931
315.4992
109.64412
78.80221
70.226814
216.3455
170.87814
170.10413
198.70273
132.37668
79.78186
148.29727
103.62065
90.972725
136.62706
113.38745
177.57864
108.16074
173.12245
136.13358
86.46429
157.83698
122.434555
166.92221
155.78534
89.723495
119.34845
142.59671
103.55154
59.60459
157.08733
71.279106
84.33091
141.51816
71.681076
107.77095
77.28347
48.920403
11.842722
11.320752
84.64364
69.07785
37.158615
47.019848
78.440315
94.314575
158.90283
183.69144
196.22078
106.43048
12.18841
19.885014
2.9887471
12.669901
68.64849
38.88407
109.05084
74.082794
1.9750004
112.67234
143.78716
82.731804
97.297935
139.96402
233.65385
90.23568
115.40376
46.255928
249.18277
85.49585
85.69097
106.97433
111.63069
170.89334
93.228096
130.6435
101.827255
251.44421
45.986015
73.42593
231.47343
152.93861
333.9397
18.5253
291.68634
256.13776
115.363266
98.40764
114.319595
38.41609
189.95332
264.78418
215.94719
91.98604
219.74138
122.51697
144.41557
104.63458
98.21004
71.152824
175.11911
159.20016
122.80186
99.61287
89.684654
56.965168
119.9431
104.54869
132.50076
204.7264
143.52293
181.58841
36.68973
92.685745
43.529713
75.788956
126.59678
121.39259
97.36498
129.34966
116.97713
104.569725
70.850945
97.063225
247.90161
141.6236
144.25465
66.64765
269.22992
218.64449
247.01352
171.35214
83.788666
47.46543
115.368065
76.21342
75.00994
270.98022
156.76012
54.960682
189.39432
3.0595534
47.51861
50.78535
123.32814
66.78975
96.21532
110.32823
85.50127
122.67222
104.880936
40.977867
49.44181
40.941452
79.90087
38.72706
39.485764
127.015686
124.02976
105.68359
142.00842
137.59058
137.63431
115.82082
80.14479
0.8098033
43.85124
198.16957
104.77156
216.6499
123.93523
105.52916
102.262794
91.64201
96.65564
180.04211
95.80672
70.84981
134.72133
117.084915
144.42569
101.54252
109.54199
143.83298
134.89584
34.4501
131.04817
66.981834
64.34415
91.647354
97.57394
66.06569
72.64119
10.468983
22.952686
42.65673
59.07923
120.89038
68.2885
213.6165
153.30115
170.60864
175.57646
77.09636
38.61515
66.2034
102.5733
49.094162
149.93454
87.13686
112.1073
205.33516
145.27066
39.09835
71.916794
88.01029
76.344696
70.760574
49.559063
102.353226
42.0203
29.2621
84.04093
100.39421
39.862
50.61018
58.040295
63.312214
106.507
174.46207
111.94743
77.88307
40.18635
28.780472
87.8457
137.13081
66.45836
54.604298
40.942783
136.90356
169.38797
62.15686
30.416128
35.882042
0.35213515
35.573036
