463.24634
62.484108
42.31899
69.65106
74.73035
71.76732
59.957573
86.90215
69.75895
83.07308
40.71837
81.45219
36.09539
70.47898
113.43062
67.19289
95.45863
59.43154
160.85315
50.416645
50.298363
47.909386
7.025171
65.74592
21.019562
27.304773
57.885887
37.577522
87.57003
89.96659
74.15666
109.53384
24.83656
59.737324
96.32398
105.84359
124.86245
66.64058
109.85327
105.96039
95.46865
129.00542
86.69341
88.835
120.40625
41.46167
78.05685
90.78612
28.44984
109.07554
79.324265
126.03981
98.73159
105.92893
7.2392907
136.82236
140.50717
96.61436
116.35122
103.345215
186.78528
139.90149
82.521774
70.93929
38.03989
45.78273
26.57702
98.89082
46.64344
123.65273
51.51051
34.8333
7.3583236
49.765797
52.026936
57.12197
31.783344
11.854078
29.36501
45.58791
34.91292
45.38589
75.68628
83.44236
116.088974
30.516186
29.318798
76.891785
45.69352
41.739273
70.239395
134.57448
69.16829
36.208534
49.647022
40.02207
157.7032
121.83939
140.52711
66.007996
117.19413
111.161514
74.727516
167.26382
118.908775
134.6174
72.41904
135.35251
100.88735
198.00609
156.58846
186.71109
84.3202
67.30296
59.36922
49.82082
39.390373
56.482018
132.56448
113.0684
88.28876
142.17575
84.38862
80.74214
109.32217
107.653564
59.837425
2.0828729
67.430756
79.14067
76.299484
93.77846
70.37587
54.342583
7.8872476
59.18587
56.293873
153.71669
83.45661
122.260216
115.001564
94.88185
185.02141
162.25212
16.343943
42.786922
36.775475
111.40532
75.10811
100.422005
21.481684
18.238077
10.397767
22.18527
28.29721
51.44735
85.75773
11.1767
55.46538
88.97446
46.77194
89.255264
32.61307
24.460182
39.54425
76.43085
106.58928
69.385185
159.15997
109.64268
119.20538
51.671852
53.10432
27.280422
18.101254
59.160088
44.34307
81.75625
51.707176
2.3232007
44.27864
57.857014
35.171898
46.94345
39.425636
5.379586
46.879044
118.75515
84.719765
10.628175
15.391673
63.422462
42.487747
41.10465
21.566957
8.899023
2.104814
66.19229
258.40298
103.63829
95.47185
64.22574
100.06915
60.499737
88.25121
97.240875
41.606693
66.76468
33.84145
28.84049
44.913902
35.39462
106.65251
22.856213
55.040203
76.61839
6.1051397
12.838031
45.51566
88.47335
134.2719
123.86168
184.78667
77.68049
39.204277
66.40581
62.10061
57.792828
131.01729
68.3968
78.40736
124.02257
90.124954
87.17345
81.078415
50.729313
117.11133
66.923164
66.29703
40.68885
25.874065
99.445724
84.51335
100.77055
81.03806
25.807453
120.146835
100.688034
67.31224
58.858253
104.18758
30.068604
13.680898
26.065002
112.88615
52.013893
30.291874
97.49433
44.231483
47.160725
79.58405
76.13347
76.86618
100.56598
101.40767
29.8384
73.36593
79.638176
98.6266
123.0212
76.83998
100.23271
80.63529
117.919815
67.716805
59.234234
83.85234
210.44551
112.57387
142.29971
111.78929
132.35507
133.02795
200.31757
23.312206
54.579407
28.689316
25.425142
61.998528
78.430626
159.19931
93.43302
69.561356
147.37389
75.66827
2.828753
2.547936
12.410769
49.646667
53.532837
71.3869
28.742456
40.196217
94.03221
210.1394
143.1335
63.222206
47.536613
52.534565
92.610954
149.1611
60.880444
66.79423
68.61898
91.71472
32.802185
73.47657
168.49574
94.80163
119.23724
65.25276
93.290695
131.90343
117.70811
27.718426
43.592617
29.410944
87.41772
84.46168
104.77183
88.1295
10.616794
38.333122
92.62981
77.21571
105.668846
55.684418
31.325342
36.7548
25.000835
32.184483
30.133509
77.61772
70.05613
73.31598
84.004684
42.730247
43.172142
74.93858
62.875202
59.524525
31.857067
114.29586
9.419188
40.211906
45.144825
35.677895
80.63898
56.02124
78.00413
52.044106
7.391303
45.526993
27.285751
14.464254
14.900696
65.836525
18.528894
32.506187
21.313004
38.440968
35.273346
120.66013
107.75148
43.136665
48.608475
86.32439
27.507944
93.98856
49.478878
22.931736
12.56513
43.56376
31.187664
49.09867
29.567516
59.09707
53.592113
43.49369
51.764263
42.25342
49.07199
180.83
142.03804
154.67131
168.35867
168.46066
89.80368
106.0439
253.2164
52.066322
57.506733
71.22497
55.39975
60.33125
37.81315
58.190266
46.877914
73.794174
23.147144
21.203936
47.48497
74.99164
60.84501
43.978905
31.564737
29.441416
34.21819
46.619537
20.72748
42.39056
13.622965
23.989416
42.420216
71.15831
34.326004
58.78186
31.150333
62.440746
43.692955
73.58506
35.75801
38.15865
76.68962
37.079247
64.99591
86.434814
156.22322
131.01726
127.783936
113.53981
113.677246
35.496204
16.875568
53.808983
58.36043
139.35294
108.676636
100.450874
90.420456
27.693274
5.1215825
7.956781
9.480507
22.169636
69.73803
56.56725
50.85926
34.6537
46.054283
55.44395
53.129517
31.238308
123.49241
87.89589
110.54164
120.727745
79.43533
95.6042
89.49144
114.06221
73.636284
118.57151
129.74841
101.63446
122.367935
104.52853
110.41958
29.964426
36.742504
46.95574
69.57219
55.03727
28.690449
34.87274
50.889507
61.019623
140.05444
92.6205
96.57265
17.489529
37.867367
40.727535
19.248875
82.86909
97.471275
129.7074
138.6355
86.34765
111.92521
118.704735
100.03072
64.96323
50.530624
131.35121
120.39354
44.02636
81.32389
65.150826
81.534
83.56288
83.777374
111.06686
17.025625
90.393036
126.75529
124.56997
109.317444
113.22573
118.99022
73.09513
68.24497
60.15164
55.64145
99.228775
143.57272
159.55626
170.59245
136.49892
123.22947
110.24602
109.690384
33.915806
23.975063
23.195309
4.849148
31.024149
39.344044
140.66006
57.506073
93.3076
26.342533
98.682304
96.44225
78.442696
58.357483
36.480366
30.552969
71.87822
45.131622
61.919136
43.509224
59.446754
58.36692
76.95398
58.23324
126.383316
79.19548
122.50885
13.761671
72.219246
24.122202
21.616869
74.27416
106.53975
97.06941
20.53143
52.88335
28.69717
35.411404
52.551506
46.49369
21.193634
12.0896845
38.850937
43.37367
137.10059
95.88045
128.28758
164.34976
113.72685
107.67159
87.53198
187.48131
166.85541
166.14647
200.4007
171.11116
57.013245
70.01464
19.555433
54.394066
16.090658
27.36095
9.803809
21.594204
37.556774
23.580822
33.43763
21.477388
22.204067
17.829811
44.87787
39.016094
36.74528
22.327087
44.285545
117.9938
83.08287
30.034744
61.792336
140.79495
31.050205
46.37408
65.39818
21.867605
40.798187
40.302135
25.046352
44.303627
70.24956
73.936356
115.19071
86.44387
192.40211
159.16087
192.4041
79.64409
139.61983
200.2259
52.57418
97.92309
71.408066
85.8566
83.56003
48.697
44.530968
47.530212
47.080933
19.639
32.95921
28.58965
20.945919
28.756958
59.707832
37.23781
10.882799
19.410149
48.02854
30.562601
26.70366
23.411465
18.585417
63.070393
57.46572
66.91576
64.08204
24.111898
116.41283
30.602163
27.199802
55.890575
29.67333
18.035728
54.084206
33.71123
59.13056
36.617115
3.8318038
96.542046
65.965256
19.072676
43.364044
56.892784
80.78318
16.253088
20.617588
53.326294
29.54768
132.45088
91.69124
156.32559
83.338646
120.246155
101.57627
200.24979
107.53743
117.749084
96.15462
100.013306
106.83472
104.72166
120.46388
101.674484
166.51785
139.97812
102.91032
83.960754
108.92729
119.7216
36.02542
24.087732
97.18283
44.367447
2.7655995
14.085594
64.541275
23.8272
52.721855
57.838478
90.38752
22.242485
167.58755
141.44936
100.947914
103.2286
125.30461
220.0988
20.30795
91.782555
105.6365
81.63742
124.59871
101.12924
57.03653
6.6916833
31.633148
56.690094
27.139603
3.5363834
10.247644
45.287052
23.258358
39.097633
14.453886
81.689926
145.94894
76.26817
76.85621
94.08705
4.5078187
34.78163
37.82139
93.705826
30.479267
21.101177
36.22192
38.82432
80.10958
123.25272
39.718063
28.913519
61.057972
38.999054
32.6043
59.7666
63.754982
80.94328
91.41074
83.81409
76.13743
46.375603
38.499382
69.351524
57.653027
68.97775
56.6732
39.377758
72.557365
19.3454
78.19472
24.655521
47.126663
102.228874
26.064594
19.953608
17.850933
26.529226
26.395435
31.56582
46.727364
91.52568
32.424324
41.481403
72.016235
70.90224
64.04695
113.08411
28.3703
41.147926
26.664408
44.281044
37.97809
36.076843
49.07838
56.854626
26.229614
93.23083
96.81291
157.45895
140.49344
66.34222
83.80448
61.59839
87.872604
80.27903
93.87216
101.46559
24.21245
30.41534
109.22621
102.90167
123.768776
102.95365
116.708885
83.914474
87.47972
75.15602
132.94083
30.954273
21.482288
12.122429
28.041067
66.98376
37.78644
94.46756
63.460735
33.734367
48.683754
28.274683
48.612865
16.939571
33.135384
33.128513
33.74001
32.576595
99.46702
81.10249
134.82205
149.12825
128.44038
119.84647
89.400665
118.42771
49.830814
62.029907
51.039936
112.594864
50.61037
22.755447
34.301353
80.16412
82.46603
15.068027
42.73919
38.906597
41.01252
51.466064
12.756329
14.798831
28.63468
24.487646
33.659397
16.414577
48.947033
26.433971
33.643223
51.13536
209.719
53.275684
25.75182
25.389835
80.584526
19.872456
1.4225177
20.06396
31.266132
30.892323
31.15207
19.798563
29.360424
42.7488
44.35496
125.32684
76.459274
120.41689
77.004166
170.9193
73.448586
133.33485
83.592125
142.79599
77.31812
77.63164
85.37929
74.015915
83.17155
126.58357
114.37897
94.67016
81.58622
115.33507
55.413483
154.24693
105.81742
99.3595
178.00717
120.843124
163.71335
113.87891
141.18573
125.44265
90.702614
116.824265
82.21557
109.553955
86.06219
92.88908
110.08821
104.49971
94.18536
88.657486
99.93706
81.492546
136.80217
93.366425
104.1768
82.62245
96.64203
88.057076
76.66603
50.52829
49.409313
62.393425
60.990925
86.15944
77.19298
92.29979
59.799164
65.035255
78.00055
129.18954
53.766853
14.523066
12.377855
44.269478
47.506187
36.491974
68.815
63.55625
58.951363
47.4129
23.03104
50.99876
73.545876
109.70459
83.67909
19.179726
1.4618354
48.894352
52.103985
59.059864
77.91773
33.10785
68.223465
37.55242
19.209394
18.928745
29.229849
47.22206
37.958424
41.65514
109.4968
79.003395
167.27164
1.5357459
41.48624
57.46286
40.82597
22.434584
25.255054
40.96695
30.903616
34.24958
21.346949
54.204628
28.538467
52.54046
4.3628006
14.62776
2.4877002
137.25674
164.8615
82.41191
101.55964
101.279526
16.057203
21.032646
74.55678
127.11499
46.74695
36.40623
34.14878
29.664997
78.697914
17.210339
17.936054
44.497505
33.78195
44.86865
77.11115
83.225746
26.03779
34.147755
37.001396
112.26292
34.043404
117.01813
27.357792
29.595219
28.332493
52.76589
108.25405
142.70625
47.93142
29.684372
39.59391
60.182007
59.881775
46.68765
64.5752
56.7742
62.533985
69.79776
41.938404
50.027454
51.795795
40.921364
100.3282
158.56345
79.61991
110.81239
101.62251
93.837585
30.6474
35.77579
30.514362
88.50025
73.45807
150.40166
99.66603
126.27185
30.539724
33.705063
68.84899
21.76338
34.39678
47.869286
64.3859
21.125063
21.08516
49.55331
52.757507
28.044907
30.730484
155.6257
34.29615
30.698126
28.14031
30.668243
63.26361
42.883892
29.601337
31.520727
29.852634
74.47826
54.2341
25.391768
20.288166
23.431791
66.84297
58.513042
47.150883
6.8254423
1.2664304
46.34792
98.053535
99.77967
112.13965
117.23151
145.28741
129.62198
96.93107
158.23819
103.85697
5.3604193
27.787846
20.242546
42.52413
30.30318
37.913372
74.75996
78.82413
115.36769
97.44405
127.6084
90.823494
88.49545
12.81378
6.502112
7.4579
19.335093
23.387905
24.883749
29.702957
32.442223
35.381084
35.948635
27.351704
18.82171
41.421017
56.17533
36.946514
20.104742
63.82383
40.297684
41.033516
167.32123
103.19596
115.81755
190.37053
134.75766
101.46077
85.38003
117.03349
80.179146
125.03682
148.92659
110.17604
234.51477
182.71262
51.16547
32.228546
31.390656
27.339178
21.21109
24.258108
43.025307
29.042652
143.69154
102.44668
133.12582
124.34631
118.74418
124.96012
151.55478
204.5574
191.29942
71.36991
34.739296
46.053543
74.02673
13.343958
43.467937
30.590557
41.24908
32.012848
55.279076
69.75012
54.749603
74.345245
19.831757
49.20262
32.610786
18.649725
41.00284
32.284492
38.972267
22.54391
53.400032
27.07784
57.910378
21.44635
90.90636
106.466736
179.7798
149.31424
3.8330238
16.866688
13.824475
113.20537
26.650227
103.07296
28.11727
52.75545
62.66756
38.111042
24.764713
46.62888
24.48081
52.06307
46.844006
91.89546
44.39509
12.696857
31.91247
36.28397
51.198433
5.9270716
36.509407
32.566597
42.46995
25.833963
104.247665
95.96437
85.57874
130.31186
180.24193
179.94073
46.65947
18.970291
20.272106
73.782684
155.52547
43.98908
82.44283
95.96749
70.57849
196.72385
65.46132
10.874837
31.29844
34.11232
50.51348
32.457966
14.4754925
26.88678
11.255117
18.493053
70.99113
25.468597
48.28594
38.94716
30.546732
47.363262
41.45411
26.720667
60.93454
15.840853
52.10456
21.379026
5.3941927
23.749569
15.837628
86.40321
74.6166
71.91278
80.80862
50.247368
42.526527
44.393764
44.256443
20.80055
72.70482
190.671
138.51566
204.36794
137.55125
249.66745
158.13834
19.80379
26.55156
37.270485
37.96892
56.497784
35.62039
8.87443
7.835167
24.960363
22.392673
63.598206
193.90947
118.157555
128.12549
83.181725
53.421333
43.50318
36.663513
103.41107
104.92201
27.917133
38.971966
26.61816
34.12815
95.82442
14.036598
28.040009
33.385174
23.922308
46.741207
70.04292
63.78463
37.280273
233.16985
108.11189
19.534597
15.111916
62.628857
47.152313
25.986267
60.432007
42.532036
76.942245
46.89454
30.406729
6.1265554
38.54834
47.646767
18.960815
86.73961
119.148254
102.69627
19.832829
45.763138
54.557415
38.72415
67.02786
57.57862
22.965122
40.674454
26.91153
47.85918
144.52284
170.7006
139.15747
122.980286
159.67734
94.73441
101.23774
78.35006
71.43318
87.4493
50.895996
20.252525
63.138206
28.112034
26.969975
42.399853
83.56972
78.65376
41.775135
18.332394
32.060863
102.33798
61.70893
20.562769
27.428396
45.69253
27.516718
30.532608
57.26824
117.21382
27.239878
28.24271
19.014114
61.175293
36.5597
22.725866
35.65424
4.46369
22.757217
42.123337
23.526398
28.174084
150.41173
75.82512
82.51146
84.69754
93.93602
95.01909
12.788691
15.310057
3.347123
26.815943
31.907593
23.749815
23.379368
6.02588
30.275991
21.862188
23.36094
20.12318
14.207487
22.361115
107.561325
82.75174
79.47966
69.03901
106.26979
93.44896
141.63997
148.01337
120.7441
23.73568
25.804901
28.116337
107.93693
85.95586
94.3338
78.70218
11.899512
89.05955
110.948524
13.328174
37.111397
74.16543
121.32872
56.600365
47.04284
79.239174
65.22143
65.027
16.496132
37.731453
20.352337
37.356293
33.30686
32.04087
11.147249
88.57491
37.066288
18.030138
30.774572
11.262281
68.40075
63.96524
72.82631
11.442239
5.5796447
60.757343
66.71914
32.939095
21.021177
25.500494
32.61729
40.83077
40.723972
30.224539
24.788284
30.307537
80.72663
64.896286
93.529625
107.898605
57.383076
28.566381
46.00904
104.936386
23.220818
20.703142
14.148588
30.132504
51.59973
23.329521
35.127155
25.96864
60.022377
71.84407
15.314249
28.084942
51.54119
34.70835
50.828983
98.8029
29.30578
6.274026
26.707907
47.050728
37.976353
84.13985
60.361664
70.413185
62.49701
57.32499
46.31494
86.94749
23.311527
123.52616
139.4389
178.30215
85.30174
244.35132
150.0875
140.53773
134.80547
96.159836
92.13179
2.7769752
44.779274
18.813234
60.63968
132.87257
23.691402
45.48169
56.226555
41.81324
86.30232
17.910677
63.107006
34.89402
33.298218
63.903076
39.827446
44.616188
53.699226
91.50668
45.089024
56.04482
41.682446
22.647148
31.268467
35.786385
26.39004
12.751895
29.538685
169.6968
85.69979
157.40347
153.93735
103.8598
95.1923
94.7559
119.84833
113.263794
105.40275
79.20545
139.56027
33.395145
38.92217
32.147846
32.522068
37.222588
61.858192
15.436
29.656742
17.193233
36.309208
23.98417
59.459614
58.05254
48.396736
41.74954
42.17962
38.26223
26.396069
37.547844
19.43847
1.9596405
20.37132
79.872505
89.8996
103.78231
113.14819
90.11164
78.85484
80.52156
108.06522
97.93661
82.58036
116.12211
161.19856
155.52682
197.15726
185.27907
365.92606
252.11829
36.042564
56.396065
77.45406
67.15248
82.848976
65.424385
63.32199
20.840944
24.700989
28.177475
13.423826
47.671036
61.6109
117.80946
66.05684
87.388626
70.08639
52.911427
48.529312
46.510796
48.00541
60.58902
9.621157
37.89802
64.59639
178.77432
71.28166
111.6274
135.16014
40.908985
29.134165
89.196724
16.87303
63.211906
66.64771
32.46392
19.608625
49.40064
17.092789
1.2633455
20.992592
54.26288
49.646656
13.8280735
27.678415
12.312307
46.076443
46.397755
19.297298
36.071762
35.129295
22.169048
29.07372
134.33646
132.85608
94.975914
176.96037
104.70659
90.8139
61.23297
147.267
20.038593
31.561335
71.92285
83.394554
18.805853
59.453316
120.30276
82.36211
91.001625
12.606078
32.428818
1.17481
87.038734
74.75557
38.27143
54.46753
16.51588
27.50127
29.228647
69.29045
41.39993
105.67705
159.2667
92.504234
103.95735
108.645065
68.05923
97.09539
100.82013
113.87903
171.38335
21.388412
28.459824
39.419518
114.570595
67.55266
37.997307
107.4328
65.48723
186.72745
152.84824
121.89516
111.6656
77.27992
77.04286
152.29634
194.6169
96.42716
121.835655
92.52992
98.65751
163.72726
169.50797
24.693594
37.564552
19.04475
33.75852
18.431652
29.136745
49.61576
63.904076
20.759274
34.49071
47.42617
40.17499
139.08984
65.35704
76.4405
62.958363
64.6578
68.01958
108.670456
93.785866
22.431042
29.629887
81.10475
30.309986
42.512386
29.384037
47.07554
138.71785
69.63307
97.27569
91.25843
50.649067
87.18264
95.32317
185.87581
211.60461
247.94327
167.12198
144.6091
168.8443
299.24777
161.1435
55.528027
27.156717
55.320576
2.3791018
4.7311416
64.31191
136.70786
99.0005
28.699268
40.608173
88.75127
135.3852
106.274315
86.35124
103.30353
50.98975
60.04312
64.122894
85.19594
88.4047
119.20073
87.333145
71.78503
12.6938305
4.933199
66.38197
44.418022
27.728512
17.198051
14.73353
60.69395
89.47423
75.8145
38.73611
34.14327
47.84504
32.846127
25.39101
84.66832
36.15739
76.57415
98.20231
120.56273
58.0082
7.4759026
32.658974
16.492512
13.624179
37.187153
13.250546
71.52138
71.704605
83.9147
60.25127
133.0664
105.93026
95.43864
191.63982
99.442764
114.13595
135.56143
71.70203
87.94703
98.47685
243.45114
29.671656
22.79832
70.687454
28.956146
92.577774
48.675156
49.49649
62.813488
53.646027
42.57598
52.800243
54.17196
45.199745
88.350555
119.83695
83.819176
57.29997
73.974686
124.19621
59.781075
105.413635
65.90893
48.247307
54.829506
41.62107
101.49411
87.00678
44.55237
17.998398
72.905365
71.50558
34.37276
41.745716
28.118082
44.632774
34.082943
25.256834
21.16058
76.811905
64.62531
106.19706
100.77551
132.92795
36.790043
87.32389
66.331566
163.2637
78.10457
51.635765
84.473595
86.19326
44.074112
44.39532
74.53115
71.96273
90.614624
61.04261
164.0107
25.623484
80.25458
134.9549
55.21924
35.884277
41.6567
39.541374
34.04112
86.02867
29.95345
11.757719
13.073677
14.179103
56.13778
54.895897
21.971746
25.719849
19.77441
19.614912
56.03222
54.167034
178.56302
78.64262
89.63231
57.475452
41.957397
84.31878
57.88907
44.764812
49.897877
30.275381
16.53548
36.79771
52.41147
25.314686
16.45648
81.8777
50.95632
50.651833
62.245686
75.368484
52.26313
73.51872
91.20306
70.68175
47.13771
106.35463
61.594795
28.848705
31.130884
23.116245
81.281364
41.121452
53.130806
77.850845
80.214554
3.5215561
48.298836
44.651417
51.31422
4.7983923
7.8829126
23.21179
50.234257
30.951014
63.30192
25.123451
18.528883
54.25761
35.67157
16.412247
103.52263
136.02164
34.524723
39.938984
23.27372
28.344463
81.48041
51.557537
4.215528
29.195019
21.686378
22.16844
55.52204
40.94685
77.811745
34.15676
65.53366
20.480877
67.28209
26.033081
29.339941
26.407505
24.973894
14.230893
29.213703
33.774513
26.68571
41.41733
26.362427
30.473745
22.65933
91.92857
91.14618
84.32242
87.85154
51.307995
60.891193
58.86483
72.56935
75.71292
105.471085
76.533676
78.13824
84.825905
70.256805
59.692635
63.57064
8.368558
48.161144
44.82433
41.77953
38.90845
48.779476
45.946804
50.92012
58.35076
43.374226
94.98158
91.17429
40.707897
54.09847
99.98283
72.81413
70.06209
48.350285
53.44635
48.186188
91.988464
123.03257
32.23725
46.667492
12.163346
41.67489
58.399315
60.55144
32.49281
44.827026
62.487724
58.951946
77.75004
28.577765
87.10427
114.93923
65.08723
101.74833
91.000435
87.566605
79.78346
142.4999
21.890356
48.974743
22.408943
35.34556
61.509605
27.236307
71.760765
111.09188
73.23063
49.27424
237.72058
163.2985
155.59012
118.88933
89.6871
190.75705
12.278749
108.607315
108.17543
171.73972
140.91487
102.68687
102.41636
43.929497
92.7313
65.19814
74.15929
168.9099
37.93943
16.324833
21.522364
65.62157
53.261436
55.02074
43.046215
37.482086
27.612345
121.450096
128.42506
117.38179
117.95457
81.47843
96.419205
270.20895
115.49371
148.85748
120.755295
187.77844
101.43206
10.953087
62.63668
49.576027
97.07335
119.73836
65.74959
91.14862
91.209045
91.44746
201.65239
111.24593
96.37956
113.67139
11.418269
32.33443
23.295805
31.427292
13.537989
27.930447
26.958408
32.25476
58.21232
41.562614
43.719826
71.61353
56.514618
59.364616
62.885735
30.373814
69.18913
60.80238
52.094006
32.75246
46.06857
93.742966
131.63005
178.23256
171.77014
149.82492
70.310616
23.837746
59.652405
22.186262
40.84635
63.69274
21.71941
21.370628
19.327042
29.776834
7.1257715
12.072416
36.534412
25.891506
28.152786
22.904778
3.2403617
48.876923
11.850401
66.69504
25.326212
53.402233
21.156578
65.20705
16.248377
11.202574
21.734514
64.13816
21.16061
74.735374
74.55061
68.66001
63.044117
78.91297
90.359215
72.24385
44.4196
28.46622
50.128147
18.902775
43.39859
99.69788
89.27194
48.92568
36.63784
133.52242
163.72752
118.65617
149.00157
3.5007672
126.315346
133.31287
121.67265
121.04912
106.79258
92.686676
76.189896
81.82205
93.311104
140.08401
205.36089
123.214516
172.83961
97.337425
158.32718
14.221904
76.261765
70.676605
100.87361
180.11014
179.12172
80.9214
95.613594
101.450645
28.644867
47.771385
55.317352
31.772694
37.20622
12.489851
48.94002
17.48821
41.090702
53.80694
45.038483
68.57898
85.557236
139.8339
215.87602
245.48747
102.84733
159.4592
273.66733
3.7666183
28.728474
33.63259
65.00275
107.95018
65.99364
61.31673
42.380676
59.45179
16.996202
87.801094
10.241905
11.395074
45.579933
100.99776
71.682884
87.04153
56.665337
45.578224
30.258768
48.038
133.85687
123.737144
46.79938
48.748497
40.021893
44.111313
41.420025
32.054604
108.88491
133.12624
21.634039
19.703617
59.194275
13.205249
52.581306
1.1609157
72.262505
80.83413
82.97861
130.464
54.516987
80.66691
34.75814
34.462986
40.96943
36.152657
42.46496
19.228178
49.212852
103.909035
90.602135
43.38438
33.507256
41.08913
60.390007
40.87845
93.24309
48.817337
135.09322
110.62813
54.32666
66.30707
64.491684
60.994713
67.51042
111.60447
88.878426
107.70404
92.84008
96.63893
80.62303
76.63814
131.233
94.87144
4.114925
13.617337
9.275768
46.85351
51.144035
38.476772
17.194561
70.590164
75.09452
76.43483
29.199768
43.945522
42.87105
39.042805
32.943016
28.165874
30.260696
33.26409
24.672535
1.4474151
2.5598826
40.230373
34.46313
51.666546
49.291412
23.131847
74.914825
66.40261
112.224075
155.25517
145.30232
80.40336
59.371582
89.63031
104.082985
80.658844
59.098896
75.7472
40.58269
54.03715
131.75241
36.956978
43.403725
35.825737
30.649094
43.229187
93.304634
77.29811
26.192364
9.632795
84.37095
79.821335
82.669266
107.2558
62.069633
63.5047
25.369495
116.28148
69.18595
77.44728
81.984436
62.37165
25.1792
50.750984
78.227554
81.91983
38.98903
41.49703
33.363323
37.49278
49.164276
51.65404
31.039469
82.284706
19.474852
23.232265
15.454374
28.33228
26.062033
26.1047
40.000122
82.63542
13.21332
27.518438
25.684744
43.2026
27.310175
21.898462
11.518209
18.024757
18.2426
20.864239
33.270554
29.893213
12.312478
48.30999
37.592674
29.833195
32.113365
30.732883
23.34437
90.45143
50.933006
110.646286
66.969505
68.42758
49.3844
69.04945
80.558876
73.65836
47.761436
54.719353
48.59202
76.44487
77.739845
166.10751
177.71289
194.6794
125.04281
150.88652
106.00478
119.00452
43.37447
35.45881
33.23933
60.914593
169.56621
143.03212
133.60054
139.58797
148.39351
99.77829
84.94996
61.754406
69.05603
38.327477
55.462086
43.091423
44.856712
48.60788
87.904816
73.10758
114.92622
130.45609
148.357
58.521088
14.640114
13.626165
17.455471
100.40721
66.93162
53.64623
64.250755
115.14192
26.314121
50.63612
56.18055
35.31483
31.253368
45.385662
34.027363
23.352055
45.719486
37.67038
2.344145
95.787224
173.53467
20.26625
53.221832
37.736183
16.257278
35.10054
87.49121
57.47053
95.17886
14.293814
31.665272
82.297325
65.66186
61.10506
69.03619
111.48478
99.03109
122.53182
90.62068
97.63436
57.77062
73.30554
113.45424
67.39302
75.97238
76.913895
81.2508
33.56875
46.286484
40.223595
42.49825
37.603004
95.11494
15.314789
22.884819
50.83934
31.399317
17.520725
16.858992
144.30063
138.32564
129.33156
172.22087
1.3218582
74.25925
95.777176
78.847855
14.686766
75.01583
35.094215
49.510887
40.650223
28.720663
47.989815
42.848778
4.5440383
19.417822
37.229046
33.443867
15.097488
60.206676
95.430504
11.692873
42.214912
32.774296
12.380075
34.576866
20.450804
1.3201842
20.835705
116.037125
72.57877
49.30535
151.42313
148.2336
143.93932
183.99399
162.99995
164.06345
109.94352
198.91147
111.51109
109.918945
101.32234
71.671776
84.05229
35.451008
19.098276
33.791794
28.685398
32.30239
36.16662
100.093315
60.789894
67.74929
49.533596
35.277428
43.48419
50.657093
108.237045
122.655334
60.56557
57.747223
48.979042
47.449436
20.084173
35.221165
11.102207
41.751984
2.6390939
25.27494
29.859531
1.378146
4.1409755
47.445152
57.48239
48.308678
31.99201
35.68859
36.40058
33.238544
1.0570335
30.620825
32.227463
23.23039
44.63012
23.843178
103.21952
7.500154
6.6085067
28.049698
9.44037
67.41036
21.59443
37.815178
37.997715
22.241512
33.77464
62.952168
40.31075
32.469917
29.322556
119.19
98.95397
69.75162
9.978
38.03043
14.002751
39.30828
30.42254
23.047691
14.268343
48.78878
24.064037
117.780334
78.927704
82.85129
17.085558
30.775461
66.21978
61.216026
76.82768
68.93677
186.54361
58.655743
58.88523
72.16488
122.07349
73.99129
92.30859
18.977066
15.037897
43.632256
23.141571
40.707806
37.19896
73.18044
159.01234
81.72345
85.72905
74.79989
98.09142
130.50864
31.58348
27.919498
32.01966
63.583088
45.590748
58.458076
138.97668
42.551865
59.722424
25.53923
36.933407
138.03561
98.02821
84.6411
149.68835
117.42049
21.211147
23.524172
48.499706
34.013874
50.745914
78.700424
56.46398
38.832726
28.84932
27.766903
2.559589
9.541918
27.57494
35.78887
48.945904
11.642846
27.33253
18.474495
79.48963
26.990406
36.166584
75.104355
111.850746
71.99733
67.679474
75.010956
50.581383
64.15915
84.87525
140.7616
14.027697
1.7750498
19.264374
25.615025
50.72098
22.037462
38.359737
13.596965
40.754898
45.914024
23.447989
12.053495
42.964317
29.214594
32.884274
32.13691
16.338373
32.651882
32.204365
53.87218
72.49678
45.671745
31.001652
95.62187
93.93941
88.86414
92.728134
33.163395
31.964275
39.92049
34.690144
15.792384
19.627659
30.146603
109.97955
0.9091978
13.191221
30.390972
14.89292
28.151663
28.01524
28.0797
17.043707
48.173683
19.26344
30.46146
35.73344
39.95012
116.47164
75.90389
75.60366
25.599295
1.087209
10.118133
15.089389
2.2065728
60.555145
45.579056
56.026306
27.675272
46.613495
123.20713
101.87486
101.57234
121.355385
17.432064
83.07741
68.76194
101.235146
112.81321
64.319885
93.26981
54.87796
33.253765
51.376293
108.93938
139.21982
82.46853
174.87988
96.78975
175.48383
11.325938
52.069946
131.20676
101.18981
178.69221
142.27048
26.745459
29.185904
14.506933
27.81842
30.568226
75.52959
4.2978168
4.0559735
4.3596354
34.62294
38.006954
158.06323
19.963177
41.95121
38.55709
69.13943
42.53836
36.930996
47.92161
44.905846
35.48865
44.972237
26.288626
62.572388
123.65059
38.089912
84.35604
69.3409
62.549305
34.572716
49.70998
34.88717
34.605064
52.227947
28.302145
63.79535
24.164381
49.053017
22.171515
40.899666
90.14032
19.064823
55.49232
92.20569
72.6901
42.875496
56.425068
107.08828
102.54421
30.27959
121.24556
78.80766
88.206406
173.42215
154.1458
14.659383
31.74326
52.396263
16.476017
54.512543
55.15505
77.24013
104.53706
64.55861
77.06294
76.846115
70.2352
72.77949
134.77742
161.67838
133.21829
114.65647
95.328705
145.64514
149.0264
135.78177
84.79124
91.91923
116.08101
156.28366
4.3522716
23.21686
101.984856
163.99992
95.304825
88.23265
70.29583
86.77875
113.35781
92.59379
137.08572
130.01624
122.391556
51.150776
92.2367
33.31904
33.792057
37.547417
66.68687
138.72246
47.010605
23.617695
71.99035
48.13931
23.09169
46.4288
23.709106
127.11345
36.975426
32.07485
38.066803
95.93723
66.99711
18.527473
67.657684
69.3606
61.934593
88.47035
123.810074
94.854034
30.814884
24.017544
31.59293
37.05741
44.074394
9.446619
49.12592
19.743876
35.51954
28.633081
23.18601
47.08799
85.50443
37.579704
81.70604
91.37851
108.81374
169.19853
136.02415
161.00066
27.170033
60.732372
13.460894
13.409419
82.86237
19.880177
22.574844
22.241966
41.96618
128.8656
80.929436
88.72959
99.74929
118.17607
80.020386
107.38904
25.378056
23.226088
68.93511
76.42486
39.486317
30.917032
2.390365
16.141306
39.41377
29.039103
31.959091
68.536766
37.69299
28.413565
27.79047
32.308987
26.227173
32.346558
34.488697
24.410732
60.78468
79.44719
57.30011
47.690285
22.487045
13.009378
110.56023
75.50957
129.72354
81.40782
118.53347
95.960915
82.67284
70.94517
86.716965
78.033264
72.6942
69.64291
62.109875
159.79375
84.64622
106.60451
92.730736
121.40507
111.1755
105.06588
20.306051
49.18125
28.354809
69.22641
35.547276
14.3927
35.84098
20.35141
44.055344
36.45851
66.31276
28.281143
4.5626554
2.492165
20.163708
62.723316
18.901104
97.50387
6.8405166
23.659393
22.761784
41.230644
20.486769
27.403803
6.5820007
18.839413
43.14627
36.7298
76.5423
50.292595
64.023544
32.757744
44.9971
57.974293
22.047815
17.710691
26.78299
38.89283
17.117718
103.41351
40.84821
39.166878
20.680431
39.598656
34.421673
31.125921
220.35693
86.08096
67.28621
75.8343
32.91373
21.439938
23.777748
17.397778
79.857605
65.01353
72.57407
91.074135
97.01631
75.38666
93.89049
170.65369
153.53738
134.77658
78.7318
99.48437
119.147255
75.57361
79.808136
116.36381
61.07826
19.365936
10.761305
22.155151
31.724005
27.751556
32.073437
28.693714
64.94798
108.22782
99.22673
153.15536
54.555267
81.6689
24.630808
16.311956
55.381065
7.6289034
37.566017
78.63645
8.047942
27.863571
41.321556
41.45557
57.090546
35.5299
96.40944
68.372345
64.84333
74.41252
95.84791
73.76246
73.55744
8.265242
19.421978
11.306528
1.2282163
40.939323
22.903452
48.487236
32.3758
35.186443
21.510971
40.76209
122.672424
94.96035
46.39254
55.219475
60.55956
66.90451
101.84695
90.64066
102.24446
74.58003
134.30618
30.535303
45.43402
57.035694
43.014477
82.506744
41.103725
120.13645
144.14853
80.23641
74.51387
89.06089
80.254486
57.1834
57.460163
46.678658
38.50375
42.695297
44.105125
60.04538
38.380806
35.95676
41.146805
63.40908
9.840307
54.18811
66.77019
54.956566
33.46969
57.879524
32.005505
5.4861455
60.70868
84.580124
47.028076
50.89073
49.928135
39.894753
39.169086
90.40835
94.02183
88.95535
91.353035
67.55093
31.067997
48.228825
41.605915
66.60133
69.47888
39.55813
52.434937
61.91978
39.125633
39.454025
44.01058
62.45907
41.168644
21.666847
44.050938
39.618073
75.189095
57.56536
25.75401
23.722963
64.72191
29.443363
85.34067
34.00151
67.56215
59.88047
74.528915
23.024387
26.207539
43.355778
38.11858
43.051517
16.208351
51.272675
54.30534
26.634832
10.324549
45.005775
14.703173
22.722967
58.148125
46.186737
47.867134
27.826405
41.89436
3.2253158
1.4787592
11.439909
31.80341
34.672188
49.024536
101.09642
99.93673
81.74644
20.872522
23.852535
10.816039
46.142296
20.13744
16.317966
19.916815
32.250076
24.150574
21.986088
28.457241
55.308693
26.656841
35.56259
30.888916
8.389281
8.220699
13.181394
23.475761
31.94075
13.189855
34.82405
7.994764
33.59743
33.282562
11.793066
17.385212
43.05249
43.975025
9.908768
27.476254
24.654858
32.87866
22.275026
1.6316144
4.978133
41.432625
70.07843
38.226883
17.752613
23.972126
30.989223
65.405426
34.406128
24.831882
30.80772
34.10474
15.330841
42.566013
53.882195
8.04418
26.270832
50.93973
18.213415
27.481464
18.258549
28.28423
28.68601
64.761116
78.993004
84.517136
31.987299
39.839684
42.136234
23.769096
50.261463
62.259315
12.018609
27.767406
43.122772
46.803642
42.563805
45.744625
62.69038
47.331703
27.705832
62.282574
63.524666
45.591606
14.5556
16.437418
51.344078
56.555115
76.383896
2.2217755
27.35044
98.25295
86.76546
28.36182
29.637278
22.35867
92.05227
80.89339
76.90117
133.22214
76.94185
91.998375
88.06749
42.189796
54.443413
38.023476
44.40783
2.0806642
19.213451
39.56981
30.243341
31.766861
19.989864
21.585068
17.024975
37.16947
41.827156
43.51482
51.665344
37.99911
19.445864
25.728378
20.93167
30.405386
30.186045
156.2554
18.521044
115.64044
190.10626
135.0646
137.28905
141.07811
127.56553
220.97249
126.33862
133.23697
129.96393
77.51973
95.078
14.501808
40.809032
21.311687
50.01706
57.681618
99.67083
65.538376
80.542755
105.94332
66.519966
79.84009
115.226974
136.6285
79.993744
105.0876
84.98397
134.29358
69.672226
59.397125
66.68866
51.821556
66.740944
88.498764
63.68443
103.08236
94.64162
118.94936
111.042114
75.66724
83.899414
83.27851
119.72499
147.57562
54.65551
13.128706
23.362768
22.24337
41.90039
4.4130335
32.988457
25.19691
45.24597
47.50078
21.436592
50.64515
12.484153
58.17975
33.530907
28.057251
184.86005
90.90971
106.346275
37.83976
75.80009
50.94573
45.117363
92.48744
22.909044
53.16712
43.832603
25.130198
60.990837
91.46483
135.37024
113.48289
100.9178
100.69333
92.22638
115.884995
157.20456
137.9739
124.37195
146.28024
205.40982
101.31559
42.86016
45.238182
33.236942
39.470222
67.37799
121.59178
60.65675
36.59314
65.01793
44.658897
53.89657
72.431366
101.49245
87.97978
98.56973
87.05419
84.57303
163.58511
185.79842
101.94743
118.17893
125.87423
106.443985
75.41682
96.558945
101.664734
90.30266
56.65036
40.93095
38.126343
116.57329
127.69539
115.85923
115.125084
200.83557
112.831375
142.43875
72.537125
81.13424
75.75342
58.42571
57.858692
129.12746
108.74656
91.19328
53.593884
26.684143
30.912083
55.038044
41.48031
17.776506
41.380436
182.74953
149.54373
141.08162
129.952
163.94327
87.31302
121.3833
132.42595
96.90283
80.2523
91.27872
92.724655
106.91936
70.461975
92.23021
88.96461
14.796453
6.1829844
51.334187
49.600807
29.547058
64.62272
79.503494
46.348248
53.323982
45.231617
30.884415
92.98317
86.19748
104.62457
139.6923
24.68446
26.828373
18.446655
84.658035
71.06116
9.296625
46.57085
43.39196
49.03658
17.013153
100.32577
99.14048
120.22665
97.42311
155.67264
100.01593
126.52788
64.82512
73.84799
56.414833
92.20685
44.35845
65.831924
46.283287
20.490114
23.535675
59.61852
47.33263
40.0216
27.909496
18.348124
33.47587
42.361824
20.164886
66.738205
51.203392
41.70886
39.23814
81.40945
5.321886
4.312191
32.754395
43.540947
35.942818
24.94654
48.312336
23.73183
34.58012
26.39062
25.319416
64.16516
51.113472
23.69911
33.688297
31.286602
58.915485
48.485825
14.184328
64.577156
80.07005
83.718895
56.307507
60.04539
56.36317
46.376247
69.14651
28.380117
15.594107
7.4737253
26.702005
3.3154283
24.503874
11.646839
10.703341
71.69199
11.985273
108.25238
48.41996
44.84298
63.114452
30.857737
44.0075
42.49307
18.658283
39.616974
82.38712
41.524025
43.978874
48.090843
63.832954
13.29805
87.07784
62.92051
91.34466
78.950325
151.36063
166.70842
61.298004
51.61021
38.93464
16.828672
114.67354
74.21196
57.461273
79.53554
54.376953
24.483112
23.72971
61.783257
171.20444
90.567795
102.002106
140.99713
163.58673
26.27489
14.066075
87.78597
80.235916
38.388405
83.39592
171.93065
153.99512
90.20156
141.65141
107.338974
70.99067
73.58719
18.470417
18.567928
54.665703
82.410225
85.236374
41.30346
16.512774
25.476212
33.390038
59.222847
87.82271
78.63899
186.61377
51.61599
11.049226
18.78404
106.80971
70.722176
47.689644
37.866447
23.004053
90.03169
168.67041
93.070755
110.978806
116.47662
180.19153
183.76305
160.43996
195.6819
211.53886
112.291214
127.08976
117.43783
141.04164
131.87544
94.32231
30.249119
54.144855
91.32454
70.939804
60.598763
42.836246
51.17928
28.797272
43.66533
36.42248
62.23937
50.28573
55.599876
21.919588
99.26756
92.52746
99.401535
88.2639
93.69364
16.70025
41.228218
81.47362
107.00946
42.3002
97.37101
65.4366
61.251045
29.724438
58.451813
20.613533
35.105614
12.953496
43.219215
57.010986
11.506914
63.335396
87.46303
16.755737
20.346561
22.431036
52.243195
18.218447
19.239004
87.94516
1.4381573
2.222555
31.766073
11.1261635
45.01048
54.773926
58.542225
54.41857
54.1764
88.49395
45.630074
17.227694
66.30336
48.249794
38.92354
27.213963
42.38111
32.2642
58.719788
32.133747
71.851425
97.23541
81.916435
71.99277
160.66815
117.176
119.39158
93.6533
96.751495
119.355446
87.447136
102.916115
120.218346
279.58945
168.68156
121.397194
32.612152
72.74257
56.386272
44.63798
50.76448
19.095499
30.843185
18.709017
51.468483
91.484985
28.131983
167.69194
128.7977
133.94992
106.85741
10.366202
155.78847
60.067524
55.819378
89.48295
103.607155
89.77308
243.65398
136.70114
57.14997
31.223593
55.081585
30.11679
16.287594
23.688381
20.46603
16.567247
73.23906
15.815142
21.578709
52.32359
21.788387
86.42961
89.45914
109.768936
90.8318
89.289764
47.06391
19.305195
91.15104
77.741325
123.96265
122.49918
218.07217
131.46751
116.844215
232.78792
135.61044
16.159424
72.53293
40.9349
27.370325
31.349035
17.643784
18.023342
24.548506
76.83163
33.868195
61.797066
47.154854
84.145325
91.73067
109.078476
84.35358
144.45117
86.29394
174.15268
92.89223
62.773705
17.639956
23.766764
90.54586
175.1621
90.763504
82.96646
77.17711
83.57231
147.06558
135.32858
26.372849
6.172738
58.629738
34.74272
60.14856
64.7196
107.222046
100.8414
85.458694
93.019394
31.369242
26.263666
12.761972
21.434069
20.157513
30.596172
52.030617
2.9184048
75.01495
11.254764
15.45534
4.03735
19.173412
13.759766
3.5978348
16.139431
23.41015
69.29724
69.40412
20.490936
38.556164
35.04352
17.570463
80.14608
185.62158
134.85555
42.37954
52.683636
32.06952
73.25643
70.06143
75.42577
85.94578
87.59887
18.377508
34.848606
51.761932
56.754784
30.783901
123.09739
140.05165
47.840614
28.43745
20.821245
30.210567
54.326775
37.135044
110.20686
82.5811
4.821835
29.414389
113.197914
17.936577
20.25143
4.8872557
28.210062
35.44304
52.190926
52.425007
38.10632
103.192116
91.291664
71.43648
97.03277
101.831276
102.93654
104.34972
104.71629
133.39035
214.09558
86.83207
107.92413
64.84882
41.36918
154.16467
176.477
105.2419
96.15266
156.7435
10.411236
26.271173
46.38688
15.999514
40.21404
67.47853
19.529797
104.71803
108.714455
110.29729
111.69304
155.59685
102.65381
128.93826
92.7546
122.84694
101.39767
98.89607
100.12821
17.595985
63.216423
129.57245
167.43117
13.856196
28.625065
39.470406
127.76078
92.94121
128.1635
58.211132
74.37243
34.51545
82.80463
72.64308
42.207973
9.686624
54.156483
120.62026
79.41656
146.1047
82.10698
88.7564
121.88637
218.11101
186.79675
332.79434
102.96902
60.74717
78.83042
146.6351
44.881844
125.91858
43.514904
50.978703
125.899124
140.52882
106.34861
96.679794
54.724678
105.42253
171.45226
150.95107
113.0672
96.36165
45.34988
48.263466
66.32802
100.2566
111.8969
89.193504
79.659256
80.50242
11.143351
94.49559
10.467596
29.548962
35.14892
35.52957
41.85016
88.47275
82.463234
116.614334
97.563705
79.15553
86.340385
63.124756
91.613914
66.80742
66.914925
50.709213
69.82156
119.252365
146.65222
102.67881
120.76638
79.43649
76.4218
146.31667
88.79708
105.7923
83.87835
221.71541
155.61313
146.84322
120.54738
138.84117
166.02333
94.553314
70.185585
75.07764
57.719612
101.34918
59.103172
160.2768
99.36528
49.158516
79.78806
87.60354
89.66087
119.67129
83.51152
69.36232
95.03039
144.64568
180.12239
256.41644
27.631855
33.338215
41.719883
50.129242
51.268574
31.806087
53.421803
12.043172
45.041504
47.276478
91.40841
70.74079
63.746235
159.7019
30.522099
60.014477
72.24242
24.771227
61.877636
89.06975
30.75391
92.87515
115.92438
86.77037
110.128235
23.764633
42.632694
37.888885
61.01574
71.38764
57.16761
68.689804
65.2505
62.880543
55.58607
200.63922
22.662584
21.842081
3.0871866
35.269257
18.498741
10.2739
43.695396
38.2047
30.574326
25.992695
32.433163
140.45123
99.29802
169.49454
143.3301
182.33931
110.50405
103.83089
92.41127
86.02995
72.0141
85.386856
105.37419
82.26781
87.36456
166.34888
153.25626
98.044785
130.85417
87.894104
96.78752
50.40634
25.259205
78.86361
6.582193
28.11304
32.031303
29.441147
41.220745
25.266453
88.99748
72.954544
69.39457
65.96291
137.41159
98.67283
72.92226
122.92395
79.077995
87.71521
52.568836
29.606314
63.32199
24.980398
30.060892
23.199465
16.831041
10.840971
82.75545
11.54427
1.5723853
20.89346
26.907104
13.692973
13.103403
44.601097
20.781754
16.280472
58.75553
32.449375
68.763306
24.596169
85.119736
50.16799
51.446686
21.937
87.415634
40.049095
70.71532
47.778603
112.20913
80.64425
90.360756
89.25729
147.91313
94.35519
73.35817
75.281525
137.14435
201.33466
59.71573
102.61757
95.76388
56.325848
105.12966
66.545074
82.87066
81.91708
33.230785
47.25566
42.190094
68.46415
33.478416
31.910503
125.18199
77.56327
39.79937
36.611874
22.470882
10.761514
62.58072
106.28032
13.685567
75.02386
68.285355
105.81516
25.180258
25.361685
48.66559
36.48979
33.639717
26.604742
50.803513
60.783752
76.73481
56.20246
25.856436
126.687256
59.213886
72.90793
90.00172
89.61062
147.00484
261.4428
154.29492
63.99723
48.493847
45.525673
105.26404
59.55004
67.34907
68.432785
70.36383
94.57165
108.879005
77.53954
65.76374
86.873215
152.6466
95.05273
9.925055
17.916956
37.535297
19.039902
50.9109
39.07084
43.81927
42.342674
21.040552
20.270489
11.388283
19.601135
16.085728
25.68125
58.184418
22.780886
10.675179
31.984442
34.072975
44.827126
23.744867
78.44497
84.13851
99.415344
120.32035
85.72013
111.94678
112.55469
97.565506
74.28938
79.75901
10.612741
9.467276
12.982259
22.332468
1.398718
25.652653
15.820445
32.29498
58.787407
22.07233
21.97308
2.2369657
2.9393816
34.33662
63.457317
27.644032
39.948036
26.288029
118.03981
139.88972
140.37032
121.25936
132.8441
70.37648
94.600525
24.86345
53.894318
71.434586
129.51547
72.109604
82.114586
96.29891
95.21891
151.03386
129.61665
147.82986
92.008125
136.63553
77.06999
104.67839
156.08878
111.121544
109.677895
100.45288
36.698143
37.41515
116.176636
20.317444
31.24879
49.732323
15.125735
10.224868
48.413445
46.54116
15.858563
32.32575
32.745018
89.644035
46.07196
36.922455
40.962906
63.20218
30.31751
61.27718
77.119484
137.74124
147.52005
113.2207
92.758354
175.40797
112.929306
69.66939
72.54973
72.99013
71.78214
69.19426
79.76557
77.32344
45.493534
59.448723
54.238026
56.924065
65.18947
40.169674
43.53653
65.564514
67.6396
41.28336
45.543724
58.036736
18.87533
51.75108
50.407997
80.7542
54.089367
22.087818
25.145655
35.160446
32.15856
60.096886
112.94761
149.59328
90.707794
99.54716
132.64267
92.768585
30.515427
49.174416
44.6827
42.172695
96.717186
146.58963
20.68177
79.03942
78.6424
61.18807
33.46039
60.113045
23.030909
31.61819
68.56532
91.057495
106.660385
57.27547
84.34798
94.3509
75.09902
81.12004
96.383644
48.881912
90.2203
11.059583
4.3007617
85.580666
92.21242
5.716978
18.297235
54.908497
60.28234
48.366287
41.34038
26.50549
19.09961
68.965256
112.93634
69.49194
82.12919
11.391466
62.356956
45.926582
29.11626
39.61292
17.648098
80.05692
88.39438
77.535934
93.99067
141.12814
86.81532
164.9152
55.649414
56.624554
22.417765
86.48728
118.774864
59.84159
49.405113
60.85305
46.450172
30.695724
103.13987
41.54543
32.191105
60.06197
15.255974
28.76361
107.144615
120.810036
169.15463
177.29257
238.41171
400.50494
51.77453
40.700794
56.74424
34.606625
63.57357
14.554853
1.9287026
14.25363
40.88218
48.717796
14.051683
38.179375
25.165852
35.188847
24.60249
27.292013
92.05417
109.06718
121.58928
102.4146
89.52733
60.278343
46.553993
53.97113
146.56123
93.673996
72.28851
90.7661
32.9926
124.774315
108.01741
160.04404
22.162773
20.390581
17.487152
43.759983
34.484924
14.5539
11.12006
109.21907
103.563194
5.2457323
63.073933
37.664833
64.98631
6.0380306
16.930088
19.875837
48.23369
107.85643
58.795807
93.225876
187.57462
20.176226
46.55878
27.572962
66.126724
44.08667
38.844078
62.60208
33.882114
19.11998
53.043617
57.442955
24.640043
10.872064
43.96035
12.726198
14.311984
25.46108
21.861877
28.748556
46.718235
10.132286
28.80224
20.163038
46.60444
90.887054
89.01652
86.286415
89.312225
88.401375
89.009575
38.955563
88.39075
121.999985
23.317572
48.926914
21.918816
19.45125
49.08062
69.9648
33.13103
37.01897
30.206127
24.68394
37.41833
22.32287
29.193386
129.38042
85.66579
148.05925
139.22496
121.269226
101.37091
29.244864
37.132828
42.596912
34.69561
56.80558
32.23744
18.414982
20.416378
36.77098
17.055954
36.27209
26.825
103.70384
158.3201
81.08586
93.25679
58.122375
74.09532
47.93198
62.03058
45.21451
67.01338
32.19871
100.75466
101.274216
70.964584
68.02698
133.16483
198.6278
107.56822
92.095825
114.79253
80.86968
76.908424
69.65751
237.25716
46.4549
19.798061
4.5745187
28.045567
39.870678
39.49523
30.950842
53.04663
51.076546
63.722534
76.18514
82.7396
56.010338
47.21914
60.511333
15.866205
41.322914
17.692879
19.64732
59.79723
17.793512
93.30467
82.523895
18.557499
4.74403
32.28257
21.888432
154.04094
113.453186
130.03828
21.514654
20.266148
140.80219
103.38191
138.845
97.722725
109.7385
279.73245
108.890175
113.20146
149.16188
113.03841
85.691864
90.434975
84.0491
103.14707
131.17896
40.321575
53.40557
53.947716
69.00198
147.9419
38.809143
44.72638
95.695145
136.04025
71.875374
38.50039
41.555195
161.23515
72.484604
96.20867
139.1582
109.73537
85.42561
165.298
143.65532
138.24794
52.423534
78.29493
76.84177
26.296438
3.7143579
17.736464
43.260777
154.98167
112.13192
87.54917
119.92458
120.74286
251.25642
176.55717
199.71053
159.9167
126.80625
136.10973
149.76785
199.34949
88.99458
160.19034
115.03468
233.21475
155.69084
150.0917
134.9537
151.38376
79.001724
25.467686
67.45893
83.97675
33.645695
53.575737
33.73342
45.369133
59.561157
114.87881
127.360756
80.70961
81.31414
164.64749
90.112854
174.01933
111.194374
97.41362
92.455124
79.512695
73.998604
57.818886
88.2708
119.885765
136.39209
105.06258
188.09836
159.82437
109.825134
80.0479
68.572365
80.25429
100.943436
112.86638
102.204796
40.586357
70.30869
66.56349
51.977467
57.536
48.0449
20.377588
2.2992435
7.9256973
33.322174
34.316753
39.693916
23.004295
121.47589
126.76444
14.993352
32.1684
35.32421
61.562336
73.4353
94.485756
141.25125
91.60038
75.96166
38.509624
72.33684
27.837421
48.70014
37.709663
11.635511
34.414707
38.337624
35.68448
51.949493
29.523626
37.065308
18.523172
45.778027
2.1582456
13.844435
66.38721
131.78992
48.760136
51.706123
17.056393
62.02937
41.258854
36.95713
49.459312
10.211805
78.14131
22.562052
43.598988
9.175898
62.60744
42.088398
58.197594
49.74217
33.055634
26.449192
42.446674
18.802227
39.237225
13.875071
46.848392
101.38737
113.70963
95.506516
59.11363
56.171974
42.633694
66.628654
54.66519
83.15353
87.70393
100.81909
88.39348
101.541985
67.55912
84.17998
79.131676
111.69157
108.0789
97.23787
71.38972
91.30984
72.98064
24.374334
26.472479
32.491005
35.583443
128.06479
67.44719
120.081375
96.64214
30.541306
82.27889
50.24708
104.79366
16.589727
19.24347
18.500772
94.77516
57.922188
189.12039
1.0909264
12.455465
16.633968
31.024899
46.94642
7.7020097
8.41681
34.268368
43.419487
33.020283
28.533916
34.85976
27.376354
8.476549
43.737778
31.902353
18.615528
37.715294
42.52506
29.431936
44.692116
49.742393
74.15173
68.764305
70.72039
117.37596
24.127338
62.79145
57.129692
94.63682
66.083984
100.00795
106.111855
98.18552
80.02385
73.62869
145.04926
78.85365
78.738266
80.71419
31.22616
25.500156
54.50547
30.73045
25.001099
17.714764
24.55138
37.145554
42.821266
35.353962
31.27946
25.833538
26.832027
53.76104
42.916737
188.53401
25.141125
51.43816
25.894648
16.418417
25.24832
54.452843
35.862175
38.446117
36.05902
34.571743
64.731186
56.82009
26.300756
57.803734
43.79046
18.086752
51.26963
60.709858
67.720215
24.44692
56.871574
54.184082
30.019049
58.231956
21.028603
22.448317
151.47836
82.89697
221.2897
193.81174
15.128957
46.987873
22.160406
32.33386
25.332718
12.5829115
42.144714
51.287098
50.07596
67.921196
20.801174
12.652026
31.88715
14.941412
5.1102333
75.967514
41.232468
36.209896
70.57194
49.97307
49.533825
64.14649
97.88551
24.87955
26.174068
60.30648
94.7954
16.356365
41.987804
29.022013
37.056103
42.610725
35.139862
42.35468
16.943386
126.85004
86.0257
86.104095
79.66283
136.04686
44.43528
192.97055
105.08785
88.4843
85.02623
57.167713
115.57703
90.622894
64.435844
13.427829
45.515923
32.023808
74.58382
48.18107
19.862965
2.7557547
41.815697
31.216604
59.55543
121.742676
79.88162
97.79738
80.629364
66.96428
96.31966
53.53531
45.617836
66.28714
160.20456
132.0521
142.12033
151.65378
144.55165
145.51598
26.05368
19.156424
30.701427
34.303413
126.217834
12.9359865
66.80203
25.575352
22.332483
23.138
29.367792
93.25954
46.02579
55.102486
29.374609
16.65021
25.96135
20.458155
40.513405
18.90463
20.86257
37.84234
137.59691
103.92125
78.78053
121.654686
45.11709
51.73753
128.04678
92.1803
41.336395
39.433456
14.407303
78.054306
65.18831
108.053955
202.81386
93.08855
181.64755
92.00468
54.11614
25.762396
45.728565
19.536472
61.06211
58.468983
42.39509
27.749725
30.08797
27.883768
31.429768
42.541084
71.79433
157.70798
119.88069
99.16935
78.39779
155.7367
12.069654
102.734985
21.658846
60.588757
134.62662
23.480858
28.260763
40.943077
32.216713
49.870983
58.288483
92.3202
63.88027
126.67605
31.610935
40.29161
35.35374
18.278072
1.0671346
104.04877
78.09371
109.89805
227.25705
15.859622
38.01368
55.532204
40.62994
63.838676
30.669643
31.295044
24.830372
77.58543
31.893085
24.343775
65.81632
45.600582
17.549122
21.394156
75.65517
87.02798
22.61427
17.35209
90.87096
22.718494
22.476107
75.53005
61.92182
53.365093
55.33838
2.3283677
23.849144
25.574053
1.4377997
3.6583374
123.4291
217.63652
116.9624
50.428215
38.37539
31.44635
21.040384
36.19939
134.12875
46.866234
100.69133
93.41261
125.40708
112.69881
89.413376
98.429214
77.89044
162.95856
103.08645
76.93413
85.023
119.28612
76.02764
105.58756
91.40574
102.27765
109.10315
199.45801
147.16183
54.266052
14.551844
114.73036
80.18651
115.1629
111.45506
25.228819
51.39574
83.191216
77.04805
35.31218
40.00639
126.12428
111.94945
22.253239
30.589565
23.54046
41.042107
21.481459
27.894558
38.482372
89.67828
15.405774
14.606802
27.213888
57.043526
31.439404
46.540897
44.44568
73.651726
13.855632
23.714296
51.199505
38.7015
38.76096
20.084904
23.282719
30.626984
4.3402576
27.174362
25.59213
17.833334
24.116718
70.81408
75.318344
29.99136
30.893213
19.30602
15.56191
24.218922
56.145306
18.892265
20.241282
15.690542
24.556122
13.669917
35.56773
59.210796
19.34589
73.151184
78.4344
83.81474
63.72274
19.088673
47.952335
24.411701
20.394701
27.666737
39.564495
35.24411
21.163563
16.814123
27.315256
18.115955
68.77484
26.195583
22.186823
35.45893
15.933887
22.68049
58.5786
48.59433
43.355053
61.827545
50.48379
50.19335
83.85601
101.844826
105.786964
83.910324
126.02779
79.30891
89.023
107.98753
82.368576
100.4847
23.380955
51.21128
32.200073
59.19624
101.7549
54.643627
13.120364
3.5764213
39.264175
40.828957
6.582303
27.375772
36.227444
14.61656
14.684443
11.316571
8.432218
24.276468
28.31113
26.102467
42.350224
20.951973
34.748848
51.85368
44.417927
63.183277
34.755035
21.186632
35.705536
47.61504
10.340151
42.445763
27.036694
17.431171
24.226965
22.715
11.398639
35.85415
10.288543
8.786106
40.472687
16.208576
23.250744
42.508156
16.050198
13.581683
163.16946
26.237026
36.85653
33.09311
26.241581
51.32621
31.916927
44.27851
21.759838
25.955647
27.666
61.520393
57.155243
78.51469
83.43602
91.63423
94.53925
91.61301
95.85994
56.715137
84.381325
59.421764
77.44767
96.69735
32.579853
16.585287
14.508722
23.548056
53.530327
10.257071
17.185427
20.102486
3.6152165
7.612044
18.158752
19.300928
46.77465
20.788616
16.892311
49.562958
18.127256
32.552845
27.36221
25.698435
20.553537
39.927807
57.256798
47.004272
54.08185
54.762432
82.99615
48.31248
90.183365
68.063545
46.717968
46.974022
156.00664
154.86784
75.77982
130.30092
142.62012
135.99287
105.438255
79.36866
1.527914
9.339472
38.044804
49.599205
23.21642
0.778808
41.561974
32.66075
27.404812
25.7282
33.67593
34.149483
67.24781
63.025166
103.43473
105.090065
44.53057
26.459454
15.9183655
15.825396
27.273905
12.123236
34.657825
80.730545
5.2070208
21.662004
19.12041
42.27951
14.664311
33.313465
61.056183
40.111828
51.272194
60.214947
32.228477
16.9015
33.335823
2.4258263
11.10168
15.534132
32.05613
29.323782
23.699306
14.736012
28.902914
15.564893
54.66643
23.573322
26.8832
39.398685
29.800549
44.06138
13.671152
20.0756
52.888294
93.11271
6.71502
16.112177
39.689663
116.69492
37.14462
94.04679
76.61226
64.5519
57.77948
38.311077
40.064465
1.345661
12.332629
24.044489
26.902084
15.623159
3.54481
16.59601
17.753223
31.374197
33.684288
30.092148
12.858309
21.322897
9.933973
27.654531
62.616833
62.38907
23.887882
8.41301
43.868923
0.783778
5.651231
17.279303
22.980946
98.74992
48.09698
49.811844
52.738007
113.296776
86.06972
10.896944
45.316895
39.785275
4.4053354
28.800512
70.20983
31.301998
12.702379
12.612777
6.253326
27.821957
1.2756624
21.278027
24.348906
6.005104
42.53028
50.637188
50.305775
7.8993034
22.054174
1.0195693
11.66015
32.308163
30.301779
13.240189
35.02317
3.4045959
35.05583
41.53645
12.786757
32.969692
58.41523
93.774635
37.864506
22.983957
47.04552
17.199575
15.345045
34.43549
81.25706
46.630505
53.13614
85.87236
46.007256
96.35449
60.143444
73.96322
38.769264
115.93893
20.268711
47.783436
59.47879
32.077263
33.145973
38.601776
60.540295
34.41674
6.48429
12.508093
42.638424
32.860588
46.891045
99.989235
87.23712
81.19974
15.81393
25.07312
23.564281
25.77832
31.675344
3.4108899
15.427101
26.583445
75.60042
53.53777
50.866714
46.379375
53.658794
73.03035
28.590855
12.731838
25.946726
22.878244
34.72191
21.163828
83.51106
116.27528
74.67674
29.390392
22.404894
49.629852
29.132626
35.237488
44.758244
40.93978
34.474434
16.320148
49.44276
88.023735
37.339455
42.806606
42.53421
9.406496
54.12748
12.27778
16.135061
28.889597
23.072674
39.82704
112.75914
126.63015
105.00236
77.18834
85.55024
107.972916
98.180145
89.26323
63.27472
54.61831
168.38951
146.98557
162.04466
119.78905
146.51678
159.86765
162.66924
159.88683
168.6432
193.86226
40.882515
75.42805
118.23946
156.56525
153.04242
151.5029
152.54565
139.51459
115.48479
195.77084
135.07132
134.83794
40.49975
43.04444
101.46867
44.547897
54.867085
43.675106
46.018383
19.615232
21.078953
33.71106
31.375927
45.99976
21.441128
19.111177
22.835537
31.463634
32.149906
26.209906
82.81266
106.30623
40.1886
19.726734
35.39062
71.417984
57.48002
38.141
30.540863
100.17104
6.765788
25.324657
14.570165
31.972782
59.00953
57.268593
47.31364
65.54613
47.776604
44.21926
42.40281
32.567116
36.516834
16.153822
34.121643
62.92251
54.63326
79.84386
23.579475
34.85558
60.711067
49.731354
78.43551
81.56161
46.521854
42.58654
32.947163
39.450565
19.15227
17.633608
77.932976
39.70418
51.05956
113.11229
117.61957
131.18265
85.79507
90.07963
160.2023
104.26835
97.21324
123.43716
32.707897
33.157738
42.36329
44.636147
107.143875
40.377537
48.84716
45.21208
68.889114
91.627106
171.98407
187.89128
145.32616
191.75235
52.55883
104.87727
39.674236
46.33256
72.96866
97.77803
110.81151
105.677475
105.92434
87.57463
97.95468
121.35744
31.917994
25.873875
41.873962
102.772804
97.85515
157.69197
46.711987
32.229633
102.89964
25.104956
6.918096
81.064804
78.00929
103.87527
69.53066
64.77584
57.63912
53.138985
34.604694
20.206074
64.28396
55.25714
178.60156
39.70146
70.51673
91.8779
121.38491
90.047165
79.95589
105.813416
84.976555
11.678383
20.648548
26.802517
21.879951
39.100437
120.22304
129.771
91.217606
48.868893
59.223347
49.2199
66.453384
46.14433
31.981213
93.672165
35.695477
26.932806
21.646717
36.80256
24.44144
23.17864
37.03328
18.704325
41.859955
29.786999
79.99927
53.634388
36.395336
27.195415
42.1929
19.201067
41.008286
40.283592
93.186935
126.43784
13.266235
37.949593
49.21987
19.803608
15.673427
19.73807
30.1616
14.166527
14.577028
22.941406
32.440384
34.96995
40.654083
50.923378
18.084503
72.68028
51.121643
39.368942
66.38251
126.05489
121.70856
66.69646
42.480255
67.39001
4.7094693
38.28298
17.689138
51.87052
80.66168
18.98542
96.39556
3.6567261
31.032846
31.10336
4.555113
80.28255
95.74065
136.15396
119.62537
50.00896
81.15584
67.22151
45.16959
121.02848
69.94879
46.062553
55.791992
67.02846
45.829285
10.548838
30.812485
124.32414
86.63576
28.357296
52.18081
27.612549
1.7369297
12.305808
15.246541
54.13494
58.009563
21.98003
27.304453
134.44946
88.477844
33.468117
66.293304
222.52368
34.068913
35.07791
30.252277
38.84482
50.910595
20.795706
23.512192
22.965336
17.763159
26.743082
22.581415
18.232967
44.364826
8.744098
32.604305
41.50712
15.189441
28.60665
23.942204
14.525807
20.376045
18.315502
34.824368
17.228977
52.468884
64.68959
51.563843
41.806023
31.755116
30.110912
27.609
26.159327
30.629044
36.649376
23.34667
44.094997
30.80845
19.92009
40.51697
23.134312
67.02664
60.28194
111.57888
86.96749
137.55746
151.16646
104.81844
91.815056
25.644985
31.957
79.08729
108.74912
12.886923
31.140057
194.79814
132.60736
176.29427
121.99772
92.97568
168.3134
103.472305
181.54477
153.15733
127.76675
6.080163
18.311218
11.939744
26.967209
81.168205
19.058363
39.10032
63.079304
59.412342
37.541706
37.970913
20.671656
22.04375
25.012938
27.782068
23.712168
27.359476
16.71886
1.7887194
15.9865675
15.411764
51.023617
50.257484
29.464096
37.68142
43.624214
16.224884
49.19428
56.23266
148.80247
43.358425
22.25784
37.461193
90.655685
39.02011
64.02042
51.96414
23.655094
104.00745
215.44724
60.077965
34.773422
31.236996
54.997032
15.165196
35.12678
23.080236
24.621902
31.266047
237.16687
92.765854
84.04218
6.3133526
37.03773
72.99902
72.86783
26.90365
94.34435
11.577398
65.258286
30.128443
62.068916
75.85002
53.57118
115.60958
151.50986
91.410484
87.22485
97.80731
122.18441
101.60976
91.01744
97.28475
154.82535
87.906006
134.41383
143.8948
65.52016
100.164406
128.59937
64.29985
84.89768
85.04822
198.97223
129.06174
22.406437
32.278633
102.07437
79.92155
25.315401
109.189514
92.103584
115.416016
68.26375
98.1418
86.2238
92.623856
116.54271
92.0551
95.49831
101.148865
98.75036
120.9128
98.66084
55.91215
54.232117
77.76195
172.79955
33.48875
112.86526
76.35304
127.96415
91.573135
100.961624
74.96915
63.811623
105.18667
90.59718
109.95271
72.39411
74.513176
80.415146
96.28621
93.593056
87.11372
132.20102
32.74813
65.60451
46.63409
49.012787
49.46312
42.56615
109.182816
29.524326
26.222437
46.608295
43.484726
44.595448
33.22138
51.33554
31.41055
31.946514
50.827034
110.95901
69.2383
154.60086
87.8256
85.72444
118.819046
177.66245
93.9233
119.913
107.57212
117.91239
153.22192
150.22568
94.481606
112.93738
98.15626
210.29143
99.918365
123.1619
47.446495
119.75574
84.17404
146.8379
29.063217
4.6876864
57.44624
45.596565
26.288864
55.86372
28.819561
85.2642
58.83761
90.72259
117.69779
83.813126
92.63002
162.082
142.0499
116.401535
100.71898
172.30553
183.41376
166.52705
94.63113
116.82695
101.12617
157.80826
81.748634
34.79961
29.424063
29.061405
19.005161
44.87119
47.312916
38.99326
66.23655
121.26683
74.08506
39.90037
39.07295
40.436886
66.42494
92.63368
51.891327
65.21177
14.036188
30.223103
51.55072
195.04312
95.86133
83.4796
30.792551
23.598686
57.933422
50.616524
36.18995
56.85843
21.91039
30.936447
42.991554
53.302174
64.998
70.81396
71.98444
56.018547
79.78671
22.112629
30.321875
64.40346
55.348663
112.04287
107.63088
18.370558
68.49253
11.572881
22.948427
25.519604
136.60178
63.597095
18.694805
28.011997
54.78763
40.54201
175.60623
76.28874
54.816387
81.30312
18.029408
35.352016
6.0220957
20.586622
25.741867
43.09824
64.9849
47.378044
51.18067
55.63673
4.6995115
67.64968
38.75915
37.912186
175.88818
169.40471
94.124954
104.84601
132.45987
125.94157
126.98283
166.28134
197.05713
35.57224
39.615192
32.071495
74.25115
100.37411
81.69803
71.61321
106.41676
47.510185
67.74197
30.74372
66.51264
82.329056
93.127
61.36505
46.42991
43.45523
51.48411
26.906387
37.27311
42.151142
26.171093
226.61995
51.158363
29.838812
104.3328
54.699146
6.6154275
25.942822
2.413724
46.702103
14.556638
33.32684
62.49012
86.69537
17.517057
64.930664
20.561508
68.29378
63.673653
44.13499
72.78165
72.53594
76.53075
48.210075
3.5801811
35.947468
60.186474
49.693623
36.33251
38.758057
29.93953
31.676395
22.529627
27.096151
33.248787
37.282017
15.831759
51.75405
96.01225
165.15663
96.89345
34.159355
16.822254
37.3293
82.116844
72.56279
50.39766
33.89823
121.529724
29.496862
104.36593
44.03227
36.45202
4.00273
13.94546
16.831087
48.217037
40.41836
87.670044
43.446392
13.227603
22.314833
171.19449
4.5534983
57.515953
35.010826
36.12214
125.703674
113.030846
37.60046
18.358139
51.651306
102.30104
189.57625
85.677414
121.5269
129.16122
43.731316
49.736755
86.372314
22.137514
77.431915
38.349567
26.575512
53.48874
26.066868
19.163424
48.75564
39.894894
66.54099
78.62178
106.09834
59.411232
52.013634
66.5843
40.63816
18.769388
36.248802
44.146492
171.71356
122.007324
286.1956
99.40367
124.05525
152.9283
181.21062
163.12267
267.46356
155.79321
44.57273
14.824031
63.64251
115.49158
62.491722
11.246359
57.32779
4.0268216
34.66519
14.8528595
13.466037
43.31807
38.452854
208.75452
242.97514
190.5064
172.79976
98.147415
83.916794
84.56252
163.53513
98.12106
131.14523
65.57158
35.1484
32.461155
11.642449
15.495064
19.616444
33.22786
28.907932
49.31972
11.912985
49.713432
30.27597
57.231365
46.70194
77.747055
49.24314
6.475119
28.461405
15.3447695
41.702564
18.532104
78.44606
60.761333
30.0424
34.062263
28.697104
36.166176
42.049816
52.2482
20.018171
36.129173
50.108696
56.702564
26.8829
43.949486
31.477823
35.99688
77.58418
38.739357
21.15577
19.61203
49.335762
42.309765
27.730097
21.28064
184.69116
1.7773468
3.0361123
11.238902
20.492174
57.459846
45.063663
32.24925
107.150734
83.91312
72.817245
81.33463
16.41769
102.72218
122.7971
97.073425
112.69786
149.45508
79.478485
156.87128
19.013462
30.777065
34.314037
16.91221
26.656155
43.510754
33.18563
37.747047
15.302149
51.75724
40.21247
41.35207
101.847946
60.99183
67.960686
86.49803
70.66493
62.902477
29.797241
5.743161
18.638065
30.957941
34.388638
24.361517
28.558239
67.45203
15.4160385
35.88366
63.18029
37.922752
65.64814
55.751972
71.7404
57.908974
78.20085
41.797394
4.2060103
45.358116
1.0674059
3.7913566
23.77008
21.709011
6.683654
17.809772
43.756706
19.884686
20.42361
28.41875
7.3300867
25.646744
70.90761
36.175327
30.18446
71.28615
28.016178
27.379864
0.84906167
11.271233
22.51858
18.624954
33.891502
40.080147
18.012016
20.624022
26.962177
60.63793
84.713455
27.000818
28.030502
38.322563
16.867083
43.41853
32.128365
22.959307
67.457596
94.7625
36.325985
40.908146
10.144791
17.473753
32.789955
18.393122
8.164218
78.21869
105.8458
72.77541
93.18237
84.03679
61.349556
71.127625
84.853615
80.104546
89.23872
145.46487
34.033527
57.76399
37.0818
22.508472
17.950815
28.12004
49.98266
21.964533
34.230476
108.46006
60.19555
51.581635
81.94783
28.924643
26.777063
1.1188124
58.76236
31.715397
74.41408
63.65968
84.43422
14.844762
5.5868206
34.070152
22.419111
37.92421
20.667278
18.498974
22.273731
40.87946
51.65161
30.406689
61.357586
44.84951
33.200336
24.467905
29.424831
120.59169
105.62224
140.83838
54.971153
48.69544
65.104454
39.02146
54.539997
45.043846
77.457855
47.242634
60.941902
93.20703
62.178978
51.687084
15.37468
10.383509
61.17022
56.517536
49.112713
58.477844
117.58048
48.181572
49.859657
15.659778
15.289424
12.849095
72.5793
34.213764
61.719563
66.01498
55.579235
27.074457
36.408005
79.213425
79.85819
21.550526
18.056965
15.45972
21.417568
23.718523
60.359215
10.799372
23.547443
24.830784
42.417934
46.10311
46.220695
65.68391
57.862896
48.63578
78.020676
36.14573
7.6257677
51.98298
26.133602
26.73322
34.52767
11.411684
26.04898
31.233679
38.993565
40.56605
25.829967
47.166004
43.355816
14.767584
7.245921
28.579535
17.186237
28.83955
32.66463
117.91887
47.196247
126.40224
90.823586
39.224117
10.074781
5.2296267
16.706371
21.981108
16.115145
12.394171
14.767967
8.030902
34.302757
17.740364
18.217777
40.06203
39.527885
24.387806
19.200954
38.55644
30.40116
106.42934
95.05908
81.729744
88.61534
90.80438
87.07175
82.69477
131.2712
88.82706
61.598106
43.70632
32.84395
25.568499
20.571415
36.018627
34.444954
23.734776
42.97957
1.1029617
1.0007077
23.182934
38.46413
49.590885
36.02841
5.16203
12.237335
50.062244
41.57185
101.28137
53.78418
38.159557
77.47531
25.773413
42.292442
30.61438
43.73701
43.32749
140.2001
6.585453
7.5190687
50.89361
61.697327
47.56881
61.832497
50.583
12.805204
54.88567
55.167774
48.33538
49.472004
54.803844
37.751656
72.784744
69.222466
57.607567
42.187046
124.652695
120.554276
65.16066
130.05621
154.31296
85.93248
18.046278
13.111012
16.390171
9.195147
27.339123
32.7736
57.611774
117.03329
17.768278
35.687637
46.309925
31.754343
27.235096
15.794395
29.140219
32.124306
31.041931
22.766407
70.10254
123.734825
134.77205
104.26717
121.534424
111.2949
110.4573
96.85661
23.71284
108.15596
64.44841
62.323437
81.81026
78.85934
47.53191
63.41695
59.27749
49.702538
64.10268
78.84889
34.718452
39.350204
95.97298
51.156715
54.17102
25.399496
17.440594
42.996056
30.64129
12.4466095
24.759716
30.99794
53.566833
77.39433
32.911606
39.957798
71.80425
17.95819
83.253456
16.282124
31.411825
40.283123
42.965412
142.41133
116.99327
109.819824
55.40336
50.56502
44.901173
53.97292
65.733505
28.477123
49.891666
26.215723
39.484047
50.451065
92.92692
23.27232
40.54101
21.728014
13.070335
21.372011
11.501213
4.388701
13.551554
18.119337
23.517376
41.01455
35.861767
95.46147
64.0429
73.42385
91.72905
1.6650112
28.437466
91.94026
95.115524
23.109997
12.684518
12.4117775
61.65044
77.87054
76.22824
23.018276
99.10881
98.88628
89.78026
153.21742
163.01799
242.25952
134.99384
103.416176
9.738684
23.029179
33.462055
27.327463
31.324398
35.113518
28.377798
8.594896
42.05351
82.17931
48.310997
39.27736
25.93316
40.69661
61.21214
45.929115
64.41449
81.028275
26.115406
170.58711
125.689
155.07597
24.69121
27.917034
47.515038
36.908634
29.885273
85.492744
102.07566
31.068615
45.26809
66.651245
150.17464
144.42197
167.42874
93.96536
184.47578
167.15128
170.33792
83.049515
4.05124
40.175224
37.496193
14.682073
55.566193
2.3914828
53.658783
37.503654
21.427233
20.589418
61.62754
35.304028
77.95461
105.28093
41.262924
92.88063
103.685936
20.833641
38.663715
52.407166
11.21232
28.339878
50.803165
33.02044
24.364311
9.783593
19.59668
15.297598
20.963478
23.766779
73.230896
64.86526
47.216667
43.012665
39.891148
56.198296
39.591225
59.83233
51.728687
64.48987
49.711185
37.980644
24.755463
15.412648
22.679316
45.56298
15.039999
16.283215
52.882465
65.542564
57.381165
61.901337
45.952625
108.72642
104.9315
47.356834
35.58172
37.168713
74.23098
22.135601
30.95795
49.55548
59.17393
34.980656
38.519386
62.26003
55.764996
84.89081
53.65078
46.914013
51.594097
48.681328
17.850561
23.478523
46.455757
57.892048
32.52283
13.670286
28.148687
45.895477
91.03722
49.345657
40.011856
41.07372
43.968285
49.865276
63.68067
55.327778
73.46357
50.40299
69.269455
52.054237
57.90943
48.46825
43.978706
123.3728
92.400536
15.248026
23.23316
17.513727
27.62647
28.420923
27.54342
29.432505
39.393555
43.754375
35.547554
9.168396
1.0962657
18.290878
54.178528
9.817497
16.070568
19.786222
84.78931
99.9159
87.19326
75.95622
75.562996
127.83225
116.55851
77.34326
75.04932
80.58871
79.866516
81.97863
90.64608
66.63869
76.16245
83.81328
88.79542
43.963696
15.780546
131.36377
15.545317
29.960331
13.257666
169.80164
105.13422
110.13031
83.00556
60.648415
53.99046
88.10771
91.59247
115.56239
66.79952
71.709625
130.03612
104.687355
77.38905
96.26147
95.34117
99.97882
99.50969
97.56188
117.20862
126.61507
100.64745
102.965805
112.13535
91.69002
128.43661
91.56485
92.89299
95.85673
239.47432
130.53552
108.46309
272.14133
82.558945
92.967514
87.06182
93.118454
178.51346
32.193153
12.621044
86.72304
27.614197
10.296113
35.90375
73.77556
58.985603
30.63097
24.206257
24.678177
91.31509
96.920105
82.65189
84.829216
230.84348
102.54165
135.66142
80.288284
72.54021
51.674885
45.47075
17.746061
47.758556
27.557575
24.274904
10.483925
12.469221
131.9389
30.594193
10.420113
35.347755
3.7012296
60.27021
104.25674
104.51813
82.54796
156.8228
59.88514
86.43893
123.38353
115.09379
248.752
111.85172
54.593987
72.96532
36.81005
89.02921
73.58687
106.91698
125.06163
86.998566
90.24034
111.787125
162.10582
96.995316
98.44154
94.93865
35.793324
58.117786
50.344933
109.17989
74.96013
89.78466
109.003494
17.202656
68.146614
70.94919
94.71459
105.84037
99.54549
94.031166
66.78536
137.20224
32.239147
30.122946
43.385902
83.05374
40.311817
27.264673
16.722622
25.553747
43.949917
99.04857
116.196396
18.335434
31.95022
45.691948
42.48887
120.162094
133.35384
112.89962
121.68539
107.83486
159.2355
156.71852
165.51201
183.52133
169.0886
150.41855
179.11899
196.38371
63.564842
81.877884
58.307545
132.63205
163.05107
96.86348
48.11564
18.700249
50.648003
21.606007
80.45498
25.132946
45.44362
46.987022
54.52716
25.468431
26.238098
42.414955
93.30197
47.842243
6.681095
30.16479
29.379354
26.986816
23.494589
38.54032
35.000153
28.778833
50.61481
13.317389
29.29324
42.52964
60.609478
62.513298
91.23921
82.710754
123.05221
71.30961
81.211586
139.2195
78.025986
69.01715
32.138508
126.95986
114.19072
68.05076
83.24198
34.21808
40.302177
29.464972
151.75903
65.3417
111.79999
77.96362
235.53267
158.22144
172.54898
71.813965
32.111233
35.620747
29.519115
17.508923
53.17382
29.937862
35.731815
30.351353
37.45067
42.017082
19.856834
65.918396
61.901726
72.12131
36.328278
27.694061
69.46968
23.380878
46.371307
18.691296
34.67284
58.42045
52.240044
49.74406
87.86327
73.267136
75.731
88.30413
91.164
67.293625
153.62674
86.81524
94.934555
106.22355
93.56025
79.61684
88.3852
85.28105
76.51672
57.536163
65.59428
26.689463
59.788414
65.74734
43.985554
41.383305
29.670502
31.85611
33.212994
19.478096
24.18677
25.991129
14.823947
12.539769
8.869127
25.6141
17.658709
19.32536
35.65918
48.675266
35.4887
41.457775
43.55311
78.08469
135.805
58.638783
65.779015
29.655905
65.56098
32.144875
19.766407
29.639841
13.518318
9.480232
29.93666
44.956245
67.84707
21.818636
47.16287
93.37342
22.617153
41.524654
26.302511
42.777916
40.598408
23.200207
27.232235
33.417427
15.306931
33.346058
32.17034
38.816833
19.5631
66.45497
44.711143
41.7715
47.46408
39.496647
42.38598
18.868671
57.870544
26.674988
20.920485
28.430271
37.987038
20.267103
53.97769
12.206392
30.03157
16.533716
32.81587
36.93937
13.905713
60.990837
58.107613
22.23602
40.56518
17.425053
73.27487
48.797504
112.80003
142.42679
69.42006
80.25627
43.715332
67.90083
73.37524
55.62616
72.95791
80.973656
49.48056
48.12622
32.405724
25.414457
26.760197
39.845604
28.490244
12.150526
4.709279
39.642723
29.428839
3.2599514
21.19642
36.396782
28.440075
38.827946
48.939873
29.29895
25.056849
18.355265
10.819536
3.6859403
18.168907
24.632538
25.349648
63.094994
85.10821
54.04555
94.938
106.17157
82.76555
59.799713
39.604614
8.336278
20.270813
24.441814
21.190395
13.657329
25.427748
12.964706
17.627102
36.20942
44.28587
9.447145
12.710161
15.055593
51.10912
11.72111
77.998245
63.51178
152.63799
36.4392
97.93034
100.73338
16.18832
14.760351
27.76145
21.981464
41.953194
34.389103
42.52247
63.039234
35.82733
55.93743
20.37671
20.566238
30.483917
66.603836
52.512535
23.431355
11.226669
29.234615
17.013426
56.980507
21.051197
24.121298
10.360989
62.574463
10.044904
34.192398
89.47613
76.11595
13.110113
32.008846
44.40483
38.24982
2.1419644
17.012115
27.60517
120.68794
105.41209
105.6349
99.541214
99.39541
79.379166
103.41952
100.96081
108.71035
99.722244
74.846146
82.769966
132.47952
111.455505
79.084274
82.513245
108.28428
81.71221
129.03674
85.866104
166.63248
71.02449
73.67971
105.71007
100.57301
41.836266
2.2691054
13.8272705
20.211748
5.102096
48.51141
21.238468
40.340786
62.788807
30.89742
48.24276
32.186016
74.95276
59.86385
46.09272
27.619747
2.406865
53.53422
93.735855
53.2346
33.276222
142.81778
74.07829
84.9379
101.419205
51.93302
57.115215
19.753021
27.241795
53.765858
27.105656
78.04845
26.72912
36.03061
51.23173
27.638523
32.665462
24.516539
35.74456
47.7925
36.52915
38.885704
65.79449
71.39384
26.021404
105.496155
157.066
151.66476
400.5254
170.68274
151.98805
52.99063
18.483805
2.2177484
49.122826
79.22885
98.67863
92.88906
101.21486
17.472775
19.130007
34.99079
33.91976
21.66585
93.87715
148.9465
39.04304
12.209104
21.77372
62.05703
25.09939
37.13433
28.727936
91.41225
52.998554
53.99284
118.15944
16.524265
41.74083
55.88264
9.909731
9.889375
43.985035
33.68416
29.410736
22.377014
42.714428
4.9426856
3.1561859
12.7200365
62.727806
124.09955
223.05692
79.39015
98.89723
99.75128
111.47426
230.79732
111.170715
148.70901
144.30229
140.29059
160.83255
189.09431
69.56498
95.23665
96.27861
111.27533
77.68758
87.438126
97.06925
83.19583
97.52016
83.621704
107.62865
72.64566
86.25279
269.92877
115.8428
82.11915
29.101315
43.41296
44.028904
7.177161
52.181763
81.61549
71.15964
36.624134
24.511723
36.0332
34.946114
23.777905
20.905987
6.994371
11.015755
11.600978
28.821735
10.664405
64.46243
106.69597
74.78895
101.37444
128.75897
10.729585
9.539125
132.73633
28.371647
47.98873
20.796888
4.389412
14.695162
19.060291
22.136433
97.81362
34.177494
92.25682
91.43937
89.31859
37.70536
31.80429
48.045383
139.37169
30.936687
46.12145
42.83911
48.8358
37.826347
45.159405
48.080162
142.24466
116.87694
6.7189355
18.829506
14.45534
89.44294
56.818096
58.741955
80.050934
46.75777
79.674545
44.366077
107.739456
90.600464
143.75655
79.75759
86.04986
69.18542
100.047035
78.5515
18.29787
15.397959
60.317677
37.787994
28.486368
44.017357
43.60933
42.227013
45.33718
67.7758
54.048054
36.243443
79.385544
64.47438
81.54084
69.01115
68.48964
47.18595
17.310152
34.187916
140.5783
77.59134
87.50083
51.892456
31.311045
33.07616
32.460125
56.0729
5.95909
32.051785
42.556698
65.82875
158.32938
83.43572
29.652262
23.671734
35.503002
82.26325
37.02782
2.9121275
15.338633
37.949333
14.840283
3.4863086
12.888189
21.831594
41.315483
106.49398
117.72185
46.401886
58.749756
60.520775
57.410027
17.16853
29.816208
39.12399
44.348835
30.225677
24.4817
47.83562
10.399047
26.229696
14.294687
95.247635
96.25547
100.19013
129.05673
106.68443
137.10806
93.9392
104.81193
73.53008
160.87129
185.64012
362.62518
148.77141
0.9985091
52.842518
67.03745
52.701538
58.977074
101.91792
61.613518
102.9824
226.9408
29.02778
35.366615
11.338028
4.8583317
36.995827
51.05587
57.235462
64.49311
46.1621
31.084621
21.671764
30.452679
80.205185
4.5256147
45.21914
47.715023
12.678644
41.54566
28.938786
66.80633
54.713615
111.61403
82.08602
174.80408
240.55692
167.21927
87.58466
46.670517
21.294699
61.43296
26.035852
71.827
6.37733
61.807434
21.622128
84.82494
34.360527
49.507893
59.453358
81.751976
76.44072
33.226936
53.78534
56.36921
71.23535
178.13481
10.535199
42.15451
52.942005
19.623417
43.32148
43.141884
21.633282
41.054188
25.94286
7.084362
33.194595
15.265135
55.09735
49.68774
48.40804
37.668552
78.39906
92.707466
55.515076
7.05653
36.919567
29.519077
43.034172
63.45942
28.9941
122.44737
5.1631503
21.072777
61.439156
21.182568
24.430098
57.410088
19.945072
46.9313
88.580605
60.13247
82.52252
66.94107
28.350348
74.44838
30.72388
11.271716
55.595684
50.77639
86.37653
69.67973
28.257223
43.040257
68.83019
39.659157
12.327333
50.46547
2.9174974
6.6199646
34.08202
12.204287
109.23991
9.8891945
21.843143
15.360652
67.58659
43.005684
44.11828
85.10129
69.64798
118.73706
45.256443
16.303625
10.57704
18.778141
30.047237
45.110565
47.19631
33.73355
5.700917
37.02541
47.06618
20.423397
43.671898
50.775055
55.1532
79.206215
75.21571
57.575233
55.378883
117.34501
88.48018
9.531935
21.855595
24.976406
23.853275
20.227726
41.37925
45.917244
66.755516
30.882421
51.67036
129.19266
154.97849
81.159195
94.502464
127.11426
110.3504
103.171776
18.997215
83.890526
106.449234
114.45332
130.26064
82.940384
167.80586
26.885935
59.382774
17.850018
17.497334
155.76431
112.05359
16.252838
36.854126
65.344315
15.361447
26.571335
10.744071
115.7262
100.75633
165.689
89.63966
155.85672
87.869545
76.5092
74.79788
22.366022
49.08143
97.01936
1.0398163
12.125321
17.5505
78.1873
121.717575
130.93993
38.482246
40.235275
49.03962
37.98832
78.3512
65.40733
68.44747
64.61087
33.67067
4.3097887
39.41816
51.42083
43.67588
72.23139
54.303967
56.346092
29.465897
28.716913
43.828793
38.169086
51.34063
20.75153
194.39029
172.86111
167.11565
32.088615
40.32685
34.98673
30.367725
31.194088
13.526915
28.65086
23.828358
80.26636
35.18883
40.92733
100.38017
81.885
105.51804
17.009512
34.033638
67.9991
33.089027
22.019598
17.653015
37.853344
65.35509
37.361816
36.030617
87.90514
20.935709
95.38206
69.59479
16.905804
28.120358
18.210012
37.76639
40.117905
49.93085
35.983547
29.995514
42.169388
72.1353
22.677235
116.70929
131.44183
157.77516
105.92555
100.89987
109.97612
111.29173
102.82585
133.76767
119.7896
18.542068
52.175194
176.9595
146.8186
151.82582
211.11943
206.60039
231.23674
397.88333
246.11276
196.56232
344.32513
314.2462
213.21419
50.390953
55.432343
75.52159
19.296694
95.29195
77.14944
105.09361
17.0184
51.135456
32.79764
138.10573
22.618464
1.1118426
34.344524
68.89079
94.950264
65.263855
45.82333
28.853342
31.489117
21.938217
15.235723
34.157017
3.878962
74.74306
79.23293
26.977585
28.564941
28.76272
65.12741
82.23156
47.54742
37.29678
20.870928
46.251904
46.080055
133.47667
111.10789
112.389084
98.34865
128.22556
117.64787
117.1558
61.77058
80.641914
45.24622
164.25928
132.88216
35.00254
94.72192
51.950977
37.450768
64.08393
35.306595
67.89543
83.11412
105.57485
37.853706
48.554115
35.371063
31.251654
46.270958
107.80465
78.03705
78.124245
64.527176
44.815216
51.25346
51.1743
22.156176
59.276234
61.6698
89.26227
78.69515
168.47151
23.046535
20.17583
19.950659
50.02489
18.635532
5.4851465
55.63151
46.745842
25.111416
42.365715
49.40519
159.82764
137.32646
46.30328
75.9792
65.42434
34.316177
40.76649
66.331215
30.370777
115.63898
101.09944
102.39302
71.41627
71.39572
110.065834
93.053406
101.94862
91.71082
86.89375
112.49426
135.61047
93.68468
76.66741
107.251465
5.2692256
6.200551
15.264194
11.561773
44.215874
20.613272
17.4059
18.37305
27.451895
38.781635
78.03285
34.13674
41.946712
28.190714
91.39566
33.58161
50.341953
103.687584
136.82982
92.4383
86.67891
43.42324
43.21821
22.77921
22.143564
98.21724
174.45554
19.797709
44.140472
21.065138
37.383133
109.22433
83.5784
91.49514
133.64383
133.60498
132.40038
184.5043
147.45384
131.51712
135.98634
92.11935
206.31235
137.67874
79.82819
145.41737
181.42816
131.97902
102.13866
149.81209
3.146052
88.582985
115.52236
21.298481
33.93145
61.774242
43.11049
60.201244
106.958824
155.10185
74.27192
109.40592
13.773313
69.92065
83.66727
124.31145
143.5065
101.14946
37.953957
59.65284
127.86483
86.757545
85.5408
111.87295
104.20494
76.51866
116.51969
48.277138
73.47463
55.04464
54.47074
32.979523
31.498236
25.705616
56.90101
48.276337
34.979992
88.42432
40.226826
63.770893
161.381
102.67501
33.495853
42.877594
104.59352
108.42403
76.06393
96.716095
115.347755
93.21304
106.2523
117.77291
142.52707
23.904203
54.845787
20.663631
42.521843
26.771078
64.51865
65.29391
71.93237
98.97319
109.42245
107.387535
103.98995
97.08298
131.3239
89.211975
105.25227
92.750465
123.88373
105.503746
97.873245
152.4965
107.923256
101.65635
70.36745
76.22286
122.6734
182.97798
68.06022
58.709587
54.914818
54.957733
16.995155
39.44152
46.544094
40.080315
28.05956
34.760605
26.89808
52.42713
74.89123
50.395424
39.83395
72.31997
17.932003
26.958511
43.11294
25.803913
51.043247
15.4872875
15.293783
31.533503
30.246998
64.929
40.93882
51.5927
72.20436
20.763466
71.57624
50.606323
62.62136
21.555084
48.360836
104.10028
40.344723
134.31262
87.13183
77.792534
36.694542
38.75487
18.431725
49.253044
12.043837
39.846798
77.004944
30.913294
91.91056
57.004456
26.363739
32.96284
23.972736
41.3545
53.556984
21.143171
36.40493
79.300095
49.952614
158.84415
38.668785
37.57669
53.787224
181.6058
59.5182
87.554214
83.514854
155.38107
248.00887
152.3029
179.79065
150.51633
112.432434
78.33485
34.863304
39.856968
56.445965
14.0028715
93.81624
93.47765
121.46318
140.76326
54.76306
31.618826
122.2281
86.63054
109.75411
124.10988
119.30753
107.497375
106.577415
83.70397
102.783
104.5334
96.27067
141.50342
111.962204
75.24885
77.55644
65.451675
118.30965
49.816887
47.2129
30.514257
13.786278
25.806616
41.294502
13.118077
37.5954
7.6618967
20.364939
22.00597
30.647882
44.563087
26.489094
56.82411
92.64978
44.69706
37.52483
90.76836
34.969933
39.23432
25.677624
25.349707
12.253132
34.631756
27.517658
44.604263
28.796581
71.16759
26.234547
29.919027
56.817497
60.55356
50.10864
72.67576
61.04007
90.29503
50.237984
47.084316
39.80418
82.86789
52.288372
39.606194
15.203178
10.266906
38.78338
33.26687
51.83421
64.93816
111.49795
63.523674
52.431194
12.880971
26.737934
40.567863
22.733536
33.03413
24.936241
27.868032
58.879192
29.401447
35.70066
12.702112
40.017555
70.18521
10.931633
54.55271
31.157797
19.301504
22.178951
11.387091
39.093616
147.41173
103.12962
122.555786
111.25088
128.64368
25.897196
41.14715
16.999147
44.895214
64.45921
30.419811
47.090527
32.774246
67.62993
46.61123
23.898039
54.254322
39.463146
26.783209
132.97165
81.83775
73.45249
58.084724
56.780205
61.99247
62.384777
63.68801
59.95875
92.18053
102.377014
117.9257
90.64436
34.830826
63.91749
41.319496
90.60016
158.11307
81.32814
135.99017
166.05124
97.59517
105.89266
108.10466
90.84586
112.66886
139.56696
56.351204
54.205452
106.44283
171.00798
136.00528
136.85614
162.2305
117.96779
180.88608
131.6494
32.797905
33.5317
17.809637
83.829315
74.0305
125.149414
84.547775
20.36679
14.988562
31.706549
33.45498
87.515854
40.875782
44.37036
84.50894
92.013596
94.12758
88.45207
76.65255
76.30956
144.30133
83.82512
39.46081
42.578266
107.236084
109.801796
111.78966
86.523544
122.40263
148.47377
86.33081
95.640526
17.704805
55.536713
27.242336
104.70068
175.11499
82.89522
5.2897444
30.49587
68.22557
46.755344
5.676959
9.066916
12.004681
16.00084
22.48121
63.65791
110.77842
27.345108
23.028637
29.275751
65.608
175.70728
158.08754
29.90115
45.758118
112.94496
112.014725
81.82656
29.126965
31.431784
96.85331
81.31048
105.90525
23.31341
12.292987
5.6280713
3.317903
57.22004
94.04148
25.3823
77.4501
15.935061
5.6547766
7.8535967
80.83599
31.401775
39.759083
35.740986
53.850178
73.49721
46.971962
38.03444
38.11433
107.10596
20.871489
32.644695
15.836496
30.18427
26.678492
24.820248
68.90493
48.407833
39.34413
27.024933
5.102451
42.52605
38.8455
24.5706
30.882885
15.027708
1.4085305
54.435364
37.376717
54.63259
20.11608
14.929263
13.570236
24.019659
12.966452
40.98462
50.46638
28.508005
74.530106
65.99537
11.117762
42.650257
80.585045
101.13779
96.055984
47.13351
87.57883
117.93463
43.302486
54.57134
39.461494
98.1121
61.49702
68.89766
106.930786
38.63175
56.679665
73.71735
42.36434
74.826126
90.71471
38.86776
21.897324
42.578655
0.7511591
27.38522
46.579937
38.38027
15.0633745
37.09198
17.033304
63.187176
22.73994
14.13071
12.147459
18.800997
1.8040136
20.572277
19.460653
15.839869
18.999533
26.191095
25.309618
25.725418
46.71338
38.62469
26.725353
40.01938
106.55249
21.057583
57.414513
56.859474
11.050148
32.60094
27.18121
21.766586
14.605339
34.677605
23.778376
29.301914
30.541851
16.258474
30.706318
17.710361
23.712934
18.507097
32.17767
91.246635
101.837776
42.972744
34.99036
69.70433
45.478832
50.806202
60.398357
38.27304
49.884224
71.370865
57.040016
40.191345
43.663456
57.64677
44.231987
54.404583
77.97388
71.131294
60.26699
56.924706
44.19912
75.465
104.11961
142.0913
6.683071
40.458416
34.596382
30.035831
62.662914
61.49302
51.956078
5.1943874
42.574566
17.844067
42.380836
27.382929
39.906593
54.721703
46.69916
3.5777907
37.119133
1.6969951
45.787323
50.778904
3.056326
32.81456
112.72447
127.351974
84.936424
159.42789
79.3104
68.72747
103.2094
83.408424
38.10938
15.174214
37.03544
17.696424
105.90405
143.55867
80.27359
119.774734
61.522297
29.071274
58.20356
35.569508
41.204308
35.987034
79.96052
27.059185
55.83198
53.482677
61.958424
23.356697
14.437452
34.782494
32.910778
41.873444
99.173416
47.240307
69.371994
41.841503
25.197851
33.736294
24.138294
67.81192
115.468506
20.053507
45.146492
64.8994
44.409042
69.56472
43.968227
63.79365
111.30318
127.12797
3.9371753
6.6745024
3.48876
49.22619
16.628542
44.32718
99.88173
34.765694
0.97971976
2.0429676
20.198988
46.068214
37.835976
80.03191
70.58704
52.903664
50.364426
36.886795
6.6391563
28.463501
38.300926
3.1655838
62.80201
7.0297914
43.0377
32.403267
15.050102
49.01511
70.901436
85.25702
76.79837
80.91178
123.69745
132.71323
126.15194
140.4276
156.44487
153.92252
79.11981
70.230034
85.02524
87.37629
60.737434
54.12959
70.63296
103.234886
138.10147
97.54278
91.131615
33.848335
42.964176
41.2914
55.873077
40.095963
37.789284
28.183594
31.47344
59.753685
65.74216
15.847392
29.755615
29.06745
22.77507
13.212817
16.12988
18.782888
36.5573
38.7496
32.9244
18.036968
69.09356
48.92155
57.93025
46.36413
73.08521
32.94419
85.511246
68.50044
127.285484
52.87505
112.7214
66.56578
69.35469
57.762108
33.665325
3.1224463
38.37432
26.238531
17.804417
54.357887
46.798264
49.310143
80.80759
46.24328
16.632492
26.465672
19.18656
27.58588
36.220062
36.68992
54.17436
110.51074
68.11844
65.10478
85.52821
65.52121
65.10456
87.54016
21.880302
32.64676
54.347157
4.1623125
60.05285
66.0247
67.18064
56.44552
106.727196
88.606346
92.59003
73.60487
87.125824
77.97538
26.79357
50.793465
80.6526
43.280384
39.177917
41.55841
52.092937
87.830505
63.317223
47.58742
75.966446
34.280766
38.20546
121.90627
195.93832
118.12677
134.16672
17.915712
18.81247
39.673317
32.94808
41.32776
34.282757
45.44966
51.0274
54.91233
44.213184
37.31349
78.5334
117.84011
102.97502
151.46628
98.069916
171.9679
110.24426
95.13699
81.384186
50.390938
70.52586
96.81022
82.93501
56.942413
43.37241
36.27649
45.374516
22.053776
19.297178
95.69165
27.716553
33.34837
91.3453
23.993484
34.46805
32.075386
41.789734
62.583336
38.580593
12.173078
57.179047
64.31579
33.97965
33.56247
50.657974
71.67688
207.77518
126.798035
74.12347
122.27682
70.83937
45.300133
44.25124
46.711887
71.26243
89.17836
54.15548
28.874805
52.59806
19.813934
65.45257
42.488327
30.935034
38.427177
24.8215
24.800802
8.45348
67.18302
14.781169
24.847382
36.25253
48.308014
59.027824
61.997334
55.600903
49.381977
36.764187
62.134277
136.97444
65.447845
67.4576
47.38905
48.29866
37.221687
24.34072
1.2066782
18.552137
65.92533
152.6734
102.09105
110.60624
29.333466
30.008886
36.619804
50.515656
70.00203
48.006203
65.38134
45.565067
111.000046
189.03937
33.945473
71.57883
27.89465
135.72826
3.460971
14.7232895
22.994267
72.20815
38.853493
29.57937
77.19008
31.684052
116.252975
197.11212
126.170944
137.15779
153.89288
101.968765
182.28003
84.64637
157.90346
46.78802
139.61543
124.18418
79.222946
69.63109
186.24919
126.18913
177.09964
132.60165
227.32417
119.47273
200.69287
115.013596
115.01646
138.76189
97.073685
124.31763
29.51211
71.45925
48.30832
47.942238
65.76501
60.47766
53.94394
86.03801
94.51666
70.25285
111.98588
54.934032
10.752745
126.36781
162.77213
90.23796
104.53469
120.26888
168.85725
192.90512
120.14028
142.9685
179.45221
177.1409
42.05748
53.859272
39.513863
24.925182
55.348244
13.238998
85.93266
72.452774
42.03559
36.138676
37.379436
72.67449
129.82372
80.58886
147.33029
37.00537
36.750736
46.87475
83.50361
32.833008
22.129025
34.349762
49.109993
48.60427
38.45244
96.59397
79.16685
80.588425
103.383644
54.86271
73.15177
72.55697
70.85299
38.764
23.677435
28.925974
57.0897
30.18974
50.873196
37.002525
4.914096
36.064117
52.87088
12.197161
37.18104
39.17973
40.506535
11.051075
29.110905
31.474468
80.90238
89.25158
78.24513
145.01639
106.42084
67.71306
31.181467
17.515982
32.483223
25.44603
36.379776
32.329323
109.40497
94.52275
69.529884
103.58931
75.72774
12.481095
32.360004
30.693512
48.43967
42.42672
25.267956
18.824932
66.69112
45.851196
144.55646
82.03077
23.87326
61.368572
3.438169
39.76297
27.44775
51.873512
17.664003
39.115063
36.5209
17.230928
54.24709
61.808247
71.756645
101.48642
63.967308
76.087456
55.71589
30.424088
18.249826
27.934254
21.292667
46.408424
20.797518
72.24888
15.156557
4.871863
4.75486
18.73263
12.042066
5.5001364
4.136359
7.575747
16.442928
22.227499
14.81592
16.282848
73.04616
45.797764
3.437303
24.760412
13.449452
48.310966
40.857277
45.644096
48.16267
43.871067
25.355343
45.202724
73.39622
75.0005
48.781837
43.307697
42.30404
109.36082
105.02944
84.25218
84.842026
99.734245
77.1353
95.80274
118.05216
107.81323
87.69853
90.483284
81.981186
113.317505
30.613022
38.857906
15.303011
96.514915
99.29446
81.87746
107.41853
109.97838
119.25444
145.9714
0.8810856
9.863615
48.570194
23.900127
44.19409
27.597906
93.30035
52.388367
62.74822
54.76753
62.240776
74.135025
54.577705
59.46864
36.172264
20.703083
70.768974
45.81942
50.66355
99.97535
61.684307
110.4833
53.298115
62.257317
47.21161
85.71348
43.797092
33.73291
73.411545
37.381245
32.818703
77.26169
45.95851
70.564316
41.21942
80.19188
55.67511
35.634422
39.730118
45.68534
49.78887
43.380806
93.83232
53.430687
68.953186
65.88811
42.405846
23.685398
44.864296
44.23195
41.17331
47.50532
32.365753
55.477974
66.62132
27.539658
23.25961
53.927376
41.19995
40.454697
82.13493
53.93633
45.677376
104.34041
155.9932
67.63878
46.22423
3.586951
45.3395
36.502216
27.261372
29.383606
10.908495
33.86454
26.764538
27.603363
5.3096704
16.939367
24.12082
26.147152
8.36057
39.346535
13.512331
17.918753
21.82759
24.575634
20.070461
66.502335
50.326424
45.673218
22.129124
57.892773
54.67144
28.04746
62.351524
131.05283
54.13558
14.94425
53.442375
26.758831
34.413063
57.48043
31.848337
12.071756
44.137115
50.588512
46.32108
69.07498
53.430656
23.3021
9.364316
21.03934
38.684166
12.605514
22.041647
3.1279378
39.79987
65.26573
15.221191
27.023037
22.957653
45.136154
19.844847
16.653633
31.772003
50.00742
54.055534
83.56876
30.362085
56.46739
63.15209
40.462868
27.911434
30.576645
52.91178
13.216431
20.245878
10.138618
22.043356
12.962402
60.770294
108.79081
10.371463
12.757853
25.879318
19.588993
12.372984
14.326689
27.852264
97.750496
104.0994
63.5153
46.35294
105.80123
101.09122
115.31136
94.778175
8.146766
33.476013
38.88981
24.811367
42.810493
31.273245
47.906975
36.111767
54.88955
145.72046
124.07536
122.27849
152.25995
126.057816
112.202866
179.18057
37.26021
45.82946
57.154896
85.77282
26.604614
24.91695
37.54578
57.66402
50.725777
70.538124
58.14619
25.413786
41.95098
237.81804
192.99673
177.37262
12.0560665
47.609844
24.300438
59.759186
8.232626
26.941761
33.764748
41.50396
5.2910533
22.35229
29.071209
61.28297
19.375572
11.517069
71.100105
47.507927
41.19384
38.341526
59.022808
56.121185
71.59753
77.87332
62.523712
45.09503
45.18439
79.91446
55.358234
51.519154
38.798428
53.16347
86.66114
57.87959
57.67396
71.12718
40.702095
52.727306
45.795086
46.941433
31.432673
37.271492
61.586403
46.283165
12.56402
25.237625
18.409
58.331512
138.63551
129.84839
147.94206
145.78291
125.25936
132.22313
130.69736
65.02456
84.39348
10.102536
21.124336
32.24595
36.17214
9.759365
49.668613
34.963478
24.775606
10.217192
22.733908
47.39612
22.855743
28.69602
22.617527
37.08291
24.446756
16.409206
26.872583
2.6030407
19.122683
44.272102
34.202232
45.52748
59.203514
172.96228
28.918335
28.072195
40.53819
29.739756
47.518627
16.506304
5.0553493
38.887573
48.408237
130.17862
62.799805
42.88502
79.73403
77.989746
50.61312
17.152088
92.00801
9.88142
37.064293
27.526836
14.517415
84.66375
76.762856
71.881454
63.955536
17.74229
41.602
11.315763
51.11051
47.52199
73.845116
76.91158
80.684456
55.00298
51.0005
55.70403
78.07184
74.3682
131.76993
45.232506
10.280728
30.927143
37.836372
9.094671
39.03016
11.382154
35.355717
47.73151
11.620705
33.345253
15.794863
37.09358
62.239952
48.838043
31.747791
29.458288
28.532263
48.26435
19.07757
5.8778663
42.248375
5.9205217
23.007343
12.140434
31.283804
30.966724
45.70275
66.43175
120.99867
55.62519
52.566673
55.136864
33.085648
62.6437
109.66431
157.57292
73.1434
101.090576
207.00424
74.459946
13.848953
13.869606
47.47077
60.322136
54.893726
80.31297
41.21856
35.909767
52.59275
68.79521
69.14647
63.087067
68.08259
96.80758
96.61139
104.66732
104.12612
97.543884
103.56869
103.821556
89.5258
130.61914
150.35287
31.04486
62.471428
68.33184
92.26167
135.10934
113.38273
76.96541
69.86243
108.37579
91.800415
106.26742
87.7035
91.39967
95.65255
94.555954
193.35442
132.51901
102.00182
191.07622
131.30293
113.242325
85.69887
111.62044
205.23624
105.31992
108.36454
82.509895
94.263695
112.79789
63.340385
30.32105
34.396244
19.32917
25.912561
34.44025
64.1585
30.567825
35.468468
40.858524
29.105885
60.81176
95.41072
111.88534
39.296276
38.349144
15.374301
19.799852
28.349094
38.88337
33.703396
41.408443
33.511055
48.981094
30.07478
76.1436
4.7267976
13.595146
37.738373
48.94492
44.418533
53.62046
22.281555
44.000694
49.688564
53.97704
39.664062
72.64338
45.69228
59.964165
63.408356
232.2085
174.72263
25.486301
17.464825
36.645714
27.634466
30.37326
52.244957
29.020071
27.084457
92.89906
75.746544
103.3727
100.40495
112.307396
84.74614
90.599625
156.59378
100.174065
119.08494
112.666176
138.3428
169.04977
94.877975
79.587296
77.91818
85.055435
92.84617
165.63264
195.14865
212.7697
84.24287
79.40063
79.35263
72.37403
14.282209
54.973213
84.11879
61.542034
20.149569
75.352005
27.460531
24.619461
87.92427
91.96106
90.79347
75.73041
79.67939
79.20951
133.70146
103.02
69.2249
123.02547
53.65859
46.087166
82.19678
111.420425
86.748985
115.868935
112.84746
111.11874
83.83345
139.78009
151.76724
53.230366
58.728874
67.55036
54.57198
97.21842
26.918972
19.694563
65.22753
55.46543
38.854073
25.711582
24.675426
42.01786
77.639
82.99515
71.59386
46.834965
27.985586
35.70917
38.616707
45.864758
37.37164
28.923283
12.570692
26.484716
23.735523
37.15763
68.72531
38.33009
133.19771
87.62086
125.08376
200.24564
87.6246
91.93518
98.51402
92.505844
173.1625
166.69055
207.04251
171.76747
163.29973
159.20377
163.65921
144.06984
144.51262
62.23927
15.769008
117.468155
93.258606
87.42344
26.709
74.08441
31.050594
42.17959
48.509346
54.595776
34.412502
19.966846
65.69197
22.581402
1.183637
19.898844
44.42946
52.141193
49.511208
15.457993
42.424072
104.922035
64.81043
29.403732
50.548103
18.752138
140.26254
124.70503
86.108475
172.89706
144.06633
145.29404
131.89636
157.84073
119.0931
160.93678
139.27707
113.50742
162.82986
125.98981
65.86638
81.02283
100.61656
58.945812
67.227554
42.809025
1.1165742
20.293915
7.325287
52.692127
68.564255
69.14357
170.62234
136.32486
76.44878
25.553127
13.221898
45.822853
70.463165
25.424171
32.29241
40.600567
11.534216
26.58013
52.906136
51.05788
18.716488
61.924828
22.17995
80.10116
89.70143
103.833694
33.15549
32.277336
45.378937
38.880936
32.424152
34.681602
19.997078
36.513447
2.8102298
11.441251
83.33057
50.20974
143.12643
66.63406
95.52952
77.58442
52.286823
40.08329
52.18455
40.31279
16.536215
29.426596
12.858103
31.51475
48.313023
62.960644
44.07
63.46572
42.76974
77.01948
16.697071
40.134384
43.482033
61.56568
62.112488
74.29205
68.365295
275.80896
189.2715
15.824864
19.898327
46.48209
94.51368
117.0354
99.701256
69.884224
116.96571
127.485146
122.21681
88.896706
121.072495
19.792397
17.367756
70.32343
93.98291
45.679405
16.182884
26.745785
20.514946
23.568964
30.209717
66.43888
54.691284
105.57186
83.14726
84.88162
54.797596
55.293602
69.23338
77.47783
61.136726
62.14657
33.259003
14.299814
36.74337
34.96021
27.394978
39.404533
39.278767
11.569764
30.3732
86.7581
120.710754
68.688126
20.01681
26.782923
48.247154
2.5128427
14.37753
46.459602
78.65994
65.25682
36.266777
21.903152
38.20575
21.399021
24.30332
5.327346
8.948681
11.728733
16.672827
23.123394
74.29827
55.151386
50.46766
70.53352
35.718914
39.473366
48.843143
71.329124
47.953003
25.597912
42.142944
72.800995
66.157616
39.054928
105.98027
137.72499
202.5272
140.9113
81.34251
68.47966
86.79829
141.03607
116.992165
63.5435
51.018314
28.889273
109.09695
90.71114
99.783005
21.298409
26.252033
63.457012
63.862877
20.585049
33.508354
138.48227
82.75444
102.64492
176.30452
147.13908
176.6973
32.25473
192.39688
105.22439
90.18321
90.82708
135.04099
60.175537
57.32195
68.39034
80.78465
101.85384
49.321945
165.65804
102.31758
59.758217
18.276257
12.2806225
26.314106
18.614523
19.238483
22.257494
17.20807
18.55328
15.072263
36.307518
13.66754
29.529602
67.172585
57.41208
54.971172
106.98718
129.81253
93.8021
77.45429
85.29259
23.781351
74.04859
149.62839
114.39329
10.415058
43.627502
32.92118
26.273209
33.83878
33.432533
115.431595
123.63698
14.269656
18.483257
13.944982
35.9291
27.616028
39.655807
112.54885
78.99617
16.13043
60.513115
30.313282
45.75756
44.993156
32.369835
108.494
35.20707
58.579002
54.797493
78.43109
59.268585
81.3607
109.0294
86.78694
98.452934
82.99273
40.084045
46.14686
126.33602
62.054527
76.58164
134.15225
76.36325
32.724926
104.01388
21.494072
1.2598515
27.123917
27.169977
24.989666
119.05808
118.38828
134.9667
127.88914
114.089905
36.24273
63.310852
20.677654
116.58992
62.496834
3.0866616
53.345703
49.072273
77.98
85.4615
75.836716
135.38678
23.831236
28.054379
26.193623
119.24147
91.48645
76.75241
88.75747
130.07909
86.22405
124.7204
116.23629
90.95946
72.93676
125.79641
113.283936
55.667244
98.98372
59.00887
53.80705
52.810158
61.5066
61.674244
40.912308
32.791313
27.937252
33.7696
44.225075
42.842274
71.32787
142.29709
72.079926
28.797796
52.97746
49.78341
40.06806
45.835445
17.3407
27.191631
24.0732
42.615025
45.473923
27.082111
