340.42505
209.05215
113.6957
10.356329
25.236181
23.834637
103.45471
59.473286
36.85909
36.79895
35.480766
58.351055
64.46789
39.277016
44.472057
56.79236
80.96156
46.020206
39.62947
35.856995
62.21766
30.764389
107.88192
47.39494
35.820427
6.6198854
6.7995443
5.8264475
13.276538
161.85367
108.741356
140.85672
299.85815
149.63818
115.969604
113.960266
135.87383
88.22865
117.697586
93.60035
97.91507
91.83191
178.08095
45.091995
39.383667
63.59014
49.466328
37.71175
44.67611
84.668106
67.93584
11.62947
69.906815
15.703737
51.26087
13.482472
20.64293
22.577936
15.725206
32.82894
46.88908
14.4439745
6.561648
16.9959
24.617573
46.521492
32.426216
44.95162
39.828632
62.749004
5.9344053
15.159993
13.80453
19.900349
139.09393
66.3973
77.5995
50.53076
43.756523
45.89704
34.434795
32.563316
28.094315
48.581123
78.22498
38.68341
20.837057
16.875021
16.304039
41.645
23.814499
31.701065
54.245155
55.961285
37.124016
6.500313
14.5182705
40.7084
46.1657
122.402306
103.331764
67.614815
67.856636
81.08095
46.530983
70.70683
105.73031
95.28926
22.326435
37.804554
37.84322
18.329615
4.2412224
20.177032
14.875389
26.356115
36.167576
23.383286
22.79057
36.030888
22.534805
47.22088
33.427746
41.562206
39.01225
32.03427
15.205687
102.27238
83.251816
50.07236
45.344444
53.09774
30.029919
29.468632
42.874683
44.758442
11.130377
38.88394
20.768372
35.65853
31.675129
54.196373
119.91398
53.43749
31.929539
63.576885
66.23993
38.64356
15.691229
31.435806
9.670136
47.59344
34.051254
44.821083
3.70463
18.3735
60.21823
30.60585
25.540024
4.322795
13.143204
32.903526
21.961979
24.944576
11.387619
7.8574815
16.43888
29.70751
3.1727521
0.93275225
10.27257
23.449606
25.689062
44.347244
10.44415
40.490936
6.154341
22.775328
40.34795
37.463966
16.96883
33.614113
15.746855
37.66365
19.355986
42.354843
30.007238
59.962975
68.95961
113.361
36.695187
52.627716
10.665132
15.518481
4.2202744
5.730395
22.079481
25.21313
51.314514
18.606752
30.379822
23.374117
35.652134
47.6155
82.16947
58.293213
52.230053
78.40284
41.968052
11.946281
25.828863
12.105839
46.33634
42.5578
5.337713
19.715322
14.557406
15.555344
26.795132
13.923838
24.104183
72.7113
62.80547
39.806488
60.132103
83.87785
6.9408555
24.421387
84.143845
69.59361
60.66974
90.159325
67.71044
96.52177
44.315872
10.897451
25.323093
11.116666
12.778139
34.697155
41.5415
26.613644
21.623158
20.920597
18.041685
35.231686
35.15685
30.462763
22.535973
43.73392
17.0202
15.311089
26.02092
27.197306
6.5435753
14.605997
38.94507
16.27575
32.304638
62.794384
47.98139
47.69534
60.80593
11.875167
25.145813
21.916712
15.141643
10.756726
9.79243
14.623082
17.786457
21.55882
37.507866
67.57066
50.1664
55.70199
55.949657
45.349453
59.820965
81.0594
48.03527
59.57502
46.25913
48.03502
32.81343
67.595566
183.85522
168.31294
167.9502
141.57219
140.92967
245.61015
131.16946
104.46245
154.63153
159.97981
57.98455
24.937553
34.997547
24.88067
25.08443
15.104457
23.974003
17.000454
9.908926
33.034977
60.295692
139.40323
73.32959
47.709404
51.162193
63.519203
46.78961
24.416899
26.024744
27.071798
28.627024
10.021299
28.693674
32.97413
50.937706
32.76591
44.1901
40.952793
43.86192
51.487476
26.53234
56.159668
52.14315
52.905373
41.600716
51.357033
63.862385
216.47229
20.854979
105.29607
23.433018
35.99995
39.90769
60.512184
39.00515
27.15239
31.946604
45.907433
42.133793
36.448395
84.86354
65.06724
38.918316
45.329212
34.69355
5.9271173
7.64322
17.269331
28.96959
29.315552
36.01634
74.80115
29.53533
112.06012
136.3765
143.7849
222.04903
193.49574
24.693832
38.674904
17.738487
57.59745
54.56308
46.29906
58.053333
55.097565
23.287043
81.993965
81.4079
45.861774
27.407232
63.186596
126.374
76.22826
90.138145
106.00093
26.255793
41.06205
21.096483
106.553345
14.253863
33.424217
20.264294
2.5957866
15.478139
50.176857
37.98872
48.16377
44.367348
141.78693
11.3334255
20.977993
29.323923
24.134163
43.503838
109.08925
39.87394
47.1831
65.01001
50.38465
63.31646
71.94648
59.094734
79.61863
64.43095
83.58826
65.244896
60.30736
66.190384
64.12258
35.53497
39.440933
48.05877
38.9
14.774959
25.60535
5.836772
15.0328045
68.65212
48.746754
52.8021
48.088913
51.823463
54.60072
104.55751
45.55468
31.463223
52.01933
47.254246
28.762201
55.5971
29.431274
43.407356
29.684803
25.951054
50.71933
25.151005
27.338634
108.28788
51.870434
102.67477
100.98234
77.20693
56.91228
58.508858
77.59451
99.627975
97.095665
115.2755
17.826607
34.08926
36.711742
37.44378
24.051674
59.21414
68.112175
195.24376
154.64206
155.08969
139.4841
85.86835
92.576965
125.32603
88.14917
92.37251
141.33377
90.30657
103.33659
87.47328
42.805775
31.644878
17.939762
43.62814
43.943394
109.96641
32.309105
42.386154
85.97594
36.912395
71.21943
59.26063
28.253946
40.121086
28.791485
40.56711
44.739494
73.38875
20.715366
62.58318
54.351585
90.37075
85.41061
32.32267
112.62667
155.07188
120.29219
105.87508
144.47737
154.4736
155.79459
165.82738
157.4681
156.3156
91.31758
56.26394
22.101326
20.176651
47.09819
34.141975
18.1479
97.07966
124.995834
83.622536
84.40439
156.50017
4.989564
10.526731
3.647143
19.44103
67.34024
53.132774
25.259125
49.159065
49.698303
193.2981
124.62445
19.157724
36.03748
21.183079
35.4865
32.920437
54.817585
47.355858
148.22818
91.21261
85.07558
83.55658
97.15841
113.23506
35.237297
112.43608
59.38622
101.04847
109.39734
119.05448
127.33081
136.81842
157.61086
81.41344
121.37811
97.47026
67.46919
58.512646
54.529816
44.065456
86.81496
86.37868
36.193764
96.921005
98.52543
48.10755
5.0277457
18.148085
8.539813
61.97454
4.405748
114.348305
19.906374
59.2044
31.297726
62.023754
63.34904
4.3938794
109.388916
35.098766
19.536613
22.473167
62.55181
30.137356
12.022009
78.83653
20.872852
41.86289
51.52404
14.819531
42.2608
105.47628
119.069725
94.14518
104.226425
76.39266
100.696396
138.31488
132.96404
221.37259
127.39966
78.33586
92.33328
103.08069
113.25393
26.173117
39.313324
38.256187
37.70126
61.53296
49.01839
48.961433
61.315937
53.49278
80.09822
55.535603
58.81496
8.280206
39.6394
88.1224
119.83501
76.840355
77.466805
111.35165
58.862377
70.141846
52.2297
81.78663
74.91838
27.181042
87.029076
25.364326
67.48153
68.044945
87.89047
78.21798
121.32755
2.0962183
27.40076
120.9153
133.87663
150.12532
131.43295
127.29512
84.50563
63.512524
56.232033
39.198185
29.241764
93.281204
43.505302
64.33214
76.466866
85.91664
91.66236
133.4603
166.3395
102.05443
119.361206
86.7512
4.346235
17.492247
18.464842
43.550667
40.169575
29.192347
59.09443
47.849365
67.31192
37.86433
26.773417
38.36306
39.9105
51.14846
8.437033
36.629463
79.98866
19.254564
20.231989
14.100908
105.55924
169.08194
119.37655
174.4769
101.10164
28.570515
43.01632
49.36123
56.76284
27.114798
123.83413
85.648575
119.28318
144.64702
142.84277
106.50796
82.78661
108.26848
173.06729
139.36292
27.152395
25.445059
68.27534
33.661583
37.587074
47.612396
50.280327
20.739868
12.406295
15.922571
3.7703087
20.28584
32.82735
21.736391
57.62159
11.865402
13.013891
18.514025
20.688805
26.674154
102.98738
30.234655
78.77553
33.410408
19.17332
55.481762
107.32501
113.78389
124.07485
154.75415
127.49681
186.78995
130.0968
41.622547
18.440819
21.163876
25.50853
25.095455
26.330402
38.94208
50.945583
29.756031
47.174347
56.09778
81.90718
43.986443
84.20015
30.862234
48.97725
28.610569
20.800747
31.447662
20.034279
86.04007
62.98036
89.188324
68.38789
162.7684
107.02203
153.27182
67.16429
43.895542
12.558029
37.14669
28.320398
29.289474
71.38933
51.804455
42.891968
105.24225
84.10521
68.95363
138.31114
94.21521
75.008095
66.98417
77.87673
13.256778
13.718692
23.935904
26.098867
41.884216
61.19654
8.142632
50.453
18.082272
19.56084
28.766687
5.9398847
3.630441
61.94388
45.238743
34.436226
30.756067
29.227016
56.857338
79.724686
75.61464
100.42745
39.746674
15.697668
41.63766
46.577267
102.812035
89.012535
117.82356
47.70543
25.365269
45.651
58.684765
70.88463
110.287964
58.827385
44.85755
83.91537
27.52554
31.352533
16.639614
46.663883
72.082245
80.25183
11.542949
38.316475
59.780224
31.318243
30.046413
19.137402
17.05345
28.737787
39.567513
16.301855
14.896166
38.536034
44.826538
19.405596
22.750748
166.4543
64.33329
41.046673
38.72286
44.456047
38.042156
25.244867
78.362686
260.00165
170.9573
221.75912
180.61612
36.761074
14.386889
89.475876
99.475426
70.181145
147.80235
235.99211
110.372055
141.58125
96.96328
94.79587
101.80919
160.56488
77.690765
64.2908
69.24249
59.865425
72.263916
67.626076
75.40663
120.50417
94.13575
115.11183
93.50794
107.828026
84.596275
138.36096
74.68117
117.40547
107.721436
117.17399
93.13788
119.28513
82.455734
64.59532
188.40665
77.958466
120.00789
83.69127
85.56427
84.15111
100.23514
107.90416
5.0983534
12.633237
4.7835207
39.568546
48.48451
24.842218
43.499226
134.2676
65.723076
62.54481
39.994152
23.617573
25.436144
34.496674
36.719234
59.97712
20.897507
42.736534
62.964672
21.63418
25.27978
12.725989
36.713264
16.752182
35.246407
25.7052
21.172352
103.92323
95.69164
111.80337
114.91551
77.83045
37.342297
51.63317
51.081177
98.410286
91.5468
99.34031
95.595024
124.243385
95.808945
101.224396
97.729836
89.82644
88.10115
120.21548
98.382385
124.10708
152.09166
190.51074
36.962612
48.787365
29.970531
22.74545
20.069202
36.8699
74.37193
36.30976
24.858782
30.40715
23.951128
21.897354
39.954903
23.710073
40.749935
62.85332
25.147114
39.021603
68.62819
53.64449
60.940044
54.403633
76.00209
9.904972
11.234542
20.68135
33.20849
32.857876
19.162695
88.17149
77.43782
49.324947
59.57192
85.44136
57.77718
117.79613
183.38702
101.08424
91.19363
90.83064
112.923874
91.39096
151.89763
3.1635766
102.46912
130.57248
138.76474
104.84766
91.38489
83.5194
138.01517
98.25901
89.684715
18.306953
41.78786
27.179937
24.926884
24.3642
46.07874
89.68923
48.04212
21.520796
43.998413
58.02787
76.15666
55.21221
29.29411
36.999428
30.147968
75.916336
33.240993
9.4021635
108.89325
80.92853
55.344055
43.317097
47.260612
41.30666
63.87213
53.90965
26.53424
20.268755
16.198816
32.634655
27.349127
34.970707
23.567215
20.50504
39.880714
37.923447
70.25891
91.85181
64.076775
2.5872197
22.954607
14.820297
53.63728
67.53702
52.02124
97.75784
54.6697
59.35163
41.948956
46.09594
34.63264
21.06535
23.978888
73.57552
16.017601
94.11886
68.220665
76.533966
61.504963
87.23413
97.93724
122.308395
101.91113
85.43772
192.49738
76.76564
79.066086
91.840324
71.81816
21.882923
40.74206
39.65999
47.639637
69.25551
59.6709
75.62043
67.18548
152.73984
137.09412
103.57295
132.75569
154.21931
94.95491
124.63019
95.5559
85.91747
102.32478
106.0564
179.87627
13.350639
17.102665
59.80946
54.103798
24.183466
20.24583
64.17775
17.820824
9.6911545
42.543797
47.6129
38.607998
13.020185
15.17095
3.5307097
41.747322
77.744675
51.738823
45.470943
16.535051
39.530262
17.627333
5.6081643
77.625725
84.70383
44.066807
52.673073
62.353924
56.170815
74.63731
40.339455
51.790882
57.089264
56.89461
52.69402
52.927044
16.096443
16.94186
23.0212
21.11684
53.97536
54.215992
45.953587
91.551155
63.170086
66.64174
33.03259
20.314053
40.292767
22.927647
43.88852
23.787834
41.097893
37.253136
37.92926
41.821114
15.565561
19.155243
43.32359
33.676872
40.338665
18.211617
26.853155
20.623531
10.007758
9.4682455
18.905499
33.582943
22.89066
20.859198
0.950477
20.805815
9.606901
47.620758
23.238691
18.56213
9.360497
18.048908
0.75056565
36.927338
12.994051
6.1504774
48.848194
23.629995
23.585947
42.474777
16.168793
5.917475
12.132589
16.014538
20.154593
36.266903
39.875603
10.801752
19.194218
73.73361
98.067375
80.48527
105.022095
142.23117
53.939533
45.060818
50.89535
55.065315
58.791542
57.01777
27.971182
20.94415
33.799477
33.03582
26.575272
27.835453
42.63907
53.689003
31.95431
22.920963
32.342632
14.739079
23.780209
46.838554
49.6378
39.76954
58.398582
37.396645
59.045666
33.500248
30.4071
56.489372
50.18756
122.56825
122.78906
100.655106
117.678345
109.14699
120.7783
121.58956
83.98466
163.10849
242.87479
118.583534
130.33517
137.26357
173.35469
86.173874
167.03214
171.98503
95.241806
95.31524
108.2583
93.96355
88.192696
122.69468
100.22606
90.10321
231.41585
30.41095
14.267725
23.904423
49.927742
102.232254
79.77498
91.02147
60.94754
41.445133
38.937576
58.662292
47.326897
71.44566
56.98883
156.7607
135.52255
146.65222
150.36545
115.17787
88.05419
80.12224
77.08803
115.744545
136.05319
156.50496
93.18681
155.86777
94.32482
18.352997
87.15236
74.97914
157.41878
121.12759
135.86096
75.36318
19.925945
22.067125
39.24626
58.71807
46.54913
35.559025
20.858685
34.685562
18.471958
22.116442
48.211163
18.720078
58.900005
73.69274
141.39084
88.2545
32.935516
54.682514
35.02764
61.527515
5.621613
9.39441
19.311903
65.27663
117.72671
37.20208
79.89824
30.652414
38.90841
110.778885
93.2252
31.315414
22.979877
23.137424
9.248456
19.890694
18.332111
78.194595
8.310987
26.956299
39.5435
65.961975
93.28685
84.529465
86.09562
24.53628
88.97385
62.45942
65.1469
95.58972
65.419174
91.850296
130.05234
57.75183
56.29492
66.25505
62.799652
159.87456
69.44793
37.25941
49.657707
45.840218
149.63246
33.79638
113.46423
77.26134
105.3738
108.673805
75.80179
114.16343
111.515015
116.99219
134.13991
107.18284
78.58227
21.51845
19.933481
30.699032
26.623587
27.33525
44.673527
35.77871
105.131454
159.65811
161.8892
64.235054
75.76149
94.43283
73.01195
103.708206
103.79454
68.57558
35.283215
41.67949
22.27949
56.63518
37.77606
13.193773
21.407078
17.94489
12.951242
54.628166
36.842052
21.239712
39.024467
21.296434
13.076948
9.0555725
18.548628
17.50427
21.842861
35.364803
6.3673806
15.30923
54.67586
90.602554
61.496094
55.285065
131.624
97.30153
25.948353
13.325056
28.595758
1.0767295
13.616979
24.014927
32.5427
105.691574
98.48448
119.24803
50.75895
32.42465
50.848198
84.63059
96.60417
175.88615
4.7168117
3.639325
42.27433
7.0002413
14.495928
15.023508
21.014826
43.993053
26.583303
32.130257
12.919988
20.13532
27.851986
12.140986
30.65601
32.469524
49.6257
13.12306
5.9963355
2.2172103
16.990513
13.700772
18.230984
40.470615
15.55332
8.478084
5.799553
16.420988
30.279255
38.003105
20.699373
25.46146
0.9888817
13.089361
17.526545
15.827057
8.148602
31.127783
55.613686
59.45805
77.48077
57.093178
102.34068
100.38705
76.698875
72.92578
49.405243
51.875793
61.079323
121.494606
85.282845
44.36506
39.145065
55.811768
28.100931
20.25461
25.829462
34.457546
38.75575
24.43433
14.730743
20.223915
21.792213
50.43422
80.54989
82.1895
61.722046
110.29222
87.30937
67.679214
69.18589
100.348656
77.58762
57.56183
59.285748
70.22426
60.429283
67.15822
5.5315447
23.165466
20.246689
19.293335
21.294807
27.885263
16.966125
13.845888
5.214254
15.843962
39.72852
57.20365
80.09549
80.79393
19.179451
32.81699
38.876118
23.749882
7.5788355
22.848015
26.143887
31.974081
34.372726
28.84226
3.0127625
15.299395
37.22191
15.364039
14.875677
21.331715
14.339479
29.876736
14.59968
12.835696
33.279808
18.547832
40.068714
34.865944
33.53406
86.960976
7.003949
7.523024
18.544163
18.246288
17.858868
18.744808
31.74375
119.880775
120.90987
16.621702
4.536203
46.783108
62.16001
70.92955
47.73922
54.719776
75.65957
25.659336
14.891744
37.03778
36.36491
16.835972
29.5153
40.654217
39.81298
18.490685
28.174658
14.434253
23.421162
21.446413
66.354225
67.736404
61.917126
13.798683
26.19198
11.607484
2.82728
11.032443
10.253919
9.070402
11.0555
11.173415
9.827795
14.134462
14.117887
29.738882
20.56128
40.891212
5.653017
9.272079
26.8151
31.965988
18.129164
43.70352
3.2248473
12.865351
3.7324758
5.9829354
24.132206
38.53543
28.37846
45.980354
51.48404
59.8873
59.1526
55.54699
58.27894
105.874855
94.93405
59.972572
69.76332
71.689224
136.12097
72.78912
69.21991
31.476032
5.161578
9.051434
29.066534
39.71812
36.136818
144.88934
122.19173
121.27517
78.535675
80.50876
107.03123
70.49044
57.95508
78.9565
57.538227
67.26967
35.927135
59.118126
28.193213
61.05303
73.823105
69.93313
24.297728
20.017084
34.273964
70.17381
41.33665
67.91268
76.01112
52.764637
50.898365
45.1865
42.64027
43.883583
1.1369855
6.7827272
34.670784
24.3172
29.037497
39.70342
31.443033
21.63765
3.907083
28.82868
25.173891
23.034122
82.06461
14.331671
37.29448
49.97537
79.43208
87.54016
11.667563
23.350983
48.99471
85.329
39.71886
118.62105
93.881325
70.984535
84.26058
76.81702
75.69343
129.1879
234.51797
354.58047
77.769875
81.09961
59.726818
59.42691
77.258484
79.20964
77.71925
124.52106
78.44242
85.14199
82.870155
113.62856
103.776505
104.30029
79.17406
28.362827
48.86952
54.729504
28.966259
43.009354
34.32134
24.69347
51.29466
39.385075
43.34228
41.775185
25.052086
65.500755
99.892685
93.55423
2.434386
21.018757
49.987247
68.918365
26.383533
26.349253
44.407063
27.0758
23.208057
37.863117
37.41256
63.930664
61.86439
36.22159
35.985634
17.798634
31.469976
53.376526
27.193027
58.2216
46.318752
99.673935
82.942604
71.77189
47.7975
49.18312
7.2770224
57.71562
56.323162
43.275738
40.526844
43.994946
109.47036
29.471771
25.405167
27.565332
45.704796
94.359215
81.87489
46.01775
62.569958
44.691967
36.20547
38.879353
21.678667
22.275303
33.471687
32.26803
53.659218
82.55751
49.760765
60.83421
21.145935
59.009056
12.3844795
35.52616
38.171104
42.335987
24.409096
51.770782
65.91734
48.67144
23.672085
20.769154
68.97768
24.362156
42.361652
23.949238
32.088737
64.21022
150.36813
55.537666
58.41393
42.584652
12.72277
55.15685
14.540327
19.654928
36.065125
56.74113
49.8997
38.259663
65.71954
74.77128
93.68003
160.8596
87.86978
195.44983
90.313515
75.568436
147.01419
107.01638
95.93539
100.802895
43.95578
41.871704
33.030006
70.97525
79.00269
84.226906
146.71162
83.594925
87.87565
145.0006
11.035125
36.235855
35.92868
101.56828
5.7903733
29.122814
37.718758
92.60457
47.428318
204.0864
75.446205
139.19815
106.43058
220.44177
152.38803
129.38297
138.11711
108.04905
193.7507
63.59782
43.15914
58.389214
42.736717
37.728493
70.37185
37.155914
56.643677
11.620062
44.386192
75.27213
48.498756
44.45614
23.861122
29.63238
33.19875
44.002037
18.084766
35.325447
38.783268
63.58726
99.39016
34.23903
35.062313
30.315039
30.526428
54.504017
44.156544
44.427578
52.755516
14.52947
24.714077
36.579006
43.14312
18.944801
70.350784
90.44672
65.32812
25.857174
33.420692
41.44848
66.46576
21.19572
50.275444
31.160141
44.820858
23.443563
34.815903
45.53936
22.943014
44.588104
71.80211
36.845863
50.054207
112.99695
32.43584
24.449816
111.81222
102.12688
90.408936
130.94478
11.441198
33.52343
31.473766
27.648586
17.342194
106.368774
144.42747
205.24454
187.18585
155.2156
14.537959
22.341038
51.823753
15.15531
36.82635
104.13194
106.8587
198.8422
95.83628
97.25372
107.15727
125.89512
120.36135
205.19913
96.201096
90.29468
80.56939
93.76354
165.02766
143.32608
182.22482
78.863525
98.38393
85.33647
86.053894
95.36481
117.21256
99.56575
79.069466
75.3397
21.951359
22.826845
31.60741
13.739741
26.40099
25.581272
51.012947
26.761316
46.455837
48.228813
40.104504
30.367548
37.757828
27.859747
36.900795
45.79653
50.93386
77.26791
73.78522
71.67504
11.401373
35.616096
15.749777
19.617765
21.799255
21.095905
25.710983
38.802963
39.522034
56.310143
57.758423
75.26553
65.54762
137.49423
94.636
283.76154
227.14099
165.7439
82.774734
79.662735
66.8055
88.79311
147.48755
33.084957
14.6790085
34.191154
35.614235
39.594315
26.969875
16.431246
24.851597
34.82851
25.701925
33.656975
22.147202
17.819212
12.951999
5.4055624
37.94355
67.28504
67.26735
30.62171
34.166008
44.677097
24.992378
80.25621
36.5237
5.7297783
14.769152
19.510311
81.926834
2.8805017
105.00786
83.466866
3.880743
63.245033
28.179897
44.010338
71.94322
15.932263
37.35244
42.244267
14.251079
44.09893
27.910564
30.76366
29.0548
23.589422
50.675674
49.590042
76.55559
93.66219
59.53295
78.775764
59.4492
83.08264
64.15521
90.73343
40.10489
36.42971
60.843544
62.03759
19.75877
10.008426
3.1038342
13.381726
32.394585
47.28504
37.875687
12.155407
17.843142
57.67278
46.250065
41.534023
59.626183
20.84518
117.28035
42.39347
34.025757
33.368347
26.361202
57.121307
75.199005
26.96643
52.17824
32.0979
54.439384
74.35258
69.06566
42.220524
49.45646
20.34815
31.802546
28.70871
131.03043
106.923706
109.24825
123.75728
145.59587
161.10788
128.2492
136.48668
59.850536
18.68639
78.22611
1.8848013
0.9665661
61.403343
95.7397
86.74203
48.941277
45.377724
57.386677
76.80318
80.61366
114.454994
106.39986
73.44487
99.401
93.65169
15.735423
40.74176
39.723804
12.859973
51.40624
51.246796
100.11303
37.32553
86.57478
96.75991
62.268787
151.58151
114.8459
89.11808
90.14702
77.95447
109.328285
40.756306
79.103714
70.76772
74.206924
33.37773
88.10405
21.102589
21.053217
62.244774
91.65537
42.740303
43.509987
31.191982
43.58523
19.774992
31.544697
121.04879
104.47502
84.9008
111.71714
94.15358
56.997307
63.547047
66.672485
155.11089
120.23568
104.69989
91.0553
105.32102
22.930876
41.839275
79.50669
53.589497
60.394783
95.0083
150.8599
41.58952
46.61254
76.780685
80.624825
136.15129
80.73557
113.56084
95.07015
63.888268
64.150055
107.85231
214.67993
183.70001
99.47705
6.3384333
48.489433
36.54058
103.020584
172.33374
110.45587
139.82361
120.35164
60.54482
67.00614
54.340527
86.41252
102.54568
72.79798
31.443462
51.99779
26.914593
20.33702
25.935358
24.564579
27.03688
61.990395
38.406204
30.7486
45.457596
17.752485
17.357393
23.75865
41.52225
87.37996
25.148106
26.681671
17.089437
51.522583
46.49865
4.223336
33.9895
31.759258
65.18569
38.47717
36.75624
63.818993
47.427273
86.40122
33.04848
57.58736
32.110992
57.638153
38.64428
31.785107
45.52699
39.199963
39.388195
17.3554
48.00619
25.613312
26.531565
10.763473
27.047363
20.692097
3.516316
17.183702
30.860495
20.846006
29.272406
38.668568
21.248785
14.461782
10.910404
41.113926
40.34818
53.285217
52.042847
48.081337
54.219597
24.625805
9.637642
20.923473
20.524439
54.091667
17.24348
62.2516
51.835167
2.1875825
44.68223
4.986607
15.610866
15.671475
85.06276
29.685953
69.4568
112.38336
93.36821
68.24895
16.991674
13.008985
110.291954
77.03226
76.734245
7.714872
71.046715
64.633865
61.41026
73.116196
118.50075
30.847858
77.38758
47.018497
18.851442
39.03293
51.13361
29.640491
30.429852
13.884252
54.326485
19.659174
23.772316
21.018505
36.23203
44.729298
8.233952
54.170277
31.941837
35.767662
51.77412
45.175842
37.147972
42.654705
95.23172
24.742008
21.729235
37.153145
74.98866
68.12945
13.622343
45.43508
98.87707
32.088535
36.10434
20.489553
85.40774
28.042755
52.4858
41.86256
55.6946
51.70112
142.89789
108.89818
194.91913
80.92026
83.25186
12.220268
17.546734
47.133064
95.729706
176.19186
162.84798
141.51123
164.90158
102.340836
89.44273
123.23501
96.576
203.49763
93.245865
100.95752
202.40425
154.23726
170.50244
13.677533
14.788124
73.13475
51.600555
37.401955
44.389675
46.80582
33.877796
35.678383
107.898964
134.88258
61.708435
97.659836
71.23965
73.80301
32.211815
50.569813
113.66943
109.06091
92.144844
105.221985
154.07474
108.22142
106.873795
97.12038
109.2038
34.411716
61.05677
66.813705
64.366714
116.9083
104.94324
82.443695
40.548485
53.225792
36.392693
37.776417
56.989086
37.96032
118.96022
24.93858
20.061907
67.07193
34.608253
63.904064
36.293587
38.598217
51.647377
20.409084
82.92545
55.209175
25.174503
25.903183
78.237495
71.77382
99.10066
111.70343
10.841212
21.564074
36.045757
16.541859
32.61052
36.330173
47.74108
91.58313
65.80809
56.115303
35.461098
4.8118525
24.051556
27.707708
1.7006098
39.743523
41.974754
17.972366
70.14977
57.72162
151.24548
110.46837
107.76151
109.81877
104.46072
97.269
188.45746
94.39879
63.836395
51.301983
9.240734
179.72293
146.20782
173.04349
120.6368
133.98863
7.6391993
71.856636
78.125206
103.70229
47.68992
34.116386
35.092415
7.9059725
104.64571
33.646477
29.483654
26.88594
9.31462
27.830402
54.629223
35.759483
22.867125
62.564777
74.72551
52.666862
73.447525
44.0788
68.02075
72.85164
242.4987
176.52548
22.570484
103.99536
150.44652
80.98771
48.383553
196.22658
90.93695
6.6883383
25.208899
70.317184
52.900078
22.393261
82.68289
40.726406
39.174873
77.53928
48.27401
62.918457
51.535156
59.03362
125.260704
38.94785
68.03313
90.716255
119.83952
101.34531
107.66068
117.70538
93.50806
142.13449
97.911354
84.161255
98.739586
79.35509
86.5411
117.18839
121.943436
139.5793
84.19853
75.61078
24.872936
18.471796
73.65019
64.87373
66.322495
80.321014
56.340862
111.871666
37.238403
31.517353
53.825153
11.634222
19.526705
49.6969
16.598248
96.934135
43.60131
77.59279
31.073956
37.53002
17.492428
33.039436
11.830441
21.9491
46.209038
88.09153
95.79054
161.66089
113.85789
185.19461
23.39233
33.695015
32.2472
30.07998
49.52882
21.558098
82.70341
38.18828
79.15723
54.446968
71.51207
54.85296
82.09526
83.10938
80.281105
46.40541
63.867363
1.910924
22.603924
36.282898
75.19832
21.206573
69.384254
23.41888
27.92063
14.919104
29.94115
51.49369
61.617786
25.068136
104.29301
87.735214
73.034134
94.62029
78.20847
167.01959
91.23182
88.17779
91.07967
190.67264
104.57318
119.61887
105.50407
151.38432
124.53131
189.66837
1.2255757
15.412152
10.386019
66.07023
38.47539
47.210346
41.64345
18.11663
64.30864
64.516075
65.65369
68.71792
47.111713
20.7989
30.590418
36.213406
36.241013
17.447292
32.57079
23.083723
69.1026
27.457571
23.208258
45.165535
42.979393
40.499172
51.71634
21.406319
41.615536
44.663975
7.070698
18.28709
25.776377
28.34108
32.6927
44.409645
41.3155
36.337612
83.952446
70.24674
91.73812
56.512962
54.504234
24.654654
17.274137
35.542355
52.956757
38.94899
32.442986
44.714657
26.52193
27.217386
51.31673
28.153204
22.426695
19.384396
112.52026
100.43168
75.73329
90.20729
78.79402
61.03379
104.416824
54.985584
46.397915
24.055857
22.11755
36.31605
10.999826
15.679964
28.299292
29.990606
36.21251
94.97606
58.428413
42.42594
55.208
24.813465
90.79752
34.902363
90.4767
82.85844
128.77402
150.17073
41.79499
30.696955
36.031174
4.3047705
100.84478
28.167149
3.479445
46.346592
46.299503
26.84347
14.205215
25.428661
80.66914
93.48435
117.93024
8.645643
49.91673
58.540466
148.38998
132.21573
124.19566
166.94304
195.73055
15.767146
35.730667
64.89916
58.986156
37.132988
76.22439
50.79629
30.908758
53.214314
49.630554
42.639645
65.40309
52.38009
50.90464
20.981108
37.18407
23.004372
33.637314
21.6814
14.978343
41.840225
16.029034
18.477955
54.82427
72.974106
20.050587
79.38279
35.892845
69.50521
67.077156
54.96624
26.075512
147.91464
77.178024
83.46132
75.15715
74.94408
86.1284
16.93036
46.04978
50.368904
29.553732
20.441404
38.446945
50.95571
28.64452
80.03062
71.29329
53.245697
44.511524
113.8288
74.66891
16.130026
33.143387
48.71004
46.089077
65.47201
19.505838
30.572123
39.082497
30.257517
38.355904
60.1083
33.36307
24.232405
2.6217327
11.770492
4.2889047
18.75756
47.515667
35.673836
17.181625
60.461815
99.0092
111.60744
99.31003
37.92204
91.15714
53.575714
39.420403
13.954511
58.94848
46.029564
19.973854
30.17424
69.31389
42.763187
32.592598
57.328026
2.7829921
20.716492
92.10603
105.403305
109.74071
90.62107
112.70266
106.44783
145.19695
126.350426
165.23495
88.13419
102.21575
106.44122
124.80074
115.0416
86.58996
74.27926
23.22134
35.80938
35.73757
58.56373
105.50795
102.9385
57.081596
20.817713
65.59481
17.898518
69.37242
88.13187
13.911219
41.468513
29.873678
31.409174
12.159212
25.571718
43.810703
40.93167
56.85486
88.933495
37.39377
32.156044
70.52403
58.322
79.5287
24.217308
18.979788
32.554966
20.80047
99.88662
75.73628
28.400646
97.65153
261.88885
164.00632
195.74435
91.979515
68.428085
42.22861
102.5683
136.90123
97.673874
54.870583
87.508224
84.8665
58.469116
58.630512
81.14958
79.50702
165.20792
12.353751
19.620672
66.41656
4.052175
24.654764
42.73487
13.034848
45.444324
71.68825
42.69325
25.588476
30.183079
12.625668
55.80224
69.61116
41.18126
12.819875
12.050874
15.120257
35.370155
20.259281
14.056882
38.86994
36.28025
67.78709
29.344711
41.765846
43.017445
104.80092
44.201195
32.628418
76.10388
51.34173
97.002884
96.75369
27.47027
37.66285
10.5805
35.879513
25.013378
21.607847
30.283194
28.631739
30.421597
36.739494
61.862427
18.466047
93.34605
86.141495
50.03858
101.92781
25.344826
47.286804
41.13583
20.08638
26.074219
31.710648
98.42269
10.031288
20.832281
44.67247
16.947033
18.05985
46.244793
68.122505
16.609861
20.95493
67.59278
56.724236
22.275097
108.074814
161.67215
32.55914
13.815704
66.26527
67.12984
119.75877
84.30225
140.33377
143.23666
24.852951
43.14422
134.12137
113.67566
262.71542
44.05677
36.768623
49.053062
42.087685
38.216015
52.53708
46.257874
107.20042
48.62961
24.555698
10.5994835
28.179752
19.979126
60.71305
46.442585
36.278778
22.267376
74.34043
72.70013
30.88508
37.625973
21.545668
2.194816
2.0157962
112.84615
9.58824
18.716854
29.688604
46.549583
57.873207
69.96269
33.447563
40.21668
115.27689
9.875414
14.070888
28.287846
15.509436
23.992418
25.42671
84.57448
51.718727
46.419487
52.23995
12.51411
41.904335
83.45947
43.586693
19.392267
89.05692
188.76787
144.18608
23.600197
35.338966
22.699772
28.401316
39.591545
15.011171
59.5091
62.950798
80.23529
26.091751
123.841965
130.12637
3.2536297
56.190224
35.048958
29.548023
42.963844
128.9033
93.17449
117.93129
149.35445
138.93703
2.3695016
20.782394
16.566158
47.162926
52.245125
47.1811
23.255003
34.68233
75.51908
70.84766
25.526918
17.6451
30.115063
93.45061
77.424355
114.106606
52.76645
103.784935
134.77113
86.951004
184.79416
206.98262
122.07117
35.34043
26.436176
4.204701
127.87443
86.95604
61.459816
65.24568
69.69334
79.60067
102.428604
77.78462
74.20518
141.9208
151.80702
164.69962
108.83797
157.84412
90.5197
67.01393
95.46949
58.58309
96.77624
112.24184
164.15799
97.167496
95.847946
80.33129
96.81289
268.19586
224.10603
99.621605
106.96977
181.47232
205.59721
100.13049
169.12622
137.06973
109.52586
78.51875
63.728344
56.304047
175.74701
254.6993
148.72673
148.2639
135.59308
72.856
191.1018
110.71387
82.68716
165.19133
133.19902
20.470493
12.719136
20.284307
15.975296
21.978962
62.057545
58.23109
109.47551
10.8811455
23.771812
155.71136
100.01736
114.7926
105.466675
82.738
102.85445
96.84808
57.171577
44.388046
87.76607
95.549545
20.430801
10.209387
26.686518
23.074268
55.043957
59.97276
167.3502
221.2489
138.19989
199.34258
92.88759
202.32005
49.171696
21.227745
19.734474
13.994408
30.950241
30.288647
64.24131
39.42928
41.31645
102.49412
10.577557
82.255936
27.94718
50.73298
29.296688
112.169395
19.109005
25.249489
36.352257
35.23156
42.0282
94.459724
110.3052
76.19618
138.32814
120.38688
168.85306
133.2056
88.1578
104.860275
92.86422
117.14171
82.90346
100.95486
165.95724
188.57632
75.396255
51.353363
12.1442
24.988033
32.662575
69.53215
32.727154
45.129578
36.036343
24.002775
29.632624
36.025093
36.696907
51.759266
101.8867
29.601252
71.257675
73.75891
164.32019
73.04205
98.254715
165.47667
94.35881
32.6836
20.77439
69.21179
88.65486
103.595726
149.0621
162.06973
140.5266
144.01843
272.50342
41.9923
25.441164
16.255772
25.65651
30.722042
66.0865
64.192894
64.22521
27.894394
37.130844
43.544605
45.577415
20.114868
24.030176
106.065895
69.974625
71.84276
84.10131
79.93335
98.77835
61.425842
68.37352
22.846966
79.82854
79.24965
26.991486
50.526146
96.45887
27.982416
39.347134
53.971416
43.595757
38.00267
89.12065
101.98801
8.80007
47.464325
53.404064
49.645775
31.053864
12.54476
38.405766
22.20834
27.487507
31.353354
49.368187
12.539555
61.372345
82.0868
69.02458
170.72505
129.91605
158.10977
38.570133
59.83274
84.41757
34.744217
27.218435
94.91636
66.06736
92.96646
57.875256
96.585495
86.583885
181.85873
150.47968
56.18687
87.77724
253.6093
184.5886
245.79802
146.78716
179.56735
22.92388
113.48041
17.268589
42.5302
99.99951
194.11183
177.10857
8.061319
36.74876
55.108635
81.842926
61.304108
12.42526
21.487663
47.365902
33.986565
37.82012
45.963978
12.406097
72.84411
37.963135
53.690086
30.859735
132.50232
2.2446606
20.171083
4.738339
31.143026
73.57881
109.12016
111.215164
198.09941
183.06462
11.811548
41.197144
31.60349
9.381952
7.4883337
14.51324
56.895668
93.979
43.50253
24.098682
37.737453
47.52982
18.564114
76.438675
2.3857665
39.70072
33.09066
19.067455
52.276623
42.510597
75.56784
48.75496
28.22652
39.024864
53.55606
34.32296
28.447073
19.049473
48.31188
12.626637
20.463585
85.220665
66.87198
37.457985
21.566998
24.22936
33.321144
40.029827
33.253258
29.610168
68.771286
29.707333
65.4843
29.90183
64.75011
86.37281
3.2921684
31.867207
16.094131
35.55491
25.697565
40.3713
52.356995
33.27331
64.16274
130.6596
46.54932
38.769783
71.78233
48.005386
8.852025
17.21244
41.885353
47.62484
48.136456
73.91301
35.221134
36.25863
194.08704
147.98283
119.999855
89.50476
95.79162
88.736755
118.625854
2.1103747
2.7028384
50.864307
102.01414
93.5122
111.288925
112.63163
80.00364
124.499596
20.364407
115.25437
124.761925
21.428541
55.11216
59.630318
22.81646
35.262703
38.33937
8.303325
30.818447
10.637795
55.386486
17.922913
4.925384
13.148425
10.227892
21.695059
15.072294
26.40942
45.200783
77.29252
91.15263
62.255424
87.76967
140.43367
188.33861
47.998154
86.07518
109.18101
5.8981442
11.72532
41.863983
63.533802
19.276619
99.05904
86.65131
86.87567
170.27849
103.11879
96.510345
99.42903
98.90176
89.62528
142.67926
156.09683
126.98403
93.00473
66.45231
96.000084
78.61835
116.26337
119.0416
114.720116
107.88625
108.17015
142.28897
130.61905
99.509796
133.33986
95.01137
101.81245
120.58601
135.19861
149.20047
163.82405
124.67875
133.43967
132.61218
134.5643
139.48938
85.813545
35.965523
69.992134
114.285446
63.98156
80.64642
76.83067
87.222
56.85241
160.3067
128.5499
33.004696
20.499477
33.80474
50.32843
21.437065
107.840225
100.67292
20.860126
36.65699
10.169118
76.78641
113.09072
102.68406
86.97272
151.44145
75.690575
85.20073
133.02475
74.69017
102.525
22.361757
49.858025
37.089043
85.26146
36.17281
89.20175
39.812126
47.421772
146.23941
185.6156
195.95355
198.99605
14.519575
6.7836866
5.2594347
6.416461
134.1289
68.94803
5.459816
10.835805
40.035355
25.902002
21.075893
16.165813
10.330418
18.662636
70.88088
27.911734
12.690209
8.099779
40.958668
22.204903
37.26816
17.180347
4.914551
6.9073195
41.247654
34.612495
80.79484
69.45332
93.364334
85.588326
7.7462707
20.240568
45.60827
14.845853
53.454956
56.7996
41.74458
20.684078
18.027157
117.35185
81.550896
31.413578
38.40293
57.28963
4.2183824
51.423973
31.994953
29.441916
35.579628
27.992819
16.472435
52.805286
24.320265
56.181
109.86615
69.09093
110.21468
92.019905
105.90578
26.302149
48.75892
7.9568315
9.944819
26.351156
27.207626
21.143566
30.993444
16.541012
44.698257
183.0569
141.18869
89.4531
75.95208
90.53032
73.86712
36.687706
35.774456
15.6792965
11.718915
20.472034
64.16962
23.48
21.636116
52.441986
26.864847
40.48551
28.349442
49.16603
46.520264
44.419514
11.601033
36.32719
95.64292
38.439842
98.23034
144.7586
150.94911
159.06871
143.36322
162.02312
137.72144
24.208988
48.926765
127.84729
61.98716
207.08463
140.44193
148.18588
98.44131
126.158615
72.90755
132.68192
98.00872
106.66229
71.72211
192.63992
81.47976
73.83705
55.733635
32.746193
31.401443
21.439215
63.536163
57.612274
11.428236
99.473915
148.85893
105.64081
72.57756
41.10772
24.250397
50.01284
22.864023
2.7466462
12.835192
29.731623
33.744057
44.212715
57.317608
59.03712
133.54015
104.02423
116.89992
82.77323
98.36467
143.52394
250.8896
84.26198
70.88197
34.528816
81.11712
73.6293
135.80263
128.6329
153.16626
85.388756
75.24971
77.89513
93.60284
120.65349
105.46334
146.44943
102.625694
94.27464
50.34916
36.55863
47.366413
112.51504
11.73684
10.18845
19.931
38.556404
38.34349
60.870106
39.128033
43.711773
50.833076
32.919426
5.2681093
3.4964447
10.510403
57.12567
78.091545
62.675
57.90791
36.14599
31.160328
23.014828
24.851301
41.045708
35.482777
36.441563
64.31607
34.58787
53.826317
20.242798
99.7112
166.13927
108.27014
117.681656
108.47113
107.61932
126.64496
106.167496
86.34364
100.32554
117.0411
107.36487
119.015564
115.32603
117.19279
118.086685
93.88517
43.50489
54.20931
55.066986
47.001244
38.35068
38.285538
119.43787
154.36475
173.05283
82.25389
82.27895
22.884808
39.75419
30.89683
51.58592
40.808155
25.59043
52.646088
50.984093
51.978992
72.36584
24.96696
84.8185
22.430737
4.2397766
29.746271
22.203281
12.492468
27.082235
37.51874
7.0757456
21.213507
28.816168
39.149963
0.74397045
28.625677
14.083931
10.5450535
24.32529
12.09799
9.338488
6.886838
18.603271
19.773504
34.790028
39.8638
23.594612
12.483395
17.014019
9.875178
22.361835
28.052511
21.770222
29.506174
39.47886
41.719746
42.829178
45.03397
48.156017
37.80091
57.815063
37.939003
44.517162
44.97181
47.465076
33.126896
39.188896
124.90062
133.73222
21.232405
39.370003
34.3733
24.825703
24.482475
23.91977
33.709785
42.12842
39.940998
8.91823
27.184265
12.099054
34.18348
23.506693
20.720196
9.424375
21.123816
26.953083
23.985102
19.672722
29.045471
127.80424
43.154484
34.712837
82.53212
84.51725
83.710266
71.384224
68.2361
42.43329
48.673737
37.67918
55.858105
65.20058
72.444695
60.694397
60.589317
48.384693
70.84381
38.27641
52.18338
33.92531
15.222742
10.616274
52.709625
11.630316
16.283718
100.68925
69.023575
33.52645
37.966488
20.139698
67.55798
68.61062
31.631521
68.46553
107.39003
92.90079
123.03336
67.76333
33.47303
53.1453
47.424843
71.40987
44.587284
7.783751
16.902601
13.448133
32.829285
81.88822
56.878044
57.89344
54.146515
73.62332
56.11201
38.24255
46.118538
38.662243
55.807873
51.55958
92.269905
77.24225
71.496635
114.45915
117.92252
45.63126
11.479353
75.19243
47.35476
47.495667
57.419533
101.44694
128.23746
5.4773617
23.394619
38.39141
23.950138
50.498844
121.36955
49.36361
45.952614
30.849167
29.461267
132.74037
55.885933
50.505207
36.402462
22.276052
21.770777
9.325127
0.78858787
13.246218
14.771757
28.411732
16.447123
24.952291
12.832113
26.456928
112.06062
12.690008
41.85178
11.7454815
20.460121
19.874512
6.178088
18.856731
13.429031
32.386868
18.992374
78.369705
36.54783
12.688069
47.099487
33.261005
94.8073
59.906105
20.704056
29.739948
14.54713
17.585178
19.817295
40.01875
54.35392
27.823385
47.994755
27.579031
32.855408
27.46658
18.596813
136.67513
18.514874
62.89619
92.07598
26.808777
4.681942
50.766075
176.6063
109.606674
100.202866
172.74165
78.96365
98.0427
111.61241
108.23557
30.57861
87.337326
12.634672
7.2779326
64.129036
58.98117
58.729744
32.241817
27.355179
44.130165
17.10558
36.682716
13.214841
54.86495
38.20817
44.80143
53.80652
37.091125
28.971218
17.3826
25.88158
31.536682
115.00315
133.49489
30.231985
57.063904
32.959732
1.6823136
85.52142
79.090004
62.24341
48.83729
74.83635
68.63918
84.22524
65.44414
36.742706
43.875305
80.003044
58.55416
171.87015
93.10843
164.92964
114.102516
146.21786
106.8808
97.70274
154.412
197.97067
105.22978
130.90387
123.036514
5.890916
29.394373
48.14972
42.40371
35.180984
34.441216
29.538265
29.71313
116.65192
97.65346
105.84619
120.018776
138.81682
122.12998
1.9286535
18.626736
28.8402
55.3719
30.061054
1.4418195
12.751843
20.513943
41.64228
31.535471
11.571432
25.18303
61.622753
19.876545
34.55802
24.21098
30.614399
29.802923
36.950035
17.215742
24.686443
89.13115
115.31277
86.0237
92.0522
100.176605
64.501366
52.132484
64.192444
66.07082
69.96119
107.71641
105.80935
74.9073
71.13826
65.39518
78.480835
91.04915
31.91958
46.7607
30.842157
19.303442
37.95991
29.355371
12.789789
88.97069
12.79084
10.675004
60.50303
84.047874
113.4916
69.63002
122.5872
88.19279
65.09571
79.51672
60.653828
47.400417
22.286999
31.292374
58.702984
27.295578
31.411533
30.729193
39.722584
29.85661
18.978733
6.493716
33.077232
20.779737
41.525097
68.41175
73.25077
64.94737
60.24523
27.545765
23.57886
45.370403
42.719627
33.975708
74.50874
24.206366
70.35141
101.033676
83.510376
97.39629
156.77184
76.30063
103.88882
139.68416
106.041336
6.1566906
23.073206
12.094543
53.43853
22.133984
115.48472
96.69319
130.25366
111.38643
62.706493
48.906975
32.31484
53.91859
79.93111
11.457344
37.158325
22.45447
7.5354166
32.68358
39.280388
60.785713
35.809227
35.251617
48.65986
45.30302
31.588276
21.180902
23.549967
30.62666
16.023441
12.276541
15.91315
11.007659
53.669167
33.46182
21.468092
19.520712
26.049704
24.195467
19.284878
36.665108
18.236307
26.951038
38.641533
112.19496
8.925484
24.428507
22.672724
29.562433
12.075228
14.67039
26.488852
41.798927
35.896656
35.885643
75.95581
60.811714
25.634014
1.073898
17.0089
9.610396
34.89028
112.62689
28.254694
79.074905
46.451138
54.10238
71.690704
16.280111
4.9632525
6.6787977
63.54358
9.571659
13.926137
38.176033
33.49125
57.474438
48.528854
17.775244
16.6008
18.57721
41.457344
31.877502
30.594366
27.955984
100.70967
77.239
16.052343
53.002197
87.57623
107.54452
90.18974
90.365234
68.58699
46.9777
44.2019
33.62728
51.76316
21.423832
64.99872
37.7071
37.2386
49.41015
15.301122
46.77311
69.79036
43.61659
151.35162
111.00197
98.41071
46.5346
24.78799
73.82061
38.82335
52.467773
65.540955
63.119255
36.17713
48.72179
31.668354
66.474045
1.0490572
36.39998
68.19369
50.860596
55.980267
18.654018
47.2808
38.829422
126.53086
16.049536
36.365444
21.734709
27.12407
13.137611
37.586464
38.826885
29.438046
80.65727
35.14463
60.58601
50.08612
13.628248
154.49403
22.637817
35.335197
124.13379
46.804657
40.68627
2.7208354
25.947586
15.539261
48.818977
31.556149
48.670597
63.40919
61.695446
56.912575
2.3902266
17.706217
13.729691
81.70854
91.45981
1.3248583
3.002927
6.6759796
15.429148
116.81502
85.23473
100.43964
81.20057
36.864784
23.81805
14.489494
28.11589
43.220604
103.22611
49.167038
67.18738
3.9267974
19.790602
34.061573
35.855152
31.750645
19.65077
48.146538
52.364635
40.74351
48.581654
41.927776
45.983204
39.752037
57.206524
9.858327
88.22279
79.45668
85.658005
60.899555
56.94506
5.0947423
23.312826
28.481274
36.984615
32.24865
24.913143
39.64698
16.73051
37.97841
65.687935
67.609146
99.7231
82.69261
67.26986
70.61445
92.94054
76.07098
62.08384
63.633606
56.98597
47.73394
46.684944
48.40315
83.2022
141.04036
161.929
231.65561
223.71638
62.7287
79.62066
84.73726
23.23249
23.621374
17.040905
80.95458
62.107777
69.25564
60.178642
29.567835
90.34765
99.221275
31.856503
15.612315
39.625206
41.566837
61.03008
54.33396
73.56864
49.341503
55.33158
32.107418
35.37258
53.62899
94.73537
55.118214
55.59513
109.65852
6.4301157
19.72352
35.590004
104.14586
22.620552
30.667612
23.533691
35.965706
15.064177
15.245191
18.17238
17.365498
31.767706
37.86061
92.23634
78.060104
82.45275
68.73228
72.94396
52.57395
43.1982
36.168453
51.56597
29.321304
43.995766
79.284386
39.552246
52.133118
21.607533
21.64051
21.87875
27.287746
37.838295
48.29672
29.02206
56.086906
33.229706
62.43108
34.48533
75.766495
47.721992
47.982613
49.829212
52.44815
74.68836
41.737114
53.322853
18.874218
31.002728
22.804585
31.169998
28.567532
30.534512
39.96105
11.917058
1.1738694
30.51875
30.079224
17.333973
33.63391
93.28482
52.564716
47.271183
44.658394
57.95157
83.277794
55.29947
64.194786
53.056458
70.48714
75.26094
52.768196
51.27052
45.492897
49.892048
65.98948
57.148598
61.474804
43.39347
48.055214
48.075825
65.569824
43.373333
47.282692
185.36485
170.15073
122.221535
101.09595
73.23977
43.839268
48.431606
50.20167
41.308937
61.100243
68.17018
48.000557
85.313515
101.63092
177.402
76.78831
88.20956
74.49818
75.35332
99.572876
59.761322
66.63142
67.87753
62.251137
96.724785
41.292793
42.122673
73.00893
6.398938
6.57887
39.937153
21.496788
22.638788
20.194408
20.118004
29.04423
35.465992
103.70266
126.6546
106.9043
106.94441
55.11611
41.47459
38.885525
41.497215
49.06342
59.998676
109.96886
138.88063
119.57528
192.6856
155.85611
166.92337
157.4418
184.38364
145.58641
95.97746
87.463036
102.36948
115.303635
97.81407
159.9512
169.94144
137.18347
138.28348
146.10445
97.51864
62.310173
324.07162
7.384816
28.042028
63.816273
4.404908
28.27985
55.654533
37.057365
57.327923
120.54338
90.303856
147.03088
17.305124
39.22558
50.320103
66.16051
87.123566
118.45366
84.083565
142.996
72.798744
96.80466
28.752789
41.07779
28.647923
30.134882
30.578732
34.235065
20.737757
1.1032201
112.06575
104.36922
118.84202
85.987366
107.93984
49.002754
4.5732846
23.600994
23.752102
36.17629
40.72612
61.807533
108.85358
105.54425
68.17721
21.356873
133.13486
131.58894
138.02425
135.5313
90.758255
126.14884
153.51901
101.81781
110.43872
89.42145
62.959282
99.277405
29.959848
35.7059
90.111664
70.065125
96.84535
108.03929
159.1
96.32974
96.28427
222.56323
123.34485
98.6338
152.62952
112.81059
92.09148
112.69114
96.68468
43.945404
82.07441
173.36699
118.25493
87.65937
19.00768
23.01297
53.27076
40.479137
56.231346
76.34444
37.573788
47.072342
55.898064
51.19053
89.57113
102.90558
108.885025
103.327225
100.981636
120.612564
104.657005
59.751923
80.54709
86.794334
39.50048
58.00753
34.09365
64.43509
50.04438
43.90319
100.26377
167.6307
43.117252
110.69161
68.07397
66.94124
51.947296
41.97052
37.354706
59.105347
99.77275
20.587755
79.845924
62.34617
46.574883
7.257844
28.593143
44.227974
31.575048
48.309998
49.54555
74.01416
1.0680496
4.2169867
13.375273
13.808809
45.34697
41.71517
42.670307
25.899204
32.108807
51.733788
23.085812
52.91543
38.75214
23.113043
9.390327
3.0452137
59.720947
19.552364
8.150414
11.895935
22.22584
35.26969
21.817072
37.004833
17.145008
10.673823
19.326054
41.201515
27.041348
18.007135
57.44341
30.287882
111.25011
42.55452
76.47919
43.71151
48.476414
39.509594
101.99455
194.27843
106.7448
76.76204
82.85113
87.70302
85.86405
84.34771
89.52805
103.764015
83.86058
84.0844
80.9123
102.55214
90.60459
101.05089
117.66122
103.30725
23.33751
12.745573
23.211905
28.495611
13.1408825
35.24514
43.989166
28.131174
34.70404
34.98153
31.803827
19.22382
10.967051
19.928719
11.785085
31.586628
80.3811
12.378156
17.862001
33.830452
39.498768
38.32621
21.518436
8.1452265
21.53184
15.161695
26.893576
39.783703
55.053642
47.818863
48.82581
52.244404
37.302906
55.67034
61.265038
34.146526
39.170116
51.303425
39.68279
43.023933
37.848442
62.35785
37.771385
82.67595
77.482635
101.117935
33.90688
25.67654
30.538631
35.660843
21.87817
14.226024
0.83218944
24.32967
10.206995
34.284374
23.038994
32.195755
33.536297
77.75395
67.2997
87.02605
81.881424
72.39016
66.71717
83.71823
149.35461
111.33408
111.33125
90.595764
56.899986
72.72041
38.007923
116.542564
72.97221
53.752655
69.753624
142.63127
30.120752
21.49578
56.699776
38.485268
31.28043
32.443184
38.950634
23.04536
10.044502
39.20498
35.411503
22.756508
15.321657
17.888435
12.321001
19.306263
12.980585
20.101479
62.16397
52.97163
1.1505601
3.12672
5.6012697
29.789173
47.805206
46.34148
13.429723
21.714764
28.882664
5.1424017
14.061147
8.420158
50.10786
39.65508
23.489254
18.103481
45.17584
50.98989
29.39564
122.15165
19.31895
33.661194
103.80106
96.01648
15.204733
27.105396
9.058104
22.622719
7.5535913
28.045893
7.2466865
44.29727
20.279997
25.59549
44.998817
42.345848
43.14215
11.831165
48.64779
9.820409
5.8130336
8.104969
28.88006
3.2432494
17.732069
16.573208
19.439766
29.450806
67.54844
35.198692
23.70266
14.425074
16.182537
26.904911
14.184645
17.415344
38.14731
9.96488
1.6609968
17.621042
16.11415
6.495738
5.526927
29.50711
67.30818
33.932716
49.94439
58.80299
25.479261
34.104805
41.948425
0.9119282
9.611216
69.60661
44.46303
47.539738
2.224676
10.787189
32.628426
47.75102
48.18044
23.431942
32.01825
3.1250377
28.095535
14.737775
15.3157
37.206463
5.759526
9.645437
5.4721813
22.461035
24.073217
59.841667
22.163898
18.396683
20.130465
67.28465
64.93654
58.268707
54.99198
44.724148
46.868675
48.367485
47.327156
47.776043
49.08752
65.5009
12.597632
10.164343
22.196617
17.338245
15.704938
31.849232
33.195137
26.60236
5.449687
5.9826136
5.3505907
19.304045
47.747185
48.412617
37.909107
24.617126
43.135372
31.639603
16.11248
43.31445
5.8182564
36.74922
10.613252
27.664764
34.257088
25.345385
40.08599
46.994564
20.534966
38.34694
12.803167
12.831146
22.44108
66.648636
32.00017
53.834373
74.334145
35.770256
39.334206
51.02854
34.759594
38.73691
59.927845
44.49308
72.75944
38.200954
56.37252
105.48965
75.7445
71.96051
151.66129
79.279526
118.58818
88.74557
65.90473
79.11189
45.18081
46.692543
128.80774
162.5999
85.17259
80.459435
19.700727
17.697453
46.4868
27.736263
38.90589
63.27762
14.360809
45.068047
66.4133
46.99872
51.983593
37.666206
90.73312
89.53401
18.365206
43.2963
71.03875
22.114672
15.453697
70.181335
23.347095
8.910856
21.227463
34.183647
22.132875
21.331371
12.714505
35.24787
64.78468
35.664116
48.060547
53.347095
42.792423
29.229633
52.26372
40.93036
17.686682
33.268375
42.552162
30.019384
18.750074
18.367796
36.5651
51.463745
53.13667
44.43373
98.41235
24.683151
26.458134
17.777784
24.994505
5.8089
16.1057
6.6622286
31.177109
5.0045357
19.10709
27.65833
52.879158
40.865322
36.291496
31.621027
24.44966
25.163439
42.928375
61.00509
22.028389
22.427433
50.643047
46.335846
42.12221
23.224993
54.85981
20.880726
76.62892
73.72844
57.20614
83.114624
60.167725
27.389063
46.268433
5.8436675
45.82696
41.692368
84.27596
13.944109
19.895283
23.753628
16.320562
52.79909
17.938223
11.343711
17.960384
32.892773
30.349957
29.98107
84.21192
85.68858
168.92293
161.15068
68.37789
70.75777
127.626686
125.685
85.73201
103.50777
142.46542
82.946014
89.3709
90.48385
160.36783
8.10928
28.369507
13.125631
17.355305
46.546818
58.299156
52.649605
36.256626
4.887708
11.729469
7.2232428
17.399559
52.327873
41.540794
55.512615
28.703146
20.642147
27.181553
52.25064
15.596234
42.895485
26.073755
44.27842
22.29028
33.469395
37.41646
44.130375
37.01257
8.6193905
30.5764
61.269997
40.46345
75.916626
93.068504
81.089676
123.98989
129.4278
103.24782
149.62297
10.241394
18.04935
59.421913
37.691833
3.1952343
32.98785
42.10035
71.76179
61.383137
112.272255
14.143313
36.11963
26.44762
67.71287
62.961285
3.2104862
17.33754
9.858934
14.59479
13.19978
14.445005
41.9881
18.072271
44.03687
60.182056
40.794632
15.987241
0.9911295
26.59071
50.6852
35.909893
44.16591
52.49119
72.80364
3.544131
14.984367
22.878843
11.07994
10.402199
16.925865
34.21804
27.70639
46.372215
44.182487
71.049385
47.977512
43.742188
38.843838
41.325844
57.283783
168.63974
86.04676
16.244617
37.74467
19.952623
31.741459
14.650206
42.214848
50.289646
27.559855
37.131046
60.00943
53.553963
92.20168
44.71667
44.474083
59.31067
36.472588
97.39757
88.15826
53.04762
76.09877
56.97119
55.79906
73.55567
47.839287
118.3797
110.66785
98.606705
102.58777
93.33464
105.93378
97.13695
113.6321
94.97371
89.978
110.10984
136.7549
130.50586
126.12999
83.147354
155.68839
99.87992
100.761475
101.16191
94.3202
86.50976
15.464027
6.3592763
11.024084
14.321706
64.14648
46.123158
52.23216
94.85771
108.57871
65.46794
65.908325
111.30241
121.92865
134.8389
98.31002
116.80953
97.007034
166.50534
112.596085
138.6221
97.55054
110.9376
47.041695
8.39426
113.63279
104.45408
66.43052
125.73346
174.07518
57.701008
64.804634
71.957954
68.32051
64.57616
31.630869
29.031733
18.420498
12.803462
6.1780305
46.543877
40.926838
37.17087
37.1818
39.598057
48.92428
19.113209
23.39027
29.889246
12.806253
19.133951
52.75639
13.940271
7.5112166
20.935383
43.254017
34.738197
40.328514
8.647188
27.572098
15.641292
27.85078
42.238785
23.032078
38.632168
25.50974
34.807457
52.37815
56.648415
50.77216
15.977407
43.83065
21.158077
37.981525
105.875854
52.571205
32.852455
55.685566
35.35061
53.79896
35.89215
73.81781
27.465763
33.77281
77.69548
94.91346
71.27703
62.318336
72.20941
111.63324
76.39396
49.776173
64.14447
86.797554
109.97389
18.351978
48.160904
28.594955
92.27911
40.363518
161.52914
72.65859
76.989006
28.560827
10.41664
65.48812
79.9023
90.89455
55.10148
90.17004
71.788864
61.953175
113.7267
13.019789
34.528275
139.96533
70.652405
55.03076
38.3679
78.03093
48.390068
75.099724
48.38194
36.95798
46.906925
34.67392
34.288734
22.035725
120.16191
112.03477
88.27474
72.3152
91.115746
69.35271
51.23468
5.3773146
39.56922
24.534407
38.81332
31.16868
11.849931
48.168465
103.17342
70.96756
23.496328
27.703085
33.61474
16.101849
26.135141
89.536026
118.95003
125.50795
43.179848
61.990807
76.99602
55.41012
31.840832
49.451866
58.088116
72.45162
94.86527
79.555084
93.96837
221.51767
112.15027
101.91914
78.493996
75.54649
59.387154
63.84189
153.61502
71.243935
80.080414
78.70476
119.23341
122.920815
99.322945
18.465277
54.45003
39.586575
27.186813
25.111301
64.92149
30.20079
48.292057
19.32642
18.893942
19.236332
27.629202
53.112255
42.71286
27.547276
63.81182
27.179403
106.42009
97.70499
2.9672961
29.664585
22.768456
27.254053
13.721751
21.467644
23.48489
26.167084
19.094402
34.064034
37.813793
34.15548
15.263931
44.22869
42.125164
4.7795286
44.459446
44.237293
12.646997
14.966753
10.335553
24.973867
55.492912
22.664705
79.1549
44.253757
30.945166
45.899975
27.150455
21.083303
58.100197
22.763811
11.977495
47.984863
28.046719
43.766598
30.357716
46.82058
47.512966
54.960217
67.65503
63.72602
37.471367
113.44846
46.017773
53.73783
111.85972
25.595638
23.263544
17.6202
28.548737
5.9036083
33.628666
9.190615
40.999054
19.726845
22.546324
19.510202
16.058277
39.130333
39.021305
18.33378
2.7774787
23.877192
19.415998
65.29542
41.37057
18.325897
41.894012
53.85508
47.34981
57.418785
48.714897
50.48031
111.80794
51.43178
69.416725
46.706245
65.70383
43.499485
60.540966
47.377747
46.95907
77.56244
77.38281
56.655983
128.45929
84.40011
85.04334
78.332115
156.4167
98.43181
82.328156
24.617092
35.89881
79.112625
67.301674
59.182594
55.571037
72.1311
66.05467
50.455696
34.68489
34.529427
58.785652
48.926342
19.017927
10.073717
54.314117
15.7487135
25.781775
29.86764
8.807477
23.433231
21.273611
107.46135
150.51572
160.0268
109.67466
104.48946
129.11044
42.021667
38.04943
35.960304
127.89713
38.1009
46.62468
51.400414
86.64059
41.647472
72.2592
131.7157
76.76548
12.353627
20.073574
30.314194
12.069777
11.461439
33.5201
34.548073
115.248
56.941956
50.45585
47.63208
50.656105
43.894882
55.774914
54.080395
70.38244
109.99823
11.765738
34.901157
11.068279
13.358299
30.966064
51.25918
43.60648
98.36707
59.16679
87.8739
80.74133
79.77949
84.08256
114.408875
127.105
62.527588
121.055664
1.7627671
29.559998
46.882275
34.829025
27.525055
12.853002
24.180187
70.645744
53.634937
25.422329
28.184803
18.026379
28.762625
10.51969
28.722631
21.22375
47.375492
32.120102
36.953033
82.84123
29.221823
32.37527
10.861406
5.0089383
4.085391
48.70921
113.63273
136.70227
110.85677
117.72146
110.65251
97.152565
98.429146
60.32876
97.960594
110.90951
32.1289
47.797474
53.898663
65.80327
43.57742
49.631447
48.912033
54.696644
82.1711
69.321175
25.717731
44.905876
19.525566
60.180763
48.448166
57.094044
41.91311
27.600546
25.477036
40.201775
55.651337
39.396904
1.0768623
68.499306
51.26966
24.78353
19.888037
57.308704
68.56747
34.58114
73.59535
24.56557
19.446964
22.970837
27.519522
46.278866
12.59533
16.406322
26.166485
13.0339985
21.967337
46.59538
6.9023848
25.2564
58.333904
24.953922
44.670944
58.894768
35.513973
38.405727
86.12581
63.91164
3.641957
29.963343
26.061474
19.622414
4.9158597
5.3733363
62.245354
9.129628
26.722416
89.02767
73.13067
72.04436
80.82951
63.216614
96.0045
31.585754
43.983925
58.629463
41.996433
34.20702
5.216783
1.3925873
20.132038
41.66733
42.17139
49.024868
18.40788
44.914692
68.73893
13.503187
14.474985
11.532015
58.479473
18.342981
27.785217
25.284811
18.29774
20.497707
36.642887
8.851435
22.058298
52.251884
38.3384
28.71722
42.4466
18.275583
50.487694
16.61513
1.2473757
23.21996
17.533497
1.7697909
97.5543
90.75206
167.47978
292.7282
32.205536
83.82542
39.560986
18.458
20.808704
41.859947
26.115864
29.513485
27.449528
25.074203
34.326332
82.38381
61.046104
40.936577
43.217087
115.68526
76.275276
88.20116
44.4562
69.449
88.16351
55.078236
69.58363
92.46314
125.82533
232.66663
146.23547
156.1549
107.77429
123.32314
90.194466
165.50137
95.67191
65.98335
39.303307
31.293589
18.702501
100.95935
87.94585
95.20136
17.74062
72.78197
50.29461
65.38283
60.2955
46.095566
31.232899
41.50663
26.448038
32.461437
71.7888
144.86873
131.33249
195.37659
184.5123
103.03174
101.680466
122.49619
91.15789
122.13924
83.64239
83.89815
94.28737
71.88194
90.65191
75.34159
98.98971
145.30772
82.08644
108.74196
136.40837
93.96071
129.60393
76.73169
78.36852
72.77143
133.0729
279.87897
84.705734
99.79033
3.0959687
21.353405
25.226252
64.38354
25.99464
47.33546
53.044807
38.548317
8.181461
5.7674356
14.910497
14.891332
14.698946
14.735716
35.447163
16.127832
61.581318
42.72817
55.44743
37.69635
53.866222
72.09658
104.39512
145.49847
132.07877
23.475779
27.760736
42.403755
42.33832
60.854694
12.043203
25.834757
24.738523
29.190058
52.368847
4.6441545
9.392359
4.60019
8.51098
33.519615
27.48385
39.162296
25.407852
33.00623
71.79304
41.99685
30.565552
22.013006
102.53379
100.13795
96.714775
81.434616
74.952194
72.816765
72.96273
96.3115
152.80052
102.72821
164.2529
80.67742
12.792398
41.10312
25.453293
37.253613
31.601542
5.027812
14.111119
25.869389
7.3757286
25.138838
16.719316
21.700006
34.903812
12.008459
43.18696
39.035023
32.700066
34.078117
50.90377
98.54738
96.72914
103.46266
100.706894
84.770584
128.27075
94.36488
84.23031
95.499695
18.193624
25.412947
51.419823
9.10092
90.667885
83.59078
90.90694
91.291084
3.5878148
21.894033
22.015484
81.33508
22.323286
23.145893
39.380585
59.700336
53.294506
28.510422
37.82353
36.651165
28.011265
27.677448
15.701895
18.36304
34.55823
47.930786
21.212204
27.33081
6.1214495
21.489986
21.541065
36.23225
20.351551
27.063671
20.16014
25.141958
85.052444
166.10576
136.55403
109.10197
72.65138
96.76183
72.82806
77.20938
111.74082
129.271
183.6265
144.86914
161.03787
117.60329
108.35486
181.62843
163.53215
90.82537
92.68036
81.288895
77.80928
102.51719
143.54092
124.89819
79.35016
63.34851
74.38055
81.41099
54.718548
48.495132
66.86901
81.58352
150.17897
129.80382
147.86148
187.25018
226.77197
208.37166
81.59833
120.638145
76.148575
82.03694
126.40652
106.45885
108.238625
66.35774
77.995056
45.10565
46.23066
9.4073305
21.419338
15.819571
59.40974
12.494752
39.655598
72.19631
65.03087
3.3504963
31.694672
47.574135
42.68348
48.317772
57.045002
42.208656
34.487816
30.791458
29.622799
60.10738
8.5258875
23.900974
8.0426855
40.294228
37.63842
73.26004
12.703744
28.351078
51.898018
84.11833
63.739857
42.363407
44.713108
62.317524
33.45073
30.442596
62.069427
23.366405
47.1616
21.078587
43.42234
22.314228
30.232998
20.432167
60.72414
13.207792
98.56035
61.569805
27.829899
72.71494
66.88512
48.336384
41.57003
60.018425
89.8676
48.380493
14.461912
28.231594
17.24011
12.591411
50.881264
67.697235
62.95463
87.63013
47.827625
65.32426
50.13014
52.93171
86.373726
93.6558
81.44746
104.18645
88.22124
26.872839
45.116623
69.38542
35.812294
31.255253
151.8094
22.752693
76.13198
72.839355
94.57042
73.17629
41.59687
78.48619
64.835495
113.0991
56.15226
74.51451
103.606125
89.387314
120.954796
83.088936
41.909756
19.052952
9.755262
14.467888
3.4282234
16.983557
43.79467
17.04244
7.814031
17.889317
14.212201
14.410029
38.031094
8.104581
22.906923
14.264717
16.863237
35.324135
32.96481
8.137362
15.081709
6.554128
27.43446
35.93161
30.249033
10.208333
30.755697
10.095254
46.031677
52.55007
33.59716
67.1098
44.52021
56.957844
35.545143
86.436104
50.982487
51.792206
45.12385
14.002243
39.496548
37.485016
35.851597
37.30804
32.055824
31.08663
37.203346
24.717144
41.34186
35.08408
67.26281
18.981836
16.161375
34.522224
41.507587
1.5992019
20.086933
24.029934
28.020792
4.2993503
48.29007
57.429688
33.92128
46.211063
51.86443
33.453526
41.313454
40.786716
114.76005
55.91027
31.360157
48.832954
38.216454
45.26677
26.739914
10.539041
37.217728
31.457754
12.486508
14.577133
20.94889
24.875687
43.849293
37.24505
43.981297
31.466263
46.450233
37.21038
22.988848
30.755962
56.565998
66.6289
56.554615
127.09999
88.11918
86.63524
111.52028
83.59679
77.98485
105.57753
43.202156
42.98677
78.21208
91.09038
96.72405
32.92918
52.57765
52.48266
43.81607
79.54601
26.747278
35.99662
94.97679
66.18591
51.300255
34.591415
42.500664
87.82634
4.977528
13.585749
37.209446
24.086864
5.84446
20.479065
32.675983
44.944187
23.597897
32.46276
108.42661
90.557434
106.6356
101.94608
96.940254
87.36091
2.620067
27.887787
96.109634
149.47221
143.2443
97.577866
129.32396
95.0412
19.523762
59.16805
54.27069
163.57634
17.092266
10.913032
15.37341
75.28847
23.209162
63.56983
121.11404
168.37267
90.319954
2.1744113
6.1204677
14.3372135
33.015606
146.79245
18.374636
42.500484
42.449493
16.948475
16.914171
19.636755
108.25812
33.44538
38.61228
25.933035
26.286825
21.458988
19.055716
13.3924885
53.23643
55.283123
71.774155
92.7092
64.561424
70.92549
74.219345
88.27991
77.92857
101.9323
84.980804
92.11479
100.03136
107.72335
98.290855
64.099396
117.33411
20.822252
9.933848
39.003315
46.79625
57.48231
43.750633
24.009714
42.064903
34.994164
25.12687
18.97636
20.860504
30.096508
75.33911
55.06013
74.29144
19.773386
62.56919
41.851788
26.463093
23.96281
27.080093
90.848015
66.73551
67.36928
11.367265
56.771107
26.291922
22.215906
6.3898134
3.9194012
27.223776
19.181911
30.228674
24.016678
32.4652
19.993298
19.104816
22.68405
22.435812
41.029396
30.301706
47.76922
31.676891
10.4339
12.750391
10.261543
80.274216
78.042946
49.799004
76.206406
38.139423
55.378136
42.072544
33.383606
14.277364
6.072871
42.246037
31.412115
37.926
18.934475
20.477596
19.41994
23.019194
47.23658
51.78659
131.58804
123.20823
119.19885
116.081055
91.70436
97.65798
82.33455
123.36405
174.56134
101.99101
119.33054
90.41089
93.81024
79.17431
117.680984
154.15883
99.87903
128.27307
76.88054
46.66136
4.092937
52.566795
20.910934
103.99021
68.748276
42.163666
39.74282
20.806705
84.34214
31.954605
0.73383296
32.169277
39.842476
29.84105
26.753973
48.54002
38.556557
45.100185
70.12654
21.125546
63.39152
34.995174
58.617676
39.261337
40.3912
6.3937354
4.666616
1.870559
16.147324
33.394615
64.30455
63.68524
27.523611
34.30142
9.211487
27.80072
54.19616
23.147335
49.430576
35.43299
40.54078
20.622686
23.217234
39.29819
65.59404
57.44053
107.93087
94.89426
39.352776
46.796806
78.83936
55.17518
100.94833
100.24616
38.186104
71.475174
151.7377
128.16495
116.2938
82.019005
126.13861
115.08508
3.9941967
153.61397
153.58922
88.20915
97.39598
88.01723
83.214645
149.30437
42.676674
27.827963
23.72904
15.1663265
54.124573
67.04112
67.44444
63.83538
39.18702
85.89094
97.11623
65.12838
56.331707
46.91578
45.65205
8.717013
21.64857
49.762527
40.547493
60.572044
69.761734
54.98391
22.457048
1.3098402
42.61834
1.5503365
17.30676
34.306694
57.710762
23.316433
24.377851
33.129425
73.15774
66.68655
18.684658
27.839823
14.02083
23.281513
17.950998
80.314514
14.528621
16.15813
24.361315
0.78342396
8.775842
38.39627
127.09892
98.29967
46.899326
1.4562051
12.594619
12.29184
18.857502
20.698193
32.84567
33.5633
48.64897
43.32096
122.38341
116.85903
127.315834
98.4359
99.28703
107.12193
91.04454
135.49324
83.02781
116.388405
23.091177
15.00793
48.59309
74.651436
71.94245
60.769978
91.55575
80.433846
76.046455
96.626366
100.837
107.77278
70.91765
66.006256
30.081198
90.28232
67.80902
6.4941726
60.7246
12.328552
13.041471
47.121777
45.145638
26.858654
22.557323
19.620277
25.827301
26.275116
26.120188
37.751534
32.658337
56.24885
106.28282
53.128487
36.043587
32.454784
44.78241
27.462091
53.09953
14.495015
21.208176
22.071991
12.83255
12.949999
10.895043
26.815075
5.723064
65.56581
30.198786
71.64816
36.150074
19.41807
28.555069
31.822224
2.160845
20.639149
16.373075
31.843073
24.80736
24.449724
66.099846
67.22003
41.720127
44.848812
43.48571
66.4917
92.32144
93.075134
99.01297
11.057933
22.705887
0.93559945
6.8510933
96.02041
165.85918
127.30652
153.35222
158.37312
161.07831
148.25319
127.5704
109.737976
67.53792
56.250275
90.539536
49.93213
38.23803
39.48561
30.395517
51.461296
137.58963
169.61053
129.35577
141.33797
71.06032
128.96667
98.28823
56.836567
55.007526
67.914955
97.65747
105.0532
94.93381
39.02357
25.623184
33.439438
21.335611
31.487347
34.555096
17.04243
36.819973
15.390292
18.90791
13.580587
14.815279
18.61119
22.863743
19.044989
33.46512
24.335638
28.858139
43.374504
10.207069
5.767978
11.074141
34.968117
44.215824
50.0918
56.029835
60.16488
66.37178
52.387573
42.106297
59.789013
98.91913
74.869576
86.32888
102.72438
195.18413
137.07375
161.2308
73.36384
45.583702
43.89617
65.80881
48.09339
46.96697
109.17783
56.075706
9.938242
18.489517
27.7659
18.306274
73.97099
86.87605
62.98816
25.96283
21.28131
68.99538
17.759373
42.50462
28.858444
18.36993
34.977528
16.310993
17.023067
33.4963
118.969765
89.42752
66.2539
70.46017
72.65
69.86096
14.895029
49.73162
66.65993
43.247868
50.34782
38.66985
29.280024
43.788647
53.646137
43.52701
54.254993
100.9843
57.09142
80.62187
42.686928
35.153465
67.02523
48.144077
53.26225
69.339195
51.75182
41.141884
64.107285
47.149166
45.947124
49.768116
39.059883
98.06732
38.854637
47.00422
34.32562
37.369072
39.42411
51.712452
35.74538
49.93055
49.96748
43.922443
52.525322
47.57554
41.33123
55.429485
34.854717
61.376335
54.250042
40.246056
38.47767
55.22071
48.254353
57.09269
40.92239
45.112682
44.972878
95.11692
103.989456
27.070145
56.927338
82.4582
137.50731
92.71341
19.109896
18.489134
50.81887
48.9395
33.958843
16.676779
17.30695
15.272756
13.569979
14.165834
28.611637
14.917662
12.75472
25.588963
25.623287
38.830925
24.962988
54.728813
55.87426
43.71765
82.28624
69.83501
51.49718
35.860195
39.70968
35.274704
27.157267
51.06878
42.903694
22.957985
27.647085
79.485725
58.069374
11.342367
28.300503
16.622782
17.287018
18.712063
21.11464
33.59795
55.015266
38.34993
18.424381
30.738571
21.765045
48.321194
44.622765
35.036186
12.79538
29.229237
20.073336
29.292088
106.64669
12.732896
17.603237
9.366223
13.875529
44.09598
114.81384
15.059021
31.164255
43.443565
112.73036
32.05816
32.872776
48.46987
35.245995
48.124683
93.76574
21.419004
47.128273
42.876747
26.342035
38.760006
21.206911
20.780407
10.786151
69.728676
64.574326
108.77488
36.136555
20.670609
29.343105
42.52072
49.62421
36.645115
39.960922
36.83353
56.747883
23.843622
48.769188
104.66538
62.457012
23.864157
10.033213
17.91722
15.182551
23.110283
38.516216
31.059717
17.916082
102.94039
63.287334
28.12944
25.198202
18.574907
31.964691
31.10931
40.432774
38.98046
40.25921
5.854147
47.571724
36.635456
45.229027
2.7848232
7.6337953
21.989328
73.4663
41.50608
73.68685
89.895386
64.576965
81.55251
35.252563
37.292847
70.04793
103.28676
73.50062
19.79427
23.285223
34.361835
47.041542
132.5872
4.8960676
43.824398
23.523352
78.00151
47.325157
61.990364
22.000513
56.44004
23.916355
25.198828
14.56848
13.439916
34.558266
92.78675
94.0589
88.362686
36.253162
38.569607
48.45233
69.152504
143.03719
70.5515
111.247314
95.02956
4.496688
99.04071
95.81349
164.61116
95.66192
106.640335
143.94011
88.65893
75.40841
43.658176
80.940346
123.14284
32.360367
56.551178
46.033188
19.23344
61.767628
62.476086
12.602269
24.833206
62.200794
130.975
80.72547
78.46867
128.64006
90.119095
177.97672
159.53247
134.46414
122.32401
114.944786
183.9604
2.5943046
45.025852
80.883896
91.85648
93.09099
25.586088
17.020157
2.5298285
15.546184
58.512848
68.64349
79.70676
45.33762
59.937523
4.168325
13.417612
21.356316
25.461271
54.891285
43.28509
47.61402
58.27436
37.23098
103.57792
22.206333
66.44299
69.90459
24.541151
21.444252
83.48819
3.8203862
15.321836
42.21996
54.285534
39.59058
27.179947
21.100782
26.599918
20.119856
51.994194
17.897732
122.42043
141.15994
113.82363
122.79012
127.41445
148.16765
158.9709
110.14067
95.08293
29.769947
44.539177
129.67213
80.47086
87.470345
78.16962
81.76415
55.10678
130.23827
85.268394
93.49465
27.182596
47.826935
40.096157
105.54405
97.90178
191.07849
20.29914
59.44804
31.493479
19.318005
79.26483
49.77652
114.122086
25.948847
12.085014
100.714584
80.29195
157.97809
81.20357
24.311617
51.46
49.939682
42.046864
32.159653
35.26944
49.399723
14.656781
18.401636
37.42833
46.84307
81.49257
95.61968
78.24114
65.78314
72.68855
126.550766
102.97267
87.72825
75.01088
19.324114
30.32169
28.995762
38.313164
19.568129
61.08484
47.910812
80.38308
32.507347
25.733456
48.2351
36.600403
36.75041
45.2741
39.71403
72.327194
36.70162
40.34292
39.06075
47.460423
25.128592
56.493553
42.58798
56.979584
107.07314
86.35753
78.24292
45.16735
33.454315
27.087244
48.662712
17.381783
16.596464
43.64353
11.303028
19.073696
46.61477
2.2923846
59.34939
50.98121
37.39228
27.04263
26.962564
19.03488
35.292072
73.60512
100.944786
135.70813
50.84649
68.583206
34.749382
164.42612
152.0013
102.09552
11.156537
24.074179
14.563787
51.236084
43.782833
50.25196
81.22151
20.701126
126.882645
85.40852
99.64131
115.50972
30.046585
51.878857
22.752388
31.608688
1.176713
147.72539
106.35775
81.91015
89.95241
130.44272
79.812515
149.26859
163.8802
103.08266
1.522436
15.260124
34.85276
1.8576794
34.16312
85.39766
17.556957
25.3585
58.887005
72.03605
89.02731
38.158577
46.38434
23.32535
78.1902
40.30761
47.174683
27.554615
58.444313
32.810646
86.87451
14.966085
25.668951
57.873707
34.201004
38.403786
32.3863
27.521053
25.555676
25.265432
33.963062
64.43839
27.4044
28.581842
49.33712
30.128168
60.127266
83.06302
56.321766
56.00188
86.71154
118.34148
136.42368
88.07799
102.27473
84.25719
102.89333
106.047264
100.65169
84.01726
80.32839
74.601425
25.327497
24.683247
53.259727
22.978844
53.638725
19.504494
92.29715
100.20311
181.69934
135.206
103.825
103.81797
74.84362
78.095566
97.8377
22.076185
20.162186
20.296518
27.685116
68.63286
27.094763
29.288666
34.689423
97.645226
7.1466255
11.789552
35.06196
29.945532
5.1487193
39.773567
52.536663
28.15622
33.027245
17.167416
17.40861
9.649719
2.9350836
22.71545
3.69812
37.98275
48.958317
17.1957
12.239615
13.09716
6.1963577
24.417955
32.00877
50.16232
50.135
51.94996
42.648907
60.295044
57.30354
40.29918
42.618114
95.17572
218.75766
41.861595
41.881424
28.282986
43.904785
32.298653
23.029444
66.87239
38.663387
47.139763
23.8543
18.207981
27.880108
41.80243
27.125397
25.680136
52.476868
71.91604
41.272007
39.33594
33.927605
33.26156
65.197655
52.579124
93.08948
43.870026
46.199135
52.0783
37.925346
31.771383
45.129715
27.627056
15.786281
12.948273
21.38916
10.985058
38.243305
28.4961
11.611752
12.939924
9.36991
47.95056
12.804967
17.058737
9.201092
32.04174
48.583305
19.498384
34.099995
12.757329
27.33498
24.426392
4.7407885
3.1282055
24.950256
16.027641
6.742476
72.96427
22.811329
4.172515
5.204569
15.764154
22.438515
19.348171
20.897396
10.659751
41.78118
32.33819
23.30244
42.61591
60.027283
12.472948
12.10631
11.505041
3.7048619
14.5948515
11.353091
37.284737
30.944355
39.823097
33.70542
16.942623
52.891834
25.749765
47.004112
86.05033
135.13382
127.70622
105.79286
8.227577
9.821386
18.525232
9.076885
29.427746
38.87742
42.62834
25.558678
13.639773
22.885227
12.898069
15.4926815
7.76495
45.064373
24.937267
87.84055
43.445805
41.066673
2.7188785
23.25711
3.9706554
12.512775
16.77345
26.917242
35.418118
30.328678
49.908447
34.07216
51.36126
72.051346
8.092962
8.066251
5.579152
12.603847
19.034737
8.695658
45.391823
30.861792
44.571564
94.663246
28.141357
37.910725
25.772022
38.5124
22.365185
53.829975
67.294044
71.99669
93.15163
78.74451
71.512054
75.41835
50.12594
77.685196
73.13542
72.94602
103.23087
98.83317
100.05728
113.76412
111.811195
60.11264
10.383848
11.724343
14.952345
17.003965
16.24033
20.959343
4.3218207
40.256443
17.247345
25.363543
26.656805
36.796562
28.11172
14.745791
36.87627
24.126911
18.556984
38.344864
0.676402
14.116186
32.38755
42.839314
14.999911
85.35117
86.197754
64.11419
97.41561
75.6148
60.755188
11.452469
54.10793
38.814484
30.31575
48.989132
14.259384
26.699076
47.362125
50.46621
101.523254
85.33897
57.359497
19.37753
69.60772
79.75764
6.416149
8.467108
1.3740456
38.04782
45.491337
47.738464
70.136826
39.476715
53.22164
47.47541
46.838585
36.58158
2.824237
3.430989
10.663184
19.709843
23.600697
102.53888
41.14383
20.166584
17.792118
32.321224
26.078323
31.07756
67.7949
80.39242
29.030584
36.93416
11.316479
4.482929
20.982815
31.102554
60.96052
10.05203
13.9438505
35.47344
42.78472
42.812645
32.383266
37.48076
16.550138
8.354002
33.73591
42.05872
40.840412
39.961147
25.271358
5.101694
6.2134905
7.498191
3.2275367
43.20162
11.836368
42.733093
4.9888086
24.879402
11.492171
23.952305
21.653328
27.926062
2.6787543
24.204496
45.5466
43.59028
6.414641
1.4109076
12.668592
4.4939423
30.360764
13.553882
21.84401
2.2213938
12.947299
31.888943
33.487045
20.486706
16.607826
31.717468
17.457283
12.24236
18.634602
18.407572
28.156921
119.89774
10.416577
24.198856
14.741786
21.116575
20.009052
0.7939603
19.3185
24.820103
3.5875244
12.078367
13.523031
14.949547
33.664726
22.764263
25.229206
17.30623
38.04
16.42224
68.032295
36.168713
29.068935
94.43121
72.32466
61.125538
35.56018
33.791824
44.343204
26.743937
25.061409
79.56746
21.168743
16.361727
16.525677
21.932823
36.71324
30.701925
2.6193368
1.4018902
32.067223
31.94456
21.943432
9.527548
48.31844
19.909985
45.826645
7.417656
16.331367
23.151735
54.512184
96.28263
82.04396
19.87585
22.826351
9.467749
14.637976
4.6562524
43.54283
3.833091
3.1333845
12.18032
3.205471
11.689823
2.562891
3.79779
35.576622
70.90542
57.154095
32.067078
29.844921
22.439075
36.273903
41.63663
77.785416
50.88295
18.772488
4.094346
8.514846
2.636782
3.1149962
3.5122533
22.156027
15.099711
24.099997
56.57078
38.091866
36.594704
12.231397
3.9403903
18.699404
13.165039
28.46543
27.723927
21.104767
12.725428
32.307922
25.658566
31.901093
23.834415
7.3397217
16.028831
14.449945
10.739082
4.3604403
45.76934
24.997719
6.6887794
11.907755
45.19323
20.250013
10.990285
14.797808
31.961243
38.312016
54.935326
24.334072
13.992737
14.588448
36.652077
16.996052
48.899517
44.9393
45.586563
42.888172
29.03043
1.1843061
19.901417
40.469513
31.980673
65.32065
45.841057
74.52871
42.98307
40.300537
46.89577
48.700634
44.95201
49.849052
76.170395
58.3951
16.233067
26.411743
49.694798
147.76738
148.66115
173.94171
118.97971
124.60712
113.04258
160.41397
105.739685
107.165
104.92226
110.49103
114.65053
138.95576
65.04116
76.12831
89.321396
19.749857
17.073654
27.422323
27.56569
125.38501
100.22166
100.37256
89.153076
42.734917
22.272524
10.839113
18.8028
13.530317
23.459349
29.120398
12.3622875
8.345106
39.467033
29.936451
8.169891
9.060755
25.929432
22.417522
9.849291
10.58679
39.222725
49.804466
7.046815
12.693651
9.682051
19.82421
22.561638
40.866253
64.08163
20.440922
11.710037
50.16485
37.602413
45.62176
15.311228
5.442805
27.95986
60.019844
6.240632
24.302856
26.09145
19.513342
41.33417
24.115753
18.761526
17.992153
14.449707
9.074495
18.49372
47.808983
62.534027
42.07229
8.585473
24.153038
17.838234
18.97098
20.941452
24.230883
19.38652
14.437619
21.174397
14.273996
52.599876
6.5434694
11.587502
36.521503
50.219955
53.399426
29.262852
29.767725
35.55506
125.607925
195.1788
131.99088
179.03067
124.09438
67.94562
74.70154
74.07519
114.17192
96.476105
69.64766
127.41553
76.00122
23.385649
12.6265545
24.485209
39.25818
88.02742
40.912495
42.507835
47.58277
79.190704
77.51551
12.283651
17.384785
27.280148
18.052359
30.974203
22.304533
29.403713
33.252342
9.798235
39.042732
34.10754
10.251626
22.67146
22.41765
44.309475
12.413558
29.33833
45.25636
40.677864
50.9403
34.94708
69.811165
11.150607
0.712056
18.324038
33.15821
24.61819
16.251835
27.134302
37.872204
48.419018
29.63128
37.45002
33.406563
20.844822
79.76515
7.0241647
3.0397947
5.9100924
4.1759214
12.033766
9.580291
31.496418
22.748713
8.432764
25.264576
14.501295
24.42717
20.49181
24.003689
21.790962
0.9028797
14.255564
23.098042
21.81527
30.080084
29.9965
11.668611
20.48508
15.951921
22.31207
11.304257
3.0146651
6.4181886
25.820866
43.579903
24.07958
21.016117
8.677153
31.446594
56.34559
33.091896
63.565235
55.904663
90.946815
66.68327
27.356588
17.19962
20.944656
20.696053
30.521637
28.901667
33.260765
25.24096
18.698538
38.79921
29.4272
54.640766
27.430914
21.65925
10.949008
23.409739
23.677399
37.902256
4.9114046
14.863261
9.339884
27.614574
6.7635145
9.039364
28.13299
16.625309
21.494427
19.351053
48.131775
38.118763
60.73507
6.836358
28.763119
18.17947
31.09552
22.22743
74.409645
36.31988
39.29828
45.49775
62.270092
52.614452
10.74436
7.814311
28.225536
12.099617
18.298681
59.8283
32.52616
35.586815
40.774113
27.750498
6.8292437
33.926746
38.239773
42.072155
30.999344
37.862885
49.39645
31.649189
65.18117
28.152308
41.82841
42.47633
4.160638
27.083338
2.9413643
7.97062
6.295298
25.90712
8.242474
22.74215
12.985298
46.001293
63.871338
29.272797
43.94302
44.81591
31.196
8.089309
46.469246
43.71957
56.191998
16.012005
15.891192
3.0443149
17.552813
23.71425
2.7270224
22.976437
20.653538
20.283802
9.868283
82.71596
3.0651815
17.051056
42.771828
21.23163
36.41399
21.737185
19.025845
19.541752
64.70177
43.02914
72.433395
20.577982
20.561192
30.369919
39.455605
48.116314
54.25064
101.63679
112.309494
81.30485
92.77254
18.13671
35.682663
69.32965
66.137375
44.02208
33.219032
16.145979
14.227862
29.457327
28.203995
19.749226
45.2949
17.80843
21.559835
36.13018
46.680557
63.565544
42.65942
35.43862
39.642517
39.177784
43.51014
46.395424
50.260136
53.920612
51.848988
37.811787
44.03176
21.622478
18.72823
1.0639639
6.4007783
11.459141
25.260773
23.674639
13.993558
24.606045
32.588818
101.49811
60.784523
8.625549
16.678791
13.339197
64.4904
25.547457
31.111383
26.470392
23.321667
19.492851
24.61365
29.641973
19.038305
23.147
25.289047
27.395966
17.810759
63.13695
45.049812
40.023582
43.47374
0.7386113
15.423317
9.976809
32.761566
20.770866
54.41795
74.88613
71.65622
32.83068
26.504704
36.92466
32.593758
39.24552
19.761805
17.762276
27.637386
14.084117
14.100487
19.331514
18.961796
27.142206
25.495298
24.3316
21.761171
40.592365
21.326756
23.385029
41.527534
51.63131
49.775993
36.602978
60.835754
42.747566
46.577812
80.05861
67.51755
34.954613
100.67546
112.339645
116.23248
64.99349
67.19426
0.8157031
63.95091
29.262249
51.37171
26.86031
14.662453
27.430262
53.540443
24.780521
6.2477407
16.439404
31.035934
13.092432
2.8054225
43.54487
11.746574
31.760448
13.177088
38.7896
87.782745
14.200203
33.94643
29.04989
25.117939
28.684963
58.97416
57.142616
97.28756
41.951817
27.69545
22.561138
43.67134
15.54001
12.715821
19.495327
12.790626
24.810032
46.71177
41.5656
10.077481
18.493507
5.8560424
89.02244
35.21282
54.446007
42.450073
48.5948
38.375862
84.460976
33.24212
44.698505
40.704597
45.580498
44.12043
84.84997
25.790646
18.273296
16.04661
19.884373
41.39316
104.48157
105.92595
92.70306
95.350266
49.116875
41.229485
33.0116
35.570396
51.611633
32.87643
29.359055
34.15519
17.672817
13.755847
42.24091
41.52569
8.516599
23.350435
28.481915
40.105255
15.760921
31.262394
49.136288
22.897835
69.020905
66.191864
10.648916
31.522312
24.095148
26.892914
9.015898
12.608953
18.07054
27.787884
30.417685
43.72251
51.84391
40.243847
100.53953
70.15513
37.19967
52.503063
44.357445
40.421806
36.887096
24.28943
4.6927333
38.408897
36.72642
53.990253
4.74199
41.641308
30.926884
53.48285
27.722631
16.644491
59.646935
13.016299
3.0814915
32.632206
5.9275856
20.756453
2.7550876
11.77095
21.838886
37.228394
20.41829
45.974827
34.63269
65.15704
28.588078
2.8214517
29.037964
13.352346
32.90596
54.859016
82.05168
32.576473
1.8204434
118.85437
93.49009
87.93059
97.6135
96.09978
114.44704
124.0988
171.44978
93.90715
170.33997
109.94672
116.36208
144.9989
80.60197
1.2558349
12.225241
78.63957
40.397305
1.30284
15.811996
33.3049
26.594086
28.287378
19.44032
33.18398
44.502525
13.573412
61.126354
13.881892
20.907764
40.79977
22.679758
26.276245
21.860645
37.510918
28.624329
15.537399
26.98855
35.64347
3.534439
10.82484
22.01596
7.139614
19.308565
81.0109
68.925674
94.19432
80.3726
66.53591
58.077343
83.10399
78.49292
37.231987
36.306644
49.711674
3.9120507
51.29148
29.652752
43.051586
62.697235
53.32243
19.923376
41.36792
19.678402
55.79464
21.388391
41.399258
103.7876
83.80325
71.12212
128.94382
132.17307
148.83037
98.22002
21.379423
35.274918
38.096786
21.800728
57.057777
30.343832
61.087425
20.569206
59.254143
26.731846
17.858534
142.40652
19.137283
33.159447
31.648462
44.43223
42.44146
83.21394
75.469734
1.0526463
2.9377353
13.392349
4.6910467
23.295824
49.174847
55.920113
53.919273
59.168877
35.720833
116.33346
80.155975
91.41436
97.85592
113.85939
137.48174
129.80228
189.97845
27.654678
39.53378
18.135983
11.987555
1.2435324
22.718683
45.663914
20.205725
41.259426
62.525215
40.892128
40.862988
29.426855
44.782997
10.857262
17.472158
11.61489
66.23109
10.712533
145.54561
51.301586
20.078661
21.814606
18.523321
73.57692
40.364346
20.488886
42.852566
52.320534
109.86357
34.5648
11.80245
32.594868
25.481495
34.25721
43.408695
19.518475
27.084833
55.069836
17.091732
36.69852
95.06205
89.85657
86.040306
89.88211
103.1427
27.730875
25.895443
68.157776
54.318146
74.56658
57.780113
79.06513
88.6527
134.30048
60.551044
30.031406
47.708813
41.621254
25.085743
29.726526
30.739218
27.589834
40.273884
57.560314
11.165955
26.966335
38.98827
56.96557
30.673183
55.795868
46.669075
24.642282
40.530586
42.106438
83.06951
36.928062
48.133415
33.507576
30.535639
26.83819
40.323067
72.92763
52.955822
34.75146
5.4675527
13.8847275
26.596813
17.965355
41.537453
35.668907
50.15701
24.675022
39.56215
32.953846
87.96326
98.676636
66.178764
115.5105
69.514824
43.17274
30.724798
15.292337
71.00035
27.689022
21.886599
58.771126
45.335274
10.722714
87.82928
27.728785
24.825459
5.8452177
102.78615
51.88601
118.83799
146.34244
116.46678
99.84367
79.05611
111.2849
164.50002
118.02489
196.00287
210.10315
100.97769
85.49632
170.80186
139.65434
116.712685
57.70925
44.62083
75.824425
67.25925
33.53562
40.64252
22.850643
27.020227
60.647102
12.87084
69.32293
51.840435
38.020256
29.116848
1.7259076
4.363403
11.063216
56.355827
30.759663
48.964905
27.143925
39.876778
46.274548
41.70116
87.747086
35.720695
87.86456
25.585688
66.74438
20.4241
10.392581
84.48689
85.588554
91.20326
21.19423
60.487083
53.098774
78.25756
54.6697
122.667175
50.735146
83.55516
43.495007
47.957703
61.355347
31.900387
45.600452
35.568253
34.25268
33.24622
37.792747
69.67141
130.23569
75.004196
137.99179
122.63303
153.39076
13.2639675
39.91046
21.284931
25.720474
99.682014
44.73281
26.602411
16.805727
31.376728
32.63359
61.891388
5.183476
98.97879
190.85245
163.92659
113.7038
166.38062
36.713985
30.921698
15.29611
38.478905
133.64153
164.08246
88.811226
96.01909
82.77398
63.534077
109.71924
63.823463
74.05706
74.92586
52.197777
81.2063
28.545544
28.315699
35.267643
42.61406
32.668144
38.24935
172.61494
129.28036
109.2747
155.97437
95.96009
138.27727
104.44169
97.83095
122.96189
168.2387
102.085526
110.15289
58.11083
117.248924
95.36839
88.962906
70.714424
141.07718
87.769844
107.162674
94.3452
100.28991
180.38422
86.90074
155.83684
149.0315
175.62038
145.94557
134.0535
96.509964
87.98773
238.3035
51.70467
60.45359
223.71663
95.5399
101.2581
91.600075
79.948326
70.48977
127.86446
135.0008
120.97166
118.93829
134.26447
170.58945
124.82631
134.01578
60.59693
95.6935
81.59432
68.33938
70.7415
92.86919
90.64457
144.34013
133.94543
148.58694
144.41957
149.0756
115.01835
90.5117
83.45084
63.50772
36.44165
32.51042
44.487553
22.45959
78.8405
37.47026
36.499992
15.985967
63.782784
32.87877
28.54729
43.640938
27.565207
49.04694
38.544044
70.66215
45.87488
17.902634
47.647884
56.750824
56.542034
54.887688
39.3543
41.257088
20.137732
13.988093
25.833752
41.05052
31.78857
26.17612
28.50788
37.644707
28.354244
17.563206
58.07242
24.554966
70.58032
98.722664
88.599754
73.28308
75.33818
105.19646
120.93711
84.79976
71.24937
92.87852
231.61234
151.44621
87.806625
80.37652
47.000587
73.41355
75.76384
21.708883
57.816284
65.17777
26.492565
23.245234
41.67829
34.45054
90.86867
72.728226
122.620445
166.83287
161.47731
6.503568
24.369246
16.446686
59.431957
21.364101
41.355003
86.56936
68.66969
44.539726
65.03157
71.327805
28.735758
85.99489
68.805595
88.976425
81.57258
69.770584
71.697266
66.39304
59.353954
59.21697
97.06305
90.97858
102.90763
112.414505
56.856056
128.97275
63.33634
152.05176
203.45059
93.63748
63.884743
83.48384
77.24203
60.902153
96.53975
127.03481
92.5345
79.07824
114.14412
64.07401
29.45542
30.926682
34.916958
15.848238
26.023773
18.913805
19.965778
63.480293
38.649193
72.482185
23.444996
61.40467
80.70743
29.958828
24.13523
49.553215
20.661171
11.637909
43.437027
6.386345
16.614285
16.947138
9.743166
31.975561
52.08541
128.863
64.35743
8.501593
70.83344
99.00511
40.323185
34.054745
57.1444
25.989538
74.90798
86.944214
36.295113
96.400055
14.8511095
52.373524
41.907074
38.252663
21.081287
51.04028
33.145855
25.166636
35.478645
20.086077
18.370108
54.55224
23.41311
11.399782
67.1263
32.695374
66.77556
38.58895
40.995285
75.71769
67.36369
80.5225
35.351494
25.608791
11.386568
32.58027
49.259468
32.932236
43.816284
115.683754
85.00028
91.79195
78.21886
67.47849
79.85684
28.833553
71.319496
74.68553
52.046753
20.65994
35.611847
45.75958
54.658905
30.64951
86.56041
26.694921
36.397606
13.310944
24.903393
44.32416
49.748726
49.55057
44.08291
19.839672
27.35907
32.54113
58.438744
57.7083
27.100088
50.578545
104.52783
112.813194
152.94485
88.10375
135.51222
105.47302
79.12917
92.29572
81.440384
38.14373
40.85534
24.386084
20.068047
46.214695
4.218412
48.358593
17.604755
18.233744
46.77653
48.515236
60.058815
74.98164
115.3972
131.58067
94.69415
71.22523
198.67693
118.75002
219.65732
145.59413
149.5653
128.07109
146.3425
86.55257
178.45866
24.417294
11.112334
39.127945
23.978146
29.13678
15.00775
37.99589
33.59031
87.042564
73.859474
39.05355
56.18694
205.9661
168.70871
214.97392
115.15825
88.24199
83.4332
78.84996
105.95708
87.03956
100.4017
125.24251
119.40285
18.695421
50.353664
43.8059
42.4284
100.80999
115.74148
83.02877
11.972075
6.1265364
8.462841
17.41736
21.044167
65.15479
54.722107
36.87927
33.53316
21.017002
31.000961
58.61493
35.791172
43.800335
126.05354
26.272839
114.36688
87.860794
56.525707
55.94062
74.96554
1.4333084
26.924768
60.37854
116.37777
143.70569
136.36555
130.2233
105.96333
103.8292
112.64248
125.49129
154.42082
26.202984
47.565132
27.703396
42.364006
20.637001
12.591021
26.412832
18.202396
22.028564
30.8849
28.280964
26.44344
38.889736
37.12153
74.0668
25.17036
33.69686
37.800644
45.52569
59.98185
41.637787
43.166832
28.947
41.55918
23.315226
96.22246
81.532524
89.94056
80.40022
130.80978
152.33606
102.1105
104.30137
123.10317
100.75612
114.77321
99.60951
56.763916
118.32686
99.84731
1.1470315
42.69855
34.177986
123.84098
106.231705
79.209274
86.00533
89.30013
196.9016
107.00979
74.45932
109.04594
166.14267
124.592514
33.597282
67.64353
14.446455
21.305897
1.2116759
29.31516
28.360983
42.534645
1.3928974
20.919355
51.980305
46.760998
47.473034
40.519184
36.881004
18.398806
48.343517
43.393288
138.61281
67.93054
89.56316
51.36936
142.49875
88.03578
48.788525
27.142864
46.72171
57.29585
64.57007
51.344673
18.03223
18.975481
68.49635
27.252853
115.88914
91.293526
84.41294
106.31163
92.1572
34.984413
81.207565
49.72651
50.143333
76.416794
45.69589
59.459087
36.581715
68.860214
46.77181
67.58555
37.42243
155.96762
157.80153
152.84738
237.8702
21.544025
120.29305
39.38772
135.08627
180.6824
99.83917
334.98218
28.0845
42.48486
39.941338
27.255596
45.35517
79.04698
88.03862
147.37373
108.743324
11.357028
81.33345
39.22399
63.14505
91.792305
104.126076
26.040222
15.75178
78.21482
52.704357
41.409412
26.619083
52.991936
49.313194
7.5140824
23.155092
76.119804
41.11176
26.61618
39.44686
3.991735
38.200768
29.605927
39.209644
86.75151
94.04498
24.851215
105.43882
76.28904
129.91537
124.029625
123.43528
137.18588
63.045513
96.96579
36.216316
41.89263
22.562199
2.3328893
32.805725
14.458033
50.065556
68.84135
60.74813
19.314983
57.833717
50.04548
39.2181
88.57533
100.19246
3.9200273
72.6967
92.11896
49.901566
37.631355
53.515617
48.383904
14.0696
25.955196
3.670945
28.16572
29.173285
21.446783
11.303343
18.411938
29.848822
55.519726
100.817245
69.23647
102.769325
26.05896
72.46557
59.066936
31.541195
47.13799
67.86067
66.683464
65.25924
64.786316
79.65448
72.09007
80.81529
47.73298
72.735504
23.512136
15.44662
59.927483
14.569624
14.816335
59.732616
35.982887
71.35695
97.53033
125.59824
75.01353
42.414963
50.0139
41.925358
69.16954
61.831367
69.22768
42.691784
104.115555
60.074333
23.051346
33.58679
29.55099
53.86386
37.024017
28.711023
32.771446
114.255356
113.038574
71.26845
75.19727
106.8325
85.54102
104.38274
138.31009
11.356615
8.3610935
40.3261
35.741566
34.403687
72.44635
121.3688
52.292595
70.33522
19.377619
35.650444
41.447582
44.62926
68.05751
116.60736
109.84453
122.20915
47.231148
73.23108
125.19835
91.27499
75.58602
51.638355
49.50012
74.64577
90.52077
94.1529
24.50448
17.361166
37.776604
35.88857
84.31959
110.02
118.69132
102.40275
93.5146
79.98601
81.96951
4.338792
2.3268342
103.039696
65.6299
24.733288
22.403767
23.230757
23.032238
18.439447
68.14955
31.86788
45.887882
83.44961
35.675613
110.906876
116.04541
14.974745
15.469447
6.4999504
26.81989
66.2569
39.95182
22.697847
91.855606
127.96151
102.20032
205.20796
21.575624
16.77045
37.528305
23.117613
42.77368
44.938663
38.541653
22.236301
45.166634
58.173157
20.74265
47.349297
60.02243
43.49887
76.69276
51.29464
107.363075
72.75503
38.88025
26.961035
42.949963
47.098198
59.82476
52.60446
3.7417157
39.03567
86.65467
60.79883
34.356384
15.263234
30.917038
37.4158
48.457195
31.293478
141.40837
104.2119
73.89699
18.402445
50.995964
27.383167
33.656475
54.12374
20.120485
4.9743986
31.662327
69.644066
46.46003
15.110059
63.67386
81.27023
5.4747896
8.881909
86.54262
62.019947
19.40996
13.51447
11.910912
11.555914
30.5419
58.135944
98.291046
300.243
144.82779
361.45868
199.9808
131.87003
58.51954
50.14429
22.533821
88.2995
35.666718
40.774677
41.732037
17.80318
46.746452
69.09114
91.63188
117.57072
79.594734
94.133675
93.3439
36.872414
150.66818
103.51955
24.38332
26.095383
13.148718
21.624432
21.415102
13.946131
25.625666
13.014059
37.371872
31.439419
24.23675
42.74288
56.9972
29.913818
29.72432
29.30286
59.667988
71.23791
19.170406
23.312796
11.59436
32.656162
23.59866
74.75591
13.045357
48.802284
38.95148
16.694805
71.00929
57.67739
70.3087
68.648
40.805317
54.986366
38.027992
24.930382
103.53762
126.61597
70.79541
89.79218
67.012375
57.18043
29.736485
19.685728
22.009722
43.90243
10.930724
10.05916
30.604315
43.96344
39.79667
52.958183
37.761448
32.383465
60.478096
8.32019
71.23315
72.74212
60.097816
42.049633
14.122653
7.1752462
18.867275
31.441534
6.19049
18.597927
80.02448
84.264404
57.84437
128.4924
124.97833
62.526287
11.098934
20.67748
30.134613
31.218216
128.65118
170.74814
127.39364
21.459827
12.868884
12.137987
14.445955
34.8766
79.19688
79.92137
87.82521
65.00728
80.837234
32.414833
47.184967
29.088913
31.339634
39.738464
20.985386
91.15044
32.249393
126.90924
14.24326
38.50654
77.52027
94.00933
223.58426
82.7179
119.96379
108.55412
66.70686
81.56312
60.430473
79.999146
47.764465
37.24432
58.941467
150.24773
87.76863
83.855545
96.77669
161.93541
109.51317
22.277847
79.0056
65.80157
56.168945
20.023499
24.366789
26.632257
19.313074
15.884625
55.184303
21.463821
1.4286958
28.521515
88.25078
10.522815
50.847538
4.8197427
37.16488
119.75399
101.25847
16.556002
10.2122965
58.18148
67.03126
69.5613
95.87877
109.95766
71.11483
116.465775
70.83885
93.88866
91.08987
91.04486
102.28252
142.95366
115.86571
128.17242
132.11974
37.44961
30.777523
28.921932
31.796017
19.711994
20.501392
76.084175
154.78392
160.33714
155.50967
84.37108
156.4823
87.83219
166.0397
12.461511
29.996998
27.305939
50.868225
12.688433
12.196993
45.2698
48.56691
43.419174
17.162304
36.4752
29.466938
27.232794
103.43662
131.8323
103.225784
20.101122
9.790386
73.08168
47.815796
59.744457
207.88062
5.8415823
17.248667
69.49514
47.844925
53.083405
66.701256
123.910805
38.500847
50.94091
50.34263
23.631237
26.066936
64.340164
33.490196
48.52569
67.53255
96.648605
21.201536
44.070816
22.781338
174.44556
111.44429
178.39517
114.791504
200.19707
99.365845
98.378426
170.07256
177.445
137.5027
188.74315
157.75272
81.34071
74.35772
150.26259
28.296131
31.332779
57.742615
29.088741
28.527948
10.967395
12.902174
69.6445
20.043884
30.444235
41.27793
69.51059
39.80732
26.088013
142.95084
161.1599
116.16777
114.94731
12.87488
28.68336
27.8462
51.160988
64.42641
57.694206
82.29817
126.51985
83.746185
31.138626
31.97995
78.25013
57.22042
14.77121
57.430847
53.60442
27.852057
12.13521
37.534153
29.167566
16.438437
11.127564
51.314674
19.081165
34.646046
80.031364
12.276042
68.11608
23.520744
50.45937
46.112915
28.060913
68.85545
40.726784
37.948334
27.948095
19.25381
51.237194
50.217495
39.892216
101.143654
95.39598
4.26064
17.913557
13.221277
33.60828
115.886185
3.880731
43.44558
41.877144
116.51139
83.79439
44.485344
8.474683
60.81486
70.15157
20.694735
48.643757
58.77539
36.761543
68.270775
66.925385
119.03843
111.2026
97.65775
26.362255
27.584717
60.55448
97.87696
26.985275
39.763638
37.18393
29.883945
27.728552
18.656235
40.360336
44.708458
48.984905
114.38817
68.814896
122.85852
226.1478
145.76497
177.94693
86.091576
11.025877
16.242538
105.74856
95.61473
109.553024
146.84097
93.644485
108.39522
134.55334
84.731346
146.37605
95.4781
104.170334
102.17784
153.0371
122.87575
95.56108
104.28377
83.21663
109.23956
106.29337
76.21184
99.87987
107.49636
77.343124
80.18704
64.001015
38.396706
48.520195
108.45378
162.1384
14.736969
13.677332
105.420166
31.397404
25.159472
20.21776
28.3437
48.73452
91.90893
86.72701
78.70608
172.75606
113.09273
3.9788258
21.61525
20.186275
19.891954
28.222235
50.264175
26.43507
58.6977
28.533768
37.00666
89.91295
38.96988
38.833202
101.28573
28.148438
31.437763
52.367535
29.41813
38.668625
38.38317
45.304817
39.107544
32.516285
75.567764
49.39991
14.557421
74.367165
24.668562
38.373478
29.662481
30.980999
19.34696
20.087729
36.8985
55.564903
39.18241
23.32171
30.803253
31.967194
50.988335
69.71813
95.77346
50.93109
30.164433
22.41485
34.997993
115.17952
113.74441
124.75084
107.2335
36.27117
44.54857
61.333153
51.0597
86.31812
201.24124
70.9691
22.266829
29.668097
69.60328
41.2537
138.11539
68.29895
64.84293
82.11632
83.50518
52.355824
69.46912
32.40383
77.19621
41.454586
11.265057
13.818033
51.312126
66.799934
4.3602715
49.7337
19.90202
24.653244
34.161926
116.13096
32.57614
58.534203
71.043655
182.91975
101.76602
21.602028
20.463179
95.88521
86.953865
85.646706
93.34721
218.90884
75.9479
65.71834
18.345419
35.748924
53.668835
51.346718
8.828856
23.80299
28.21348
43.9499
26.165781
40.233143
53.227436
59.25774
10.102044
36.962624
29.234646
16.22591
50.70031
43.94877
22.827282
37.860428
67.7074
21.56821
32.81237
169.50017
87.11284
109.81962
156.73248
104.693565
203.85376
226.79402
121.04073
56.801685
104.20973
45.33673
78.91735
99.62335
59.23046
57.37388
95.1381
141.84013
143.45229
93.41973
112.86647
142.12448
101.41737
116.12787
93.17816
103.67422
79.03196
17.087862
43.8085
78.772934
76.922104
58.79612
75.698685
131.62495
100.54144
90.87143
71.36013
57.489326
116.58095
44.592648
69.57442
25.005615
83.29184
33.07278
131.852
36.90291
83.89828
101.22135
88.27614
56.935753
32.80314
52.58964
121.07727
129.26474
84.832825
180.4219
131.49779
50.76013
98.53129
129.19934
107.09625
129.37961
110.98761
35.805824
41.165474
42.41854
21.163902
43.74105
18.855267
164.61163
2.1861684
113.13237
86.448875
153.00674
4.0028195
38.018734
50.923126
85.4897
82.26462
86.91237
170.06892
76.525475
93.64236
92.532555
129.76756
81.24283
126.08651
128.7905
108.5625
92.09261
116.50598
70.22819
91.5084
152.67401
110.378006
85.06683
111.51505
72.59749
61.64385
30.000835
39.59195
88.80757
136.40262
131.31746
95.157364
101.6241
196.25847
112.035934
57.46477
73.79976
90.61779
143.08446
257.87457
16.489391
27.029016
60.640392
43.937912
36.738655
49.09592
47.298904
40.271774
7.347242
14.222056
50.08462
96.51494
97.73974
76.10632
104.23635
96.77446
87.88328
47.385918
62.971466
59.42392
138.8088
143.03189
101.199936
118.963356
75.16293
95.09603
72.2178
42.233696
56.53254
42.157204
23.939426
33.803276
35.95868
48.105293
106.77759
22.406677
119.378075
159.99048
141.21307
158.14894
156.00577
165.22067
189.59277
180.16306
105.08086
77.096855
40.756264
92.168365
120.6227
152.64453
111.39443
27.139431
54.09848
90.87727
98.58741
92.35565
101.43213
87.68707
86.72688
151.17105
86.7314
109.148636
85.97951
119.16948
102.57733
128.75244
150.42258
224.19568
89.1591
116.67883
19.28239
42.028873
4.028777
109.951004
21.064754
2.5684059
53.405357
29.310507
74.469925
1.6278837
30.261017
38.037636
115.4789
32.440376
21.644205
105.38766
81.49673
83.43688
37.533794
51.65452
51.883595
40.812054
58.275917
156.48526
90.54363
142.57928
115.32804
8.136023
37.581917
50.297337
56.80081
17.257763
42.856083
27.538746
22.185682
58.243755
57.929615
27.188633
55.423695
16.4685
98.62172
69.68388
29.866299
21.604382
64.7656
105.22788
88.63572
139.93349
92.734985
73.034744
162.41682
84.31868
97.61409
36.439873
29.788708
18.468079
55.963623
17.437836
31.155863
6.9770036
72.76921
91.560356
39.79738
35.75785
51.58479
26.92744
57.349873
20.122852
31.278437
14.879496
20.080816
24.136848
60.384956
176.21077
146.84534
149.15477
47.737083
51.019314
77.46481
53.5969
52.557228
65.218315
44.1457
145.08543
160.27715
4.4461746
32.537342
33.2417
16.025179
59.840088
79.87306
12.77087
38.747883
45.29961
55.181664
7.519555
17.042168
33.63649
11.363016
62.0745
70.966576
26.234005
37.548737
60.934532
41.517548
24.674183
31.554356
90.04253
92.11586
24.821627
28.676815
