583.5718
97.150215
117.46141
122.40376
145.26332
130.08618
85.15779
169.06818
96.68696
140.03325
89.55162
82.99351
152.2189
115.73192
87.14768
73.0802
81.28098
75.044586
96.74224
74.45739
108.82378
169.1267
27.102406
34.77728
35.019936
26.472174
24.312002
71.041115
56.352623
43.100437
75.79978
96.27307
73.18489
107.347244
53.184326
39.880127
164.28853
101.86334
140.52344
141.70358
226.82251
101.990364
126.60072
120.352135
77.6629
112.79193
90.49666
119.05371
96.18092
96.494
126.37056
35.620922
110.733505
126.785805
124.12891
81.20996
16.016863
55.32846
62.514435
17.666737
29.141865
23.462162
57.2148
94.09911
96.591965
107.25735
12.715476
9.595539
17.367002
38.028152
49.27413
63.881653
52.36033
64.28136
30.327932
49.664837
3.5606225
3.0896127
22.506395
30.887827
31.061764
50.50679
30.680136
15.71166
35.59386
63.73221
30.938364
50.797302
23.403822
68.855446
92.56848
74.83087
4.469363
2.8471327
23.929752
17.274483
23.84654
89.639725
89.54338
34.763573
20.002188
12.484159
14.571051
10.820086
51.05153
19.33658
40.034054
27.980219
36.649277
36.1962
11.567022
16.73792
19.374931
81.38306
36.278664
42.666553
62.271156
80.82413
34.66644
38.310585
36.1674
100.183754
151.40598
78.80042
113.74196
128.91531
37.573437
43.788998
61.6034
21.337004
31.431402
40.0409
65.81166
75.58684
74.94735
48.587242
43.056145
48.567566
37.859364
68.03735
92.40772
39.43814
44.19871
77.68528
60.198437
87.987
85.13859
79.99968
80.53984
48.88681
88.421555
55.29878
68.228325
94.05257
65.59676
55.26705
91.28341
55.860832
99.44635
57.793316
27.49909
66.97383
62.078957
56.065613
48.166542
104.62557
34.780598
28.610346
30.155151
41.420403
8.797094
42.94076
26.411646
27.91792
17.791393
96.345955
73.4809
159.90321
75.70607
24.528118
26.53924
27.75881
34.897438
37.469345
29.732798
51.375572
60.395397
54.150635
79.075294
160.34111
163.02351
177.62268
189.51604
81.12543
130.78085
1.4288415
113.524635
62.4781
69.33456
109.47678
88.331375
24.22617
31.170898
68.451866
92.8004
69.75497
101.93799
95.8983
76.862495
69.68376
71.661476
171.41525
169.8094
81.64739
30.573664
93.80646
30.682552
34.68557
66.60688
51.341198
40.17202
97.17645
196.11536
123.158615
117.946205
190.86363
120.84099
90.206825
44.121017
108.17694
119.38176
77.505936
76.69226
116.803795
85.65834
169.53256
51.89801
55.949444
36.869
58.378296
40.225155
40.0676
47.525482
51.80842
109.6761
120.319595
95.38224
83.45448
18.130793
47.460983
75.37405
44.94326
31.441782
17.258585
40.670883
60.627296
93.48251
106.91085
125.77673
75.890396
97.38689
80.07338
52.330544
78.588844
63.219135
151.83731
106.20856
28.793133
20.033081
20.000751
42.51395
21.390867
26.52219
39.553753
28.288214
60.893456
49.320824
42.74482
45.574215
61.17147
9.767212
10.823557
35.837517
38.50616
38.43307
20.403124
53.325287
45.841347
20.24616
27.40535
24.121475
35.969788
70.691864
71.40196
48.010914
43.48728
31.431366
96.24552
153.07689
54.90809
65.610016
74.17158
78.19701
99.77339
77.13795
47.998047
92.17128
100.663925
151.30774
133.20091
108.61894
128.49466
116.99192
27.773273
25.234186
30.351175
24.70514
66.00732
26.845861
80.553604
174.6082
22.311573
75.94571
109.159584
64.01534
114.34639
183.56587
169.75339
209.38431
145.71477
121.55918
43.45054
26.465775
20.193943
93.86611
27.93335
1.5529519
11.568919
107.08927
61.042492
65.47334
1.1278039
5.740014
31.565083
33.14961
46.985516
45.241356
38.371376
102.937035
25.629404
110.892166
20.21542
38.067455
26.916569
28.893946
75.399796
6.427903
79.94216
75.87564
47.539555
54.588795
76.1543
50.99239
135.3996
131.61368
104.74325
163.08159
90.204544
151.11586
154.75679
145.26839
149.09447
105.0096
79.389534
79.89993
58.02486
22.496763
126.73148
19.784075
63.997795
61.635845
60.641956
67.78377
35.793217
210.55318
196.19446
134.80045
118.08325
62.167957
30.291946
22.408047
35.23689
58.905006
85.77836
14.840116
70.13156
12.921079
45.90177
34.60132
61.492176
17.481718
57.466225
33.39804
34.76936
28.02984
30.93543
20.860804
45.88688
85.01138
36.30679
27.892954
31.047104
18.272015
67.25988
59.035423
98.73376
133.82516
94.283775
43.53707
74.86531
35.509853
53.77545
103.35158
46.218388
24.104538
32.614777
24.010448
19.293499
17.82027
89.52535
46.868347
22.24199
46.23633
19.96728
50.20792
61.54841
80.23328
162.54642
117.15619
35.303795
57.396973
39.583546
78.463394
144.8226
30.315897
89.2332
122.45956
106.0958
90.58301
21.145569
85.21947
79.50896
90.5183
107.48806
82.1665
100.550835
109.064674
118.16807
66.168304
65.72845
72.05078
114.69855
138.42361
84.65633
175.42355
188.2706
161.54172
179.67174
158.70229
139.52934
71.25728
73.50719
100.8334
135.64142
4.104342
33.85936
29.423813
18.12115
43.701912
33.207386
46.954063
55.139122
51.623413
36.918495
82.34593
81.76039
27.890299
53.555214
54.487267
46.63035
13.004718
27.091589
16.224476
41.68704
29.180115
59.52885
35.154533
56.713676
144.194
23.345915
33.02485
84.816376
56.744244
36.187637
34.019203
17.677517
44.30736
56.056458
19.241568
21.904003
99.1357
66.20584
32.058918
40.300686
17.689781
39.382965
80.38606
45.882122
19.815756
4.8716187
136.68831
101.222786
86.82578
87.18402
146.7247
88.88279
139.24133
113.895584
95.37364
104.342575
126.378845
161.98387
85.63597
52.37635
59.303173
21.416483
64.05391
77.15735
42.96933
33.401443
191.95787
95.126305
148.4548
206.84048
84.81906
112.631004
111.3618
110.934525
146.15446
306.30054
231.00256
219.33769
205.14127
186.87628
99.419136
123.25496
103.550255
85.97576
86.10567
132.64143
51.752235
86.465355
87.20813
11.188643
69.493484
199.3161
202.50714
94.664116
82.15815
164.29118
156.63133
29.025303
62.314583
46.577812
36.21076
97.595566
167.19843
160.36227
166.64304
124.8387
117.87329
100.42915
104.63954
157.01889
50.280117
69.41765
139.15002
91.35678
91.113235
101.22446
106.79826
48.4794
19.144407
43.623775
28.14449
11.955553
41.5531
30.45748
69.53969
69.44339
32.70926
44.98141
68.11201
54.93415
19.111006
35.36668
33.986168
76.70677
58.02102
107.62527
59.43857
15.725891
46.027153
26.516266
97.61943
96.17617
99.34209
103.45982
165.12541
40.53177
5.927195
40.0364
29.341747
6.423265
51.481342
20.294792
8.945717
38.67402
13.115786
67.75202
50.33236
42.475945
44.002205
13.348422
54.60369
1.7246479
9.929003
11.470709
25.625366
23.93362
13.406337
22.73235
37.65992
35.964405
107.87811
24.913876
34.776722
80.45668
33.65886
39.429268
28.614386
39.774025
14.738939
45.636967
17.786663
11.4515915
68.02451
48.963203
19.772589
47.857464
37.199265
33.034294
46.95407
19.385794
28.795496
56.726704
58.680634
84.222176
55.15089
60.432384
49.16268
113.59267
111.43008
87.221375
101.676796
41.23882
51.79174
45.360756
25.999247
36.201633
34.267586
61.90354
16.96566
10.738697
29.626429
87.919685
16.755384
42.342648
42.100616
30.905966
44.99665
67.736404
35.16009
37.0964
23.668001
72.612434
87.08361
62.818867
71.248825
97.335526
120.767105
15.389387
3.308869
42.363617
52.521423
40.800854
29.847101
20.063173
23.745844
48.34133
38.013603
11.255781
9.969763
59.56002
102.56956
57.724953
60.958534
61.87915
49.264706
67.742294
59.176003
38.815407
41.80033
43.553463
88.85004
81.80531
88.31818
81.441605
17.830175
99.96621
57.203796
41.36981
45.620796
17.929976
48.59901
25.215153
102.7382
162.89075
115.46362
149.24368
118.25694
144.91673
108.40425
108.855125
32.25925
44.648697
29.31365
75.75574
82.39165
229.39963
161.34409
186.17526
217.55428
145.55717
12.122255
43.782692
29.72131
36.571247
42.691074
57.07508
37.181866
36.804737
18.152905
42.620613
32.951225
23.365635
41.573425
28.834766
23.589575
43.16955
43.87843
43.452297
42.13726
20.034954
52.939655
83.71039
90.62847
123.35451
64.8554
56.811554
104.48015
98.72176
27.175726
18.050426
34.823135
62.702534
67.21534
39.494324
88.61388
49.433678
59.227043
48.16069
78.217
49.612427
61.299114
40.50773
33.874718
27.562521
44.29
90.81403
67.95185
59.986748
35.481094
10.255442
23.705614
73.873344
64.28566
60.716156
68.579735
65.577194
54.90806
41.892143
98.44776
3.2863083
9.704181
27.450644
64.97331
35.892944
101.89207
104.49397
21.396336
54.751526
75.41296
40.59548
66.43211
21.059874
18.909042
49.24955
128.84793
100.49998
26.214802
15.902359
36.601166
43.149223
77.435196
73.1057
95.35332
80.085556
76.20255
75.80305
46.500267
66.32405
66.421364
59.91582
43.770706
19.882904
44.777973
29.178064
40.23353
45.23579
61.81681
20.97936
53.011505
35.203865
92.27833
25.523191
20.144571
18.90008
19.621304
25.472912
21.382177
91.48434
23.851736
50.660557
49.577385
38.570602
79.60481
81.5187
91.53155
58.590557
51.940407
28.413853
28.491688
35.343468
10.574835
25.6978
80.738045
72.11892
34.161083
18.39993
77.31288
61.246838
69.15479
55.32337
29.759525
90.75478
55.93026
36.818596
60.957268
60.449482
36.165077
23.26347
43.307953
57.216328
52.17345
20.189032
49.98908
36.709545
23.303528
21.037558
28.268488
42.005917
188.51328
141.47575
89.75845
101.042496
21.137987
26.650925
120.43791
147.35812
177.89987
36.99321
34.546764
22.125177
124.32163
101.60389
108.03975
42.586483
22.458666
29.023626
29.071833
38.19541
62.565807
90.606186
41.20476
97.512695
38.10691
33.5607
20.846327
57.73924
27.609152
78.03337
39.65862
21.97847
48.160694
30.348858
65.99178
76.400085
36.099976
125.81044
58.783703
133.63979
83.31649
18.94703
33.446243
72.84215
49.557713
50.683857
80.55387
43.476784
10.29898
31.85942
44.93257
41.01535
61.720863
160.38525
128.89087
117.917946
115.02673
29.394058
67.07402
48.271893
35.150906
20.817226
9.413096
19.785284
10.1926365
10.191221
39.342964
23.543772
18.444698
50.860695
20.293468
47.482235
28.614605
123.72105
64.69475
13.964482
42.21183
34.630066
119.56665
78.15658
126.46661
101.5617
86.98753
109.59984
71.243034
53.229687
71.47287
67.21773
14.120791
46.982357
70.772804
10.814696
33.220573
53.963665
46.34665
34.103504
116.48988
72.10187
58.381104
80.2602
72.245316
33.42248
37.574608
133.69228
113.168434
127.99642
80.60655
88.64559
103.45221
83.695
9.228172
35.744637
32.536205
38.5741
13.314255
48.248665
18.620277
16.434437
18.658554
28.262955
1.9633106
12.018249
27.852997
37.677242
48.951214
106.26859
102.921
35.673073
42.566277
29.600412
20.346071
3.2221417
20.307316
10.920191
16.62515
10.526856
20.926504
26.091791
54.41738
16.20856
83.81291
44.840233
103.85504
48.563896
55.900352
12.106228
8.843184
27.864506
39.712288
40.86675
12.215687
43.313683
19.334463
3.7516034
30.072327
12.4297695
13.075534
10.931725
29.774395
11.754858
12.719534
27.076029
113.213036
82.69549
76.837585
25.655231
58.67315
28.32774
51.32508
39.504116
40.133675
70.1216
74.36893
65.82987
42.756706
20.222187
44.621754
87.09993
129.12193
74.38833
104.68559
12.17006
3.4864647
83.53102
31.945053
20.408949
108.61043
172.68143
44.175076
18.98573
39.917824
26.813812
51.72282
32.966034
21.733189
69.94559
43.148243
46.467335
37.543026
49.292877
12.392972
23.252752
50.10889
111.737045
141.62766
151.78403
173.1061
158.07352
131.02774
164.2403
164.16403
32.33966
33.14111
43.29515
67.23881
65.10564
27.35025
66.2112
69.8658
30.302113
45.187935
26.398716
46.154552
35.992958
91.790924
33.602505
32.4293
39.84577
42.184135
3.7939098
6.463624
19.496714
37.10558
118.477135
81.95779
37.444893
50.36187
69.81403
22.776627
43.33843
54.62375
13.846112
34.047554
3.5681252
19.736088
30.205364
22.250683
131.65671
42.681374
12.378739
60.069073
49.28964
16.15044
32.47477
62.498554
82.72284
98.30508
88.898636
63.713623
16.059889
33.622456
55.78062
79.39931
22.707659
73.43306
68.16232
63.622936
61.317913
40.99977
26.633219
41.475056
81.284706
57.50724
135.55374
223.72061
161.57047
73.92159
107.56472
18.35883
61.70008
19.491606
40.219887
80.66326
12.361354
11.956938
129.86566
35.234394
65.895935
47.24328
13.983409
43.563057
76.75884
89.19884
79.89555
21.495564
55.19651
22.895182
23.363188
19.057404
11.564985
15.048755
38.838966
17.906649
44.061905
31.821552
51.87332
79.12254
53.822205
34.767082
52.94752
89.98555
29.059393
47.812447
54.74635
61.521782
79.0485
66.02401
26.056152
49.671658
46.967587
50.90773
32.979225
136.12029
121.00316
53.26067
142.04971
117.6262
156.63579
14.596613
17.268543
12.93572
27.938349
81.95558
88.300095
71.214745
69.858185
115.80322
110.82817
81.14618
82.40077
71.41962
85.283005
102.09449
111.0349
100.865746
113.96244
162.09857
146.5695
135.58688
84.63419
17.028875
21.508102
23.478123
25.778011
32.93888
18.139572
68.39264
58.70286
33.929058
80.35632
77.3169
101.29567
93.31195
39.876354
20.664549
67.53087
73.41011
86.17464
80.0178
52.879314
37.576714
29.770016
28.361515
38.025845
60.205242
27.272186
18.622807
24.136156
15.927218
39.59356
13.67627
1.0759575
43.9488
48.010593
99.883804
17.2326
27.45126
79.03718
84.35216
85.42277
155.78513
100.605965
80.42079
128.33447
92.43938
76.682205
93.100296
87.35474
168.34146
108.720276
80.134964
110.065895
28.817081
36.14355
45.141182
26.276646
46.466995
47.02377
11.957765
3.6840577
72.07142
68.64587
98.038475
75.06551
63.823456
13.418698
44.49154
10.588972
57.43178
150.65726
136.51515
94.16722
118.06929
110.91853
96.1371
122.034256
134.08954
105.24202
86.03859
106.3334
93.36868
84.60323
85.51994
122.89215
18.03777
11.117986
36.298923
26.265879
29.318874
36.751568
78.05522
53.688873
52.993145
43.059917
49.518085
55.47648
68.92352
118.492676
78.27522
98.825165
120.8114
125.909256
157.36392
82.4369
152.12845
86.983376
88.15425
98.080086
133.30405
86.97676
48.20776
53.996845
45.688316
114.99735
124.39397
74.250656
26.85014
29.823029
117.325
13.481372
67.44972
77.7937
83.08609
144.43411
134.5791
230.45071
170.86716
69.47536
33.46449
63.740517
99.39577
71.35067
111.45327
112.69633
142.06879
81.67045
144.28604
93.376755
85.34045
72.53887
43.0406
41.37292
105.8937
75.57675
60.357933
1.029652
27.720875
40.372963
29.641796
51.279335
19.800777
28.829489
41.87036
37.727367
53.319653
28.41901
76.21998
24.372332
28.148016
106.29883
10.195124
14.619772
21.11903
41.04233
10.303859
28.95438
23.32637
50.521404
48.843174
20.67555
23.995192
52.551613
68.74095
56.725513
35.037006
23.895245
102.161255
102.52433
92.48922
60.011482
62.17395
35.36496
21.570562
20.45119
24.399298
50.594692
33.210945
61.59192
43.414474
39.479362
55.370777
63.722492
35.96534
34.963486
50.72892
51.334095
30.616604
17.616566
43.046978
37.986336
50.78117
80.91713
51.2195
89.992325
20.222965
38.281704
14.106046
93.96143
2.089161
74.65559
27.758175
14.37076
50.36679
62.768837
52.26176
40.009438
68.29865
47.76091
65.13381
45.659893
67.670876
74.222336
40.244164
18.099562
32.377598
88.54303
76.72185
91.329185
80.94861
183.74149
190.55339
4.1559496
42.004158
21.454903
19.062183
11.450924
11.4347515
58.084827
49.67832
36.723747
26.702305
36.958714
48.779755
101.68321
67.480225
85.85307
111.01636
84.08767
73.93158
84.7688
32.818283
13.732231
40.702385
32.845585
30.049068
36.072136
40.619682
29.242832
36.796017
51.301247
50.487896
46.545593
53.594196
57.09428
100.59056
58.081383
135.18828
49.83606
48.063248
44.449852
33.02996
7.308371
39.496548
38.97472
43.638695
18.15798
52.996735
23.909851
6.7036614
32.24594
20.193567
33.289776
31.359577
43.495712
54.350994
101.777855
162.29172
92.511086
149.68591
125.42531
73.11647
88.80499
78.41771
91.70867
100.9706
159.00153
62.8508
48.452938
166.74802
99.52719
52.44108
98.59441
131.59534
49.836876
102.43068
70.24195
66.23311
12.562094
121.23982
22.72276
85.08765
136.54797
135.75461
136.86508
77.55046
94.90684
118.73055
182.5064
128.26904
209.54959
86.37378
23.981564
31.402905
26.324244
55.907715
48.91886
95.66212
102.14215
120.81376
40.04585
33.244186
137.03828
119.435936
55.629395
54.269238
102.92251
112.81702
2.599388
42.29673
19.693779
79.923134
84.53461
80.00261
41.432472
60.137184
67.255875
1.2340378
21.87172
25.929556
38.257793
62.996803
68.308205
4.8787603
1.1241217
31.292126
78.93244
18.754154
80.09985
20.699896
31.842886
104.74565
100.61904
101.09686
98.9411
166.11455
57.319206
32.54539
64.42773
42.585903
73.90918
123.78267
98.715355
12.478755
21.961063
39.364807
26.021564
17.60191
1.1136105
35.648228
79.69989
142.0393
102.72282
120.06581
99.38811
129.49821
110.336136
88.3334
119.66911
129.74638
26.564404
40.45883
109.37954
69.40087
81.98274
92.77649
81.79024
64.14873
68.751305
16.715656
58.35668
50.80313
57.660625
46.30672
28.754765
30.273514
33.30454
26.620773
50.51724
31.618372
50.434563
9.970331
13.872702
5.1991644
19.322906
20.711063
25.758213
29.150875
41.660263
114.65672
3.9916546
16.508472
34.682156
78.752396
88.461815
20.879208
56.47016
111.609436
80.76625
84.347
93.42084
88.33258
71.310776
127.480064
133.91467
96.1063
89.266045
95.051605
22.96582
68.51372
11.092774
28.707434
45.4649
24.48057
21.409002
19.487455
42.570045
30.45806
35.289455
32.752937
67.71358
119.14917
33.233326
32.417004
63.915295
22.996641
39.201992
42.404617
23.763733
18.620388
47.672768
37.617542
12.159447
32.54616
61.777233
58.06954
27.136536
52.772747
100.11996
68.61134
27.702244
163.01562
101.053215
87.23781
109.7089
91.6785
120.860306
110.10355
114.594376
98.93785
69.73447
104.08783
179.50789
45.850452
34.499294
43.270382
26.479305
52.03469
48.636562
37.966713
77.38677
34.958313
86.29707
52.076843
72.66202
61.015858
76.31768
151.53098
8.819764
23.671242
22.639141
52.37774
63.7719
62.996155
47.127857
101.38783
137.4448
142.71526
26.079748
84.1837
62.62805
53.32361
48.766926
44.60355
33.17545
51.406487
29.02266
49.606796
59.310505
31.818386
22.890848
45.705574
15.706594
28.512981
47.827747
33.450165
45.57392
55.06007
25.165262
23.314861
35.378986
26.649334
38.748425
20.80113
159.04315
95.713295
162.58939
105.38495
22.758345
41.121315
92.89061
117.21417
31.639606
11.282428
30.27592
27.387705
24.796984
52.7451
54.298145
66.11122
66.79976
70.59334
64.89402
42.783318
34.912804
53.731274
34.220795
144.13022
107.59412
125.0287
98.58745
109.353355
222.91655
207.64803
19.82981
103.39148
94.42758
111.91355
34.3722
39.24592
40.69381
14.902382
22.071774
26.526043
20.375488
27.324863
79.79315
29.645473
36.89017
35.336296
33.20849
39.72661
22.512655
30.309229
38.114613
28.16388
41.935757
101.97905
108.89388
73.76953
166.65907
155.12521
126.38936
126.41115
45.55384
58.275536
91.91467
74.681114
51.11749
77.890755
85.0555
46.460617
54.85252
79.023445
159.7731
1.4226182
34.8588
6.5309
65.68825
84.14404
35.32165
70.56026
34.11009
26.59907
48.936214
36.49076
68.909
48.182816
58.045765
57.786842
30.830479
42.996162
82.6245
27.688244
56.666706
96.81435
91.22522
160.03915
148.63573
171.87534
7.0074706
18.256947
14.551224
11.820122
17.876818
19.410152
34.08922
25.71304
26.673931
21.65401
21.342428
63.557808
22.022285
33.64912
25.369478
55.292553
78.85851
97.20058
28.45129
52.69923
28.795813
18.463728
46.440723
44.533176
57.056053
34.565422
42.520767
32.612076
28.693655
21.922812
39.00104
17.104641
21.905247
32.332233
15.482434
23.607655
17.456839
12.411414
54.805218
46.753086
21.787954
18.195986
49.65281
0.9056457
12.207361
30.94599
12.358431
25.608145
61.452587
56.35033
14.621966
23.860008
5.552924
14.036642
33.56345
25.970285
60.58332
64.1579
84.91326
13.61389
18.978437
3.6481032
21.348812
8.158092
14.477638
15.17466
15.8194
21.544613
16.074757
10.675373
18.666706
10.851546
31.687164
14.054364
43.24475
16.749777
19.782328
3.1816683
10.535502
17.402672
34.628426
30.538284
0.7656435
65.706955
39.723537
46.439716
21.177013
47.96044
56.526405
86.95762
94.145584
137.78854
46.1516
46.58181
61.95334
47.144596
66.74174
57.712036
64.24818
86.87688
54.744984
45.76403
15.900411
25.651403
47.587425
20.981804
11.749126
13.862867
14.724612
16.212152
16.793081
29.77645
34.838432
33.8047
39.828945
53.923237
68.11421
93.6942
9.20804
20.565443
23.819405
40.127495
9.188377
23.841488
47.102318
94.74465
85.14166
57.34104
5.717723
28.854725
25.676651
22.588291
31.065165
43.88947
32.194626
18.354406
23.118282
24.210638
37.308296
16.016926
17.39175
30.980387
26.90307
60.115257
152.19283
76.28211
43.51706
57.916576
50.59937
18.81789
23.800976
20.040667
11.597254
33.162613
35.524868
16.399668
17.29123
21.554523
17.29825
82.96425
51.592743
60.47004
170.76102
15.03676
58.93742
6.8877273
22.201614
25.339281
19.979752
21.754454
15.628572
20.05733
30.547766
9.867742
43.76369
28.406393
5.4520526
19.48936
10.266724
27.61053
34.005493
31.61739
29.91066
29.69872
31.221203
26.019512
54.782356
36.709896
20.835138
12.1312275
10.1001
56.297234
26.129452
43.769573
18.519497
40.44074
12.080909
29.78049
23.531193
25.616552
28.566294
30.779903
53.973248
40.442406
38.47285
11.480722
14.808451
41.627254
22.875381
12.882736
39.58187
20.85175
61.36186
11.081143
20.61794
5.1554255
48.72516
45.743202
14.997144
11.366725
46.088795
30.951696
19.99443
44.958244
23.188318
20.40249
2.801602
32.81597
18.212864
6.5493035
14.388382
106.53505
28.858322
59.616547
54.14198
21.560146
11.749437
3.6769543
60.61737
43.220924
43.148552
51.949963
28.290802
54.42207
96.38444
9.712123
6.6769624
8.384297
30.041403
49.43032
14.449018
17.095491
15.647995
16.387516
7.157068
34.5251
37.016056
18.192192
23.248226
44.637794
5.452129
65.21355
75.76619
54.041462
60.97688
68.947586
38.3187
75.73031
12.011482
39.194023
74.33599
120.85519
92.42755
79.73408
69.25958
82.02087
52.370888
15.689288
19.797312
13.714673
10.833206
22.426517
18.445675
11.953634
82.37532
12.620348
22.74416
16.251093
14.5900135
16.161058
12.705725
58.547554
96.252396
81.25419
121.234604
119.50987
34.8869
26.77859
31.770344
17.011705
57.18792
31.998463
31.351664
66.89783
47.527348
48.29616
72.07015
65.89308
67.463326
60.97238
13.603803
14.8714905
36.10913
51.73744
47.87278
35.143677
44.50019
93.90478
59.627026
56.609344
77.19228
105.24618
105.17124
51.068317
106.75706
95.73853
70.453064
45.2774
52.193947
57.013916
35.19346
54.806923
55.95376
109.25133
45.104683
35.86916
40.57918
16.091877
15.535353
46.437134
13.546705
13.432518
49.761253
4.5885353
23.962112
28.516123
66.0266
20.568222
33.011227
17.623358
50.790077
33.514336
17.396946
17.265276
14.056816
13.287387
68.476395
75.41347
66.21514
68.097435
64.74092
21.363453
23.713514
72.1086
16.69727
27.600739
28.623022
18.952776
6.334203
19.920607
14.500783
21.657589
3.7683575
25.062778
39.829704
54.33465
10.367313
19.560833
19.613644
34.947872
20.521477
43.31249
78.76923
29.032337
15.734085
31.415411
114.59646
84.732864
76.284546
18.220467
106.57507
223.13086
146.23209
149.17392
145.9116
143.15533
169.46378
110.79661
160.02803
125.70744
126.0708
14.88624
7.466292
31.23583
1.1992443
17.582788
0.7968222
14.306021
28.792942
21.837273
36.77182
48.904694
19.956982
99.18397
93.51953
84.207695
77.2479
91.17482
127.61554
80.91128
70.901985
95.05892
174.66689
13.024012
5.8290143
29.488184
16.407513
16.379269
13.825645
28.840546
71.30797
44.563152
6.8712854
3.6372497
17.091558
9.938692
33.115726
22.76442
11.712847
23.002096
10.216854
10.619469
45.8325
49.962727
27.07381
20.01251
55.717022
21.983816
11.539959
33.897118
49.551323
16.174507
29.782354
14.976212
28.71053
59.39382
6.800962
4.0352798
4.7128925
19.196783
40.006744
11.143281
20.819128
21.406015
21.934334
13.511351
20.026571
42.132637
29.154896
60.354565
33.46385
69.82695
30.285885
86.78343
71.90203
6.234786
44.61979
102.456764
36.77143
7.9542513
36.910572
26.141094
26.416
25.592962
22.465816
24.73429
47.636307
31.463278
22.347925
39.032494
19.179813
52.840862
1.6140903
3.606833
8.784739
45.448483
51.59577
63.196617
22.642244
27.566814
44.92063
33.609753
61.62445
110.28735
33.90414
100.155045
54.026024
55.265404
49.793896
28.421549
26.237514
25.747421
45.95502
31.879925
29.544367
64.41912
52.350822
25.178225
73.407
97.434906
60.06463
60.91439
49.149372
150.86801
38.48863
14.04756
40.88453
87.030014
103.22207
79.59955
78.71307
108.78042
76.21376
78.45701
71.92269
82.31639
94.582146
90.7977
106.25513
100.64349
104.34967
79.58183
85.34307
24.09239
3.2759616
15.5506115
32.009556
20.302097
19.134851
12.11025
12.702223
30.429913
6.692823
50.589806
93.57579
95.74797
3.727021
30.881449
28.00711
99.27732
90.108574
44.13837
60.120323
19.062878
77.2717
33.370396
50.269
6.0501256
22.211136
11.770945
31.797348
39.95656
27.1704
18.613447
32.6164
39.029716
22.295483
24.827038
6.411145
22.538177
55.86433
43.52498
57.414345
42.735207
28.371964
25.10063
62.8922
26.13829
25.219059
67.10064
62.33893
59.83675
37.821697
24.856901
28.965733
65.14746
70.22099
83.790115
51.776806
106.24318
87.76359
102.902756
106.93113
81.99106
80.06699
133.76201
216.4945
148.5569
217.78525
131.55783
123.48958
155.52307
64.970474
147.51277
87.80574
55.208122
52.819996
32.511
93.922226
93.31775
119.55868
145.3702
141.84225
68.73274
37.189114
43.807056
16.140839
96.696266
53.802635
25.811554
35.79472
65.345474
121.46161
81.8668
47.632595
58.664223
46.496983
206.29935
23.842796
10.625746
30.457535
18.543356
90.53431
95.4724
64.82525
25.371777
47.10171
71.58033
82.522156
65.140686
106.189674
68.00105
102.342575
79.366104
195.81107
94.02644
158.7969
159.55502
42.003075
52.79299
39.589127
36.986855
32.758003
24.277609
34.86663
31.038761
28.604193
27.803415
22.036276
24.120176
16.906288
39.93331
36.879295
24.014286
67.26166
25.875223
26.508276
18.160297
21.887712
109.83423
74.25576
67.837105
53.666553
94.76369
43.233147
101.60631
0.97934103
45.1597
24.869785
24.98862
78.61471
34.96917
88.373474
89.85133
43.352104
16.257996
52.672047
38.41929
42.61486
29.258953
26.535603
48.50049
36.242023
77.12109
86.55345
33.738518
16.498524
16.982584
25.202137
45.554558
32.845665
24.233767
27.977911
20.337435
35.34447
33.329338
27.515589
68.72533
50.431324
30.195353
51.45794
27.359879
99.31784
38.804863
36.702812
23.362333
34.414722
44.245464
41.874245
29.427155
49.18318
44.71445
48.493164
20.915333
31.244806
15.920606
12.286566
21.002565
181.89717
95.675644
28.01241
55.700817
60.719685
39.1451
92.9413
74.991516
104.36034
66.797676
111.962135
111.16527
60.224842
36.295506
94.8069
43.943016
54.660492
36.77174
58.41684
75.32808
28.880917
36.28945
63.23232
30.399326
66.23844
97.98648
71.978226
66.46132
27.676342
4.9973745
20.333834
2.4528637
33.655937
85.569016
31.342382
20.728947
44.741493
137.95612
107.65874
90.830505
21.997099
38.28436
79.856514
107.38306
115.81746
95.07654
81.42299
204.1291
62.18733
8.781213
42.054195
27.680683
22.393402
125.36934
26.080212
28.805012
144.11235
109.0873
258.09277
84.98393
9.896059
26.356339
5.339084
3.9768379
13.161059
16.319437
33.375572
71.60587
12.149492
91.050735
57.304176
52.888
29.064825
33.26401
30.738506
75.53733
113.906334
95.43908
75.23324
76.86941
56.049328
147.37318
98.08027
65.22986
69.49592
84.58874
78.56949
83.86008
76.72412
45.41679
52.395546
29.577404
35.530266
33.512318
47.029144
29.437052
48.97062
44.02741
79.678116
41.775
56.44762
67.641174
82.32685
64.57457
107.08358
141.95671
67.21605
40.00396
30.17039
30.385513
18.25694
37.21785
57.300346
49.66961
19.527777
28.354046
73.64985
87.989204
19.856565
12.555915
49.62615
44.53837
5.8058567
24.606106
33.220387
19.054697
4.8556776
19.744034
53.58257
65.87651
32.272102
43.648537
40.3507
68.70273
54.697956
56.283714
55.8552
32.026447
28.466166
18.448181
61.214355
26.827734
53.192993
19.091759
50.21305
12.574976
56.488884
47.41204
74.16892
70.1002
125.78501
125.39107
100.14808
79.40303
39.674755
18.720736
19.906105
15.895029
80.21698
57.485218
19.122326
15.656708
11.805711
44.420258
38.65053
56.591087
32.465103
22.70111
11.055899
42.35056
34.48023
72.89403
73.277115
68.62891
13.100199
20.984713
18.701044
29.398417
44.832603
18.945963
31.127356
24.555803
41.430397
27.598164
36.63255
66.767845
10.364772
29.844364
40.31853
37.460903
37.421455
59.36914
110.07155
28.00269
32.82924
12.239489
16.14477
2.5878701
111.85433
192.5365
88.26811
13.561483
29.078182
22.039427
34.500557
84.8866
42.85379
48.817307
48.623615
24.956402
33.785706
72.43746
46.800514
63.539227
59.004646
91.52144
190.66124
199.75371
84.729385
58.504456
153.976
113.65525
154.64711
146.10945
168.20526
204.73833
108.080956
80.194046
87.90481
104.33159
122.54069
88.759605
84.011345
109.86693
97.75221
101.46044
78.40968
32.136482
106.80111
78.646736
96.4891
89.54767
100.669426
91.51962
26.538294
29.672205
36.430264
43.04154
49.82894
55.917633
100.15683
60.525604
63.80059
65.115326
21.683811
49.48
19.545567
60.565987
17.826778
26.38078
29.643667
54.284435
53.84505
66.40712
59.012493
72.78191
112.7879
68.35819
62.320118
60.064842
59.27165
25.039196
94.842476
15.24513
21.27167
75.33184
77.226616
75.78343
71.645226
70.61324
74.61726
85.01637
138.02956
81.87495
63.3237
103.681335
126.0366
126.00371
94.760155
101.47425
174.76242
15.189917
23.078003
39.29702
113.97778
70.697556
92.10553
81.27369
68.86286
78.72275
80.18513
83.39363
146.69191
69.033676
246.04012
112.87996
165.31294
177.76831
5.8507433
18.55335
68.83913
33.644352
41.37992
57.196545
103.52136
8.699768
55.696144
21.176426
72.21101
73.44054
64.989136
40.654697
41.79975
37.618614
89.340775
9.703348
60.324944
11.868082
37.6941
26.213415
28.111486
13.517105
35.120472
41.738056
39.325283
3.642817
32.747414
71.2224
49.08706
101.995224
73.454895
93.286285
105.74314
82.347855
93.52141
70.953514
307.24323
259.83026
170.55176
282.47354
185.2306
189.04695
210.45523
90.8669
210.55212
83.33895
78.014244
136.95648
84.67829
115.03117
119.11659
89.096
117.4483
112.83678
73.22974
95.089005
77.206085
85.29645
98.892784
92.494644
22.17844
11.4482355
25.095705
41.916317
26.468563
41.49409
55.532814
33.11529
46.08296
79.87157
73.16493
48.001472
71.34746
42.21592
79.907776
71.68722
75.96767
67.58199
42.872986
29.008987
15.656357
31.38259
30.258144
64.58938
40.54804
72.492325
66.20941
33.90792
104.53081
54.365814
24.200146
32.13191
11.628043
39.65015
3.7941413
12.822268
79.76973
100.43899
88.174774
71.46713
22.58936
23.228294
7.5528054
52.54828
30.50793
11.414069
46.752388
65.853424
21.962177
20.475992
38.513397
32.224133
45.07675
92.13309
73.6491
30.4487
49.591515
50.141006
54.878136
44.803844
25.737177
90.400505
11.225441
86.0818
30.507025
21.196407
19.197992
18.563278
18.266323
63.65276
54.54435
178.72176
186.01968
294.427
188.78967
178.12056
128.46864
88.51987
54.85891
47.402424
86.688095
102.897995
77.34267
44.968147
26.404444
34.582752
47.17082
62.479298
54.77688
43.263844
67.94887
35.020714
34.57546
33.417183
50.92956
41.832222
59.14675
93.45323
64.30479
63.945587
362.25702
77.96614
36.27929
38.094658
29.087284
25.611984
103.004715
73.088974
101.81766
122.72756
81.550674
30.818594
39.97851
10.726805
55.19851
66.978065
65.38669
75.17851
25.862665
24.918072
49.697235
29.918987
17.430271
134.3035
91.373726
136.22641
83.747025
176.25546
99.82652
20.622145
111.53682
69.08727
17.699444
65.07384
148.29347
174.09616
204.59758
219.7258
179.96523
173.57394
201.2136
65.24852
87.65101
83.68845
145.84773
173.22392
33.31196
27.28955
20.106504
67.74247
228.31076
98.06379
83.115974
186.85439
123.171326
254.95528
122.70155
247.68863
97.84364
16.132597
88.665634
101.335556
103.35392
114.696495
107.13389
114.15465
99.480545
108.857376
29.469471
99.66625
89.58304
91.905075
97.99744
92.54403
75.950714
128.78656
133.58421
149.1025
141.55728
180.55527
80.870186
51.52894
32.30744
35.55586
13.625856
101.686386
114.95386
75.103485
99.510666
60.806225
42.131786
30.438839
56.465595
52.74256
48.54451
12.662218
47.7258
67.29058
75.81473
60.197865
69.04418
123.54701
113.13643
36.929302
74.80651
42.225704
44.211376
54.307457
57.16642
123.27309
74.662125
79.387566
54.809
55.692665
37.46378
70.85685
21.786533
22.277836
57.98113
39.535736
21.460474
42.50499
144.648
12.974562
14.77212
34.366142
47.372414
44.736137
30.889414
37.26537
41.613075
28.24709
24.110924
22.694761
19.255419
19.651386
29.47614
76.21065
23.546513
92.716286
109.43221
108.51131
47.253796
27.743317
21.973091
38.475636
5.150405
37.9955
53.75167
32.036556
22.159052
116.18502
96.40988
98.07663
107.66875
84.50315
115.52075
13.438555
47.965336
42.627666
26.957006
37.59818
62.763073
19.272764
94.209694
70.051895
45.383194
31.225063
45.56631
103.70473
83.00346
86.112946
98.65638
97.22237
220.14803
90.82478
215.17148
85.911125
62.55237
76.84224
64.52295
44.334694
61.54948
47.2618
53.45741
37.95232
40.141136
47.09238
38.7273
26.86729
47.022377
47.079945
37.424664
34.187874
33.399487
63.50929
63.661793
71.235565
165.2463
123.99939
105.82909
98.94658
128.44582
112.71611
145.66714
116.52008
37.759323
18.796257
23.443684
9.88881
103.73744
61.00831
42.57176
30.749884
157.49026
26.031391
27.170864
16.806286
65.306915
82.52653
104.16864
19.03583
79.95982
57.508522
55.05535
77.98308
79.29692
43.55302
47.385128
32.22196
30.813055
41.63915
84.27849
66.60158
70.67168
78.10772
256.92596
144.21487
188.2981
70.95465
81.441826
121.09383
76.21554
70.03052
93.49333
137.91415
100.090256
112.91392
104.55725
180.39589
111.18807
109.248215
95.572586
108.01604
146.33449
242.81897
95.103905
52.727345
55.424583
36.244213
103.559265
70.21513
41.49955
43.826168
35.9069
51.033455
50.532978
67.16267
63.886406
39.058216
49.54344
35.27837
48.10036
18.402632
41.671776
33.388508
98.112015
155.91249
135.56546
134.72217
96.4961
166.0466
87.17881
114.19795
203.25635
54.082508
29.34113
68.3395
62.84554
36.571175
20.661842
42.645557
180.42874
15.301901
37.879345
44.56243
29.453928
126.14685
211.33777
84.85701
33.18209
82.930786
43.37197
24.145279
46.710316
70.95076
27.547516
18.62862
26.756855
39.69363
10.098027
29.261744
2.5360491
32.785927
52.64561
57.17098
68.97359
46.46791
97.343376
81.08879
31.84312
112.35117
27.780157
60.305916
117.34377
116.13894
111.09312
128.0722
136.29526
107.43898
101.55833
80.90061
113.781296
98.99984
95.7557
81.93031
91.75234
79.673355
109.00962
137.81012
108.39137
130.26755
111.48317
169.19937
94.957794
84.275055
150.52194
158.48935
169.05435
39.65767
48.248623
33.934868
36.39939
52.852234
29.361609
40.410248
129.51468
30.895206
28.330328
52.33953
92.35133
113.28556
177.91287
135.6121
113.172485
108.5162
17.587132
111.978516
14.219258
57.72094
34.123623
13.055875
32.292824
46.846695
38.5003
36.327354
20.283506
38.932728
22.344614
97.60492
112.68905
169.63127
143.31775
115.3078
127.1168
84.52692
163.83542
105.77126
70.78886
104.63066
128.46
191.16924
209.30386
101.87118
48.13463
63.329506
62.953835
18.086248
45.334618
37.38909
6.5133605
14.322863
13.765671
46.566887
58.997295
12.5875845
22.295454
85.351585
79.14342
76.2036
188.64569
105.27157
115.695984
113.093956
84.50921
77.03173
105.27738
90.27596
88.32092
100.88605
56.617035
20.314606
16.3732
4.1851783
12.651778
41.627018
86.33772
185.58786
62.19679
42.709152
53.88091
39.93929
50.46012
25.571293
13.582212
33.353203
37.688652
40.049843
34.032795
66.1716
65.50842
102.71954
53.123646
13.995356
31.126532
54.478813
51.44802
53.11552
82.303925
123.4644
81.74674
202.84793
84.12271
93.19823
78.74751
112.339134
133.44955
73.22895
162.9949
98.09096
100.81058
142.241
98.52084
87.95681
166.20587
131.4656
118.87843
196.22879
103.521835
108.56425
104.42429
85.351456
141.85953
117.1483
45.445923
38.069725
51.556416
52.820137
61.914936
57.556267
13.755465
79.60834
47.302467
8.003164
49.97088
49.714836
35.28923
46.218056
93.161995
145.46802
95.8981
153.27992
81.16384
116.57036
84.24198
108.816605
117.835495
83.950516
22.049322
56.25416
45.896572
115.58159
38.080055
19.128136
94.825554
5.65956
16.184202
30.522253
42.18528
181.97787
19.100817
66.35171
31.260656
139.98572
105.82609
171.70932
95.03972
173.8715
131.35605
148.49297
110.82841
15.884906
41.25628
29.02715
42.667664
40.552193
91.99992
44.255703
55.72558
23.929382
13.395877
23.569426
102.51919
86.088455
20.199612
45.44541
33.429462
136.67752
105.875084
142.17453
209.23628
116.088234
104.82528
95.62342
135.72003
17.786127
19.299044
27.413395
140.36569
101.93469
87.551926
179.32637
83.707954
75.86137
116.69436
144.9496
214.42624
170.03244
175.45685
144.431
151.77759
62.357018
71.91479
178.89651
111.36759
107.173645
109.04305
98.65492
95.52041
101.988365
101.75189
105.74825
85.59886
111.84393
10.003331
37.10454
132.43498
119.67159
82.57234
12.3934355
46.124622
77.352234
96.70535
91.42449
88.98622
86.46236
4.5212007
6.175062
12.817873
68.71111
46.756348
22.60563
61.161797
54.17395
65.56355
53.618103
69.899956
32.877922
74.5547
12.506769
2.912271
27.958668
47.242016
3.2861977
27.115026
139.73744
56.896736
36.230236
44.426388
54.641705
83.41461
50.430305
50.30677
85.74101
84.90955
110.06355
31.687479
94.42524
29.464016
61.63756
45.94223
28.636072
42.78356
28.83927
28.776623
24.79398
1.2868445
11.6445
33.757076
86.79091
79.20604
25.411419
25.25639
32.692844
103.6661
22.523714
25.676235
10.8930435
23.446564
30.37853
67.06663
62.426964
137.1141
58.561584
14.9568
40.151955
22.112673
65.90297
23.62551
58.843365
153.78958
102.25868
86.08886
31.426922
15.300588
40.846977
31.376385
27.573252
111.96102
83.17014
154.11084
180.04501
84.45516
108.317795
104.407974
37.883503
13.834398
20.57638
21.943727
30.575794
53.076195
15.928493
20.592503
74.4081
46.079414
49.35309
59.64318
89.47442
77.922195
101.7572
10.193428
25.07678
34.02259
54.941246
18.262516
41.75162
21.342426
72.7695
17.46896
56.761147
111.65379
218.22261
59.504955
53.043385
24.114527
69.65076
61.972027
25.41554
34.96284
28.282593
72.19556
52.95403
89.607025
60.95127
99.893196
30.675552
30.38203
32.992424
45.953133
18.221172
80.05978
50.65434
54.594746
61.696186
32.593994
70.30495
71.85404
62.419445
64.83128
76.12704
86.38478
69.4954
106.92229
128.66989
92.17879
78.74966
137.23007
93.66163
117.76444
131.27122
139.38628
19.805984
30.451488
34.390762
9.470205
54.60863
43.348885
37.328438
97.46452
181.25871
104.9848
106.47827
72.78614
81.57261
50.870888
79.79141
189.73961
152.89372
250.89534
105.84165
86.45517
9.988851
27.074444
33.981983
68.43996
51.61908
52.48821
31.167645
41.098488
87.8564
51.3897
103.43205
114.45071
102.8265
130.19434
148.0354
56.05436
104.595215
173.52017
155.24307
83.66398
157.20277
15.752963
2.2587793
21.887047
116.74626
70.288414
144.35844
59.16704
30.935297
35.18382
26.649775
35.11517
37.737236
20.149387
25.30321
36.876034
48.60083
41.884895
41.363716
30.574448
32.957447
78.54666
29.530384
30.073658
41.26532
21.899055
41.71176
86.74428
93.59361
102.26362
27.584726
40.623367
19.423584
33.82894
40.568535
29.336823
20.928352
19.936975
19.705015
43.926044
88.93655
63.058643
95.82726
21.313683
14.077906
34.370613
41.72455
16.036093
40.16146
29.871063
10.13463
76.06265
25.103899
28.798742
13.694591
42.820595
10.231123
24.518648
17.822971
46.837444
58.745186
37.6735
58.778664
20.772131
78.210266
34.05642
70.36698
12.720061
53.728676
51.77773
38.166298
69.21971
33.628914
5.756633
25.573383
42.972862
42.68406
30.196894
1.7513907
91.131714
66.09903
84.71665
103.27881
73.49693
82.10783
98.05813
64.43734
96.46333
89.33161
88.33022
104.80906
44.597767
26.63177
43.995823
52.926064
22.123684
147.82155
92.19628
30.092932
41.038918
91.63228
53.5106
48.31095
42.939796
110.95892
98.91875
37.416756
32.557182
45.161903
43.11837
27.058609
61.4388
2.4199438
22.27194
10.23543
19.93877
10.226311
51.47932
58.635845
66.04524
67.36652
55.375053
157.23466
74.391884
74.15743
84.35384
142.26682
100.51412
86.51767
132.31209
142.11829
175.8259
113.81602
89.945305
17.277737
104.26273
33.919563
27.211742
50.32484
19.907955
123.92849
102.37172
129.38391
56.522766
56.51226
103.19629
9.726914
7.7606254
20.569567
49.95275
38.276634
46.348297
46.002724
81.726654
94.63112
68.78516
97.13989
9.948386
9.243131
38.145134
24.256998
1.0004904
10.107724
15.508764
10.9389105
22.465986
43.05353
60.079628
2.4681516
32.071407
39.065144
148.95117
175.28726
113.31261
100.26262
18.793278
27.10896
19.479683
24.069397
131.33743
93.57101
153.43571
40.47089
35.905434
13.308395
43.657845
21.597872
66.96367
63.50534
33.43225
21.878447
49.43833
31.445688
17.180101
11.087599
1.8904139
7.991262
11.943396
36.115883
76.90436
13.570102
29.58573
30.220129
33.6525
24.895863
27.024094
122.09147
81.832535
8.926134
21.54301
29.713398
41.78867
25.272432
30.6725
72.907776
35.18034
15.258868
38.624
122.504715
45.855583
68.73028
58.354286
53.003693
34.97777
43.17153
81.51546
55.401093
1.6131977
46.296883
33.075066
32.653908
101.88906
144.3455
103.688576
96.85783
113.42244
314.61127
111.73806
162.35434
131.86784
111.275955
65.86558
71.38361
72.19015
109.272354
74.115036
77.12394
90.67237
89.61
88.84116
60.577076
41.181908
37.386356
33.888477
35.774574
61.285927
12.775135
18.029057
37.62058
57.67237
38.670868
48.924732
32.189888
248.00887
12.216862
21.786335
41.906666
24.231888
59.624462
39.82908
75.69388
50.151054
73.559456
148.17426
145.48657
154.25471
90.212814
106.62776
28.872955
43.97793
40.43676
93.38827
40.691628
67.26685
91.48039
96.10482
111.54539
29.700937
36.5717
55.153923
89.39351
28.54984
41.220863
24.12912
30.324976
11.673005
59.52912
12.79886
12.613104
13.128771
71.76927
19.899574
11.652484
10.712961
13.282504
27.297861
46.597725
23.539335
31.991943
83.53335
50.797935
69.32392
53.41856
67.37222
53.839672
57.67328
25.245306
25.25037
57.050354
81.494995
76.19949
85.20414
4.635587
32.47142
36.781376
42.707787
32.994648
155.50467
191.88828
94.486946
60.06376
137.84465
97.68591
116.3672
122.88179
213.7353
56.01225
92.41102
39.93334
42.313744
114.441345
130.02011
146.25423
2.3258662
22.12778
182.71571
99.16941
99.8994
83.560104
63.34615
20.779608
43.41488
37.530437
60.095436
57.15406
67.04908
48.302967
57.83952
8.705781
39.989647
27.081995
47.448616
103.3932
108.562035
85.72309
89.04474
90.69794
121.60604
91.717926
76.588745
130.49326
104.29751
116.43955
29.436914
65.16956
21.769245
39.70203
196.00168
183.87662
99.08852
26.847393
33.691746
2.4387076
98.16655
116.44592
104.00478
35.946415
15.551814
56.90213
35.65455
189.39244
180.16347
320.2342
179.39691
173.04819
82.88919
81.15078
79.10567
67.495865
153.88425
82.93042
106.07068
112.966446
111.13544
77.36632
71.84087
69.00145
72.45819
26.758057
60.777008
51.156147
39.163494
59.875282
41.8742
17.808722
10.55535
27.811966
28.27008
19.176302
20.72261
51.219887
0.9569152
16.984385
29.447947
8.72637
33.89237
84.67522
91.5942
70.0186
60.951855
43.773884
55.103302
105.63573
129.98885
181.93555
145.70692
86.96163
97.050064
97.22131
113.642944
141.95853
148.77177
149.65976
99.66141
86.38123
92.19393
87.62966
40.264862
43.089867
22.676422
28.981358
15.854826
99.77824
105.94712
77.763565
99.45247
91.43986
108.359604
155.91684
109.06398
103.89937
114.939964
108.730835
139.41106
124.16952
104.701256
95.50771
104.964455
97.506516
46.76116
74.45402
59.86325
55.805317
86.04792
115.50249
172.28485
119.052345
76.61521
69.628006
3.2567387
63.919872
67.65872
37.244183
56.55246
46.0806
51.233223
94.994995
159.70609
13.270258
16.681736
33.466103
28.12437
40.127007
31.466528
58.485405
67.29288
9.559808
26.66988
87.10106
46.027916
31.266369
56.73866
50.39509
17.673323
9.97457
34.531437
18.626104
38.312588
9.799817
13.864812
110.50342
91.32814
9.981843
45.96579
64.29067
48.165676
21.902515
43.50135
28.955603
23.639973
19.516533
51.14043
10.214739
16.658772
19.884897
14.19532
50.652363
36.895725
40.676933
43.099163
48.1998
62.062733
31.098408
20.979687
65.90454
53.26413
64.59694
50.416664
53.013134
156.22577
215.42708
93.00041
14.622098
22.902534
40.990585
32.77384
11.395231
21.399761
162.01231
186.12617
100.226425
109.08156
84.97793
116.719955
93.38285
171.74493
78.225
99.66585
60.11449
109.79551
133.89442
109.6687
105.28768
89.01467
110.612755
86.54506
127.3906
99.55382
180.73691
26.396795
40.47587
134.65225
102.1442
96.26698
64.45797
61.653908
29.933126
63.507362
19.177603
38.12254
30.836863
48.978798
56.404182
171.23935
54.737507
68.06811
40.203007
39.312042
9.348772
19.25147
19.850056
35.544655
12.430785
28.786463
122.61704
84.603294
44.211452
158.96124
191.68164
119.67423
91.504005
47.848907
24.68298
116.54576
126.83136
10.437407
37.82209
17.666119
77.797195
94.14175
28.307281
60.115246
56.331715
110.16069
92.75043
133.18262
107.72689
104.15228
139.1648
107.33917
148.88773
159.60437
203.27563
133.32574
214.51639
135.83224
126.08655
114.42361
29.269817
43.73566
27.005856
112.92833
67.43085
54.866375
104.661026
95.73718
46.041466
25.925152
66.54711
46.28852
40.068394
36.44317
81.03034
110.791954
97.009186
82.137375
32.00654
78.230545
34.2955
65.83165
42.5046
67.08274
104.850525
80.123825
160.98831
152.41965
97.615456
181.03952
94.67511
98.12915
144.42554
118.18004
147.81969
79.21326
110.75388
161.33482
41.456524
18.310669
21.093998
21.374577
46.892437
66.98793
89.29259
65.437645
46.997368
61.56897
50.7969
17.536322
103.82556
3.2091374
10.873928
72.309616
39.803093
6.8250146
48.07505
49.348686
54.478905
73.04863
41.988
16.564674
23.83676
116.45836
100.47769
117.62952
81.124146
186.5795
156.90108
82.616776
173.53989
78.82341
75.61336
107.98738
76.10562
87.290794
100.546524
67.811104
79.22625
79.292366
78.63113
109.60646
135.42525
183.221
76.02889
78.244995
151.32089
108.241005
138.34427
127.477394
43.54748
33.4246
18.700775
30.57577
24.437893
1.032486
9.546482
54.771828
37.0451
71.42205
37.823734
60.959076
63.99038
34.390877
40.716858
28.440832
109.637474
137.71158
93.030045
103.180214
160.30116
53.759846
21.677109
1.1313355
14.318049
15.984856
33.140144
5.903122
16.054718
90.00623
127.1041
71.14638
133.14133
175.94972
219.26346
101.57676
106.04614
22.852139
54.219593
17.675594
237.82634
199.05568
162.71672
50.79853
62.214073
28.364414
50.64843
24.721771
44.858383
20.23804
14.7435
124.081345
94.58416
89.53091
169.9872
126.46786
78.35711
95.14405
106.82007
78.17049
172.66623
112.806175
98.781685
80.61857
2.6468892
17.428228
34.932087
16.360577
83.7372
54.166676
85.99287
13.339193
36.896805
36.092255
47.79948
116.4594
78.55095
11.218116
43.257294
37.572144
116.06295
74.22066
59.98182
49.757748
57.896187
30.808146
70.20899
73.33237
111.71592
163.41278
85.07033
117.11267
26.760061
65.33085
21.588108
19.280548
48.69108
20.894934
43.611366
2.2300553
79.350105
32.28637
19.673883
1.3309455
11.573874
28.48883
39.41207
12.91521
13.61942
28.693918
47.03
39.806694
44.938526
130.77817
110.02
127.57582
158.71957
124.380714
99.953384
90.908424
87.56788
160.23235
151.82605
62.00902
155.788
72.77061
26.580463
37.941673
26.820068
52.82592
19.68079
20.411175
21.020084
21.545778
80.858765
17.101448
33.142273
37.423077
33.6527
30.832342
76.472534
22.656485
38.0082
21.002808
192.36868
105.005554
21.997385
53.575645
18.597889
59.03783
37.546425
89.94312
95.11828
53.956696
61.133698
20.61739
57.638985
34.80458
125.3373
74.078186
47.256172
26.965506
37.252296
23.340664
57.225006
39.12165
76.01689
25.32353
34.63025
10.526986
25.103138
30.346228
17.909725
19.37683
33.908714
28.324657
23.76979
45.244816
86.743454
72.496864
62.71168
19.309479
55.14682
129.78409
152.84747
124.69973
172.63614
117.71887
176.3427
83.48198
100.54857
91.73848
114.44875
215.86087
28.739847
38.060585
48.908974
55.30182
35.85801
106.24296
111.00423
136.26498
113.76906
120.78011
133.1213
35.58293
15.3449
109.58215
45.970047
35.917713
37.191902
22.927797
49.227592
34.258156
36.844902
57.847694
56.786633
50.62134
37.75521
62.576588
71.285385
64.141014
76.18169
29.869013
36.750683
52.957466
39.007015
33.3062
55.344246
34.235313
116.344604
107.417786
183.60332
172.25394
129.6772
104.25621
124.14009
116.74911
60.502953
72.17286
71.0981
50.55038
46.843655
72.45738
65.62968
71.32105
53.740917
141.98734
95.97856
79.0894
134.02623
147.33415
101.78691
105.9977
184.37253
158.20879
87.256714
105.29607
270.71967
49.30305
55.167297
34.910824
51.226765
33.029854
49.572617
63.886864
41.892647
53.652016
58.72423
23.204044
60.510567
42.26625
32.709785
25.238844
19.802834
131.86128
146.29514
128.57753
100.57669
136.26323
120.4702
135.36075
159.9984
110.89519
40.760834
36.09559
91.7252
71.125015
86.81959
68.38516
54.5458
33.21894
47.64231
133.46712
58.532734
38.356117
60.105156
65.11724
105.83815
62.00193
59.674053
123.27779
145.46712
72.8039
81.37558
104.34153
152.98634
36.159767
48.96764
38.025948
42.52465
59.84836
103.11493
93.165
89.75079
164.14056
112.36699
11.852191
29.764034
50.29882
39.797104
48.703255
32.136017
12.562096
32.186832
39.74658
34.418724
111.12732
44.98982
82.47389
81.74113
29.862503
52.562267
32.217834
44.879364
16.011961
115.86239
141.94167
132.52708
125.81123
139.20854
16.740252
23.442577
29.060345
50.335106
33.5741
28.599573
28.866695
31.072521
159.23349
126.24681
19.156277
26.484491
27.377787
131.3516
4.643085
47.14559
35.562687
108.78235
109.07289
104.58264
47.068024
48.535866
11.460113
90.90812
64.53375
33.726128
37.656017
99.2231
27.202122
56.03073
80.93868
55.874603
18.364347
21.780447
99.09321
116.93717
20.420414
48.118786
62.576057
47.963642
36.513313
41.91816
60.315258
47.48369
17.65835
19.94474
31.53187
61.979195
61.186012
10.614607
43.325706
20.263773
30.582851
23.537136
76.435936
40.36858
35.77395
46.149265
56.825733
28.542826
32.473137
117.48435
86.80119
90.19731
24.12185
55.809063
66.796776
21.29028
47.57982
58.749035
17.903345
44.918274
44.647644
18.860636
24.267948
101.46588
14.43718
13.8696165
50.72564
3.164597
31.691263
51.35874
95.10432
35.76423
30.318424
78.514206
47.985443
70.34105
88.111496
65.585625
78.27879
83.9112
126.97267
81.04081
84.09416
59.49119
134.38141
75.00572
154.41385
124.975174
67.09197
37.008213
22.009205
29.160187
70.61023
100.782166
16.221912
8.567179
34.675434
11.994455
18.995523
32.9983
119.888626
68.78185
65.44773
97.88745
110.48946
53.903675
44.964516
31.513096
48.922287
64.60647
56.42221
40.200974
67.60627
45.9038
62.64898
53.61624
23.914608
38.706097
12.033036
45.86011
19.971407
12.825938
25.745605
41.581753
21.395998
46.445137
27.752222
61.106743
50.059937
40.5254
85.29109
45.401398
24.0638
44.726643
85.20131
37.552437
32.822086
55.01072
47.476723
54.32796
34.45671
36.159813
50.413673
69.198845
71.29811
42.32328
42.000214
32.040565
50.469
40.212013
23.934372
57.17163
86.80232
19.244625
44.4121
48.981922
30.808426
86.53507
28.373898
58.616768
47.13227
14.640834
37.499916
21.353077
12.330719
21.297836
17.622675
27.550198
40.030617
103.83276
100.95979
67.43015
86.264305
20.004135
31.135181
35.855907
67.39118
68.184105
60.30462
86.19017
86.03934
22.080505
48.311714
46.464558
88.475266
23.12489
16.348587
29.8756
32.674644
28.503729
108.92544
99.74552
98.315994
30.282883
31.811035
19.25967
37.739803
30.75007
17.885956
26.118393
25.787985
43.67504
23.494339
148.35011
148.43202
85.59513
95.28501
101.163635
42.72666
8.18019
1.2047217
37.887466
35.483986
19.480999
38.44321
49.878456
68.02633
71.408035
107.61898
96.76863
99.29546
72.19131
99.90943
43.741005
51.769104
34.75837
52.02558
109.870346
177.26175
35.29313
43.57042
37.684986
97.15011
37.32155
148.96193
47.586266
59.95928
42.25368
47.060955
47.36487
22.09745
17.637726
24.793297
7.955577
31.9399
34.55769
35.713074
48.10769
95.88397
32.581043
27.200409
59.088276
98.08128
48.995857
44.194935
47.631477
50.279003
44.442486
71.28856
83.41926
19.924202
145.8663
80.61275
42.097275
40.235054
18.658184
47.482296
35.190895
107.77877
177.50812
86.580215
89.06404
102.43634
48.871086
45.64922
43.622196
171.9863
101.46069
89.43948
176.7967
124.33665
115.70592
152.45006
218.69077
24.65633
34.62291
173.47702
128.48898
27.768118
43.340237
88.47033
37.340126
15.066214
13.020906
26.934864
57.0814
73.14415
57.060005
49.90422
109.939735
16.855268
27.228424
52.152092
25.735632
14.671567
6.604148
10.27398
23.040518
5.3173037
10.412414
19.396584
12.654665
13.010656
65.071686
67.5656
34.502106
88.392494
32.536934
56.391243
38.91018
40.911083
25.660269
36.201176
16.460949
115.9232
67.12512
87.24259
30.940557
59.189106
45.7221
52.95803
57.06728
103.94917
215.61609
97.44746
65.36289
71.93977
31.048985
49.959084
49.859562
64.71238
54.828175
92.82794
104.60962
201.59909
38.282566
56.431023
20.653536
52.627846
29.23172
62.93979
146.33119
37.612568
23.590275
48.331654
62.541695
21.614727
67.57686
19.33765
26.192377
28.952366
1.0590194
56.730072
43.193085
54.908215
34.38617
22.133951
22.58662
28.535282
40.27764
5.1466246
7.362128
17.258211
47.141785
79.72681
101.400635
52.677162
56.381798
17.584095
38.72069
34.211754
18.907291
52.723225
84.50426
82.88933
96.81512
92.94459
15.2671385
26.110498
25.502537
50.43909
11.690017
11.263001
20.20564
29.997736
73.74408
59.517864
55.181007
40.722263
86.2709
79.68075
110.201515
118.7113
11.888802
58.445312
9.592712
23.667995
30.246729
15.180901
43.511433
55.9315
35.23077
21.414415
37.090656
12.838446
14.942935
37.875263
100.12805
13.565824
3.9888413
89.29961
75.0106
48.0875
34.75498
53.503296
44.56629
73.757355
99.16936
49.461555
33.62995
59.98461
151.35329
130.5073
182.26927
163.58087
70.53811
27.416357
28.902714
110.920334
92.5423
107.949486
106.75645
68.716156
24.344997
19.951576
41.60941
33.96029
39.104267
19.217264
25.189087
28.858118
76.416794
35.999138
2.8082218
45.80417
168.19406
51.744865
123.216
100.35205
32.55885
65.64789
42.072945
54.41754
63.2201
53.02947
102.38522
72.97184
77.49881
45.166584
18.723824
17.841673
33.991577
54.107307
110.182594
98.22228
84.52692
103.11157
65.3542
10.892202
22.37798
101.7336
103.51965
129.57793
164.92831
115.46916
41.839886
56.00351
21.391697
28.506138
16.424696
30.769958
48.820374
58.817505
160.10666
137.1581
148.39192
113.69
107.340126
118.925964
122.85857
84.677795
89.433266
155.62408
143.90186
91.55182
109.07976
161.55417
131.2239
99.72624
90.99202
97.96934
78.85368
135.75372
153.94662
86.824585
58.55067
107.64758
144.39993
41.95682
31.746786
1.8152822
58.492847
15.642303
32.2926
64.165726
82.082085
70.49591
80.442184
45.933495
28.97204
131.25618
73.15243
75.64966
123.26819
109.448166
103.075905
67.22597
63.272835
87.87844
82.819695
76.96479
43.939976
122.79452
143.48996
193.72617
103.82295
108.31168
146.75699
74.06262
87.26034
102.55003
80.3624
82.58053
104.66101
218.62187
163.9213
178.84988
164.15366
55.480385
132.09616
96.048035
93.9117
112.8568
122.70868
103.56416
103.7885
96.98906
119.84232
87.43263
107.04885
126.47331
79.80556
34.43266
55.259743
32.821484
48.461067
58.664814
43.53576
59.92705
163.22452
128.4758
121.05965
123.67543
89.40981
101.359505
71.37133
81.546036
99.419464
112.888535
99.63802
94.15776
103.88918
115.02516
114.43351
52.622437
87.32764
87.32718
86.975494
12.954575
54.2015
35.44073
75.84939
58.50001
48.62388
34.321503
68.48363
47.550697
47.387974
48.06687
70.32738
41.07494
125.48799
25.40862
59.612835
46.788643
42.41081
123.31111
81.70224
94.09557
100.404335
72.77092
20.214376
10.13246
49.847507
70.71129
41.20907
174.22128
96.34761
109.36102
93.09369
78.150566
32.05376
43.982185
95.05348
72.65218
48.508728
56.385418
27.684021
46.091076
46.02837
19.524607
38.245808
130.02902
60.93455
34.97981
29.644709
34.619614
94.84279
65.29552
145.98529
92.72548
142.249
31.518234
90.895325
91.18019
83.063385
90.82219
147.83195
139.57384
177.03256
172.0798
103.62038
33.479973
139.16936
133.8131
100.87306
91.985
85.28027
104.76182
158.27907
73.87055
73.271545
91.46763
83.73211
130.44699
79.8885
83.05019
113.12663
95.82605
81.483376
81.40016
96.62755
114.14219
107.00615
80.500496
164.19058
79.65949
169.08379
107.24973
109.82414
89.42436
94.408104
125.714516
103.47839
118.05967
168.82314
75.445786
74.07356
94.25139
67.69474
61.884075
82.16888
78.31395
75.41899
133.1081
27.326035
37.522644
18.289625
29.439983
33.29603
24.587029
54.607857
17.168474
83.1848
138.82237
33.464516
84.718216
113.03445
70.46827
68.903885
19.9327
22.190823
27.958796
139.10172
53.81565
29.48167
28.240662
38.059097
29.515945
37.18342
6.9513803
14.876848
17.121487
74.223946
115.608475
57.198345
94.039536
106.290504
93.27876
119.94585
106.56694
95.16453
147.82394
110.12657
51.716877
55.090008
89.81209
121.05165
35.958416
77.97594
75.19195
19.46526
60.846455
64.55898
110.57361
53.585968
58.788696
63.36854
21.094606
33.40877
47.0845
17.368198
47.765907
19.727959
44.879963
26.168325
35.01881
37.750427
61.987415
29.933615
14.456291
59.08996
26.720474
30.62732
36.157784
39.069664
93.451294
82.194275
81.70126
130.9411
78.70792
91.82359
7.6129036
27.955326
25.569912
32.193375
42.32961
34.78522
46.422848
21.47372
25.34882
38.116405
72.87843
95.08826
91.10968
101.80222
87.36197
116.39315
203.32462
74.34852
23.87088
44.523426
94.09682
80.70608
128.50967
103.77757
87.25255
84.95375
96.49032
164.81915
147.00696
279.27573
102.734436
81.545456
63.37317
87.13414
60.275402
82.48262
72.737854
42.1758
48.917404
42.335175
17.963833
22.1441
8.237392
15.058306
22.078789
42.344444
14.757704
32.93531
96.37588
65.5716
65.30214
74.29018
64.36342
52.962303
42.484642
50.598892
41.390133
77.47744
31.295563
53.525635
88.23517
51.074844
34.480747
24.111341
61.97423
44.45964
95.195404
123.69871
114.03084
141.32918
163.8478
7.0391145
30.670914
78.71697
59.142708
41.596535
32.38728
79.74907
42.497456
33.209587
39.819508
101.0529
79.3762
66.19742
80.46492
93.31738
96.30334
136.79228
100.918015
67.49632
119.91438
109.41653
93.10669
103.4326
115.00027
125.462326
93.50319
163.58566
114.21776
142.59315
96.60128
4.6537824
1.206058
7.812969
15.977203
22.615442
68.01981
120.56105
55.42616
69.36472
19.026318
34.646164
50.943497
84.17247
29.658398
8.068462
44.810677
17.57525
35.640137
17.627316
25.780807
70.473526
11.337702
21.421926
31.679037
76.813484
30.626593
31.41283
27.223522
211.08598
86.854294
67.06251
73.5292
83.01874
73.273865
79.047195
119.448105
90.55815
70.61842
65.63082
111.448265
93.39492
117.788734
115.06407
9.63957
35.077473
27.844788
105.82462
196.12535
121.31477
84.02607
149.57321
83.77786
45.390854
113.23694
98.10434
99.54326
91.88316
12.849523
32.381523
33.600113
53.77938
55.888664
37.804573
26.22707
35.332466
60.11602
31.261154
37.26422
30.290234
43.880966
125.047935
48.390873
39.672367
53.654457
56.546547
23.44205
40.67876
63.954792
45.238792
63.49584
80.06288
34.69869
2.9250572
3.449387
12.917371
55.170082
55.90348
17.140322
18.36429
35.56806
3.1318111
44.31295
65.64577
181.84438
103.20339
103.767746
150.36606
48.36135
41.95247
60.7557
19.368107
68.447205
40.433964
28.605316
25.209566
35.334763
37.483932
38.28849
107.02789
147.42334
92.76344
6.428974
24.608482
7.5770693
141.90755
134.79599
87.25298
27.108847
31.673065
27.342688
30.313969
36.27997
3.082224
10.58581
9.647929
32.36785
18.106924
75.01329
35.224197
99.107315
57.566795
72.538376
168.34506
114.10472
181.21846
106.47164
101.92918
104.73781
81.19887
159.8746
122.29684
89.100204
130.18585
61.88379
88.747795
74.20994
60.726692
51.728844
25.133265
34.33478
69.02073
115.067345
17.760416
115.350296
178.577
140.74803
159.15727
114.52836
82.87488
90.31996
103.20327
127.674805
96.99094
98.67897
168.07181
111.79649
125.61842
116.063
27.545374
75.055466
25.717976
21.097252
23.259182
23.981106
44.174213
41.4735
30.815607
35.134247
34.71732
65.1971
47.980457
30.836405
97.022766
100.40905
175.09364
32.187866
55.94856
39.833344
37.386803
17.560158
18.279942
1.8836374
14.934912
24.217484
17.87767
23.96647
58.368103
97.21409
32.038292
44.218468
23.888996
3.5286553
84.44749
46.21733
22.470352
3.288454
9.527961
4.535635
11.24886
23.420395
30.548777
4.567042
21.197414
42.04862
25.505554
19.828583
52.863365
152.01584
145.82092
70.28338
76.54152
88.24924
79.447685
72.74881
82.136955
34.976418
23.842896
81.3703
76.70902
79.28532
20.557398
21.551538
51.751434
69.32263
21.829283
51.338318
67.422165
35.09024
13.011037
17.086918
54.52345
41.176548
44.83428
46.73816
71.95381
26.033524
65.79057
36.18692
39.914696
44.31868
50.5129
30.204407
13.454114
44.80611
42.782204
38.492508
57.560505
42.30697
59.86557
174.39444
75.472725
87.52089
5.428113
31.485489
74.24458
63.65313
103.72963
142.83461
227.9259
168.96292
151.2035
227.97739
146.81395
296.45032
61.714455
107.80928
117.35991
85.26942
78.08339
79.67951
103.32737
23.33558
30.324366
53.721264
76.40906
57.3779
52.078472
37.998356
50.68936
50.934063
25.664627
23.388947
71.59209
28.461777
11.890427
50.11929
30.608349
3.7854214
1.4286331
5.564826
19.126877
38.535107
39.47033
38.66415
51.562847
50.32818
50.024197
31.257803
26.269583
31.868475
122.6219
95.55129
169.59958
98.1817
99.54895
80.89723
86.1363
88.514755
95.64574
91.807236
86.79912
108.465065
77.06707
105.04856
122.77008
113.34584
85.71278
90.25569
96.17015
119.365036
103.0035
69.767685
97.67749
12.214753
72.21651
84.55525
124.01465
97.593124
88.58095
93.254906
116.58594
72.84801
78.33455
84.20134
128.92422
116.375465
113.98677
148.97568
115.043846
99.59336
95.34463
105.58855
90.15887
274.8233
149.7462
152.02219
173.01938
50.331505
109.07406
32.423164
65.03158
71.6093
57.015587
40.33959
24.781134
37.945763
149.26837
22.057552
3.1399243
32.085747
13.146039
57.885914
108.0824
133.2067
97.64011
37.318832
14.722954
52.78535
22.731771
38.720585
28.674845
44.430397
47.938023
44.23797
33.424843
18.340868
47.140167
58.08789
36.49013
45.20203
30.338654
43.773483
14.933301
19.518263
101.98955
12.237787
107.23025
33.402267
43.00525
48.941475
13.540182
25.315414
18.923458
2.9784365
54.00469
58.12023
18.025623
36.562447
104.88078
117.53623
104.23036
86.35464
22.002869
44.94172
53.592216
21.903416
79.43482
37.213654
72.43699
104.870155
69.23049
59.65459
98.60936
60.66577
33.33353
132.85733
114.49752
13.200499
83.99412
81.397644
27.720715
21.185152
42.977245
80.763565
51.973396
42.570538
40.994667
58.262825
63.984795
146.72697
138.6028
152.16306
20.902851
30.689768
31.42741
35.228523
1.0314273
7.9897447
17.399578
61.800926
25.225893
38.060555
49.290264
43.115944
86.81253
4.2957754
73.11929
35.53494
17.193201
88.809494
114.715965
63.455364
67.24787
31.325825
45.189674
44.12663
16.049715
24.701616
88.68742
55.501575
81.58876
58.90693
21.205748
28.068829
24.8528
19.433102
2.0391026
21.314007
23.96474
27.988453
32.208424
16.435062
28.893045
8.1152
26.758245
23.365309
37.490593
17.77698
21.428448
35.94368
26.453094
41.785496
29.359196
32.715008
39.67305
36.284634
39.855255
23.566599
70.32621
67.661156
4.433633
44.484043
38.366207
44.13152
23.761278
35.643494
51.140617
43.39613
36.930737
54.967052
62.480236
63.266155
10.530159
20.184246
22.267855
1.060036
22.475304
11.350079
23.33384
19.656174
32.952415
6.5702524
21.914371
36.260365
28.490183
39.95146
27.453033
21.913738
36.36976
16.84579
41.644615
24.869501
1.5728592
61.230183
13.854628
24.144703
46.153282
61.80979
4.3219676
53.852936
32.514637
20.35838
15.735326
29.804867
153.16208
123.35427
110.138794
68.48695
96.91885
94.764175
122.0119
45.36715
49.683918
95.06086
108.24902
12.401745
29.748943
28.363672
35.60504
18.607342
30.746815
20.748974
35.373955
22.189735
1.0796367
38.551125
18.403364
45.621647
35.617832
74.362206
25.589975
11.19926
28.97227
21.02276
32.99059
55.254414
89.087776
149.8584
162.52536
26.70231
18.65449
42.440723
83.408005
98.56888
50.005272
54.98284
69.607544
48.650845
54.755096
73.431564
98.926414
70.21366
139.9755
205.04672
76.945755
77.97681
156.02829
121.69969
142.07474
123.00188
72.90911
69.87397
84.9248
107.656944
204.01784
88.80069
148.90096
17.382013
38.217484
36.461937
44.468895
9.740953
9.194301
25.335333
42.90621
63.57551
53.935303
26.254398
46.063343
70.294365
60.483265
120.05753
79.75511
113.263596
87.851425
145.81737
174.30725
24.993446
16.691017
39.106987
15.935646
22.207546
65.852005
57.045135
91.42564
56.690346
58.16151
57.179058
121.38611
105.99425
91.01209
87.97406
89.09687
130.66867
73.88578
16.166212
21.187073
36.128185
92.55238
64.63124
57.30369
7.481691
11.879611
32.112118
28.478567
9.107194
109.309586
116.26644
102.26376
107.851395
53.00459
49.58016
73.927574
20.153378
55.075165
10.411682
10.408141
26.893137
31.044804
36.333656
31.038187
57.29368
19.698391
76.236984
75.645584
105.43589
64.3119
55.66883
67.95434
61.41264
67.286194
46.523033
70.4309
97.392105
56.18568
63.73283
90.58659
103.239685
67.04203
73.71413
14.836558
14.327791
25.025679
26.544977
64.48538
11.558943
10.834917
49.529533
28.751429
34.58009
56.05824
37.302864
58.719532
36.440674
77.222946
81.02299
164.6383
105.90379
146.92725
51.45265
25.698298
69.997025
29.898342
57.100426
38.965607
34.429768
35.497154
53.49002
25.768106
54.518982
53.040367
11.717925
22.82552
30.05285
80.45753
20.811977
2.6668067
33.971245
33.092983
14.463153
62.29024
44.13153
20.49647
19.276241
5.8438435
15.477145
24.599304
65.29646
91.309135
21.125973
33.677994
56.09181
10.403796
34.2035
88.25295
73.82798
15.44245
19.714664
34.761086
36.62269
62.531635
70.625854
79.8136
29.442236
38.88304
54.35548
19.874784
2.854628
8.310743
20.426971
12.461868
77.34638
44.127373
31.524271
46.932426
22.280447
44.691685
16.57044
63.256886
37.22389
32.604668
51.83625
23.43743
51.78364
43.91039
47.42866
70.89824
12.422323
76.85027
35.20759
19.444195
22.298164
20.23035
48.275887
54.42724
60.83543
25.471315
36.14667
18.632582
114.25962
146.63795
106.89864
83.40606
89.5114
176.24846
99.30382
120.94839
87.12176
118.386986
200.76797
45.682823
58.996437
1.3198518
28.386084
202.72336
110.44108
90.86224
74.329254
79.60891
88.71317
110.02283
75.08705
171.1361
184.07454
58.532887
49.433155
54.17042
55.29722
69.39049
33.029884
84.93632
54.02674
20.931965
32.421
1.1761825
9.647993
24.492514
129.50851
176.4213
160.06718
94.947556
123.456665
128.85403
93.53364
14.681831
11.811547
110.11074
148.36896
74.90805
90.51951
81.01944
106.73515
94.188675
75.659325
161.38452
170.26086
103.27315
87.63009
85.07338
118.022995
85.46022
142.98103
164.9454
195.93327
177.4949
246.01968
36.938408
33.190346
27.154087
52.304077
80.215195
65.51248
20.280493
27.03831
31.358603
50.97852
40.701714
25.751087
39.893852
33.247295
127.87893
70.57461
84.6648
39.708775
30.697607
28.433619
19.837896
59.34014
48.3854
45.1676
67.62396
109.76073
69.50795
4.182128
22.241146
72.94002
19.713596
6.321609
12.698568
71.40178
101.44925
108.459694
154.48563
3.4485557
21.185635
32.755928
16.545458
4.3848276
17.78832
14.736908
64.50203
30.635544
40.8845
106.24861
110.87185
86.97117
181.7024
87.99886
73.70245
124.97148
118.511536
199.7438
153.27629
33.949154
49.602524
20.60046
24.149668
18.496967
27.606476
36.97498
40.681393
27.976078
1.0396917
35.016743
16.558994
5.315299
33.44193
37.267635
50.177837
115.629166
193.17525
89.23033
136.16336
295.26038
11.896528
99.17266
58.46134
57.219658
62.02265
89.21256
110.90361
65.361435
49.502815
1.3247455
76.77373
34.272793
58.9499
40.005356
42.575203
33.56034
33.898525
31.330576
89.65312
72.64833
17.096462
176.02365
201.74783
56.400795
46.104473
68.18771
19.642239
18.12439
114.86632
126.7156
38.679882
51.016125
196.07162
203.10913
17.944775
35.44374
17.461254
62.36286
44.182518
50.8205
50.331444
172.17908
12.571948
39.168663
26.365866
38.978077
18.017159
7.094107
56.293762
28.858072
21.631374
20.935474
49.23902
42.55877
54.112038
73.09068
63.25648
72.18269
69.061676
57.611794
56.11297
67.85413
134.74828
5.1928606
53.456512
22.055134
24.915344
20.410732
71.2773
84.78712
136.99062
84.50186
114.24315
99.64223
58.249077
80.236465
60.690117
109.934875
197.82759
161.87827
161.23483
175.68826
93.25865
110.496445
198.54794
59.240192
16.200245
10.350273
21.154228
42.738533
20.22255
26.883331
1.3688703
21.016651
42.165318
19.0387
77.21765
0.9688242
15.576518
32.3501
9.32149
44.567444
47.53398
21.697521
46.543022
55.25361
60.13621
41.632782
15.734442
38.181786
119.42509
116.50875
45.447784
51.465645
80.27557
0.6875597
15.006338
1.8106571
22.858505
8.512701
15.472216
44.811695
43.310265
7.0987215
9.363962
39.000957
46.45525
52.47959
52.379536
103.57804
41.678143
40.861343
7.8445396
75.1583
42.08925
49.793713
29.577854
7.0501585
60.510822
55.12276
25.931072
41.9625
32.545086
35.116512
60.198864
42.630135
39.453423
78.88049
95.17351
110.82481
80.133354
72.223
140.71841
80.42039
41.56118
37.01311
61.862244
42.217216
75.9435
24.14696
11.253717
40.663696
11.13566
19.221138
52.58135
16.896152
33.124874
86.14012
68.08609
84.81062
47.92927
59.72526
12.0575695
1.2125049
14.670354
80.34556
65.76383
16.685583
27.030191
45.68907
22.522274
35.16749
11.424265
58.313972
56.23656
50.838448
51.97116
24.052525
39.11864
54.089405
3.961055
70.7142
26.629019
103.20418
66.65724
86.47711
74.93975
97.84102
19.08683
29.014673
25.622076
33.115227
28.866968
3.935615
41.374832
9.529317
30.331486
19.43414
35.802162
10.006145
10.874958
21.232578
41.419384
21.107708
33.956448
41.4461
4.983932
23.737072
10.538913
38.79686
70.85564
60.728615
15.137594
5.472212
1.5814973
43.06995
27.062664
11.590443
23.340229
30.385885
31.911371
69.58067
1.7032928
19.69672
40.60746
46.288906
19.998966
21.809338
82.73237
71.17181
50.592957
54.753487
35.94319
24.727863
23.68128
42.05668
11.290964
73.06547
128.39659
149.41579
200.75017
167.38419
131.22939
157.65198
160.24794
42.483368
70.56995
80.47023
22.353025
18.091656
65.19181
86.71005
78.24226
89.0704
67.851974
81.74974
10.595578
35.088905
75.9903
72.82182
37.54424
34.924343
33.06913
66.597275
65.4926
77.49383
54.963184
64.633415
129.1113
42.19815
72.714775
64.29142
100.81131
92.146255
104.85333
142.10942
40.580067
20.834019
34.984
27.294468
61.260277
77.070885
130.23337
82.28951
1.8029655
33.533455
43.466927
27.61765
38.439987
18.946627
14.377406
63.263344
116.40935
22.814127
23.504833
43.983906
21.216871
61.159676
28.536264
33.898735
52.996063
21.047565
19.81852
45.011395
85.53793
33.968533
12.275208
29.712168
24.7552
36.28467
21.485542
71.1855
50.084743
36.741844
38.28437
36.393387
26.599773
35.34857
51.408802
45.19515
62.843872
59.378326
53.369946
38.104156
48.91418
48.331615
51.01061
15.772123
64.82829
64.61932
17.541418
25.174257
97.54671
96.4462
92.143814
146.00192
89.504036
252.26631
2.302148
89.68766
90.04098
80.42641
91.85252
99.50822
88.536674
192.30246
40.979362
18.79607
28.37947
64.36095
106.96149
27.162289
31.263498
8.540641
43.065853
55.447075
88.58638
29.677105
25.422531
26.803473
54.623707
43.67318
81.81982
102.51311
95.55888
75.23633
35.5209
15.297002
35.370716
56.893414
55.622948
46.108086
48.63882
22.736748
52.83554
36.866158
47.123158
29.75507
49.851215
53.58322
93.48088
105.04401
138.81198
55.27308
163.45602
75.27304
93.39735
64.26548
35.449768
81.27223
42.174187
38.320766
26.933771
42.238884
60.94503
14.20947
1.9333851
18.481838
24.096928
18.990582
108.56321
97.83491
42.372295
32.370106
21.090359
29.15711
27.50686
41.624676
39.043682
101.01051
27.282095
54.754833
27.488846
43.05112
44.735416
65.007965
65.65039
27.483057
30.186468
26.975296
35.887665
115.17418
103.603836
93.72551
102.75667
163.65067
129.23593
121.24536
99.34215
168.53134
108.78273
83.73275
111.31328
195.37271
156.88216
193.50821
178.88835
170.76419
113.355736
39.329414
55.28781
47.590202
34.59927
81.21802
43.940758
57.26725
81.48129
1.6917667
84.74935
114.25301
31.631592
96.14606
30.365509
36.805904
43.170128
27.965738
30.379868
31.02687
68.22851
4.977521
14.870941
114.67214
16.48383
56.572044
24.01829
50.610676
55.285065
82.10588
125.46133
86.14876
67.72911
83.89377
95.73387
51.777355
15.457967
50.346684
38.18855
89.90401
51.401436
59.108967
176.67566
114.92533
75.520035
103.6486
92.99009
80.66445
71.810295
42.739464
84.15989
80.58651
27.679377
19.234903
80.45117
75.12096
91.15616
72.21544
65.966835
53.508343
42.033894
21.013187
31.192572
38.04749
130.04504
101.56697
191.688
23.367355
156.87589
184.6811
233.50195
92.84462
142.42496
147.27893
98.631905
33.377262
35.58835
46.149376
51.381172
60.060425
1.4718508
21.096928
41.642822
148.34549
41.963192
47.500023
34.85148
30.537424
33.14639
36.397667
55.352882
72.921005
62.26187
62.160164
49.971718
59.875477
30.824203
41.43215
83.48576
89.94704
29.698856
23.489887
25.289967
19.294758
60.037292
5.0573287
47.328587
32.11509
27.455023
16.92423
44.028873
17.484556
66.97037
32.06939
86.55214
89.869225
88.58147
140.64926
149.55681
184.35678
94.410965
52.62559
5.768818
18.037313
27.46275
38.67762
31.85439
21.8397
50.65911
27.278223
46.607136
17.410212
32.611797
90.66086
45.917538
129.58853
45.159214
81.97646
79.81037
27.943563
120.65758
87.69539
78.04699
97.809555
107.596085
117.00426
216.74039
235.21622
27.383987
33.552273
45.75246
43.572765
52.71212
39.176605
26.092709
55.20091
18.354136
49.68939
33.042076
44.147423
104.57029
101.44441
55.55448
60.97519
15.153583
34.68975
25.162926
46.565536
46.847862
44.81498
45.42138
48.304607
102.514244
90.32097
144.65889
11.842239
15.894827
89.85802
76.39217
71.79854
95.11269
54.73185
70.969315
97.48232
60.2266
30.789917
42.272484
68.65251
74.9366
31.214996
82.0994
91.010345
98.6573
109.794945
85.543465
108.311844
111.999306
154.14757
156.2916
113.2643
93.093636
88.30586
91.07895
33.192833
87.11886
12.925825
20.455595
10.112501
100.97319
176.61748
146.04115
144.07771
98.02562
162.67888
32.489304
33.267727
22.234966
49.380497
25.298763
36.39932
25.055313
77.1494
87.67678
99.972336
122.606285
132.88486
80.03499
73.195915
91.09267
93.20153
99.869
149.60124
91.14467
87.43989
88.0102
109.4031
103.53667
137.27083
141.3552
123.4161
108.26774
98.31413
138.37747
112.03208
107.185936
162.7963
106.72728
94.56236
110.50039
89.44313
176.16257
40.69236
50.097366
4.3158216
15.640474
61.82248
33.399197
21.359966
67.56807
31.712406
9.822249
28.933514
26.222448
65.32165
39.81994
66.430145
54.37124
55.5732
22.939451
38.02696
55.373283
45.576794
23.748486
60.249744
15.035566
20.421444
142.04147
3.9849365
11.072332
52.32412
90.60542
97.508316
96.06784
33.18067
37.88593
48.48094
47.11731
35.861893
34.291157
35.750847
32.903446
103.93414
38.328587
20.033737
43.405197
41.38699
52.812317
39.076225
106.58917
121.4886
18.581808
67.43919
84.174446
54.675873
115.61729
81.51258
99.62992
18.838364
54.419746
35.22245
14.261002
20.49696
38.090157
139.9928
104.92345
92.91776
78.35565
97.021255
59.157745
96.08186
82.8083
58.19234
58.085747
67.58341
77.030464
102.936424
12.871275
39.263233
50.783524
77.91534
41.164646
135.46559
96.47737
100.54166
51.42744
27.507925
63.38686
12.636283
27.493664
22.532528
67.52298
38.792736
38.78965
24.48619
17.649082
34.301193
19.652418
12.029752
59.700325
36.432266
57.957787
27.082113
76.74805
12.671488
38.019516
33.390087
63.595837
44.125103
47.81189
53.494423
85.159676
120.36742
35.267715
60.966896
19.333256
18.363008
56.646748
71.75424
86.01543
41.70221
49.196728
39.639183
13.271225
48.96545
122.636925
47.497692
24.564205
55.394043
29.495188
80.666046
73.989296
103.177444
92.63237
121.92781
99.70808
83.7389
74.99681
54.562416
49.683205
29.341663
49.592106
31.284876
60.770485
51.523792
61.695534
44.364388
50.59069
96.73818
73.419586
62.542152
23.116999
91.23476
163.79398
118.502785
75.723816
62.929615
38.858707
63.455513
22.730694
25.427845
80.82248
44.893234
19.8615
28.267242
34.05338
52.716156
54.29873
35.88854
54.295036
20.022419
11.13029
22.565863
62.70095
61.291027
59.272392
47.916714
41.67193
41.990215
5.7149887
29.375698
47.620266
45.670685
31.931524
39.20289
51.29964
31.38721
42.03413
24.752031
47.72685
33.203365
37.050312
24.825008
27.12765
27.301798
84.889336
66.43311
41.85799
21.592363
26.214376
52.75058
25.216501
62.427967
48.179497
45.86223
19.275356
15.452428
18.47262
34.751087
29.821384
45.81835
9.377958
8.959893
32.61152
40.23824
36.954712
29.389856
70.00792
59.088142
25.813238
14.542685
13.365484
59.370808
16.870579
50.249256
20.17183
21.80989
15.306297
48.61564
67.458626
58.867138
83.97008
135.61952
146.49936
139.29922
83.63062
100.81899
60.98844
85.99696
67.911575
98.35814
60.922546
15.630643
18.234844
34.439526
37.596733
42.220608
15.812517
46.595802
14.660196
32.99106
15.543951
38.178535
24.767698
107.87999
112.81824
92.475555
90.63403
68.8032
63.006706
75.03245
81.693825
31.251385
32.56066
36.181725
43.1727
68.74608
15.702746
109.979355
123.73517
120.03031
105.18114
113.014404
7.3448133
20.532011
68.95119
28.287851
104.152954
156.81534
85.94823
139.84154
195.53525
196.41359
189.3708
152.8756
182.41196
175.48033
94.85717
127.01372
45.062172
36.586586
17.666782
40.217216
58.757088
32.06559
25.959473
9.055827
119.904076
102.65208
81.06
104.21487
103.78037
35.186695
32.201557
46.10711
8.860392
43.314594
36.183334
88.17703
124.06716
113.50871
100.48224
109.09334
18.903921
68.414
31.213058
59.038837
69.257416
64.38204
21.072906
46.850693
119.6743
115.89506
100.11532
32.90564
45.757015
32.7716
13.008298
23.787756
31.106884
18.3517
36.155308
58.711143
88.531876
14.702367
41.44206
36.48723
10.412522
6.8267174
42.995365
82.210915
2.4853957
63.757427
99.99373
24.639666
30.890255
71.86683
61.69878
47.795677
40.58409
131.08499
86.1049
119.57527
83.01073
105.450905
85.97716
99.339554
93.33844
120.96149
90.7793
85.622055
304.20322
63.235313
78.56361
94.30373
70.35628
88.307846
87.00072
72.13712
62.15732
35.428604
57.498585
47.10396
62.27955
47.34826
58.373024
47.765247
80.100044
26.877369
29.979359
31.96556
5.499692
27.59228
46.41852
17.936686
26.99528
66.92992
41.577812
85.573906
84.801186
33.032433
49.454597
28.744013
100.637566
131.52377
77.88451
9.092862
36.639496
37.16364
44.14054
15.829562
32.5743
37.29531
29.89317
120.3494
92.0579
104.02445
82.35007
75.48864
93.556816
80.58605
74.11006
46.891327
37.31662
48.553764
35.686653
34.784355
10.369847
4.119363
31.615421
15.495621
32.908592
68.139244
71.102036
76.408775
51.05769
78.35756
28.391232
29.476746
32.712128
3.2718644
5.4202785
70.92136
6.153224
10.6969795
37.764637
23.75598
64.88755
103.39464
87.41472
26.978079
64.20511
46.866055
69.62187
21.889977
49.07747
45.613457
116.61748
106.32766
105.96593
26.102158
23.55872
54.52054
63.01531
47.618664
27.91246
14.177698
1.9886353
30.295248
22.510738
21.705166
26.84844
83.02562
93.14714
79.165146
37.93683
28.368057
34.754414
52.537945
58.161766
42.071503
34.217327
34.77342
72.504395
35.95394
132.23917
138.75352
103.171974
56.473316
35.83274
40.017624
19.771685
36.383644
122.024155
94.150375
92.89674
112.00627
63.89353
113.5422
68.565025
145.74716
84.22244
170.80952
133.8854
84.7717
106.15192
43.258614
33.902172
54.400215
92.700195
116.46771
102.771706
180.01576
164.25702
153.62607
25.100132
113.54216
107.70509
97.672104
18.711336
24.750809
53.75302
99.55538
111.03819
84.29516
143.65892
110.332565
147.32892
103.23352
98.35414
76.78978
67.018524
93.29881
81.29002
67.82582
95.32615
146.12337
91.18767
133.40584
3.6441758
73.50856
72.41536
41.76529
39.40761
2.589474
65.94549
24.633686
62.588276
28.141027
25.671825
35.387623
30.51031
64.97844
109.706894
30.051126
72.25351
107.25942
70.91658
52.428413
32.775185
43.11048
49.281044
46.085674
114.98452
178.77911
104.22424
114.60213
88.36546
147.84244
28.023884
26.751184
51.98194
34.397846
22.452423
56.406868
47.681618
36.895683
76.78079
50.362125
91.67578
154.76358
42.46384
21.26422
81.77365
17.112064
28.47205
47.381874
10.577402
13.821996
59.872326
44.210945
57.183907
79.82459
67.32202
64.01822
70.975266
103.86631
94.361
88.246445
76.17725
106.42771
81.738365
69.11015
17.987793
11.239568
70.95004
25.6917
61.410767
28.204544
21.922764
98.847046
92.449554
114.24292
123.95946
15.07751
49.99646
38.782978
20.34525
26.871237
42.83387
124.174355
21.819319
44.756954
93.20632
103.796974
89.84456
138.53824
63.159515
58.38613
41.56237
15.6809025
21.146214
43.073494
49.933964
155.56586
90.43656
159.90004
178.98354
114.357834
138.19034
17.327892
122.16744
245.34196
25.604456
71.46485
31.704361
44.831158
89.26245
93.227554
79.70775
29.187714
107.315674
117.44114
109.994385
88.48244
140.38852
131.27135
111.959335
81.15221
133.23407
128.44199
106.14712
89.6913
80.36693
92.28372
105.89772
160.96973
244.00642
158.86577
143.72372
154.77568
111.26632
200.92758
7.0957236
45.96608
21.013384
20.631054
92.287865
13.797243
25.529661
10.820128
40.4197
55.694977
2.3497257
31.355597
6.043395
23.676548
4.4559164
7.369423
29.329071
40.4999
22.239624
13.123172
37.021225
37.32729
1.2407445
39.42677
13.730606
33.76936
21.495646
30.163662
31.226984
23.436525
46.890205
20.865314
45.521893
25.466183
37.700153
24.855206
53.98419
15.751806
22.426249
36.415478
30.532284
60.02641
38.945976
87.08187
58.36089
43.5287
50.57839
41.381992
52.24488
39.04458
3.4055378
17.88313
5.8265996
28.061825
32.97485
4.377251
19.885538
20.322506
69.132195
53.41167
41.464058
88.15296
36.007805
47.212288
45.5137
69.120804
66.98715
20.297104
47.410507
16.06847
43.758465
89.46718
80.539566
88.742226
81.943924
3.5038052
16.510975
24.269773
74.24961
83.257835
62.829998
41.493927
98.5128
96.504875
170.11716
129.1844
2.0505822
32.16427
22.593035
12.093169
48.668694
33.97417
41.172806
24.519577
22.516478
31.657543
32.46061
13.16332
52.136696
39.325676
28.871094
71.05202
27.96964
28.768219
10.5281515
49.019264
60.54371
22.02184
23.265642
30.715601
13.820668
37.612972
77.72209
59.539513
138.2252
107.44999
128.1583
74.60746
38.54312
56.470436
73.195206
39.207832
49.1081
51.854053
65.42763
66.530685
47.088493
95.33113
53.158966
66.53924
98.623085
95.40375
66.8507
74.185486
125.02065
59.003376
74.40388
71.53805
82.32591
136.04909
96.445786
195.59703
94.97245
53.357506
33.613716
50.955837
63.482353
23.566223
62.851887
67.689896
20.21774
31.161148
139.33145
76.49446
111.75779
89.377304
81.17561
90.26645
89.95015
94.74186
130.19356
95.55733
124.32009
86.23291
23.33606
70.26503
36.03688
36.47454
45.95246
27.211483
64.15212
55.73591
28.238583
90.91085
61.311287
70.59354
40.499756
80.4534
111.86072
110.29525
106.12846
89.77883
161.82205
76.59664
41.15651
29.109903
34.05444
64.414764
77.358284
100.40078
143.10544
1.8234017
82.33613
28.529064
0.8841381
19.855955
58.590626
17.886623
40.633827
16.140654
89.32547
10.362368
25.09775
44.08089
151.20312
55.31419
60.408073
90.356415
130.7778
74.34724
77.66208
106.37252
134.30771
179.07382
167.05716
97.582504
122.61951
107.52893
95.17252
124.790405
85.458405
82.45742
95.487404
72.8025
94.86768
55.455627
48.87734
93.82033
34.66918
45.404594
66.151535
67.91205
21.401175
32.2755
10.203891
75.51831
83.705444
138.72118
23.69945
34.820778
12.961405
89.88576
121.15105
30.119879
38.987225
88.5452
44.44102
161.11636
75.98847
74.206566
102.39317
242.41037
178.68216
102.076935
95.19491
36.988167
48.85243
29.25465
55.810284
31.040295
100.22343
142.47011
37.47764
39.67676
78.60144
134.1616
9.667314
37.723095
50.233585
31.042532
28.351892
66.88042
120.25151
79.936584
46.608955
47.68448
23.553448
29.46726
19.467894
46.962334
14.169995
41.920547
97.86429
65.863
43.929626
54.378876
35.245926
254.4405
164.39717
3.5175586
57.04713
38.196327
53.791374
37.35176
28.101858
2.4433012
48.57303
52.769554
66.58353
38.099525
45.880573
71.84451
34.048344
69.22066
39.00985
97.81251
35.167137
54.997444
58.723156
37.404198
26.909046
33.5294
47.973694
58.4362
47.21923
19.021814
57.57766
83.30623
46.64744
29.461971
16.59402
20.23143
20.646008
14.118828
29.219448
37.792015
55.86083
96.08412
15.231085
14.113808
52.518116
68.271805
45.147484
12.11658
42.112537
50.984966
31.309643
44.88511
48.812126
62.18266
132.76913
121.31676
95.40829
126.72839
94.00868
68.621414
14.941383
34.043297
36.328922
62.23118
31.737844
11.648648
46.572395
89.21896
25.603115
37.43782
17.86987
47.359295
17.738562
22.026585
66.45095
31.3833
10.9219885
21.076214
3.4607952
20.0574
30.889328
24.224804
31.980906
4.375202
41.315086
16.64891
55.326233
103.38932
112.236984
49.99469
32.294174
26.428442
49.960075
126.44353
32.50179
98.444626
64.87338
11.649873
35.40438
14.290181
34.168118
88.983185
9.514746
90.08283
53.174976
147.39624
25.368988
53.053658
173.29614
236.98177
169.79475
158.98155
127.37921
110.31112
131.74033
138.2929
10.116596
46.148346
10.157933
109.05282
33.21447
26.364298
28.89375
20.36631
16.850748
12.161765
34.700294
37.826077
31.658741
53.72741
31.53603
86.09044
88.388336
19.35215
27.401178
62.191223
83.80949
115.15234
128.51204
41.919594
42.024696
60.706123
22.953466
42.7302
12.6863165
35.861702
35.75263
27.31268
56.558037
39.79989
53.451088
19.814274
64.992584
26.49104
54.377216
25.664307
56.626965
20.163702
76.81877
144.16849
82.16228
87.03839
42.94734
93.27632
163.04585
167.0311
86.74289
92.62535
33.916958
55.77478
32.21334
77.99581
98.037186
146.65729
102.922264
15.037372
146.39674
111.63845
92.48855
88.50584
90.63097
102.52425
103.54756
157.83023
165.15384
233.10258
171.92545
67.58266
112.62886
7.2647085
20.896177
37.633698
28.356073
15.353294
25.695211
61.950256
50.005966
48.416718
32.169243
34.24679
34.57519
14.60601
5.2268224
12.718922
45.76219
26.034836
29.154652
30.955847
22.900105
9.717386
4.823317
2.7970622
17.618765
54.83471
36.350742
25.230259
5.9713674
40.016926
75.082886
35.790916
33.31657
40.70439
36.42591
59.147438
40.53998
60.006477
44.994713
65.006134
36.837383
58.271828
40.907925
74.381096
33.84973
71.50961
26.74329
17.332108
36.5179
47.21888
35.712208
32.368553
23.637661
20.490833
24.92346
36.957172
17.042131
64.22429
63.4716
15.837497
43.50346
27.807465
65.38937
52.9457
83.69231
51.238842
104.72135
90.1141
89.42237
38.88167
120.05532
111.99392
95.66582
108.56508
81.13775
72.513466
93.60713
134.03049
19.439075
46.62048
33.604202
10.374992
45.6266
106.8656
242.15335
93.46719
72.68599
181.20436
28.392323
49.625446
37.309807
54.140526
50.869923
61.772026
57.3202
27.68335
75.315994
50.501472
27.938763
59.567944
94.1303
40.861153
49.18087
88.038536
51.931427
34.850273
26.307064
19.12659
37.993046
41.246544
59.002045
54.364388
59.68059
29.014933
143.65738
78.220894
58.866577
86.87526
83.18138
10.838542
21.089787
86.40749
122.707436
83.41546
169.67677
143.05257
145.09494
125.796486
92.17989
150.41797
24.251684
39.633564
28.088358
129.7449
109.35205
36.40688
46.0953
63.48764
83.8581
50.59163
37.098835
8.154747
77.87664
120.35315
82.33156
77.31508
85.99855
56.37983
62.199684
75.32882
69.828354
45.429638
87.63597
40.51055
62.53373
83.65121
52.67447
55.599068
37.41932
47.955963
62.104515
43.402866
109.98124
90.31454
61.428173
110.44187
78.36788
13.362518
47.425865
4.3204236
95.01906
110.04246
157.01378
193.8184
128.60983
285.79144
11.957432
31.744434
22.168392
42.313046
81.84779
6.480873
32.81427
23.2391
46.395386
40.12976
53.897087
30.3676
31.653534
44.28147
37.923573
69.95786
19.887257
33.52786
61.743004
22.726055
17.842419
93.98979
37.83436
41.51934
38.076214
18.36101
47.58742
5.713959
26.500874
23.909643
33.731705
26.481644
35.109688
112.58677
90.04981
80.18832
99.50804
98.160385
73.152306
10.527231
16.095112
37.257957
3.8874161
9.623885
76.33222
105.294106
54.87127
63.912792
80.90442
79.47681
75.77827
69.35367
85.62502
109.04408
11.500375
22.112284
36.798695
13.422223
4.980798
25.165287
22.568182
18.361357
18.273464
52.643745
48.635178
26.005331
54.0479
61.63036
67.98193
113.50322
49.95826
93.99555
107.653305
24.621119
45.930317
27.762135
73.54657
32.63979
17.539007
15.137178
21.62004
44.107216
23.501541
17.854563
80.62603
118.45052
84.88263
81.731026
86.19101
74.72447
69.380844
90.14897
122.86345
170.36356
80.56959
73.02645
99.54424
17.415604
28.08996
19.78388
33.88817
13.138603
15.311663
68.15636
26.20695
57.873848
8.602273
7.438829
44.612038
27.125263
31.092281
26.526966
36.37389
17.15056
34.926155
29.522776
43.73334
24.876482
4.84007
2.3209481
6.758063
4.55318
52.925148
19.418606
15.421295
26.521118
21.866152
41.708206
2.6092508
10.622152
11.519091
43.012245
58.277782
24.94908
31.574274
26.309408
42.293762
36.925686
42.284767
22.139784
27.57611
37.839806
29.001606
28.639954
38.83866
15.472386
12.898274
29.981167
33.349575
57.260906
57.670483
103.58508
88.463036
38.564804
50.489162
58.24653
88.098434
91.68742
83.480774
84.53303
47.275253
28.844553
57.497963
37.39607
35.5664
41.367367
114.94301
99.65083
117.54769
24.013699
7.8332205
18.768795
54.7885
33.872902
48.65165
47.991978
51.487877
72.47116
52.661316
46.714333
125.894165
74.678024
82.39
190.86719
24.691353
61.619465
54.30072
36.407177
54.809044
16.158432
38.24914
29.34614
40.53764
18.211672
71.9311
107.60398
136.33836
13.041145
78.010605
27.925709
38.44917
71.97326
56.066734
58.497967
26.90444
60.35578
32.16016
41.615513
131.44101
109.01798
90.82908
153.35677
115.34735
123.097305
141.53738
121.37402
122.33876
125.605484
162.22147
95.90376
207.61206
139.81871
80.02031
181.85954
94.10546
136.95639
96.445625
19.945995
22.847076
40.783047
42.70964
57.755714
39.362843
46.414864
16.025791
18.169903
81.58101
190.38774
373.59384
235.62454
143.50714
148.04398
17.202488
15.203067
81.256355
67.878044
28.097952
34.09839
8.244635
47.513218
27.049982
39.3539
27.309338
57.184326
62.766228
101.31365
94.79125
92.537544
97.292046
96.75049
151.93723
189.16396
119.61914
143.01541
145.47272
143.52544
202.75864
33.78631
45.755535
11.590322
12.839157
20.156725
30.310192
13.514402
50.70335
102.18768
87.95787
104.13776
131.08322
100.749084
117.706345
101.25578
65.68993
57.244976
33.87811
62.46327
108.78162
52.427055
87.902435
62.42204
92.2054
95.4661
196.70915
101.34151
99.49767
184.32413
158.40613
12.269478
43.69731
5.505855
4.0230765
34.70739
15.721024
95.107925
71.92482
141.61105
64.993675
48.735485
35.424625
31.259527
23.286793
106.44442
96.36211
148.38762
92.153885
62.120594
72.79688
18.977547
35.397964
15.591357
35.21143
38.574833
68.29574
14.321177
14.004626
6.952288
5.998565
8.939921
30.830511
28.267056
21.338142
9.133539
19.73001
60.7266
51.2346
20.466333
27.841476
129.99522
97.01988
89.57577
27.434183
1.18851
6.6698165
38.0508
19.295818
49.368088
78.85603
126.80896
84.08699
109.195435
57.433372
24.495457
58.379547
30.888626
44.263153
105.44663
64.519394
69.01992
36.826427
82.47726
158.66142
198.43709
32.85711
46.99798
93.45001
16.256638
28.36789
52.010887
29.38438
11.090863
76.486244
58.410828
58.3596
159.3269
91.502914
83.80907
84.98379
83.91744
99.07587
112.48152
105.71761
144.34175
92.13254
28.522375
40.741173
101.066055
102.69491
85.902084
72.33872
83.81746
69.44872
72.74561
94.62396
108.8241
118.61558
95.688255
83.42537
51.870552
57.28771
91.10256
75.32939
22.862646
34.445168
26.6884
7.0833535
48.3608
20.676258
57.453327
39.9752
62.949543
33.6103
49.302895
20.569008
51.012573
35.51847
25.94718
42.324112
61.569866
33.05765
46.754677
47.84437
33.038048
45.796856
37.89311
20.539568
2.3261445
24.135178
35.01338
71.33553
30.71017
38.79227
73.96964
22.6351
35.558163
39.96427
81.87357
26.788458
55.966896
20.570063
33.1388
112.60487
4.6674356
40.8321
41.16117
27.914099
33.772495
22.58293
65.30488
34.539955
87.27426
99.22172
25.009905
45.52012
35.666187
57.61421
35.18257
41.094162
31.520191
46.046864
38.33631
9.29738
20.396036
58.55053
53.329285
28.601873
29.98499
10.216552
28.842646
46.394062
66.303955
30.561361
30.23412
21.65387
39.358765
26.80653
14.713452
43.797176
34.578743
54.36613
20.076769
23.817997
65.96727
47.298912
53.84974
40.239376
38.237377
33.409718
48.946644
69.777176
83.59768
76.539215
71.658676
83.97389
63.63033
89.15924
92.155136
82.66801
13.772977
122.78737
68.37492
81.12998
43.84053
20.796347
12.734993
43.317856
65.03454
36.767574
16.886219
62.36297
58.691895
90.74898
137.5361
88.46897
34.62655
12.88582
9.298271
36.89751
7.964961
18.590717
10.070875
143.71797
68.44754
85.28977
85.01932
120.07782
111.351364
172.94778
111.812904
46.77746
77.39224
46.959244
32.334446
62.209557
32.991135
33.833706
29.018307
26.199108
50.449917
163.65878
64.18959
109.59581
66.07191
128.238
139.60532
150.09319
71.40118
26.806805
58.976795
22.630047
15.051549
39.788387
40.53595
121.076454
12.821215
39.42794
97.49966
105.331894
10.739934
46.673615
45.61345
117.46306
66.20019
11.295121
36.617004
23.791372
31.935974
49.42535
94.68718
67.32749
64.77688
114.218
60.697296
56.703716
114.74519
110.50967
101.261795
69.2133
161.78574
131.97574
130.75703
113.01449
188.2925
173.29172
66.98261
49.035454
66.27342
142.28854
80.55745
88.00622
111.21511
97.613014
44.07337
34.927475
22.427397
87.059875
93.352684
111.685486
23.993786
55.21566
69.92049
35.144726
89.226105
30.952087
51.722748
65.51825
14.2484665
38.045082
11.959118
24.307545
36.976112
124.29954
163.94514
123.50751
150.93033
128.10954
67.94157
203.08667
104.24923
86.20222
90.39965
86.47843
102.871666
118.508095
157.28879
101.70213
257.91885
194.11996
42.79163
58.232994
28.107046
25.922077
81.8283
95.54156
79.34591
70.09889
62.542492
133.80307
136.82672
83.97667
149.90672
66.84076
59.63105
59.958336
55.441853
88.19847
172.28696
92.291885
85.943985
123.4053
70.89189
72.87486
20.177576
84.08146
92.17711
64.38593
70.57573
33.417664
83.02202
35.155315
55.25471
33.123516
24.941206
16.612543
26.748829
83.15442
23.114712
53.780586
3.4121375
82.00984
46.49054
56.01
65.799644
52.278374
45.397095
46.019146
26.255198
17.877697
26.786957
50.208214
43.13246
92.1175
256.16364
94.12432
83.203995
32.158653
40.999622
66.10668
76.5502
93.36534
149.54648
98.27748
78.872055
71.454346
77.20075
84.14699
121.16589
104.10138
76.40475
74.954544
92.21046
89.66513
110.75627
110.10708
97.30235
85.25978
72.00135
180.28976
139.4255
103.354576
93.808556
202.89482
124.69308
124.82411
69.896286
129.52428
135.02412
130.20312
96.65172
91.73845
97.72804
66.841286
125.72599
95.80989
149.53235
266.59842
227.8901
49.4228
141.75537
31.007206
81.37666
28.365124
26.426563
27.40249
21.736761
26.205664
44.026012
39.126568
56.601227
37.99784
37.157867
79.15558
94.082436
37.845314
40.39855
78.52547
48.481552
79.53161
23.809196
18.889118
30.788204
32.041634
57.26225
54.53605
90.89412
78.43322
67.92298
59.535114
43.82714
35.70118
49.862404
41.998745
35.26847
58.176186
38.32876
67.98141
50.381554
47.084953
38.96579
27.17926
57.11328
36.86201
35.624756
65.96867
44.997513
45.424683
91.35534
81.392685
94.49738
176.56186
6.9412856
24.96841
56.468018
32.734535
112.39644
78.56582
124.80492
102.17105
77.42758
103.461754
12.470919
6.967804
47.368294
37.1724
11.314682
14.040141
41.29299
48.8074
33.48957
39.942986
22.431683
58.100353
75.76808
75.89906
5.384758
85.24138
185.03625
68.76888
51.33122
69.04729
55.99566
166.91074
48.79086
28.75449
57.605915
68.965126
65.38511
62.236797
66.80232
47.423523
73.31522
74.47027
60.86207
67.73417
43.541637
33.61482
49.004036
86.494675
37.80504
174.3425
86.185646
115.61839
114.02395
144.05415
71.5102
81.03879
96.56896
89.26975
11.73497
20.87343
46.780605
53.954826
108.90538
75.591354
37.167355
36.34913
130.47157
100.8501
103.69324
19.00413
50.27819
65.07655
53.75335
41.927986
32.61023
39.89313
45.01596
27.097198
12.844879
46.51978
37.687267
26.122833
35.042015
28.095676
47.381763
33.68344
29.385662
48.1045
143.2526
16.782206
42.02749
85.262566
66.93771
28.960505
46.59755
55.43693
58.880505
36.89038
12.006713
75.73857
115.409424
58.58131
58.12798
48.34272
7.3051834
45.583416
6.571756
22.367512
57.971733
82.34386
50.058426
26.829403
24.147993
3.6826394
11.918756
13.671511
46.36598
20.354132
43.712162
26.551968
56.79238
36.310707
22.926487
9.573567
40.071095
33.16685
29.616238
45.240307
84.46574
143.94035
104.98788
43.53565
48.7967
47.16075
18.883293
49.837456
10.658553
6.7072983
22.875948
14.768872
92.15126
167.94067
37.833862
35.59333
6.7544265
14.256002
32.601585
51.234093
36.34017
10.206261
36.548943
18.925526
27.006847
21.550999
19.701752
31.336279
25.060917
14.2758
24.058214
1.1399682
28.552542
39.176636
32.32801
4.786946
23.40423
9.517765
24.274992
77.71196
57.501026
17.659706
71.18882
75.005554
40.969975
57.58362
33.821373
20.406979
40.35258
20.729462
5.2876945
57.257652
2.9000158
10.568254
14.143103
11.40943
13.085669
54.154003
23.52384
39.362236
30.967163
23.275417
11.191764
22.956894
8.889021
22.173193
104.72463
10.151974
14.467325
10.851306
12.527583
14.556928
23.012539
18.358315
11.26133
11.712117
10.962196
69.85503
67.148346
65.89562
70.48847
75.512794
61.099506
3.2897515
22.14737
37.820915
25.88107
25.466696
16.049839
46.960453
3.7726383
60.20923
58.832375
44.106186
61.80548
68.819
52.913105
88.90135
107.786316
140.91733
160.06718
142.65872
163.10585
170.11835
111.949486
57.123913
58.51355
39.286743
54.685486
54.604134
21.931904
1.4552759
20.379894
47.22408
17.169823
48.100388
79.613754
28.345703
40.676014
26.685572
44.131252
24.088322
5.8046293
20.792868
38.1637
21.693363
33.020943
33.242077
32.10805
16.489897
36.039433
1.3654939
14.945523
21.821466
55.571686
58.975403
43.41848
107.51759
51.617157
53.01828
0.6832766
13.057867
8.509972
5.6154466
16.090174
13.991842
3.8366623
29.602499
13.363518
16.46908
10.5911045
33.25498
76.2773
111.06301
112.913246
111.00893
87.43539
65.798935
61.736958
147.4992
2.088881
41.06661
5.795595
15.109467
16.8991
24.034922
10.566202
5.3075624
10.129191
9.3532505
32.944023
49.773453
65.9659
38.060406
40.40629
15.714833
34.444664
26.827856
32.038788
41.151634
16.08226
2.335054
5.8937654
15.205109
41.86599
9.685088
21.894592
32.36579
26.251001
27.748013
64.44005
27.841135
29.739386
21.82803
16.8489
39.132187
64.6126
53.880566
16.591137
15.276556
33.714462
17.236029
31.499079
35.062614
22.247425
37.612293
50.91053
39.03894
18.975092
17.706776
38.4642
42.18273
21.71592
21.305649
28.346811
36.801334
88.45692
68.20634
83.89018
61.797997
63.940277
56.73719
16.378847
56.602215
67.01786
66.74242
43.824738
65.93461
82.03097
54.45392
31.091076
32.06292
81.41981
32.778572
38.498867
27.6341
0.8740711
26.546753
49.695854
50.733707
17.489508
18.591661
16.4538
29.227667
34.024162
23.018625
40.672832
58.108
63.43197
51.98108
58.745262
86.24776
33.180683
28.286839
37.30001
27.120977
13.6891
22.22343
23.6641
28.35618
10.700214
7.271736
29.150211
39.589386
32.389145
18.788118
37.563396
20.741924
13.8336735
13.797707
41.24424
8.744992
23.852322
17.28124
16.349697
15.22453
46.961735
18.158695
24.482077
7.007562
15.678698
19.451426
15.743734
36.611103
20.891897
14.880905
11.005879
49.38955
46.211998
31.458324
24.80038
28.751965
26.363186
2.848444
21.142437
1.048063
15.737356
29.042776
59.42391
13.197377
26.286749
37.059235
43.54386
38.96743
35.34899
37.175636
12.235979
21.154644
9.677206
18.41055
17.933674
17.576855
18.563257
26.338064
31.966312
10.654857
37.141365
34.967594
70.452576
70.14638
107.12466
72.075874
14.110385
25.992603
39.084606
24.072178
14.166226
22.379005
21.096577
66.28569
1.6236446
33.650887
15.60697
42.727776
15.289078
26.335537
