389.3877
260.54706
56.160065
49.465473
61.29196
54.716724
106.4282
95.7997
93.927124
96.36914
146.6224
50.123734
55.815784
129.9228
141.25797
102.3209
93.98893
192.16818
137.45804
142.303
43.954872
43.526432
71.523994
115.52765
69.38399
69.28784
39.05842
19.893234
14.600281
82.87665
70.92192
60.01598
65.659485
78.957886
69.17064
69.597694
55.13205
63.128437
60.263477
1.4277639
22.593563
32.250435
41.80996
91.332306
105.92139
112.742874
52.488914
79.47677
27.740911
11.055979
20.237469
22.920961
42.34516
18.704433
2.0216498
12.857081
3.4833884
24.71051
77.90884
6.0809937
32.823006
47.842735
81.816666
77.2924
65.68852
118.75816
113.01373
124.75745
32.14831
62.456383
34.200493
51.006943
28.192972
19.370024
71.796646
20.80163
53.15699
77.27904
52.03205
37.99476
46.980278
12.84033
21.235666
65.23256
135.75629
22.013414
18.637526
36.593666
86.56291
92.617325
69.59233
79.348335
66.73403
118.70669
48.01011
12.882879
100.17926
129.94069
99.5385
88.30707
112.018105
82.72356
89.905556
92.04586
58.025368
25.861664
75.076675
9.726137
9.312498
47.849964
10.710923
37.03442
51.4589
47.202866
44.93333
13.742496
22.013538
36.698753
16.068869
31.772491
39.72831
27.778675
58.963665
55.14707
15.930498
28.296406
76.295746
77.492455
85.47378
57.060883
55.678265
19.484419
19.801098
62.819023
23.59724
36.479923
38.611214
37.486214
40.54908
115.58026
44.188477
51.01022
132.34805
59.449677
94.558395
68.91209
65.19185
101.59416
98.18019
89.242714
105.012596
88.38292
70.41417
87.31935
93.366844
97.78536
75.407364
77.615585
112.5352
82.121994
56.50954
65.93144
99.096176
118.369995
66.17858
72.04438
81.56702
62.462013
163.3046
107.88109
106.78856
117.07204
163.20926
88.441895
77.78948
85.195145
76.101456
75.21215
62.275562
69.3012
57.290997
79.262764
30.799953
23.86513
63.055634
30.083792
32.31762
12.56857
18.044916
17.660751
36.60149
14.486623
30.773926
20.606247
54.904335
13.898008
31.277166
51.241997
26.74152
47.096832
49.28605
116.92251
153.37004
117.46971
135.59
73.5314
78.71868
138.71606
77.22953
63.198406
59.411736
10.684053
1.6717768
31.778147
130.74234
115.80697
68.35646
72.64404
36.98336
190.52548
142.80978
31.94695
26.25968
164.99962
95.81889
179.68893
150.51712
115.833496
128.80634
97.11
96.9427
60.845055
73.90177
82.34019
102.094505
84.151
20.16135
6.1581025
28.708685
44.862797
95.00615
58.391327
62.917126
24.77721
19.527601
79.96958
52.11686
98.91949
101.698166
27.008469
22.878056
67.71661
4.823993
15.483258
26.869694
32.373108
5.4930444
22.62749
17.047997
24.644575
34.327522
98.76332
33.56314
36.396645
65.0222
79.16905
136.92303
62.935005
10.998223
45.222603
151.2291
121.10942
118.02535
212.88004
81.37972
108.485275
120.46676
145.37106
102.38005
104.815735
123.79946
74.67049
94.50689
185.193
225.86789
18.320187
16.538286
37.95785
61.06182
31.514654
48.855633
41.38126
46.87008
55.124348
27.104345
59.02111
48.195564
140.54178
184.52211
194.58627
231.90466
113.511856
164.57498
30.73913
34.988094
45.392464
66.419716
44.53537
30.685871
39.575623
16.425426
9.021215
145.71873
87.98156
36.151085
83.52785
85.92843
118.816605
160.3233
111.80444
134.2433
76.20149
120.879295
84.90372
107.54347
93.95524
101.133575
19.953426
53.30474
34.986942
15.368428
41.31635
59.206383
24.94171
39.007088
52.097786
40.984833
78.90701
33.73226
38.322468
35.35856
68.87431
75.89991
61.849297
96.425644
40.955666
18.744005
27.803127
45.380688
18.357544
17.917114
50.4215
89.680534
15.370466
43.850613
53.62509
91.219955
52.5299
162.55861
95.39624
146.64543
150.02379
96.963455
95.399445
63.47713
79.461754
90.475365
64.820045
71.07082
108.03385
76.47555
58.86399
80.94606
27.272171
86.4364
112.007225
14.01817
7.5277147
45.3472
12.184607
37.167366
42.217754
97.22598
150.06216
73.51746
75.62905
75.69686
72.52993
125.05147
109.89325
150.30388
114.8585
130.59256
231.98486
104.42247
95.10389
21.04303
24.07881
51.71985
63.632988
107.82998
59.109528
40.838696
39.039223
45.629158
91.61159
90.034485
30.81806
58.81841
14.597208
36.541794
40.73714
25.371418
34.51925
18.58015
26.533432
43.99034
21.583185
36.00592
47.96485
91.45324
73.799835
22.29633
18.239292
2.5858104
28.136402
21.892439
103.682175
29.819403
46.24516
95.809
44.992428
30.213394
53.663006
93.53488
32.909004
51.672295
37.498825
13.483019
40.765133
49.33019
42.94575
154.53035
130.46996
93.67068
93.90468
81.73271
91.44628
89.95506
99.91048
32.004078
45.61945
34.98261
28.406748
16.54942
30.703196
61.063732
6.340641
52.847717
29.717203
19.522238
44.362778
52.03068
15.11307
27.561893
44.40285
3.4082322
18.791126
47.135696
66.96889
81.67417
21.309444
130.52788
98.68294
35.27803
28.378149
32.783245
36.03193
45.005314
31.639423
28.294378
70.080765
53.435658
76.133224
59.145905
56.509136
55.889446
83.98193
54.334015
56.401146
90.2189
57.855663
119.31008
67.87343
37.202976
93.464584
46.809772
41.457462
22.284872
56.177197
76.097
110.35246
48.945873
36.986164
62.7513
131.9484
79.25254
2.1214683
13.986494
66.56731
68.91835
72.51864
23.016037
46.610523
54.716194
53.497192
10.844326
69.23906
44.816113
16.637886
26.05004
19.749004
40.112885
1.7238646
14.898279
1.2521232
41.679573
18.99777
31.443386
12.165369
17.968124
19.229427
84.411446
35.76123
19.857483
49.122234
30.482483
6.3719225
80.81256
77.64024
152.79329
103.005066
90.47911
123.64995
110.09639
73.48343
121.72599
93.46242
117.0118
83.1007
102.60364
84.65364
88.500755
40.134537
65.8267
41.36631
50.77826
139.47241
110.05434
107.61277
74.04784
65.02843
48.26444
19.364962
38.864826
23.3759
43.373398
19.536392
103.67107
15.404965
54.520977
171.64862
162.28818
71.95963
79.706436
124.96163
23.363203
49.714947
25.02594
62.058327
58.19631
59.551125
155.54219
82.94158
103.33103
113.98464
86.83748
92.41622
38.735634
71.695244
100.84799
70.37107
108.39824
52.0161
49.681877
71.126976
43.417023
33.770267
15.721487
23.611103
21.365688
45.022427
24.2542
1.5177393
39.579063
58.328796
77.73026
138.37451
100.769585
19.756622
45.55555
47.789658
56.47411
39.764153
37.567806
76.446976
68.493126
40.396736
16.988962
32.161392
32.153145
36.931175
13.089343
18.78854
30.539465
49.20843
88.78664
44.946293
39.369907
24.9501
122.846664
21.844856
61.13511
53.30581
14.524347
93.104355
80.90797
14.193703
62.483543
103.96409
18.977072
30.617443
54.272713
34.56645
20.614676
19.532137
30.244217
20.900414
34.14462
86.05394
146.35791
135.70386
141.05351
126.62596
97.356674
83.86866
85.045815
127.951454
68.037674
139.63527
85.04961
96.510124
208.89206
254.85165
249.85342
164.702
105.46248
138.53468
138.24118
16.759987
109.507225
22.575245
28.817291
61.975792
24.32821
45.259712
38.88743
64.62898
33.388176
24.747856
11.723505
16.040857
55.209404
62.815582
106.703964
134.48294
92.88629
156.08182
104.50543
17.967209
30.492304
30.817291
172.13394
179.61334
261.4094
172.03789
23.02126
16.78564
40.11895
109.39384
80.831375
136.83116
86.88829
108.727905
121.05943
109.07646
76.41009
76.822426
99.05226
76.27149
70.357056
12.185862
15.0186825
66.997635
56.217175
95.28873
85.055824
76.24315
91.01419
88.31969
89.54536
86.24155
86.0533
74.65302
39.34261
28.12756
72.3966
9.590082
7.9009237
89.69026
37.861977
57.379333
53.551586
30.843777
3.0652578
13.648802
39.516743
19.262794
10.473658
68.224174
32.022724
9.879328
18.442379
28.3819
11.859636
10.282484
42.297535
5.2985473
4.7693863
20.85529
14.827517
74.4539
62.775494
52.37481
16.69366
52.359436
49.55641
32.22636
64.4927
89.99138
59.708313
56.971413
114.125565
125.355675
100.261215
130.47935
117.08313
95.75448
125.49497
20.180344
12.155181
45.396507
24.5769
31.753384
29.663746
18.056705
63.66263
16.799158
27.629932
65.784325
25.063858
24.716427
27.529125
24.91088
71.309555
57.495094
75.4195
68.7694
41.72564
30.567738
24.60429
77.74573
77.52179
56.58128
103.0906
67.76635
47.823406
67.96363
63.00637
77.19078
84.234825
90.21207
140.2073
89.85265
72.862045
43.36626
49.53588
66.88059
101.65556
66.0862
94.400734
101.96822
89.46865
7.9536004
8.518118
23.217306
48.282234
42.010403
5.3263106
19.49455
16.105791
34.99533
9.334529
22.230745
18.076986
18.284866
39.747902
34.562275
42.058617
88.941284
53.84739
55.510487
54.7087
49.350975
87.09151
60.38315
34.19803
51.789814
37.77508
53.900677
33.40867
32.99873
50.18191
37.145683
65.06553
40.876507
18.184275
27.408493
19.616573
42.362133
19.24852
44.96734
44.079063
37.508564
59.350086
44.465107
107.114365
37.878002
84.73037
80.10395
179.22388
98.64143
104.62827
46.73099
15.304945
23.505352
82.90783
21.046467
13.3073
16.451946
26.649078
20.242424
38.595795
111.50307
174.57208
74.33818
62.82201
73.57294
43.5755
51.95104
54.31837
59.882893
41.617912
29.354239
37.194782
147.78459
110.5812
140.22916
54.859936
54.48713
56.675865
34.63525
26.2191
33.220078
74.99988
79.62291
52.08061
31.414541
15.728012
37.30232
49.6245
41.488907
22.445854
53.378803
135.47102
41.614563
31.28301
68.941216
31.211926
46.122826
29.049906
38.841805
35.86274
21.066309
40.97552
17.892725
46.694298
35.040443
20.213408
45.079994
46.721817
54.482098
15.53725
106.575584
83.14839
74.44936
85.31467
107.439
85.68443
92.2757
91.92486
89.98137
101.63509
96.320274
75.44384
100.95089
45.224648
28.240973
53.611206
37.624073
52.45171
34.578007
27.714407
36.075474
59.544445
39.528008
17.513002
26.712301
106.82672
244.21094
125.55894
102.46199
100.165085
42.900887
56.838684
30.085459
43.330894
71.38934
51.880684
58.517925
38.562965
52.459038
37.604088
26.326532
26.781494
30.796024
48.73614
39.823174
66.61274
69.31704
1.0926006
29.417831
3.3881016
15.443064
30.479588
10.375123
38.023857
31.757473
56.524963
21.503742
43.23381
52.886208
37.31941
55.489044
38.624237
62.507618
32.01963
46.627308
41.8851
67.24269
40.533882
128.11864
1.8345573
19.047922
58.821434
30.498453
21.062546
41.73233
115.642136
41.014282
35.50663
29.7188
42.618454
21.365517
33.428795
44.080826
32.196335
48.600502
22.951763
24.359222
80.50211
83.302925
45.625305
36.5576
31.725632
11.501558
39.5215
100.31982
94.50933
11.124443
50.881607
50.827427
65.31635
53.952766
95.75896
103.387085
69.82501
80.731476
89.1859
17.245998
28.119324
15.788587
45.921104
36.775124
60.293163
61.96569
121.23425
80.63889
55.703186
87.86961
82.94483
30.037014
51.120155
34.847366
40.845726
25.02791
43.171005
44.457935
32.268013
7.427058
25.930714
50.456566
43.033653
52.466938
33.975292
45.183327
27.525223
52.13764
44.348057
51.999107
33.145008
71.038895
92.00221
149.34128
206.82877
115.537674
144.90298
108.538475
111.12175
147.7718
68.49113
206.6105
66.13657
34.397327
68.06991
67.28002
58.95501
32.6491
14.729573
47.866417
27.54578
66.32738
97.00431
43.377895
74.051315
71.90778
12.109504
58.842888
14.366232
29.781845
34.52529
14.722481
16.217033
33.70495
103.10863
68.61241
52.446724
25.391037
20.41224
68.459816
55.60617
46.448997
40.440697
46.425713
86.50815
28.376154
4.9475536
54.101685
30.997845
106.57533
118.43567
118.30322
96.12836
21.047432
111.23812
112.175415
137.51932
138.72679
190.21742
63.520184
15.860123
79.59526
67.46195
47.30273
65.37384
50.93372
67.16864
32.039604
35.564007
28.678589
49.924904
25.820507
29.4289
26.783203
41.365364
48.47384
52.94455
52.6698
145.30998
201.82268
182.2092
220.28992
201.04607
200.62598
152.20671
155.32085
204.63635
189.0024
116.36277
85.74822
79.6913
87.86909
111.2524
91.66095
24.656918
29.81318
136.35197
86.59791
87.12099
85.831535
40.215797
28.238504
53.86786
93.55091
151.02303
46.49781
13.670059
20.492388
29.035559
64.428375
21.085003
73.24724
31.105444
52.176094
19.203564
16.450525
14.2774935
44.10638
27.477137
27.766232
59.508312
87.46149
108.346695
74.098145
3.5935016
18.09157
18.713318
1.1693895
52.082542
46.880814
50.664944
24.037006
37.30608
96.555305
48.878532
42.500103
43.917812
98.13926
77.776726
91.55592
97.46362
72.686905
80.85518
60.237404
59.884987
56.332672
21.767458
52.474407
35.35333
85.459496
50.802174
38.910515
48.039192
32.321117
40.61714
37.664276
57.160957
63.98467
39.01234
98.391
75.86025
37.21741
67.347824
76.738655
61.33664
106.52106
9.165861
13.763532
26.573181
32.119408
116.40405
77.89807
123.37456
84.16329
74.663315
127.710106
116.39441
92.3764
28.722088
32.159153
59.789238
76.95854
39.03647
39.857853
23.014248
28.649078
28.211437
23.074245
26.48872
20.580555
143.29132
150.0992
25.559605
47.64342
61.864452
20.348196
116.85026
25.94936
72.82217
62.532825
77.071945
67.52016
204.84343
88.093735
83.38053
100.77065
101.381325
144.90295
131.68777
129.45168
95.18345
155.41354
143.09512
107.43945
110.51982
108.18693
133.54282
90.64683
71.21894
1.5774105
35.701893
35.32826
51.44497
22.876873
5.6285405
43.073486
76.32549
57.379143
31.18812
24.779453
94.12413
45.517063
27.84325
52.60813
63.310596
46.88557
25.97379
33.078606
99.26736
122.159706
69.861
95.693634
90.16553
29.842854
47.195583
60.313843
18.6497
62.200806
27.670238
17.385057
19.42558
48.234848
66.378296
17.247824
19.068327
22.211103
42.561337
31.93018
72.713356
42.534325
37.035896
34.35298
51.74534
37.044098
14.859042
35.134727
55.17124
37.711216
41.332085
21.59856
71.63533
54.622784
6.387166
36.611694
47.350475
60.69105
35.098415
19.611376
76.2537
66.96196
125.60307
75.75317
21.940908
9.625722
51.56385
157.35605
104.87158
195.60345
110.67891
110.29916
93.6351
113.01982
95.792915
80.45182
199.8937
76.879486
105.85573
10.502932
36.412773
17.63529
107.398415
87.787415
52.143333
93.76079
67.23002
73.25069
62.419044
73.84781
76.85664
77.596695
105.173256
60.819477
144.2601
81.1524
16.812174
39.273186
35.04853
31.756245
81.76195
54.68975
106.51544
63.22177
83.99214
2.3392205
29.491446
13.339249
32.300865
40.575455
51.142097
41.906998
28.43223
41.9211
22.378536
48.513428
45.191277
61.97352
34.882412
36.193474
23.27306
64.64749
17.924963
26.642323
123.98555
68.4255
29.204641
25.367657
38.671375
20.262682
81.861176
25.917578
69.84632
46.30108
76.35072
82.903366
56.23301
58.193836
153.45436
132.97809
112.28678
27.032135
33.44393
33.68559
36.63694
107.40176
65.227165
73.08031
182.03308
95.062225
91.08312
119.195755
169.02591
149.27394
111.36162
86.26992
102.29858
87.03328
140.43039
94.04897
185.74963
103.15633
1.3277397
10.445952
40.625786
30.504635
16.341557
32.73664
11.417664
18.482183
22.426702
45.318016
71.20695
51.279533
24.820362
34.272717
56.683258
51.89436
73.16381
112.08976
66.13745
48.45338
61.223732
51.78657
140.66006
85.82573
133.43352
106.02312
75.751076
94.8015
99.137024
131.71759
96.88288
194.46213
82.37393
104.22196
134.73727
91.25277
3.1088085
15.616666
12.240503
37.623558
36.076965
58.54302
24.324924
65.402664
53.682404
35.67312
18.367147
5.9005637
12.97968
23.495312
48.6729
42.68647
48.738235
121.66805
94.324326
122.824524
115.38676
117.41423
107.7134
111.013145
87.862305
92.80791
86.11192
37.502743
17.40982
44.634285
57.596325
33.525078
78.21715
49.166702
61.467823
38.66352
38.982445
27.549618
33.104485
47.58172
21.42117
70.83923
20.259964
50.464287
48.594547
77.98862
78.67818
119.15947
106.50857
97.031784
105.54122
65.74961
27.244984
20.586967
22.01463
83.24795
24.302084
8.468959
33.71975
17.715706
12.891826
103.5295
8.996008
24.18829
19.263828
34.03263
26.7895
61.86268
61.07359
82.42619
24.586992
44.607475
12.64207
16.59354
17.801296
36.01294
44.8283
53.668446
29.36168
36.494007
53.560738
20.276545
21.819988
30.744099
62.49195
72.5923
39.58769
67.5207
11.245311
46.66179
40.578262
63.60456
84.07307
86.36963
91.75371
40.79374
10.758665
79.50936
61.59966
100.6938
91.186066
81.9428
72.59235
59.48957
22.302145
28.490671
16.713114
85.84348
104.88408
104.11066
41.12275
18.986238
55.66278
59.319836
108.05701
130.92418
68.34383
47.28342
96.01619
91.09947
21.405628
80.10216
26.851963
40.342922
33.71663
27.28706
10.907182
97.705154
48.82792
38.147575
135.14026
32.50623
22.621195
30.00539
31.128338
40.02038
51.76072
122.45662
107.48222
84.501564
84.816055
11.022999
37.124928
9.906755
14.293254
33.26469
43.196823
56.01354
33.49129
84.35547
108.11084
121.87245
4.6729293
25.933508
69.951416
36.32994
72.39904
72.66429
138.57265
120.37317
2.9644473
23.881437
43.84495
16.583136
9.7543
21.972805
104.80662
72.94539
63.12505
75.57977
106.54851
66.77732
97.04158
73.10823
73.85067
90.575966
109.96004
88.53296
98.51406
86.41665
119.92151
110.433395
27.351995
43.09777
21.15957
42.98727
80.790726
97.31923
98.78401
87.01112
89.87164
14.317238
11.870497
29.005167
73.429825
128.34032
185.54489
203.50008
190.19167
99.61886
106.9839
202.6878
110.19407
88.84777
123.58461
115.36733
134.77489
145.358
131.47334
83.88936
91.31284
121.51587
91.09501
91.929924
106.24851
79.552895
86.04503
9.39816
26.768417
48.559296
65.10754
101.9064
122.971924
123.198364
238.61801
98.82711
83.6794
95.42308
97.28011
198.24786
83.80163
100.59011
104.128746
109.69356
84.32576
73.93648
58.201317
69.195175
91.761246
70.18677
53.57311
82.34579
87.77272
65.64766
72.535736
102.62024
121.78776
83.14471
85.681465
76.89848
106.70845
82.27068
31.429722
53.977043
45.864056
23.069078
52.98277
62.942455
87.84573
19.223375
81.96202
57.97222
32.43874
64.336914
15.373098
91.8874
6.76099
12.83817
24.939785
42.307236
36.550312
20.055359
14.483492
78.26682
34.137016
35.80858
64.47724
98.10539
18.15794
43.06848
23.597832
19.011309
95.66172
67.92591
74.31372
48.876152
26.990534
41.42093
85.08465
28.913288
30.689976
39.052032
38.988277
37.53668
34.588318
1.4825867
94.392555
51.84127
48.592236
89.73539
76.42179
178.23775
18.767239
5.1265335
44.130585
16.600925
63.222862
20.262508
50.52382
44.29115
39.642227
4.2290254
14.322641
31.598621
23.247679
136.27328
93.994514
48.877792
79.310555
47.483337
26.00903
62.088356
85.80754
62.358837
21.004002
23.351068
36.994926
80.56743
88.51221
50.920708
74.70833
68.9328
118.13188
121.00326
44.538925
18.113188
31.175985
29.424221
59.807514
38.85081
69.97157
59.976204
72.60115
28.149094
43.01554
55.262154
36.94139
36.189518
21.416918
10.22193
23.027617
121.56144
133.39877
174.48943
99.32947
87.98556
173.9498
156.8752
5.1027527
21.647785
45.759995
38.596733
67.05044
50.124283
18.286549
17.690565
35.408333
35.359253
54.019775
36.033176
26.859497
30.643295
14.400409
76.79427
21.738615
74.22094
76.31897
129.25339
101.87295
100.92726
158.51846
128.50172
117.09346
110.94303
15.285207
12.312616
12.761632
22.310236
48.925728
15.503435
20.898699
29.3642
33.80252
38.35134
77.09462
108.17411
50.99179
26.559479
34.910378
57.15849
5.03547
9.635258
14.54659
20.783047
29.692532
72.15379
41.52617
27.796268
31.342453
28.630142
36.832222
39.33619
46.3431
61.05713
46.28695
46.477715
36.414295
15.794432
33.885548
69.21778
107.24843
62.962452
74.22542
80.95902
120.75039
83.507286
148.98459
112.40452
103.07167
39.35253
83.65959
59.293537
1.6325934
11.994055
13.233484
35.907475
43.621628
28.845648
46.60784
37.412987
72.704636
48.70934
79.01399
109.11332
41.146164
26.153149
31.829596
14.071877
17.080034
17.523746
36.089157
47.01072
99.32571
96.7094
57.127556
53.48398
69.157524
32.7865
27.634775
25.308865
145.47371
131.01079
102.81112
104.98436
121.592285
48.63642
41.42183
36.213764
24.615295
43.189304
101.39946
80.58094
59.936363
46.754387
91.23107
61.169563
71.38513
38.00184
52.36263
50.360157
55.982647
58.476215
24.298557
63.868652
61.88612
34.71771
132.2607
118.8005
111.536865
43.830666
40.275414
56.924713
23.088299
60.9734
29.627172
72.44013
52.980396
48.993996
54.402813
23.580923
10.083414
20.052671
46.317734
78.459625
47.48334
126.969955
58.937263
36.2467
48.765644
53.19272
50.84008
4.108321
41.066463
1.7944237
24.832565
15.143059
3.9713688
48.49749
51.080315
30.934439
12.6184025
12.221926
49.531715
91.16859
65.82539
69.04354
40.24855
57.298576
153.46225
88.97943
110.53451
99.38988
104.14706
68.03304
58.95529
110.481
85.127594
92.93442
92.83231
142.71301
53.49879
28.158905
111.919044
93.33928
42.874977
57.68058
58.683697
48.54055
46.620655
83.845566
29.530102
28.56926
55.809296
35.588955
34.316402
31.91867
13.459341
75.78983
158.54892
101.74221
216.1812
115.23598
128.22755
132.20427
120.3093
75.88515
143.36172
81.8627
93.6644
76.61424
73.11223
92.30152
86.916214
100.05768
199.7485
121.036316
88.53153
100.22505
88.67479
160.95001
111.21527
42.035725
83.95204
33.520046
47.41868
96.44421
29.047205
67.35487
144.47098
141.78787
132.99185
152.41498
147.74174
150.84123
29.90542
19.534164
27.339153
56.876305
21.647896
14.769762
15.8166
32.871456
17.753513
19.432823
26.950985
38.88759
16.105774
17.23684
18.158087
45.147648
61.772877
43.09452
42.01636
1.4117012
18.283522
41.430706
18.180761
23.41964
40.450146
28.14212
20.444187
47.93824
82.051735
53.907257
29.917551
18.849405
27.176563
46.782764
50.38718
50.84875
13.925362
35.46952
68.13829
24.138937
26.430988
107.852135
18.443588
67.433044
57.812084
61.530933
45.747524
189.59738
108.75167
46.01358
48.457645
66.33153
80.937454
29.223791
96.23574
49.941628
35.186646
88.45595
72.28402
16.69818
28.41866
30.36637
110.695755
86.76812
18.688564
27.355412
95.18271
202.98662
93.27702
72.07929
106.08939
94.982956
129.88113
78.02857
104.38086
103.19407
145.4613
107.84706
120.967834
98.99454
156.28876
92.22584
94.1361
115.00566
123.02345
99.90142
117.46952
131.19846
86.24323
86.47252
100.46468
112.183105
130.45486
130.85355
67.82109
132.7045
169.07054
135.06563
104.813255
85.01399
53.66784
34.14985
19.442678
61.424885
162.31335
178.8439
163.60411
149.92416
137.70428
73.97327
153.65007
134.8924
118.21023
95.647835
97.7587
105.381004
45.09391
45.25918
73.95167
37.172836
37.389668
45.738247
38.192177
69.31608
94.1826
96.26783
23.710829
33.107105
58.746105
47.11193
76.41048
165.74194
82.130295
110.981766
84.1046
88.33669
98.72588
118.996506
95.96871
115.59863
108.13489
88.6107
28.789707
67.32612
86.41402
36.701534
23.359434
40.627678
106.48804
9.380339
158.475
31.485416
20.635685
30.152447
56.789925
27.645086
20.870884
39.73084
39.48988
58.362206
80.738785
35.62752
26.099218
39.620983
31.877268
28.990738
67.88309
41.009624
31.230412
26.193146
28.88805
31.75021
105.3963
70.59516
87.995056
79.255356
78.85295
43.423893
74.73897
84.64366
43.654076
92.913
120.01371
122.97903
152.71945
195.79037
40.24668
65.85294
65.944954
108.1395
83.253525
81.85723
103.95371
107.93739
230.31433
276.11053
83.360886
84.12584
115.97972
234.87415
17.94817
9.10492
173.7366
17.128328
104.00505
13.544377
22.969288
24.098476
30.423565
39.69741
21.192247
42.806557
34.068146
50.349297
53.102837
2.1188247
104.912415
4.662822
54.035545
49.421875
40.217293
32.845024
26.419607
17.406609
40.288845
58.397896
77.32975
27.308456
41.589775
42.667824
117.92967
88.70346
120.05676
102.61861
36.394672
37.304806
59.482033
51.840626
37.75372
40.22125
33.657112
22.755262
42.69835
28.528238
22.223772
25.654343
143.24008
91.91869
96.65602
85.25325
64.038376
69.26201
43.99967
96.19962
86.967636
20.997784
28.602386
83.59996
15.923887
206.52634
131.1903
163.21565
90.723305
81.164764
100.088425
69.20751
147.9993
24.217241
22.22646
52.93708
36.31002
24.904696
26.298061
31.921362
56.335033
25.749893
36.962517
25.72639
53.03465
42.964806
110.97842
118.73091
112.062416
165.60727
48.062084
38.588444
43.578175
29.435852
51.9993
118.08175
35.326202
49.459816
111.265724
133.54984
74.78899
110.2393
46.387917
36.63531
130.4435
108.51344
88.9496
130.34079
153.53604
122.307396
101.40679
103.86748
89.26733
95.73516
99.0997
96.16591
109.97373
109.33186
81.63474
23.92744
35.209038
9.331892
82.58681
73.06328
77.80596
77.50563
117.61916
35.93197
21.230358
27.607367
53.780342
17.241848
18.702808
28.168629
59.437126
10.398607
69.58838
78.267525
63.39457
74.0316
62.57711
95.199936
62.14585
60.059376
75.28359
78.72954
73.20074
82.45451
155.5403
156.39024
197.03328
182.38086
205.11496
195.4221
78.34558
42.85308
67.99796
94.371056
16.047234
28.203384
37.807056
2.4253623
53.997112
48.966637
27.774435
49.417213
38.23684
94.31817
4.7800603
57.609642
90.03573
46.93425
49.77662
84.3106
26.410557
44.318935
36.081882
24.204601
10.894626
51.15849
37.949
50.829296
86.20372
113.41367
126.96678
138.24399
163.91035
138.36429
120.04297
215.65283
98.40768
102.12859
84.66006
2.0084186
97.80293
48.99888
66.643974
99.6158
47.409626
38.055458
80.05174
65.22726
42.358837
79.69812
95.80043
81.89873
48.692802
97.28221
14.178854
26.959784
22.615295
36.835503
74.393326
94.37541
75.37359
76.05443
147.5059
67.676285
17.929644
33.32833
46.499165
28.98974
54.09765
35.49217
40.483135
32.126686
12.46581
28.937113
10.888613
46.68152
11.0981655
44.01386
25.443804
16.419226
26.598545
42.122948
43.693794
30.77525
26.99212
24.778156
23.787092
32.29002
20.468273
79.358864
20.617367
1.7205899
29.1581
42.621544
24.383503
47.364296
37.939716
12.955427
42.45792
10.293752
50.21996
4.833064
41.5664
105.187035
154.04762
134.1086
141.13974
105.75238
19.643345
19.784344
27.311573
42.02817
103.45614
67.44175
79.28253
40.20126
67.24935
52.14438
71.755585
55.008545
34.350025
33.20467
42.08956
62.71385
26.051086
25.433287
35.89883
53.798115
70.36199
58.27073
191.54927
118.689354
98.855064
85.81062
69.45833
215.17195
227.5284
118.428185
96.590195
98.44816
101.79802
104.01353
197.15121
195.74031
217.19519
219.02466
280.86798
216.8002
189.71085
392.75534
220.603
150.77332
119.717384
135.36679
130.99419
127.56764
86.447395
111.062965
101.42467
113.26146
110.74744
185.52002
160.41908
78.68036
90.01511
149.47075
36.61892
32.122025
50.157425
65.01248
81.228
95.123055
72.88788
88.136696
86.2192
147.27776
100.694115
109.289
96.37797
71.290054
82.701546
92.23559
116.039635
100.33316
92.902855
157.27858
84.47653
98.13413
19.068163
22.241238
15.354492
16.390583
30.7654
44.797096
30.162893
32.07382
51.28759
55.702545
32.48927
35.085007
12.573441
25.682587
11.124084
6.046064
41.571323
27.206799
14.539293
16.935745
11.285978
5.8531704
8.803136
4.8617573
5.0912495
25.517263
85.439095
49.111427
40.071613
37.01544
33.116863
127.49563
98.150314
101.89862
205.17497
90.65941
106.45602
98.09514
94.422424
154.85329
119.461075
100.20946
79.78955
119.287964
103.756676
163.94913
29.083618
62.35359
28.248844
63.39503
23.459032
41.2205
31.600834
52.315205
68.12587
96.81691
86.53835
158.35321
105.31571
160.91962
128.05722
47.10083
40.29961
93.85819
23.687458
55.92312
29.975002
54.87395
30.538656
65.32214
8.25387
8.902868
83.21205
68.18744
48.796787
26.63207
5.547462
39.348747
28.44514
101.958115
33.410595
83.80036
58.22586
127.36836
108.18562
85.32598
28.140377
12.572934
51.80938
113.24404
72.18187
44.088028
37.8489
51.84455
35.478153
49.41466
60.47071
63.541595
56.119507
60.83609
29.176111
184.33646
177.69832
126.64575
184.74834
81.64532
13.724543
68.44145
77.268265
39.125435
43.41153
86.925385
106.573
96.7033
57.71406
22.986675
30.18745
64.82425
61.306835
29.015728
25.766193
28.702984
8.298681
6.03106
15.690826
15.088537
21.843533
16.026451
26.080526
41.03147
17.862274
17.902054
17.83196
14.546509
9.188266
25.536865
47.117527
11.481048
5.343613
25.902288
55.691322
4.705825
10.322204
70.274826
61.866253
28.287434
46.056877
22.628767
43.207706
63.695045
10.640829
14.306753
20.806429
15.68788
11.383903
26.276684
12.98716
16.447115
3.532247
21.416615
19.752926
37.284115
42.664288
49.58189
4.977382
2.389136
12.96521
33.52735
38.01393
12.593676
19.001312
19.166906
29.89207
24.324127
11.482189
24.971848
28.44518
56.46092
41.543438
3.9694068
21.203428
20.457657
37.685913
27.382751
20.119232
13.315562
21.192385
10.4583845
33.149822
42.806965
46.009933
6.4741526
20.999514
28.53982
19.50048
14.257875
45.304924
3.1625462
19.502718
11.226651
11.341319
4.4471326
27.93609
1.8795166
2.6578388
18.60444
42.99311
2.653619
3.7225833
12.718442
21.118351
3.098605
4.978119
6.036441
4.5805655
4.3083014
6.417521
10.587798
21.327734
6.3092766
4.430587
12.496221
8.337199
15.375957
27.471607
15.983188
16.712658
20.261448
36.517693
57.117363
28.922047
22.061268
21.282076
26.583124
40.75762
4.0468526
11.392511
21.896708
54.627472
11.235515
23.451254
9.848073
49.91152
19.92494
18.74928
22.239841
29.557728
6.367463
8.382478
14.47513
13.393961
18.612738
18.952412
20.472963
29.501202
10.251715
27.23985
12.2543545
34.005497
19.055477
23.29115
23.92579
44.182346
2.9289618
48.555294
15.492224
24.185732
8.668645
7.019694
13.034479
5.1830883
6.455739
10.073381
18.56453
8.761445
21.740286
75.23473
48.46695
17.888327
6.0238295
21.470053
11.515657
9.535867
15.545813
13.581795
21.086193
25.613605
26.601477
13.49029
15.000705
19.786596
5.902059
4.3497477
15.345126
60.249096
23.446629
2.2529614
17.085615
19.873287
8.248911
6.400943
3.2701783
33.189
38.90169
85.70069
78.40173
6.389285
29.114359
54.8572
35.17194
23.411518
14.453253
19.721266
15.614641
15.68912
8.496815
113.190506
18.168556
1.4117047
1.6636347
13.449585
32.495583
16.754932
22.472488
28.239176
19.090885
30.350525
87.84073
12.626118
77.97493
46.296936
73.840866
45.410698
8.764292
25.68464
5.1035624
24.019836
21.538845
14.68279
8.846083
22.43018
23.642971
12.938609
21.199493
35.792408
31.553904
29.52116
10.695471
2.9676554
13.667659
1.9814708
15.367239
18.467388
33.488716
44.51038
21.350042
3.3777378
8.500166
12.836016
36.049065
12.919695
16.45578
64.38737
42.221226
32.36458
39.650627
21.055012
40.25242
12.978068
9.153627
21.15965
40.22675
2.08577
19.867825
20.168154
27.792257
12.401185
20.530247
75.441
56.92342
28.746683
5.580474
7.3190126
12.39546
8.867625
61.618538
48.19752
85.84348
6.150531
103.077866
111.97488
130.26636
132.73093
16.576883
29.410473
11.709197
16.888847
29.196157
4.7754927
23.762321
12.252577
1.3435122
14.616684
14.476721
37.83483
38.1237
2.0565515
19.796143
53.840595
54.578896
5.3453584
20.344915
21.594212
3.7471786
3.1787903
29.560003
39.965347
12.290841
16.143274
2.187484
29.2084
18.283308
27.89234
15.820231
8.585907
12.288281
13.091283
20.855736
30.524637
25.875309
1.7697551
7.4248133
3.156913
26.010197
29.761545
9.97783
19.466053
12.540876
15.193052
20.050756
8.39139
45.996437
18.575739
34.773567
29.175589
54.553547
30.7412
7.6763625
9.21924
28.173115
20.68909
11.702452
33.55724
33.932854
37.74096
27.66196
43.772057
22.376398
10.774153
22.116344
10.582736
18.062744
15.665248
15.531128
10.098604
3.7022634
2.6154914
17.594452
24.838207
25.953028
40.052223
43.40315
45.871407
23.506609
21.66248
3.4977105
12.826752
9.892168
100.368576
63.10218
59.26594
65.32405
60.68598
3.081184
11.669016
65.76043
24.715872
29.199509
22.583652
28.671925
32.529057
33.86965
35.403584
45.48101
7.1066895
35.072964
6.274139
24.54098
11.830849
25.530502
22.35876
21.299273
32.393993
14.918055
39.90354
18.953407
11.105986
19.28272
36.48467
6.406354
34.436012
14.733889
26.9929
66.80185
24.151234
22.503368
40.147438
51.84439
28.984818
16.641087
28.569174
51.10281
19.157913
36.15582
14.360293
31.98
22.42792
16.06916
67.98658
59.90927
68.26193
53.28582
48.183006
22.472797
16.486155
25.867777
17.703411
46.710964
35.91888
93.926895
75.23247
69.242294
40.19544
34.476875
2.429328
17.06731
15.573873
36.063736
30.438055
28.154797
10.8778
18.544111
6.081126
7.502439
11.861746
20.6013
10.53461
10.59447
5.355891
15.165022
34.24199
46.451893
26.696442
9.505452
22.633419
27.071545
9.835983
23.019997
2.8158727
29.923603
9.365769
2.2149727
56.568886
23.42503
12.686044
19.212637
22.549173
35.46343
11.980963
8.78999
13.197156
35.19194
22.782211
20.647198
25.58722
30.866093
40.923656
29.604635
22.66956
22.779255
18.38335
10.6017885
11.027674
40.9746
17.525349
36.8041
41.7715
13.2539215
36.23185
7.9609857
9.748708
43.524616
5.4615293
10.977386
15.262587
1.8597132
2.4105048
21.948515
14.931806
23.629015
25.644247
8.235732
6.55161
48.996353
44.00312
26.26091
37.904873
58.280975
68.656944
69.50078
93.90616
16.119364
43.38452
50.68029
64.52339
77.760345
71.10344
74.52453
62.293816
103.03794
98.86464
48.605415
40.97865
38.00832
21.651062
27.81005
22.860184
24.880932
46.324715
25.059874
57.055958
59.676247
54.20655
55.14086
25.89433
27.947104
49.18775
48.729595
29.586956
42.253105
54.149757
26.302761
34.11244
74.209145
41.093864
61.61317
30.10109
10.658201
4.605517
34.746574
32.931164
56.428535
25.780106
12.893397
23.297855
60.12721
62.30697
86.41078
77.001595
10.606569
15.595053
8.582258
1.9340858
7.895846
11.965181
19.746487
22.471613
29.50918
23.311207
14.244481
42.32676
36.71139
70.42324
74.09248
60.81231
64.74122
53.355957
89.38643
78.3788
68.36254
108.70868
94.00937
28.268866
56.874878
17.690647
32.5587
48.312523
66.46388
78.67708
61.53786
42.96121
74.11821
27.03242
18.8353
30.078297
24.026066
49.818813
3.3692632
2.4673238
4.622451
4.228443
15.786326
43.232704
1.1358081
3.4263568
18.442783
14.16746
14.837927
1.2244098
35.128616
5.597681
53.981255
54.251213
34.00742
33.80261
40.27691
55.810627
34.32464
29.780584
26.182764
26.809528
26.787548
11.3841305
21.458105
19.163534
7.986041
3.5965664
4.4863977
7.1253333
7.9202623
7.9473944
10.540083
7.047887
4.294096
12.659625
16.49908
31.559088
36.79061
28.028723
30.190033
28.16813
33.255997
29.749012
9.617971
10.577121
10.231123
31.92011
3.2818432
26.371456
41.54316
39.406975
29.583496
18.8283
24.658306
29.864344
11.233339
12.799346
21.263927
5.8276258
16.365988
21.303453
37.59252
3.464595
14.258069
18.033327
19.850922
23.545517
6.1538396
29.497461
18.720058
18.551289
6.251561
14.375097
6.783159
24.173374
2.7615466
21.637
34.260414
6.6344767
34.131844
13.753431
2.5588803
20.084682
49.13773
0.9890528
11.665741
31.272
25.33443
49.158867
18.808561
65.34804
81.34779
21.995434
21.91709
31.353916
31.821365
66.66246
30.09962
46.660194
42.141727
51.929253
43.44016
47.84738
53.495705
18.878714
4.712307
8.544176
23.855404
10.827245
30.972296
35.14766
43.1462
34.20125
53.784485
42.438145
59.636322
29.349651
14.09846
42.58394
38.181725
21.421873
29.092213
15.286664
40.22234
29.282907
5.8606787
21.108438
17.250223
10.819437
22.297327
16.857025
2.074535
8.763165
38.75358
29.947186
17.909176
16.927416
85.72873
41.426273
20.660572
53.146706
60.42918
78.72458
68.29574
100.84296
86.47024
96.61056
63.76922
51.125282
43.354378
22.372475
22.450829
39.785984
34.213886
23.635048
22.815357
23.70788
32.81875
36.290016
48.33783
53.116894
28.324076
30.951635
24.730682
29.27943
64.08476
16.17629
41.1778
1.3024399
14.236479
11.574491
9.755686
2.000049
19.97041
9.629708
38.036797
27.119171
3.9175906
9.513544
6.752513
7.4146714
26.854849
16.057901
13.023752
22.229008
11.010513
23.712666
12.270166
20.633345
22.445429
6.9025674
6.841998
27.618317
7.4222383
34.115562
51.597786
62.22547
41.754555
48.15609
51.368996
19.486416
51.216835
40.34548
3.2126632
24.4034
6.5327682
2.3135705
18.883259
31.073368
3.1440496
29.651718
21.355686
29.309704
29.658518
50.01621
22.978956
19.306955
22.333832
18.230135
65.98603
59.08371
22.01439
27.019196
59.01696
5.5782423
21.077421
24.666706
11.183669
18.38814
9.828955
12.833723
107.424515
98.518005
58.667675
71.7044
53.382942
48.709217
51.51297
72.87638
41.58137
50.976547
40.715286
16.38786
30.267593
12.379786
22.965816
23.386929
31.249603
11.943594
12.524987
19.23576
3.6743057
19.038847
5.56749
106.83639
23.419918
13.220749
9.610266
12.552716
29.899387
27.912144
38.016205
11.519555
26.33937
46.50347
45.063496
41.721813
23.066088
41.36087
21.882435
26.964502
30.306515
33.31063
49.19443
83.42409
85.48704
35.222443
46.366627
35.08999
33.48879
33.06373
87.90785
88.75432
134.0513
204.02646
20.301922
71.12508
4.6574473
41.86825
14.053091
15.089388
37.298225
58.311195
21.000229
23.069296
11.141611
65.89549
3.2330406
3.4205215
12.643042
3.4030385
10.524987
16.461332
35.420937
31.556284
12.092844
21.503857
37.116173
19.166367
28.16041
25.043842
12.209104
5.2962084
27.087778
68.10618
7.0900397
14.527539
56.68322
34.61118
24.923994
11.189062
4.3102865
19.186623
2.6988873
6.997258
7.0520124
37.939228
9.653633
21.062983
10.008738
24.237019
36.603783
13.176091
19.900518
30.6612
14.166933
9.704732
16.443066
19.136557
32.909904
18.109037
22.674673
32.922405
79.36355
15.634642
15.900324
31.981522
30.027607
37.769077
43.267784
33.178246
44.070984
21.514814
7.5346575
11.229072
15.767441
51.964222
30.982773
29.149502
24.951096
19.128147
38.684483
37.391632
17.685787
6.491484
8.06517
7.944833
13.06397
16.381319
7.088333
44.127388
12.347699
17.789228
37.81381
17.895006
17.53378
37.392418
20.887505
23.868626
19.594065
20.139938
39.495506
14.878253
32.270424
20.27452
19.454716
15.355555
24.923496
24.917828
39.59194
33.54766
21.091667
42.898705
44.743664
39.134018
83.61722
33.904705
45.914772
26.444805
19.41292
13.680359
18.59938
18.187235
62.31552
21.686806
25.976292
21.48353
62.352654
51.199333
50.02876
10.873779
17.554329
49.73957
23.47494
3.6407561
33.51904
17.592567
20.417181
18.196354
20.393572
1.0475417
15.501475
19.077852
23.871063
59.411816
5.5789466
16.769728
18.909021
20.31512
25.502306
18.173504
36.520954
17.306517
10.929885
13.760101
23.15857
13.194794
21.448498
18.83913
20.388866
15.30335
15.3413515
19.51916
22.282246
30.849375
25.132824
25.828812
22.9216
17.33278
26.495647
7.2522035
24.536335
15.304026
31.294601
43.812706
28.50549
25.826742
25.675262
29.768667
14.331947
19.170273
59.673573
24.856388
61.193165
9.739333
32.28709
28.703348
36.245556
21.558933
12.677109
15.467636
17.271505
45.881416
115.64388
11.752844
40.855453
26.7556
11.457842
27.094599
28.061686
19.512676
28.698298
19.379978
26.264736
11.463507
2.3962984
22.526283
33.682793
39.680363
23.308855
10.990084
15.748134
24.449968
34.54305
15.867729
17.867737
23.508717
13.2140045
9.305875
8.210086
7.3839316
3.5710645
22.921436
9.475486
19.095293
1.8095429
4.5799537
10.109784
13.199076
24.344648
13.305307
5.032071
2.556879
17.130228
32.31239
14.738904
22.904991
25.257763
10.24071
16.767626
30.147242
14.059764
10.536772
22.401157
9.511405
31.577702
51.77897
64.57472
11.310837
18.77177
2.201843
15.54336
29.109304
28.946325
26.455435
41.60688
12.262072
2.96792
19.400373
8.011285
13.244543
11.307372
36.20171
3.3036952
42.65338
8.402159
18.1932
37.579723
52.152935
10.65464
23.085255
28.840536
22.887268
19.947588
39.51911
19.272116
54.99709
19.787447
67.91275
140.04976
76.81169
121.14314
157.75845
127.4421
150.5192
53.54137
25.575193
22.50261
14.927669
40.693474
40.252186
23.527248
33.683483
102.48596
44.195362
57.29585
111.38811
11.436846
10.170622
55.808228
63.555946
63.783165
98.689224
2.1395953
4.8282194
15.347933
11.297093
30.963974
43.89787
43.84569
10.998019
40.324226
20.006123
1.1699461
10.075491
4.8784037
23.79274
30.550533
10.933317
19.81065
33.214096
46.187523
20.374235
2.6626565
28.215267
2.167488
6.492215
25.467842
20.882694
16.560043
21.504103
23.980795
24.903677
64.87586
29.370968
35.541252
42.66079
17.394789
21.429153
23.933601
34.736607
42.09544
63.441387
39.804035
45.40994
57.259785
41.313473
63.41802
55.91474
53.72811
48.19046
40.519928
41.91732
64.45546
106.08254
55.06651
82.8326
59.65918
107.36997
6.9423857
11.461422
15.49075
22.966763
18.53526
29.236185
24.106747
16.052128
13.268938
2.6057172
2.72887
1.9634202
19.509134
17.83335
18.502035
22.071974
17.836277
69.2014
79.827774
94.44679
68.439
120.84544
125.83547
41.94378
42.410168
4.4400873
19.310013
41.89153
20.48072
30.443014
24.851847
11.037766
32.34687
4.767659
13.459935
3.2461388
3.592765
32.77416
39.479774
29.014399
34.125763
32.510685
3.117052
36.482998
12.331526
13.658946
40.705326
30.995499
33.423286
37.297348
25.472645
41.93023
62.55224
87.74874
43.751526
40.73121
37.28901
26.81892
26.982874
43.952904
45.835766
34.607098
31.711338
27.73107
72.573944
66.16765
44.347195
28.667353
43.07128
40.959843
22.697987
14.838541
10.0493145
1.6394049
30.553553
41.81319
6.5670424
15.690358
56.342278
38.994595
1.699645
10.282309
26.306482
34.04201
20.420116
12.9789
23.386211
5.658122
15.74185
11.725002
12.143204
25.188625
18.465782
50.60868
52.590046
79.48103
38.440323
22.036085
20.0457
15.131816
29.880253
19.634937
39.12354
33.940907
40.72715
42.784412
44.12345
2.73694
3.5590606
11.500904
44.056152
73.712845
74.029144
28.42829
9.170603
15.50034
7.389891
2.6032226
5.8509364
21.347387
14.617798
11.354237
20.801605
19.051563
33.08135
23.764275
19.070606
40.86763
25.55022
27.007257
44.526848
32.449726
38.03602
44.37544
11.497926
78.63618
79.800186
72.43986
53.1352
20.265503
30.698294
21.527056
66.29167
57.562756
58.911366
105.59242
56.568237
8.465624
22.815693
29.131088
50.61039
28.65907
73.745094
14.433925
22.4502
1.820795
16.865635
40.732418
25.295616
25.303553
4.7843256
1.7126843
35.744316
18.31248
2.6307042
31.89359
17.216175
41.980156
5.2681274
2.751354
79.28128
66.325195
57.137543
27.498556
29.027409
12.131826
2.2257037
15.029195
25.425713
5.120715
18.01047
41.217445
10.256337
20.012249
14.03007
15.4961605
29.560003
10.873529
41.10467
43.127167
48.915085
55.066475
32.23439
3.2640533
3.8688583
9.70775
21.808071
13.115008
11.445652
27.768978
24.122793
18.687386
29.436985
28.865582
29.015997
4.9640512
3.2821937
8.579413
29.946707
28.251537
0.41584325
10.772666
20.166515
29.724573
15.932872
20.642925
17.036125
19.118513
12.920095
12.079145
32.365883
24.041819
10.142113
24.48325
34.951218
20.991268
31.811132
28.779194
20.722227
19.671442
43.518177
23.25985
19.213112
52.36322
23.908482
37.825928
32.58553
34.64481
45.048725
48.052303
12.238679
19.256943
24.899496
17.804062
38.56091
27.941193
67.85751
38.15234
56.936047
55.342266
67.74898
51.550312
48.912457
77.12193
62.82612
67.64708
99.24484
102.77051
81.38249
86.05383
94.766754
74.97126
76.14893
78.5977
68.36598
92.56807
80.379814
41.785835
14.571666
15.745191
37.0129
47.4965
18.575474
4.035156
7.016585
14.169584
10.581967
55.281654
24.08602
6.6709146
25.779602
38.452473
32.708656
8.624491
23.728043
21.11362
4.3257
11.90859
14.786636
21.453625
13.381823
40.319565
6.214003
28.615326
3.5467122
19.552757
32.247486
14.224172
39.82037
33.711716
28.680653
4.623189
27.816229
22.55833
56.59477
32.324677
18.281017
32.917305
50.52444
87.87227
29.16235
38.525654
21.856907
38.363533
94.18272
59.91407
59.60139
62.647667
34.289783
24.429
34.72493
44.09154
18.748493
62.23643
65.66406
65.52893
47.723515
10.682009
1.8037373
26.061481
40.4788
20.213497
26.98595
31.148117
45.370537
5.8298426
125.84563
81.334236
72.07061
98.38738
70.82645
45.405346
64.13519
51.894154
68.9492
84.62516
76.787224
95.14693
54.873554
10.56574
19.645655
23.745193
15.326068
17.979733
17.125381
25.950937
26.454693
54.50959
87.60226
43.45982
29.711914
7.435491
17.805164
7.762365
29.108908
4.0673165
12.70405
50.463444
33.2525
35.08569
22.859377
21.66151
30.781286
39.134354
23.806046
62.51629
8.869562
18.26459
29.860996
60.049427
60.766975
62.224983
52.838623
58.612347
55.665314
52.094635
34.674942
43.497932
38.643333
95.20763
57.089745
48.01984
41.89808
45.913475
33.90358
53.72756
58.388084
49.731606
60.267555
26.062729
61.316307
28.715534
39.999786
85.19774
77.523735
33.350105
35.890034
28.168152
40.28867
40.90047
40.378994
7.2185593
30.404108
41.698006
45.779438
41.563828
19.138987
13.137317
27.268375
7.76755
23.269037
38.32925
12.509477
22.628376
32.79933
45.31951
44.667854
1.6293663
8.421907
15.419835
30.031124
18.640446
9.820752
21.19199
7.294327
11.663909
10.908872
10.0830145
16.847406
19.299227
21.70068
16.00171
18.361387
33.35089
24.062845
7.885774
10.971979
15.41505
16.709103
2.3343635
25.532728
25.220282
17.885344
26.972134
17.969707
3.6555114
12.637516
11.620745
26.074078
23.050234
22.844555
23.973448
1.0206627
10.3983555
20.066813
17.24224
20.387348
17.443613
3.2656255
28.04092
30.201946
40.461864
18.934277
17.026512
18.303604
27.153057
9.061394
10.865732
13.4806795
12.357461
26.258408
9.767569
13.641948
14.379527
12.194084
14.912077
44.024544
25.032772
21.61486
29.948528
7.6173983
13.386755
32.295105
42.052143
21.409561
6.693535
14.140462
34.650826
42.265297
37.96589
64.542206
22.502438
12.635107
24.471535
24.185055
36.154316
17.85738
25.999508
92.58772
71.02582
79.605865
36.21848
12.266533
24.261335
32.086674
38.594032
17.72897
4.1861343
33.337143
32.46334
10.444484
13.0012665
65.47018
44.103004
4.709693
2.0714524
18.527563
26.452448
33.30584
67.39186
48.12575
10.985209
29.511648
3.257705
19.97123
36.69922
11.191416
3.1686876
56.012135
21.416279
5.248908
9.752059
16.897844
72.05289
40.90792
44.017048
38.27365
2.4509423
13.417399
50.144913
22.518663
21.8559
20.00946
33.438942
20.777536
27.273483
57.96657
75.37471
109.175766
85.71459
92.78429
99.431274
58.18833
57.468567
77.45528
61.458214
54.342842
47.366413
48.24751
49.499844
72.779884
117.845474
59.56317
79.10891
66.79708
56.31852
51.73052
34.82695
35.12519
8.049983
5.9609084
33.968414
93.88523
48.503464
38.81838
46.92275
37.11557
41.616585
44.40853
55.35145
55.621693
124.26289
108.595825
89.775894
86.23629
129.46692
3.2404542
49.311623
3.976273
4.6604795
3.4839706
3.1180673
10.846076
22.180346
51.11683
1.2396698
4.080246
20.032215
16.41905
11.365968
12.863592
29.510132
10.438021
56.579334
34.555088
35.417152
28.797602
31.489597
35.904305
27.858887
70.01102
92.06813
77.212265
67.18827
67.53238
74.64931
67.869225
89.386795
75.07665
83.33421
72.92176
107.83742
100.17931
108.74426
72.23298
79.29922
25.194506
30.29806
29.512033
12.687286
7.599501
14.799968
14.884356
20.179497
27.625195
18.677967
42.650047
23.39247
16.399485
47.70364
52.16034
42.66272
3.722245
5.357982
4.9389505
27.130283
81.89421
41.380676
67.334656
15.422137
20.222824
12.163771
15.153025
6.38179
18.506245
21.893627
28.313635
19.200695
33.707306
37.529995
24.348692
17.750391
19.649063
10.339396
19.47408
20.944809
11.852711
12.975603
21.559832
3.791016
18.164347
30.484034
41.047832
37.91863
37.735527
68.18278
75.76516
81.95407
90.47817
92.63097
61.972908
60.64215
68.99677
51.7719
57.516075
28.474514
32.540565
39.608284
38.38358
26.386206
18.310522
22.101883
53.16062
25.48245
19.24374
26.868902
31.41659
24.565445
31.252613
53.366314
3.7961526
3.7169495
12.518385
6.021506
17.525446
16.55016
30.192572
22.980267
28.84315
15.147692
11.219985
10.790885
37.08907
15.131261
23.511303
6.387271
8.0898075
15.39003
26.457907
5.7497163
14.618884
2.1110785
17.47708
9.709417
29.607615
28.53515
35.438057
28.283092
2.9367719
5.925878
3.988235
10.444143
3.8408694
29.480072
44.357338
61.429382
49.319817
58.300457
70.47121
79.855194
60.187183
50.76162
42.077675
75.745895
36.489796
62.622337
5.0693216
14.589932
10.749792
18.398394
10.545107
4.4528284
9.487452
61.76702
17.878765
3.1098607
3.382073
10.287973
9.778758
31.838974
11.685572
40.218952
18.204342
26.189236
7.973194
11.426482
10.761089
10.3337345
22.667305
9.726473
26.465845
17.327572
27.013279
16.88096
3.1286216
8.083951
0.74917614
13.573347
17.380737
25.485165
44.136513
48.716217
1.0390943
32.998253
36.06236
9.801012
29.11639
10.421407
2.768501
3.5586479
12.581457
18.428955
16.322697
28.755833
39.80355
64.04902
76.272766
89.10717
46.389717
65.18254
79.91469
73.52596
83.79027
84.30414
86.73284
28.625723
25.916132
24.03695
22.108734
20.790005
7.206239
14.453273
43.877262
6.94958
16.706585
3.439729
2.0156057
12.958588
21.656267
36.759563
48.363678
51.033794
66.793335
1.6572202
28.914719
17.996
65.3484
16.110743
27.985916
37.6117
26.470135
20.085754
20.27985
11.566874
4.9293857
16.445984
12.913356
38.01891
17.973907
18.35256
7.383194
10.745928
53.812737
67.48528
81.24723
1.9391285
2.9129124
9.492777
16.58051
3.0285008
24.829807
26.937038
20.591547
9.688494
50.47187
3.5468554
8.35693
28.246582
29.609241
85.6569
64.08263
5.958485
11.930283
73.8554
21.8531
20.924143
63.66398
38.761993
20.653759
21.350416
27.798843
12.404692
17.905247
14.950354
15.850223
32.89388
32.57572
42.97776
65.78514
74.18325
43.286674
32.53907
30.488398
33.207504
23.515732
20.95725
23.97718
85.66063
24.40426
47.451004
46.59956
48.503094
35.7168
33.638634
43.243507
40.29063
24.680286
24.688251
47.057835
24.91521
23.191607
29.436707
36.55213
22.823448
33.135677
55.666523
31.83456
28.133759
8.926184
16.825901
26.332596
8.213635
24.512144
26.88415
97.142296
59.199238
64.96239
57.853046
129.46439
60.86379
15.469175
11.709098
0.91279984
8.197683
11.355265
30.415775
22.768503
2.719153
4.856385
4.656789
39.64971
37.422962
40.845078
0.50923115
11.511992
51.517616
31.10061
38.791126
32.044327
28.5042
41.520092
12.657897
15.928892
6.834376
19.242924
10.343549
9.830893
4.75923
2.6967237
21.908447
50.374313
21.19702
24.282879
27.508076
8.66399
33.638023
34.980095
39.392162
32.9985
58.645153
34.28373
35.486298
39.098396
48.696007
28.251057
25.39459
69.142204
53.263416
1.7794187
19.352163
12.279317
25.030533
39.294117
27.29152
29.414139
36.97441
45.13279
64.666214
53.49781
64.29912
68.282
7.3033743
39.4571
34.532604
4.763924
13.349187
7.105549
2.1403058
16.12516
7.0703254
12.802739
25.673748
25.77038
68.80844
74.33412
88.65857
15.523242
37.967003
12.397459
5.42542
4.1550097
7.483838
5.0881176
34.317825
4.5306826
18.960297
17.647087
40.8693
12.663565
12.64054
19.167627
4.9286766
13.257129
12.397901
20.519245
30.985271
63.895763
79.16116
87.09328
1.6378663
2.6494255
19.3619
13.7680025
3.1905417
16.703533
41.534
49.243816
21.796679
6.512849
3.0303016
5.1758995
3.2773223
18.171122
31.4785
50.7019
18.033146
17.415766
30.597586
49.657383
64.413124
63.194344
48.003242
31.222279
35.142586
70.22028
51.409554
98.64927
60.970306
51.46464
46.561203
57.40981
46.62052
104.38639
53.537727
72.80947
67.69719
58.65859
60.796947
52.253777
80.40882
72.12422
71.925064
72.612885
79.27987
46.552517
42.898277
56.38926
18.396893
22.552698
10.485482
12.075051
37.748146
17.46613
5.4072046
8.43492
8.397162
24.550772
5.324123
54.640503
13.8304825
9.533092
23.177696
25.564844
33.04392
5.640791
6.163108
15.895424
27.374533
51.275707
15.181132
15.54957
31.34665
17.206427
21.432499
10.299414
22.037006
3.5417817
4.953988
8.888945
17.850761
10.30327
19.872318
42.65121
31.573368
10.893713
16.296558
14.750911
31.699884
29.468021
31.877884
32.01558
22.529074
22.813766
54.95582
31.62318
39.254303
6.9835534
38.98205
20.803394
11.403543
12.239821
19.428312
11.355358
33.260662
41.98585
25.59446
25.057228
39.7523
32.64524
17.015581
24.82453
13.834328
10.234843
48.335644
13.898079
55.857178
36.234306
56.062664
15.654707
3.6501694
11.983471
32.501762
34.64686
18.735405
29.534723
76.842995
111.395226
124.264244
129.39827
121.933304
12.760163
10.518509
14.161444
15.210608
16.64665
25.701954
50.189034
16.991138
16.186085
32.57374
14.7307005
8.54777
1.7334973
4.542006
14.840002
16.774136
23.951323
39.335033
26.68107
13.218053
24.50884
12.117384
31.208103
68.58806
47.252758
11.107218
17.564749
20.438034
7.384639
57.361683
42.464527
24.760036
33.42264
67.544846
44.78753
7.8321924
12.875003
6.072795
6.7682943
40.79115
4.397611
2.6805978
4.989864
27.938526
101.1241
58.458546
51.865185
64.07579
30.452332
11.20724
6.563431
6.752228
8.405607
21.019894
15.6356325
12.701599
14.334096
14.928375
18.786045
25.425589
19.305527
21.555744
17.906233
21.483526
15.57733
3.1087372
12.948565
3.1011314
8.424672
5.8984737
4.848178
24.238966
9.742511
10.412935
38.89929
59.941113
18.652416
25.048655
11.471657
26.050335
22.699541
146.14722
37.568447
1.971372
9.739266
15.16789
21.432222
34.64083
36.907665
21.03939
25.541227
34.64054
5.4945846
2.0919938
18.924479
13.33548
2.6719928
18.336956
7.4559464
13.722908
16.14888
15.390042
16.589687
26.610687
1.2638612
26.431087
1.3392322
9.938222
23.37767
13.294998
2.5689473
1.7092144
15.703937
14.638102
22.014389
17.718338
20.260185
26.954807
23.65689
26.427898
27.2104
23.834318
99.043724
15.232272
23.896236
22.532093
22.180038
2.2060008
8.478122
4.026222
10.5319195
63.281593
5.5996795
2.5357437
25.537455
26.677296
19.516922
30.968777
36.212658
29.44748
31.822357
41.137062
47.530495
33.56202
49.930397
37.766502
33.20459
58.08193
9.365652
3.9413579
12.317842
20.3707
21.464966
57.590813
62.677162
51.14506
48.80187
51.382927
76.94106
57.65496
51.97574
61.64254
40.905476
16.079105
25.492374
28.14233
24.840435
25.705175
26.663467
6.8303604
16.194149
3.0901139
12.763258
17.927542
22.949049
20.474333
2.676661
7.79936
10.949293
40.89324
49.033882
43.895466
47.770218
43.444435
54.999218
48.28936
13.8329525
63.92705
2.5737693
16.246666
10.713877
6.615967
4.0521154
15.758815
7.961966
40.05752
55.141785
36.74603
72.83028
38.081993
37.1435
66.4171
95.28755
89.30967
58.13722
83.74907
105.43831
52.414093
92.20344
115.12587
31.673111
81.32146
105.900894
89.62102
86.007484
88.01181
105.68175
135.74455
111.54468
41.11737
63.505695
48.76946
44.084663
59.686554
16.150547
16.74742
13.148331
9.6066
37.311275
15.099757
46.87406
51.257973
32.199963
35.791847
20.306654
51.24774
34.922684
49.228935
104.126816
33.685562
8.812574
25.120213
25.556284
64.17331
38.49063
43.140038
37.54369
43.47755
42.652504
46.94355
117.8735
121.148705
31.039402
57.937267
12.866562
69.17069
67.142075
50.513523
62.37206
50.161835
48.5235
45.323643
56.120415
45.408005
72.71216
91.174194
50.712666
60.1822
53.939674
76.34403
43.197857
47.5231
57.26129
50.62027
39.86561
30.210155
18.77984
41.37416
66.74983
73.7307
69.3086
67.20456
20.221348
23.099144
30.464396
23.65329
73.591934
111.59298
220.83037
118.70144
30.054703
20.89172
23.112427
45.89147
62.25406
46.38215
19.750652
50.844635
44.264465
20.683643
11.795205
45.665466
57.03775
23.102936
13.83862
25.389774
1.254113
19.919622
27.35263
69.12223
34.57919
17.823095
19.317064
74.68008
9.577616
18.5234
16.208881
36.16394
108.34155
36.065994
37.182922
13.90428
4.3622665
30.733343
18.949886
52.63275
3.277417
20.447674
30.21491
6.7151566
5.7153764
4.7319703
14.596832
3.3031783
5.499891
27.241266
18.892666
18.446148
25.892843
25.1905
27.237843
11.172859
32.475132
19.594425
19.298643
3.1088178
14.940967
30.572418
17.183578
32.100666
23.938408
15.057196
11.267453
10.40986
18.46882
22.86427
44.081955
20.290852
21.370123
9.475655
16.309185
19.816858
31.073217
39.441814
39.157158
52.1409
33.857845
34.94173
35.653652
49.563835
36.81286
37.87914
72.99535
70.937355
46.496315
106.57998
8.789457
5.399568
3.2795997
12.593628
2.4759648
6.476425
62.50633
3.170426
32.616604
7.237638
27.45985
45.657837
36.83588
52.09854
55.16993
39.15521
40.09421
31.331827
32.270073
32.864597
43.78208
43.5821
49.311855
44.075584
49.255123
48.445587
64.652145
64.7736
34.119846
29.784367
34.509205
45.113674
42.738815
33.880745
67.69399
41.78621
40.813187
9.811968
75.35556
91.44044
0.7840993
102.76257
87.24595
64.145615
69.38969
86.58412
5.082168
34.119526
40.201717
41.64281
64.05089
10.190481
7.513498
56.125446
57.658123
54.204414
17.867956
31.470901
31.246262
27.395565
18.200773
21.160843
21.561169
27.830969
34.690727
32.309155
23.057074
40.226368
31.916203
64.7027
63.277443
21.7906
20.529217
36.287193
3.0850713
32.910942
41.837143
42.10179
58.707092
64.35441
67.287254
80.29836
52.01247
77.7548
61.209145
34.23339
39.64315
31.571964
22.211918
7.437884
29.795664
17.360151
27.73553
21.292288
27.589115
22.408628
4.4189606
40.528076
29.908224
12.6232605
52.342182
20.06578
20.610332
1.2632488
17.71807
35.15629
17.22653
35.711414
17.283733
32.467476
5.4100657
45.598675
79.48956
5.272137
25.515553
54.414856
2.9021666
11.097376
21.220905
23.544603
27.528301
35.509476
14.871358
16.479979
44.30527
32.624886
24.034496
30.932926
101.19583
17.3306
55.40741
18.842031
24.677116
43.22112
85.13228
73.64675
45.999306
68.749985
39.1596
38.724236
48.037743
16.218304
23.335426
66.1814
69.87755
119.53253
120.107285
147.91992
125.92067
102.90178
108.66571
78.09612
61.791557
100.20813
98.82271
98.01158
132.62798
63.11178
64.75392
64.72125
76.90312
69.5699
91.38603
91.17159
79.99956
87.687584
38.27105
43.2256
51.68866
39.57736
69.665764
5.6579266
18.28536
37.977955
30.923962
66.37388
33.783165
30.50259
51.575813
26.444265
30.187265
22.734663
31.355618
10.065332
32.068092
34.62327
33.216362
53.24759
47.51402
33.38633
86.17561
19.671747
25.195507
26.329243
16.304052
52.3816
15.65889
11.893242
9.501964
20.929403
11.631238
17.875942
11.5850725
13.673381
56.06776
88.31335
108.27655
77.83812
41.186584
2.87784
11.430438
62.56434
66.702736
70.86592
92.69527
92.54476
88.246635
76.45915
54.637444
30.342136
49.58828
57.29542
63.844105
5.1504107
24.320726
67.850235
10.12828
70.821
20.259832
41.718838
47.168945
20.172476
28.194515
47.340546
34.862633
27.407812
28.066605
58.12629
49.04934
33.365948
26.761597
20.295671
27.786795
14.401692
35.6844
55.73111
6.2037077
12.513884
7.1088157
16.075903
12.780134
17.811998
35.497143
14.527832
18.13853
13.522771
4.6033463
55.26355
48.72152
51.163734
47.00361
10.290133
30.113636
22.360886
11.266596
13.898195
23.749447
29.64465
4.3638296
11.978016
15.316289
15.139994
30.344349
30.989288
34.09566
27.775824
18.687416
11.378029
2.4070613
24.369862
2.779426
14.654493
31.767416
24.377428
19.212648
29.412308
11.664732
11.597233
38.23625
23.958584
12.06076
25.922451
16.494818
18.081087
10.916628
55.222893
78.946396
86.55919
158.72327
81.80516
73.45366
81.34986
64.03872
135.93062
95.56258
145.74295
45.27142
34.267292
55.49053
64.63081
53.780792
55.395027
16.39066
60.803123
12.094105
14.739451
24.562757
13.884259
27.410995
14.42679
16.32534
13.4835005
42.477894
26.086319
30.66705
18.853664
2.8234298
7.051103
12.025226
18.90874
6.66051
15.77254
12.236392
26.052418
19.66845
30.503185
9.976641
41.193413
11.239026
11.019675
23.1527
37.585346
81.070435
233.82906
72.2249
96.847466
75.062965
109.372055
19.43786
21.88769
36.133858
18.814463
21.105051
50.041008
47.448177
29.564615
80.41193
57.14292
73.34914
47.587315
64.57395
126.111404
46.29774
50.806736
38.470917
46.41751
87.97262
133.04532
72.97234
95.601746
92.835915
83.43158
92.435074
82.790215
134.60544
52.30141
57.795616
81.6509
55.26364
72.68318
33.30172
25.29311
19.40497
14.588617
63.137585
18.102894
4.6593275
6.235007
37.148884
27.039974
57.38426
63.020832
30.644964
29.63773
13.140518
24.572628
15.079005
44.23297
47.056923
22.736406
17.31127
31.947857
11.876608
15.337774
25.68446
43.703747
41.730164
35.627712
10.589569
7.9707117
21.746456
20.8258
17.419254
33.43038
14.7087145
30.573599
31.192871
17.853418
43.249702
8.175748
10.731907
18.963001
10.487941
47.562424
16.109201
6.600283
35.83811
22.90921
67.05928
56.448082
43.744194
73.955826
73.60711
107.50814
108.42763
61.240044
43.58349
86.577095
48.956623
51.753624
52.008736
30.770725
17.552416
8.898458
44.000385
62.360832
40.20644
147.04532
80.97004
35.20638
35.175007
36.96066
29.103882
19.16406
14.845958
39.86218
47.436787
51.785973
48.420147
78.323746
15.729752
15.202037
44.142693
5.051702
70.5432
99.42458
102.39895
88.4221
55.406513
163.23282
46.092243
11.902347
24.689934
57.606102
4.642368
27.548666
27.966686
39.40264
45.209038
23.295553
32.070404
15.056776
3.6417954
29.024261
51.37127
26.297903
30.168793
88.993454
17.146221
15.480565
79.61148
51.274376
3.4445999
1.0945914
4.6011076
29.500666
104.50795
60.116417
43.951973
17.723866
51.359875
124.08779
80.933556
85.59071
119.59413
77.36061
27.533123
44.045006
29.935461
54.340096
41.79179
47.602325
12.306718
10.872404
6.9877677
7.625495
12.847549
18.135107
6.777498
13.161913
28.526697
24.701271
11.731743
22.356884
18.783298
30.631384
19.177956
90.62438
69.603325
81.73606
22.21568
46.330803
4.943308
5.8041925
9.870719
10.272661
6.8882318
14.692499
31.08958
31.038462
58.960194
37.02333
42.85705
13.554281
34.972683
12.09948
22.841696
45.820602
49.130833
39.410294
76.86914
103.26803
33.968216
47.86333
114.71106
78.01577
22.234509
32.481064
54.377937
14.478014
14.690119
21.132904
24.07999
16.303453
37.253746
88.48396
62.070343
95.27456
182.2776
98.385605
137.28044
13.316614
71.88742
29.925486
45.08872
47.90992
65.3274
61.769737
138.25607
4.0246463
14.1846695
12.24284
31.12045
52.842327
73.19371
86.97243
15.489195
40.81777
43.2008
79.40258
37.804768
30.416157
8.912768
42.59711
35.260666
43.524742
43.65249
52.105682
57.1616
30.28921
96.30435
38.391754
59.25477
27.254187
25.233332
52.79109
73.54579
16.774834
24.38813
2.7573626
5.8088126
107.26782
67.812386
43.598473
66.223434
39.706444
57.282722
39.523212
43.053032
64.90307
62.398895
52.953228
42.43634
52.4076
40.63801
10.183717
16.488264
36.558
91.96726
55.61024
80.66466
84.2125
102.31952
143.49927
130.81648
160.58734
156.57866
97.58787
104.33828
68.76864
97.58721
49.500587
53.045174
10.417913
10.370165
22.63223
4.9499984
7.0548973
29.25037
28.446411
13.465933
23.711388
26.373362
16.565022
10.120683
15.735949
18.170834
44.31378
19.582699
2.8708591
18.275764
33.626816
20.790592
22.612162
28.52893
23.650324
29.085388
43.462456
12.507919
43.33527
9.923596
54.007576
2.3267796
11.129744
64.66316
29.582825
37.036438
37.25106
20.885077
36.751404
9.08926
9.978125
19.305576
3.63411
5.9689245
13.323253
44.116306
27.055517
22.97336
40.786144
7.491029
17.99934
10.071139
19.737038
40.280888
52.0211
51.861195
65.41494
34.653866
32.863594
46.38347
12.278162
14.149651
19.6974
9.308369
20.155262
16.093021
19.40918
28.736668
60.77183
40.169716
21.492987
17.156567
48.5735
17.733389
10.582084
24.809694
46.82525
22.520466
35.1539
50.66882
52.291084
10.466527
17.36945
11.0436325
29.464289
30.779736
29.620804
17.979801
23.988306
43.295895
34.356064
27.745764
24.906158
7.7219253
25.876858
14.784723
28.250973
37.877823
1.4683044
4.82773
1.857049
3.2535515
1.558832
8.403116
14.917383
7.742649
15.311134
24.597027
11.82189
64.94261
87.88679
29.219532
18.134455
27.19459
88.61918
111.03691
70.81804
59.024006
58.236767
74.67455
14.63545
49.046913
22.144764
12.768896
19.626854
20.664673
9.950193
55.01889
4.6457176
18.709581
30.500341
36.543884
5.206324
2.0037975
19.950672
5.547673
17.598675
11.018137
1.057128
15.538277
7.2333794
34.30247
58.774494
40.00761
1.641367
9.633641
54.202553
15.814557
7.251319
22.179424
46.79181
22.478483
24.991835
5.452189
14.405327
6.34102
16.162508
19.728615
11.68857
6.471898
25.859146
24.447914
29.898453
31.554754
36.876415
24.756853
23.705807
5.241204
10.308487
61.318317
10.035214
14.343043
49.595196
30.640598
19.50415
25.840656
3.2163568
14.285776
50.22146
22.194576
14.585849
51.985218
13.45988
35.251575
39.522087
32.40264
33.20297
62.919594
0.7986775
1.1944901
28.911123
17.628202
29.564442
24.757568
78.68573
13.85288
33.393898
21.871918
17.408707
14.518446
14.453346
21.78384
23.959362
14.4197235
17.787868
25.930622
48.169006
34.86283
57.16648
70.78556
45.58001
51.630157
50.54649
68.32637
81.19908
120.60549
89.81459
89.840996
85.88298
67.320786
140.32169
86.49486
98.068405
77.668045
67.717415
71.13768
67.44433
62.17519
76.782616
158.46024
199.17867
169.38525
148.422
144.2294
88.89663
17.525064
40.94135
21.964092
75.48439
12.218275
38.084953
12.863169
98.83749
68.80326
88.293594
52.417816
49.385815
38.887554
35.68915
66.83172
14.558202
29.068142
42.840885
54.37198
49.21446
42.69271
7.962228
9.269328
21.203703
9.128579
33.82679
10.916231
28.56516
25.564276
15.661165
25.59736
165.53258
13.359863
15.531893
13.084158
64.04675
17.337639
78.100235
24.177843
3.4686294
25.754833
19.1827
44.98568
48.535263
32.767937
34.20055
33.382774
42.597206
49.479885
6.415811
24.439861
3.6223888
26.352833
0.82960427
18.891602
64.41385
38.150986
8.026989
29.649944
33.88912
9.408214
27.723806
40.035614
60.115276
52.593895
71.705284
54.79109
105.71068
41.840824
14.330408
42.504192
113.55223
124.63753
103.09154
16.091206
24.104107
40.41349
44.87372
37.825718
33.367477
49.265724
27.44129
25.685757
27.309078
14.106741
43.931995
35.537323
49.67494
39.62594
39.17955
68.6628
23.396355
38.961266
28.154171
88.59721
105.07637
83.696014
118.92423
117.4078
203.11978
197.7531
154.69308
174.90285
97.49623
2.9325645
15.672238
31.806086
22.940792
11.909075
9.709978
4.216072
11.099695
8.779256
7.719626
4.7440033
24.303818
17.026398
10.163889
9.595456
10.857492
2.6134584
12.686636
21.030127
28.267761
12.385777
11.517226
22.72117
11.28991
0.9135901
41.281677
21.257011
12.628931
2.509556
6.3275995
9.735776
11.403219
26.768635
80.134964
115.10004
58.95211
45.237488
30.51243
33.241905
6.1578727
44.9099
5.653719
79.57961
4.521399
9.699787
17.053356
44.84377
55.754128
60.09371
86.9415
69.59307
96.76903
69.901924
78.52988
52.60741
55.191486
8.895421
24.595175
19.47919
40.561073
38.45054
33.91052
37.48137
26.933075
14.222605
34.996803
76.527054
11.615435
15.68634
12.597942
27.020746
14.316495
8.393731
57.000988
50.48942
42.19824
39.96335
56.250313
44.59501
11.115965
33.70765
11.793734
23.426548
32.081516
33.94989
13.594478
11.720406
28.776913
19.065668
45.975693
21.99995
99.81163
94.1621
111.12544
62.421074
113.10515
63.216595
71.80804
60.324726
59.647667
63.884724
7.574296
7.743416
60.983864
47.960114
33.687847
66.740456
41.85507
62.66488
32.231476
94.20989
141.24101
144.59943
73.78811
92.63866
35.651066
5.165258
31.183573
50.44454
60.330364
41.470253
181.97888
91.82154
47.550087
52.648083
48.795315
33.809837
55.167976
68.985275
77.69344
55.398357
24.88108
18.322704
22.063318
18.240955
46.020096
16.446842
39.290565
14.78657
31.334885
9.873905
75.206345
40.26248
43.813416
50.3431
50.151905
83.32631
65.62071
70.16506
45.74072
11.600575
38.621426
5.4342985
9.58216
29.805822
24.135675
15.905208
18.591381
20.499157
12.873897
21.87505
1.197075
17.549883
28.437023
23.68803
19.660309
23.312975
30.75744
17.651445
28.408148
12.904854
30.777683
47.508648
48.07052
42.956215
6.6353645
21.696156
12.528855
49.929955
16.434177
42.730816
71.01422
68.052956
54.587658
106.728355
83.32024
83.84816
122.671425
117.14822
50.9415
47.763763
43.112705
8.733185
7.4885263
63.85946
58.014153
69.67285
77.60572
107.75903
33.0991
9.200834
11.190285
48.742973
11.109041
9.078189
43.69567
24.646196
14.513957
12.786475
9.796743
21.525797
17.582094
22.772785
17.166256
16.819365
41.886593
77.83351
1.3761818
4.2444277
26.964642
44.89288
28.010288
36.682915
42.827045
6.3500547
14.407087
14.563255
42.194923
7.7859435
5.369687
9.99943
22.99191
21.649242
36.469204
11.520192
26.383606
8.749496
16.576466
44.23667
45.640705
48.66303
43.56562
68.66246
13.826146
32.706657
2.9014895
1.5447427
38.72855
42.290432
60.81011
31.560513
38.027504
25.272974
61.387897
76.88081
72.723366
99.42403
84.978714
82.61615
73.12071
80.70778
108.96295
95.55469
1.5360148
3.6783059
11.960923
45.98993
15.383894
22.308167
51.578045
95.03735
8.958248
25.37415
13.717146
61.009514
77.26684
10.718107
23.663782
32.63636
10.313765
34.63263
39.36241
35.369255
46.645607
57.360382
34.693516
54.6958
13.342585
35.83913
35.653885
62.611824
38.303474
45.419365
42.263405
108.00498
87.93302
79.84479
79.095566
78.2072
91.52145
116.605446
83.56712
114.464615
85.451256
29.249369
28.572693
43.19289
49.31095
26.312326
57.50869
8.826921
22.068459
12.593061
12.340979
19.291348
10.566356
14.020579
58.264977
25.664051
28.015003
58.41575
57.473083
34.859695
28.057596
17.162994
17.317333
41.070263
19.391422
30.596716
4.468202
14.4313965
30.91364
20.547478
109.19181
18.907278
8.930557
14.095583
27.295887
66.13075
10.214833
29.15805
9.446517
4.888317
14.671783
8.910208
21.55032
21.910816
37.785374
29.66159
15.297213
19.329021
41.03927
18.401066
16.36005
24.773388
38.86906
79.65196
101.30269
43.397697
99.64692
90.57932
108.34605
101.800606
167.81155
105.35244
89.400154
122.90841
93.29549
84.3752
86.423965
51.79903
37.984505
26.285543
52.311504
31.41601
65.47021
55.053917
52.590996
59.310997
59.587696
82.73389
49.76549
49.639824
103.533165
19.625435
26.52448
17.834743
52.30134
36.630466
35.97866
27.900864
35.634666
45.2269
48.14098
44.078342
40.699017
52.54762
47.68214
55.865803
41.68273
28.458506
54.044964
27.658758
42.923653
44.232933
36.09325
5.8091836
22.420595
13.7699585
25.6893
4.8249903
10.032934
118.84088
25.521666
27.676426
29.246716
68.43232
66.86393
67.26924
79.989845
77.2237
40.913292
38.70928
2.329424
150.01721
93.23704
102.56175
140.49188
77.228386
89.31762
61.181133
36.799522
34.19333
35.92089
59.30064
28.514917
10.297297
26.247158
3.440955
1.2929502
22.92711
55.078075
38.060883
71.56986
43.797832
42.122765
108.06792
99.62161
18.244188
18.803469
50.072884
40.10937
86.76614
49.21092
58.356342
70.519615
39.402744
48.875134
55.1874
45.163765
65.44331
17.742458
44.793266
96.93632
63.627026
58.25527
42.1601
6.3733616
25.408022
68.84025
52.04193
9.110586
20.480661
45.437508
40.8741
47.681892
55.17146
42.44216
41.006493
44.641792
97.363075
85.70273
163.73479
103.40786
80.50093
41.49428
55.966785
68.93122
87.386955
33.283386
31.347631
49.200603
5.1293373
77.179855
40.851994
68.70707
70.52321
119.84448
98.773
119.75983
121.43974
48.141563
78.15065
87.362885
24.79015
30.894573
117.5797
211.96663
87.87657
147.66006
122.46649
130.59787
84.232185
109.96953
104.585976
188.95059
121.138695
91.59868
63.986084
75.37131
103.35536
19.239485
21.52847
34.232075
125.4187
92.64958
112.40908
80.187546
94.23572
144.09293
144.51785
195.1995
119.25792
120.37614
180.377
82.74778
38.43317
92.9496
80.015854
92.59672
52.270924
58.226723
48.75979
53.70771
64.041664
116.88609
82.656746
65.43282
80.94355
60.981213
77.7098
93.8614
68.80406
99.69423
62.824013
94.312965
125.45033
79.05856
97.85429
72.33846
75.28127
69.83848
65.99506
70.91508
114.20067
76.020775
76.73891
71.37936
100.6927
125.671104
141.70932
91.12148
82.21794
41.966465
51.552696
63.408203
96.72102
59.220985
47.412754
50.923836
77.54991
81.85292
80.384865
46.836887
52.379295
49.027237
62.25344
108.87435
96.88145
46.20549
146.25786
104.94719
71.727745
58.471916
73.8267
45.17366
99.692215
67.84194
108.56431
88.45146
96.58494
72.31889
61.00296
48.521313
64.463
38.368217
34.704136
49.257286
37.812107
4.810797
47.880238
24.92001
34.341892
44.549316
29.297832
10.385889
53.01762
80.3185
87.75456
52.168
90.77113
40.86511
72.374596
23.681843
26.044727
29.006418
39.42738
0.6152026
15.283218
41.12904
23.944082
10.232218
43.406563
39.882393
22.49361
75.93534
62.460064
13.31353
46.80164
65.52046
41.495842
42.58357
39.09912
50.269722
42.277798
36.432755
12.224937
29.092014
21.516275
25.169624
33.254173
52.362324
53.198547
44.492916
5.2908955
32.16674
47.524807
104.12019
76.112625
67.129715
15.963445
33.991356
39.468582
24.11184
51.114742
64.93938
29.890009
22.253841
80.2169
84.36211
23.458035
17.193073
15.679294
28.428135
37.315796
57.588524
58.30314
67.12163
45.63203
61.3785
34.46917
29.48594
44.02349
51.369316
67.78629
39.25822
95.898674
109.03996
146.22061
92.373535
85.183365
106.1777
122.30398
24.346418
35.138893
27.216145
17.535078
25.122124
31.860907
75.92491
92.30399
53.857727
47.671776
29.212627
198.03374
97.278595
65.199265
72.31853
71.29457
92.286194
4.7422767
46.86313
52.354694
39.528732
37.632034
64.47961
38.2151
39.928177
60.331596
78.58415
111.28371
115.49376
131.7455
82.16359
174.42935
98.92106
97.57414
96.21538
102.4922
42.386047
24.707798
60.41668
60.937477
91.490326
136.1384
35.895897
69.152596
35.07212
76.04818
35.964077
85.05127
35.467945
51.66401
87.21474
84.29785
114.29832
80.913414
16.314486
25.48581
68.37782
9.306894
28.19917
110.65434
101.41209
96.15108
140.76248
86.00722
108.750626
73.22539
75.03906
49.924538
63.622185
59.16207
39.927605
37.837593
80.52893
45.453114
18.133211
63.620556
63.874157
46.4857
96.91786
32.541786
20.310986
36.031704
37.728794
30.040293
132.0915
183.11298
120.2191
83.2959
204.48148
26.064743
36.890488
31.522236
17.542126
31.743917
3.7277656
21.753983
42.377007
40.35689
35.85476
68.8086
47.28278
52.732613
23.777094
29.301702
53.792976
57.81482
77.043076
133.61098
143.69983
78.201454
30.50098
40.58891
45.948547
213.9102
80.93616
175.1846
12.967853
14.914873
32.862408
25.16218
32.60946
39.93043
50.589363
66.870544
62.266216
15.767558
57.401447
64.23966
11.346645
34.97337
51.11872
21.15858
40.33949
35.143414
27.15679
25.173717
20.781158
39.040417
6.348521
19.766544
56.328926
27.812658
62.596394
121.5966
66.86135
54.59386
38.95473
81.55843
22.126444
29.960058
19.603252
50.36736
25.003613
101.884445
69.337585
18.896559
52.189354
47.197342
88.78195
40.56466
55.195843
53.752674
89.73967
71.07253
53.513733
30.123682
16.6666
30.383133
23.19249
72.87174
31.27472
39.900673
96.79982
54.384666
40.749535
42.52735
29.509441
50.964424
1.1500653
1.336211
22.73845
11.021734
11.634081
45.769917
32.8294
111.23415
12.778112
21.037031
22.215076
37.743477
71.145836
38.60761
22.67816
38.135536
39.81178
27.205723
65.41267
35.617306
20.095331
41.894672
111.088455
53.2528
27.840408
24.610647
73.49812
20.744278
23.953884
17.738707
96.582344
51.739124
19.993979
24.416355
22.785292
38.441868
70.539024
110.91852
95.64188
3.269815
35.015453
35.132835
105.52676
148.98729
203.00662
180.89244
131.11765
153.8848
29.06889
24.507225
35.090286
23.203442
18.875843
32.831295
51.110577
71.96063
75.787094
67.492966
111.424416
144.69858
127.45229
115.66252
81.79458
43.397778
132.67142
100.04176
91.038666
172.43083
82.493324
84.46895
80.6808
127.25775
74.243355
33.85386
21.093687
55.465282
66.752396
44.737328
54.990974
53.839806
56.203327
76.32573
63.03142
50.339687
80.37962
50.57691
31.108173
56.844963
27.831913
21.638163
41.43937
26.333542
35.060623
34.057217
84.547
71.47955
83.77608
142.76297
109.42845
129.52335
45.234352
100.59753
49.948566
19.824062
78.81276
15.95636
33.976086
47.455738
76.399254
35.79949
27.83724
35.034523
32.956627
70.327896
164.09465
215.49797
123.14241
91.709656
83.50807
105.97899
92.361
58.428516
144.60368
122.78175
118.77091
143.20369
194.62735
247.87656
7.272185
24.699526
72.998314
21.09664
148.3015
18.711426
10.454381
21.491882
53.092854
28.346024
42.341766
30.427618
18.01257
33.77604
42.511345
39.19146
13.786913
78.35397
27.182652
39.48746
60.8156
113.56879
152.00903
85.25935
91.13795
102.87228
160.84311
145.46425
86.27032
130.9591
136.61674
270.66705
108.208435
182.83395
98.33008
95.53035
88.02558
88.006195
82.25434
111.646034
141.29813
74.68566
96.98408
81.738594
87.50796
91.53575
72.56549
158.24486
192.92744
138.17569
170.24936
28.899298
41.91266
43.999153
42.48741
50.594315
63.40365
102.81199
59.387554
14.366201
196.98369
141.76468
89.98924
30.272263
40.910286
32.407814
122.74092
15.750021
63.040306
60.823193
88.674065
64.3671
45.354053
23.212624
69.71904
87.85237
137.52554
113.06026
84.300415
84.85566
30.578547
29.989239
64.833176
48.16478
35.857136
10.62048
27.657766
140.15675
47.173565
63.896095
31.601547
50.482452
43.530872
35.49425
85.92859
90.96179
43.983646
70.98325
101.40618
125.124596
93.82233
50.02283
61.21872
134.4016
40.24087
50.09473
83.85865
112.270935
122.08197
94.100876
113.88297
116.18596
92.931564
101.696945
89.7203
100.00462
165.49026
76.46488
161.11618
86.05345
88.11191
101.92113
16.787382
21.526096
38.603535
26.668243
19.161634
57.696907
33.786068
35.17042
55.29549
60.163757
78.57355
76.466385
23.843004
22.594534
52.624275
42.970528
87.36363
46.508
116.10801
129.207
89.637825
76.26285
119.32723
82.95836
114.81168
90.25801
90.5323
82.88352
64.60591
107.95815
88.25188
137.0169
148.65385
167.59637
84.86706
100.6552
176.12753
61.3987
76.98553
19.217318
4.6604686
35.125378
29.527817
74.81467
63.002052
75.379875
110.2126
66.68959
22.87228
21.558651
21.043419
61.348717
87.32867
14.038744
51.63195
28.330511
27.784557
48.07027
29.887085
45.235306
33.371655
34.44473
51.748085
73.0325
78.25304
38.597504
62.322
62.40606
83.04756
78.829445
48.7073
31.599604
10.674545
89.17632
44.618614
127.28105
91.662125
40.93355
98.378876
128.82822
157.78705
83.621155
111.00795
172.68307
98.4152
45.324165
35.750675
27.41131
64.522736
117.610535
117.229454
70.16937
60.583183
141.90472
71.11721
87.30611
131.37392
69.388916
33.337658
32.607628
26.034779
1.3132056
24.304852
41.01809
16.50503
15.054678
56.575714
67.14892
29.347195
24.141514
26.657053
51.544792
138.17883
110.00114
70.34855
73.253975
98.61073
70.63843
22.560331
25.096584
30.811321
26.289307
14.2138195
11.977044
23.227161
100.75648
37.852413
20.77639
23.00318
53.806
13.259213
13.264631
47.02575
48.77668
58.962822
53.37145
45.322887
36.94461
10.0756855
115.6458
51.758324
54.920074
56.02102
72.66228
52.240234
47.284016
50.81584
114.29966
77.59481
94.33836
95.863205
116.34037
16.964117
24.329237
20.75135
16.527718
18.946764
30.168045
30.572031
46.140312
43.42699
44.4163
102.30052
69.7501
42.286087
49.92281
42.15247
113.86973
179.84079
96.422325
93.99653
94.54588
88.83862
83.72332
85.75845
135.47585
95.73079
42.51088
24.78743
105.79645
91.26216
110.34652
33.45688
11.141146
28.364674
28.213263
65.62815
69.521774
58.6994
18.816565
6.1931705
16.967983
30.835443
53.953392
19.870691
46.003487
29.26495
58.286957
34.581787
73.104614
34.29484
122.2985
52.92588
36.7064
40.293922
119.18799
166.71631
143.75282
140.17757
102.754456
69.98692
66.304146
104.52871
133.26663
28.860336
38.192284
34.7212
41.27053
41.666492
39.166817
30.335989
47.290543
40.926155
155.19608
93.87356
137.1073
113.10364
186.99643
163.86584
114.94218
172.63596
39.802967
86.75207
91.01065
94.0623
65.962234
70.54196
128.43811
106.85453
82.321594
84.205315
91.55733
74.95794
79.78872
100.5896
24.521458
19.121279
18.009447
121.28795
1.1398561
32.722702
59.18216
65.061264
62.95711
110.97514
127.88291
100.57048
163.44951
42.608086
13.055156
28.290512
27.828335
34.027084
27.974354
138.9775
94.39809
95.65825
89.60527
153.58711
109.028275
75.8932
123.88933
112.09947
100.14079
84.86466
81.02482
53.68106
86.975136
113.22831
80.6344
61.269135
71.30351
48.514732
58.353172
186.30112
70.51686
234.16812
184.06348
73.902466
115.13462
76.18302
80.76202
79.71141
128.15329
73.58421
74.36976
106.569496
70.04323
142.18275
71.529854
23.319118
27.712727
28.61562
66.89288
40.49157
25.551949
28.158758
93.10131
4.3415246
106.460915
91.9084
89.06713
95.99206
94.83147
87.72588
86.89186
157.02982
90.442444
69.893295
82.19048
87.60652
84.93981
68.31775
110.51566
58.984047
80.10714
80.31021
95.136566
74.58638
90.033966
161.58218
102.73228
152.98158
161.49284
75.084625
100.33389
239.5988
167.35152
160.25267
126.07207
146.29984
116.69608
92.21566
94.44562
80.90795
120.75002
113.25836
179.29707
88.25871
86.52745
117.35
77.25026
175.85397
19.129795
48.02039
28.145756
108.680374
125.71842
132.94188
175.96422
157.70386
17.841799
23.407673
17.54921
18.973362
132.0898
155.97302
163.59073
107.09316
90.418594
92.072876
97.50822
96.88228
112.99335
43.802536
39.916256
43.324577
46.58004
64.00777
70.016464
65.021774
34.95777
79.322815
36.20632
20.449198
8.8966465
70.82005
10.5378275
9.220686
13.095377
34.464684
13.2003355
20.442461
52.72608
24.195684
29.09994
24.486172
26.83822
3.8414795
36.42453
55.452045
24.22586
29.949036
52.04728
40.85079
64.26305
59.103954
12.51718
21.79091
15.162628
34.696964
3.2553222
21.469532
16.649586
37.87496
14.54765
5.3228407
10.241171
15.162445
21.320835
3.0238533
11.297741
9.288363
32.941124
39.63314
27.186209
30.897018
71.76588
73.560715
15.755526
46.107567
20.272356
15.625177
0.7718935
23.980148
27.820745
12.825399
37.270786
7.365523
16.471323
38.62242
4.671683
37.380783
53.88806
29.26566
12.697986
29.543133
17.618309
35.119102
9.680629
31.796179
27.778193
14.09783
8.822084
62.349846
1.4327374
8.696635
10.699857
15.050906
8.937035
56.868702
75.60151
19.571064
48.19102
16.141253
25.204473
21.46038
23.29708
63.630505
8.275902
24.946373
10.940698
21.67593
25.135586
65.58054
42.143566
55.488213
32.52498
30.122849
23.71975
21.942596
85.043846
36.947227
46.63655
23.492275
30.32696
2.8878763
21.536928
14.703336
11.023905
22.514507
23.815516
53.496502
10.770276
9.189188
14.514679
50.10803
21.448772
75.331345
75.277275
86.73654
83.69172
107.653725
74.07945
89.52111
69.16217
198.0651
128.437
99.35759
81.06871
82.59082
79.01957
70.82813
67.7679
62.399742
68.10517
60.87977
69.164375
84.37779
97.36977
63.945488
61.302635
88.58628
152.55046
146.49081
132.67062
110.75127
114.39972
79.37691
93.21376
108.51682
100.34566
86.52959
79.96077
168.74629
27.711645
28.895086
11.459448
34.433403
55.18389
47.393436
12.738362
22.240482
13.494644
30.318918
12.431425
66.34772
20.896427
22.39559
20.612476
10.529196
18.715921
36.214832
31.415735
58.07348
10.082106
42.520016
54.826668
91.03499
63.75246
65.37002
59.097668
47.289932
41.28972
50.608864
40.912445
23.618656
39.69644
44.423588
99.01979
87.74728
93.45528
47.58895
43.29091
59.75113
39.870102
32.779823
11.353582
31.110586
43.638664
9.754852
43.515125
66.2805
29.580994
21.926853
23.317257
2.615603
21.827183
24.409424
8.461124
18.097126
17.840223
9.0573015
9.117407
28.689066
21.224163
38.98403
17.682074
20.884212
23.24317
97.26628
71.43425
24.208012
31.317219
49.446697
88.20406
78.25234
226.24268
81.84518
157.37971
90.16151
82.7228
76.69497
89.056114
20.361942
54.36204
9.483631
10.9064045
22.802288
29.520035
14.880198
20.107273
24.950098
60.400246
2.852991
3.027702
9.6700325
15.163786
5.3493013
5.4580097
16.351908
1.1274502
18.819788
4.499068
15.552885
22.328705
24.746891
30.250168
9.136019
23.446362
3.8673985
6.6692953
27.977428
29.294338
30.46523
27.558567
36.272137
26.698141
66.7763
37.99609
47.906303
85.58121
64.98644
26.247875
6.3996534
16.714891
16.500193
81.43327
105.23009
111.44358
102.32573
119.89299
122.34013
11.606101
31.815363
20.644262
48.712116
46.82199
6.9509354
32.094734
23.134956
33.641712
33.387154
5.1849504
23.744205
17.697203
31.219372
8.965641
30.786615
28.564266
97.05504
71.656296
82.640656
61.98461
30.682455
24.826675
15.956564
23.11118
17.778633
13.318606
25.689032
8.484686
10.980507
22.389853
22.664057
58.854633
50.851364
10.896973
10.219568
36.639687
24.39873
23.61021
21.308187
30.773188
28.749685
48.270027
43.48399
49.24526
65.575676
54.318916
75.50606
61.614033
21.122562
27.77445
76.622894
55.235004
55.851105
8.837091
1.5342395
32.391655
6.351209
4.010561
12.177248
13.821025
55.076855
11.637707
44.60726
25.135954
33.726177
20.959652
54.238
19.507195
15.619345
49.583202
0.5711111
6.539759
26.891907
2.5722547
16.501644
16.329258
27.906033
40.2729
7.941213
2.8775458
24.251656
8.901994
6.340189
4.3450103
34.018417
19.299677
8.467011
31.17889
20.373371
7.774668
25.31621
22.475246
31.077734
66.52222
7.8302126
20.752453
18.245825
17.166393
1.74735
6.3042536
11.740655
9.717096
14.796163
11.059968
18.72411
19.230997
35.929745
27.555191
23.53574
49.81852
60.504467
38.289333
77.988266
35.820263
42.41401
40.585968
41.632866
51.90853
104.46841
70.54463
40.297615
17.854513
25.718542
10.701957
5.342292
31.848639
13.964516
6.4232397
6.9233923
10.901368
25.59466
41.009705
56.733788
57.63848
10.644132
17.655422
23.939693
9.743701
19.38762
75.87333
64.30976
37.404903
48.235126
75.7509
60.788605
60.701744
41.40383
78.19546
92.747246
85.4164
86.41663
85.95006
85.16919
92.97438
87.832756
86.17585
94.20408
79.37053
129.10013
86.34732
91.97261
59.37963
54.167053
34.581585
30.920492
38.6233
41.956886
41.44767
30.94422
45.982838
31.483301
66.28447
72.728485
43.143852
41.5481
93.980774
50.712936
62.822613
57.993927
63.888195
48.16677
66.7076
40.954514
50.498375
70.74222
18.123514
23.168182
43.64188
41.943687
63.87928
59.348602
90.96782
150.38937
142.12772
126.54242
84.63519
99.3728
87.35957
103.50763
146.02292
88.772415
81.14387
76.55639
88.505135
80.03157
88.92317
100.43829
91.07103
125.94031
114.982864
84.1019
79.1259
100.08848
100.53273
83.34578
86.6343
87.75953
91.39195
98.317055
12.380958
16.460342
29.69868
58.397137
9.291628
13.7605915
22.192371
21.418322
28.777044
53.88064
34.33175
71.74471
12.39787
30.675568
10.289347
6.0541077
13.359848
69.37
4.3135896
6.123484
28.287144
40.202618
21.921144
42.779808
29.209805
65.65546
39.442047
9.770622
42.670456
34.577244
56.339344
47.31828
56.285255
81.725746
55.5307
67.185295
61.329582
63.99343
10.455438
12.034581
49.78192
111.46179
30.176678
83.58596
91.99558
58.7867
91.31289
96.01543
95.64237
96.28204
121.215164
41.40198
107.89368
56.32605
44.114258
16.950548
29.473038
35.762463
10.674814
3.255795
71.46088
80.65111
87.22006
147.19795
119.84485
86.66517
51.119987
16.05078
8.189241
29.7345
43.423573
7.7331667
25.325237
69.75563
96.97221
29.742619
49.530415
47.003754
27.642065
36.683067
15.699397
18.51219
32.86537
33.35044
10.977812
23.954283
43.350376
27.690268
54.472267
21.688467
84.09861
71.31306
83.860344
77.07924
68.18436
39.896015
36.238033
38.769836
30.444464
58.31551
84.94384
67.60823
69.8268
60.87898
46.68809
60.247486
75.83239
37.980007
25.15803
59.37456
24.93732
26.22698
12.208475
63.62063
57.227703
16.940235
55.793976
35.270992
33.26823
38.088326
113.53728
143.76326
99.048386
8.748021
1.3671343
22.526737
50.9831
31.715963
48.064266
135.33035
30.0599
1.7956553
14.732015
68.49674
75.76142
71.198975
90.67644
112.635666
77.14125
91.84641
79.197495
143.7801
89.75871
32.08046
54.338722
76.087616
16.932774
33.501686
41.456703
11.371871
32.58168
40.77925
12.136379
19.93381
21.904259
27.53747
33.346283
10.933146
156.28738
10.004187
47.079056
30.638073
10.639479
44.546936
37.927616
63.27073
110.64656
43.60044
29.321096
18.543573
18.546793
10.675434
65.38258
43.139984
15.747203
43.6797
29.41766
26.623037
25.743494
53.923767
9.477934
23.59912
46.263752
89.17885
45.930126
49.434704
37.171974
84.27617
127.383545
185.60739
82.96654
142.53032
67.88076
64.38064
150.22282
74.40281
113.84194
53.325386
66.30904
63.423553
60.933556
54.213715
72.344086
62.04426
65.767075
51.949226
38.69663
20.942814
39.882984
39.33777
68.169304
47.998924
71.7589
47.060223
131.51639
123.58049
101.14129
152.48799
73.05696
22.653448
25.011143
30.378147
34.349014
10.8048115
39.145256
41.356693
35.354126
35.04125
60.991383
38.802605
52.199852
69.27512
63.295067
55.832623
45.63799
54.789967
67.06418
151.61258
59.001495
89.13228
62.953575
49.274323
75.81578
3.8052688
5.4476633
13.166353
81.0246
68.52047
26.474415
61.79555
37.539085
6.9760904
22.647272
22.530506
10.898351
54.360985
22.788326
25.839136
26.952097
51.720276
50.84086
41.42758
47.607113
50.110554
101.68392
118.027664
82.36758
21.876352
13.648303
31.544226
29.85296
1.4332056
11.7531805
27.111536
38.68758
47.822655
30.145473
41.037716
102.12334
91.49148
16.713013
22.113678
83.646385
56.525642
110.28505
107.75694
101.528046
10.969221
83.434685
21.217459
33.92474
35.52398
62.607555
25.604471
53.56856
37.48406
31.75829
35.194565
47.688843
108.72168
4.2669005
61.87094
16.781925
39.842987
36.89016
2.6074739
34.583122
93.37831
59.464172
15.32762
40.032654
86.31621
104.64966
101.592285
77.096115
103.71826
86.5518
93.27818
93.556114
157.64404
170.70427
104.62466
135.86838
138.82011
127.37008
142.58476
110.27688
77.35304
102.48796
107.033104
164.19292
81.78206
148.15685
111.54811
108.624374
115.81683
169.15361
145.12279
114.27356
130.4777
177.35353
177.27707
169.6331
176.77852
318.20184
228.74194
144.25394
90.03991
104.315445
126.43874
128.88683
134.74466
196.57523
150.4316
119.67277
130.82991
108.37455
56.051605
55.196392
44.87958
53.70038
38.74363
14.547748
28.552837
40.311176
152.1707
107.53441
41.897614
39.80722
56.58297
66.51195
14.8995075
36.119843
13.44518
34.511074
23.71257
29.985067
3.995008
27.524246
126.30328
46.156998
51.748486
19.97014
30.871662
19.884945
82.893684
69.32771
40.687206
43.29586
72.80207
34.539043
70.07732
57.49707
49.242413
49.075745
49.427395
50.55538
47.93737
74.82293
23.147953
32.05638
127.47373
88.927246
105.42704
62.763874
52.485462
24.791014
54.726173
70.36183
46.89946
96.96062
125.722244
93.98015
273.70346
159.59135
166.62296
180.91582
158.141
145.77379
86.28786
113.074585
122.8289
50.14953
157.06805
127.495834
152.36218
102.50545
100.564125
109.86786
43.664413
45.879448
39.973095
114.117386
52.854565
44.137234
37.28912
61.93413
32.932594
45.562164
44.14132
34.55526
90.445755
71.86977
66.245094
154.58606
57.63867
36.53968
75.959305
74.5438
43.575485
33.509388
88.73423
20.974583
61.750183
42.7357
32.42023
27.73447
36.389496
49.18775
24.071077
13.214663
32.46331
30.458792
22.837921
55.308483
46.118355
19.410048
21.335468
31.017416
72.12419
19.047733
50.093964
59.966778
117.746605
104.009415
153.78519
108.43241
93.60899
159.78513
42.816063
122.36328
82.86138
102.29514
108.8855
74.52736
87.293625
116.12781
146.36833
124.80678
28.90033
96.27638
123.20376
192.3339
117.965126
152.814
185.66988
210.09492
82.233185
84.736435
151.09424
77.828415
103.049355
137.76236
89.58921
127.4124
78.33223
184.02466
101.37341
98.08147
95.5259
65.970085
34.19734
120.144005
117.14552
43.88872
29.428885
64.187546
2.4119604
100.68005
112.70746
101.20801
108.99635
71.06673
62.94745
58.261242
45.659374
55.672783
79.93111
96.140976
75.70219
76.48922
90.2132
82.10921
81.07579
96.75557
89.62062
81.01008
72.628716
90.214455
65.58147
102.05885
107.142105
183.93922
88.26228
124.300476
197.47552
93.96426
50.92047
156.1401
60.604504
66.17741
101.86897
45.53589
52.124706
56.459766
60.28003
94.7526
93.30114
23.356724
21.251537
35.777336
45.504967
72.629196
53.559166
45.22208
58.81153
83.6747
44.682358
41.30863
36.415066
26.136272
29.462234
34.17961
103.345505
88.22005
62.76355
74.01511
127.15631
122.193665
139.02731
128.2621
23.566845
38.050083
49.5961
79.18989
103.60299
55.603283
34.00305
59.383003
27.445288
30.672003
41.184666
92.64518
73.525665
68.93172
103.25897
109.37948
17.32625
14.867121
21.460808
28.835537
47.31626
41.797752
58.724712
93.162094
45.254738
99.46705
97.99178
96.49966
106.31327
163.45987
88.844604
4.8134365
3.0787997
2.7477074
3.7955575
24.808733
17.441854
39.9729
94.21279
101.62483
90.3454
41.22007
138.76047
25.33721
50.06391
36.98268
35.28886
44.026497
38.785835
69.18541
57.04601
54.19333
53.0276
61.48176
91.43137
70.68305
36.37842
18.086147
28.81634
93.39043
120.38902
79.4572
140.8709
125.308395
134.94417
8.423315
21.27022
27.290134
4.6674013
22.435959
36.63918
25.095043
74.98313
65.7814
18.507736
28.330288
10.470303
33.312977
81.75869
63.819313
14.45152
3.8423839
23.519785
152.05699
79.66436
71.94014
162.51176
194.62926
183.88567
122.518715
75.47809
54.12449
55.77959
25.089134
40.87666
31.738861
46.56442
39.101463
110.16549
5.8526564
42.601376
68.28316
74.50268
59.612175
75.5776
31.133114
56.084583
48.49251
20.071882
28.749521
16.606653
34.182316
46.970573
109.05092
82.95154
87.75394
124.66467
76.13716
23.199945
34.649193
45.15828
42.328033
43.40338
15.490764
58.28018
32.298553
32.77114
48.886387
56.059334
53.198956
103.0612
24.337513
2.2598872
100.70427
108.33246
96.793106
27.594967
43.060547
14.537804
52.135517
12.478677
9.701738
22.984015
21.84538
90.033165
49.461464
133.13728
89.940384
108.310776
127.54777
83.841736
105.69136
85.50029
71.11409
72.77861
104.03825
175.68068
131.07118
21.700073
44.62313
51.563805
51.914757
124.295364
149.2496
120.83433
25.012783
50.459213
120.70571
85.89498
33.196686
21.155483
72.08496
25.597395
34.320793
40.4699
66.26747
34.864376
34.547993
20.651386
191.02823
14.855682
15.765661
36.956
63.187866
30.399258
3.8132222
17.575645
68.37634
51.090878
44.393345
50.92533
17.6057
21.49757
88.931206
32.051155
38.73025
39.92428
22.52368
21.367977
53.345863
91.73155
51.00696
138.34293
110.04429
21.314043
116.4536
60.13098
12.927126
20.09532
152.67874
31.87643
33.40908
111.34166
138.31456
118.68617
149.9289
48.4288
35.438976
58.325977
21.898373
11.702486
42.673275
28.808613
43.032673
26.427984
59.549053
32.8527
38.02016
76.64746
43.056637
42.216625
33.839417
37.10644
46.981865
20.968767
42.353474
41.02764
41.03734
119.00171
151.82535
256.57077
146.61833
146.01492
128.33614
119.76729
163.40573
131.23851
55.938374
75.53841
55.155304
157.20972
51.580315
53.54345
61.391594
52.778942
52.45114
72.87933
94.95546
66.162544
119.76997
55.63584
64.03174
50.700665
82.85293
89.06662
98.845146
114.96177
17.40601
90.03641
43.612682
119.43246
121.84338
132.48233
90.53359
96.159805
100.17059
144.50853
121.70599
182.07805
99.71036
73.25002
107.97301
106.268715
112.126305
96.06577
88.71847
108.310265
123.492714
113.518715
99.75072
132.1093
232.3619
32.76049
88.988144
72.43587
56.634205
89.18395
23.270311
59.05785
40.33453
65.38139
46.50369
113.687584
110.53764
120.217514
103.630104
127.48032
134.0961
26.226892
38.49214
85.77864
52.12541
57.570404
29.815907
23.249323
12.5673275
12.686311
16.105593
26.966534
24.299974
50.484596
33.560814
68.14821
84.44743
230.04294
47.94206
62.06781
82.222084
84.28552
113.9398
100.30293
156.26152
82.039734
109.02946
52.37493
76.792404
47.93647
38.665363
87.011955
33.663765
44.82491
42.570038
82.15007
84.36873
77.00169
53.975273
56.756336
86.34017
42.30042
63.96107
62.063282
157.52654
80.2649
12.878482
10.271001
46.387665
24.714361
19.17141
42.97671
30.436596
38.14332
120.19548
57.811104
30.850714
69.02577
21.140865
60.70553
29.43566
32.827225
56.333813
36.405968
35.956135
47.12191
107.86117
130.42923
48.482826
58.36682
3.6968741
31.764536
49.831215
36.96763
56.967934
60.302147
35.136524
76.708046
17.754972
74.15367
58.34123
107.179665
100.607895
107.08158
67.659676
26.340546
57.746937
45.460117
72.654686
89.34734
84.24864
30.610224
52.793365
82.7974
42.496998
37.684017
24.915302
40.43543
35.422867
2.2699645
12.712255
21.515463
5.40583
33.190758
31.573202
25.183365
34.847206
51.90459
37.09527
19.945803
30.360477
19.59741
25.087988
95.423325
161.84412
165.13158
93.9457
89.01808
58.661903
52.14039
66.45912
39.732323
71.1784
88.673416
28.475561
20.863852
92.71365
59.768024
81.66658
116.59996
40.550175
12.095011
25.779724
34.48209
44.736763
32.725792
58.841522
42.301964
48.71426
49.494686
89.22901
14.958487
9.962847
30.275059
68.68992
48.544792
24.365507
35.462776
15.604086
1.741827
47.90823
43.12085
78.97342
81.809494
87.523415
81.26743
72.68599
131.09468
74.474655
32.125935
9.413078
40.766247
22.399149
27.202051
84.61202
96.01456
80.79604
140.82788
169.42221
71.56123
66.21556
54.50953
109.525894
115.53158
80.66438
79.98009
72.693726
8.346752
11.0488205
62.02224
44.62185
40.80568
81.284225
67.28085
57.74586
90.0607
50.465755
132.93399
30.332556
39.196945
36.263027
15.396693
24.251442
79.23088
61.60619
58.90862
30.019232
154.57964
149.07236
21.339777
57.62449
65.24615
38.84179
76.21782
20.85041
29.987305
23.642687
29.425013
66.238815
34.174416
49.213596
58.39104
37.341324
23.859276
20.726664
45.405666
50.22409
126.94545
12.693868
47.66766
15.474294
115.55177
73.36604
69.63579
178.06186
52.88758
40.302807
16.965015
25.485163
81.26119
6.194388
26.710316
28.463404
41.47229
48.95739
89.43571
81.824524
71.81618
68.75674
142.60265
67.15007
91.8424
24.928883
14.603572
13.461314
32.43408
29.791784
53.34922
67.41042
88.090126
59.480938
58.20752
96.71752
79.36325
75.15148
33.318825
22.581392
38.781853
57.737103
75.74179
108.35911
83.68477
80.022415
114.78825
104.86647
48.617863
122.17937
155.55566
113.70956
25.936756
47.525333
32.098534
18.500828
17.764963
108.30611
61.252937
68.0671
72.26821
29.99462
17.334751
45.155327
15.319962
21.773396
23.16251
65.62894
72.96022
18.10374
25.371056
17.25838
61.339813
67.96734
57.834846
48.864838
37.48297
91.687836
38.17149
24.864012
46.327385
45.226494
91.867355
53.54658
147.98714
21.334831
30.35914
30.422678
23.86254
42.804726
49.522602
72.093605
38.152363
29.869696
9.915765
15.713153
18.589544
39.083076
4.777656
24.432276
9.123731
48.187855
151.98141
11.197441
18.654606
10.961829
12.070311
45.294636
69.11596
67.26036
39.988857
41.294815
43.43672
29.672047
14.500788
23.447746
121.70766
151.68329
30.002064
13.714371
27.277166
33.775276
22.489635
58.539
20.268476
22.685976
22.648542
108.51805
69.04573
66.47371
41.953247
83.61096
17.802788
73.63512
28.928265
42.772484
32.08057
39.095955
51.777916
48.376675
27.638195
52.906017
41.491158
19.857151
94.04324
138.25702
141.56276
95.7946
129.2246
86.312164
155.07884
5.2887006
14.495317
19.567972
37.130566
28.998875
4.9835367
35.574867
113.30687
87.99285
23.506664
49.024773
40.700287
17.021032
67.93714
31.92609
51.743584
43.53833
44.38145
66.938385
15.662031
1.0966985
28.796078
5.996114
38.53096
39.405796
33.58603
56.529915
34.460365
89.46357
90.45471
129.3357
99.55531
160.21466
204.7994
186.78917
111.42428
281.1047
105.70032
71.51183
76.32255
57.685966
79.60921
102.17428
186.2581
100.88864
114.01282
167.72012
168.90756
122.45193
191.26889
154.78062
129.66739
92.35772
143.88564
129.10153
32.73063
35.983864
26.652699
58.058968
172.46664
193.26909
181.51416
79.938736
137.49222
85.126205
126.99681
95.91513
223.04842
50.323112
62.893044
83.86457
80.64421
100.682434
39.156933
59.456837
17.72178
26.605804
55.57882
65.70021
23.455496
36.14115
19.282896
21.248959
5.3045244
7.4182816
46.319653
45.695107
145.16647
109.706955
201.68216
36.20911
29.45514
2.6360233
46.7096
35.12895
68.50628
39.91397
23.47943
66.339485
76.626656
40.542763
36.8211
55.00191
96.24359
92.37405
82.0356
203.95401
94.37169
103.481544
117.1865
33.69925
90.80568
218.5196
214.16228
39.16313
56.256767
11.33503
70.009796
36.137596
43.540894
37.91717
18.644629
3.2468083
44.594845
54.73586
121.821106
33.150185
27.393845
36.583412
34.90256
42.38114
52.639313
58.902454
53.775604
102.68524
58.609856
33.953773
44.874817
45.41337
102.41109
101.87368
105.321266
11.743167
30.954845
98.652016
122.976234
84.6256
37.39718
31.427906
84.95089
36.800446
9.642755
42.09075
52.30822
43.822334
68.684654
9.566193
29.45943
61.79052
56.882202
100.06035
66.64931
171.56635
84.58169
28.032217
74.22211
13.016376
11.056941
18.30115
26.440079
77.75941
80.492966
100.46993
34.536007
36.81281
44.79967
34.339046
14.277684
19.047894
76.40473
38.615826
118.57588
46.170784
55.288536
48.89154
55.374897
90.29921
42.0516
22.276758
59.14146
83.07824
43.807365
53.34416
67.790504
83.07533
57.33391
77.040535
74.37086
106.407364
57.653454
110.26851
133.52133
93.00435
106.09108
6.941596
39.820442
35.988884
46.230297
50.788063
82.09305
47.87127
155.98164
116.58571
43.205635
51.555763
1.0705569
29.286037
28.082788
66.90456
40.89791
32.942936
41.241104
18.83779
31.09972
103.70614
147.03647
33.898266
66.39485
65.7191
33.720726
34.701836
33.86199
29.862299
27.330576
104.97536
174.08261
74.78099
100.73776
23.496912
70.497246
65.632545
33.86277
23.09506
83.4859
62.377483
59.911873
88.01695
206.89221
60.44037
201.35722
124.14473
99.40993
91.13619
154.44409
132.11409
25.042053
41.782032
59.685158
76.06798
170.94481
101.07959
56.050884
92.1674
99.49865
87.89335
40.272255
51.88449
50.75955
67.30831
40.403862
