401.94843
169.24374
87.97089
97.55369
35.33077
61.64362
43.38276
40.07377
85.753395
68.97702
54.727818
76.67101
48.489445
27.12469
64.675446
91.59519
108.25357
73.4243
50.8418
73.00703
56.59643
111.67093
67.971405
55.505108
42.15698
85.92962
39.037514
66.65284
43.187553
90.64805
64.461266
72.71992
89.86665
85.46546
44.404232
37.325867
25.999126
66.888435
81.844185
138.2094
87.64731
74.130974
73.65823
90.81877
82.849724
100.2289
85.12127
102.04702
141.98062
92.16169
83.61063
36.926407
95.258156
62.999462
46.11564
87.64611
92.17705
40.65468
89.3767
50.04175
153.66548
60.18825
41.69823
41.516045
53.7337
50.552013
15.641169
96.01096
97.11062
59.063038
82.68836
43.072475
58.078934
68.11403
26.26061
91.890114
70.09514
40.53716
11.081325
53.516933
43.00713
35.68054
44.15417
44.19182
35.59636
85.556786
43.553577
61.88369
62.63573
56.865883
29.754824
105.56443
56.220848
65.530754
94.93118
79.49792
92.890236
100.228516
53.41753
45.988304
68.034294
35.732426
22.297913
28.890312
77.231964
168.28143
89.159454
52.568077
27.590168
33.38521
67.65562
33.5419
137.8646
36.581696
51.080475
82.80375
83.55748
111.783
34.799206
68.47863
105.76509
102.49685
69.54333
79.366905
88.23249
109.36416
44.71641
62.535675
93.46505
117.79705
58.889748
65.12892
49.120255
96.53462
98.333916
51.577938
101.35491
119.280266
27.58066
80.62082
144.37271
39.895924
24.745152
16.318836
106.45622
158.87177
150.42465
58.833363
77.02182
70.195854
86.968864
49.81887
45.77312
57.1435
64.91568
101.487816
53.63429
36.84145
32.771164
109.03844
66.84432
59.319614
75.52417
70.85714
81.67648
143.41725
142.68439
87.843895
92.02055
39.738007
16.285515
54.831646
65.74792
115.45908
104.25565
107.80185
127.60187
29.610144
57.757168
80.11798
27.831429
54.848614
90.74097
103.62785
42.964287
60.843433
76.24016
57.991013
72.96602
42.09103
88.64843
59.54674
55.79915
32.88139
117.7191
53.555473
59.734985
84.318184
70.233574
86.97565
130.38753
83.04649
64.52821
30.14964
44.679123
16.43673
31.660646
67.39968
53.45209
48.70037
24.795143
131.30399
148.11292
109.12936
40.29326
65.57798
46.365868
109.08326
120.69361
84.87911
104.235664
77.70514
65.716896
66.797134
100.69037
90.526276
117.34334
106.936966
79.35158
68.20434
46.567917
210.97183
68.68106
59.78434
26.803778
70.51438
33.094406
39.041233
20.356264
94.96013
96.571106
58.097816
28.016287
70.86544
112.26609
118.89314
94.179924
63.55556
84.59672
41.704666
33.60295
124.04483
101.31498
34.07514
106.965996
73.028755
87.70941
52.85814
61.61806
46.68851
89.08733
33.334747
110.13206
58.290092
116.46498
147.86195
125.564804
147.72145
45.565186
30.903748
95.38378
63.83653
7.779216
58.160767
85.78542
61.703037
69.91428
84.97189
29.342903
8.721218
33.020943
57.54359
100.150276
110.33866
89.2942
119.39834
89.27581
108.68157
47.315483
46.393692
55.86464
75.96214
129.79176
77.416985
127.04082
67.634544
75.208725
90.116425
107.63839
57.322376
65.027664
59.543568
100.413506
60.65207
28.625526
68.16506
61.192703
66.869736
40.146202
79.05794
25.445246
112.19709
45.605186
17.844488
107.184784
58.026867
92.81622
6.0709057
119.95772
103.68936
87.19327
77.644844
88.40003
53.00936
50.0976
68.35682
102.16768
58.215366
28.726109
18.350657
125.14203
59.769997
51.712162
50.981636
33.101685
53.137432
84.3056
139.13385
63.26097
86.533295
29.404896
68.01556
101.38406
98.07471
61.65602
29.573069
42.842613
84.01044
76.85687
66.91179
106.76584
73.93277
69.71261
28.471106
138.41295
78.11032
51.141304
65.62215
40.621822
45.283344
52.091923
50.09839
45.64287
68.525566
54.619022
43.74695
69.301186
40.095604
80.5093
58.7501
37.994827
47.65299
17.324072
84.63657
42.1615
70.34161
61.810127
102.999435
72.389366
52.985218
42.460014
44.084583
85.223015
94.67195
102.43782
146.71556
146.36438
111.44088
120.32147
90.58503
71.462654
49.331398
117.85065
43.221256
73.81744
119.18697
156.83212
114.12524
96.65987
200.29207
195.16164
142.74861
136.2254
99.25241
70.36995
83.69189
50.415894
72.560585
59.629757
112.770195
48.052765
36.26562
17.16062
40.222775
61.463814
61.429684
32.4903
21.028109
70.89088
58.142155
85.431526
64.34652
70.461586
61.468094
53.833893
87.924416
92.05873
77.92542
77.33789
94.13638
59.03861
151.63788
47.11518
50.80959
120.127686
109.02274
101.32779
146.68022
20.89979
96.13156
118.306076
68.70004
42.62289
74.43338
117.28774
35.8368
63.968258
43.961304
66.59875
34.202515
46.321537
93.86837
124.57541
70.753426
28.069975
34.108837
76.03762
98.50083
42.122334
80.41436
79.80125
51.705612
69.76597
89.945656
64.40957
13.67483
38.712276
72.63879
66.85709
102.27752
57.42716
124.80998
77.99873
40.019596
104.38072
65.35764
53.05132
59.455032
67.80154
126.479836
118.358925
37.560726
59.82772
42.900043
31.080181
56.99832
68.82962
26.105114
117.45784
92.801125
68.77606
78.945496
91.702156
90.27215
119.69745
34.54713
57.630844
30.016987
51.48062
46.229202
19.575733
103.846825
66.67332
110.98928
50.114113
66.67532
63.791336
58.84789
92.07222
55.20955
45.210785
64.78452
120.86708
65.102356
82.27219
62.91621
64.01542
61.853233
28.502209
66.15948
102.90073
92.6912
56.56473
52.836388
91.47555
101.407425
52.529083
88.88422
55.26233
36.625134
25.382885
43.071877
88.07265
77.393295
30.739098
31.330498
26.600752
46.264126
35.487217
48.94617
38.915173
75.31558
61.54
139.70615
62.775585
62.00232
48.35571
41.329193
69.726265
69.37121
39.12351
46.233776
51.586185
29.959385
43.665787
76.94156
86.00261
48.03437
44.76519
49.928288
46.482147
59.479767
59.31218
84.638664
77.12052
64.38007
28.08414
84.347786
115.104454
38.649315
101.44205
83.27383
51.996876
64.90961
49.657974
65.227036
116.27341
53.13084
94.11451
96.26003
50.75827
150.94954
67.63917
62.111935
82.44224
70.65015
43.46409
82.40809
33.88184
47.961475
55.1783
60.545815
34.97372
74.636185
94.755066
64.59317
121.56796
44.837143
52.990845
46.39689
76.94404
101.18507
102.47539
29.128868
39.251167
128.54085
124.63452
62.38327
58.91516
53.684536
49.644512
96.84989
68.2115
139.47871
18.097467
99.10041
68.19734
39.551037
85.85336
44.59564
26.648535
34.547073
115.0209
36.65707
36.241913
95.03344
66.18736
32.96782
90.337234
50.752193
55.91526
95.414215
163.72343
82.41717
48.865864
38.602875
62.231495
34.316628
49.595463
107.91421
61.09736
45.49253
85.52507
55.807056
51.249634
60.516544
33.02869
63.26183
103.95547
101.0527
53.472828
62.06937
3.0675843
29.009626
38.683445
102.812164
33.323723
40.347157
67.92351
32.67577
70.78323
50.848488
38.303368
133.09862
40.14359
45.31704
115.22946
75.569115
91.14846
58.95216
82.7282
51.108418
76.319496
54.210827
34.44208
57.863907
27.141762
4.204135
100.9714
40.54816
120.45634
50.707542
96.10847
70.1319
159.8626
142.50708
77.11139
76.90679
15.252693
45.576675
96.82303
49.692814
105.25878
95.43863
83.51736
46.81334
51.8589
96.101944
43.143333
91.33063
61.60822
69.146645
59.724888
62.495804
101.82617
58.23573
148.70993
49.329536
57.151997
74.582565
64.39365
65.66508
140.71733
61.73828
79.52714
69.15126
15.809126
60.564808
68.0241
70.25833
54.335396
62.931446
51.67948
86.06634
53.00869
90.894066
25.901928
50.895473
22.726202
88.25003
50.301064
74.08012
56.44533
108.27005
73.87624
105.2651
109.075584
65.29951
87.6504
104.24747
51.450775
73.07664
62.573116
66.13023
71.98398
44.322933
60.402905
48.334488
34.295635
54.568085
40.5124
75.83135
53.677544
121.2921
35.70697
52.968143
67.38596
74.534744
129.14389
123.86196
35.721912
50.324738
69.076126
74.05451
117.443565
168.92097
97.61557
108.021774
128.33551
119.85911
55.895615
114.09783
119.16953
52.54066
38.972332
22.176058
71.26712
56.470985
108.46013
24.92561
63.23648
31.16626
41.626152
94.513176
51.89166
40.076286
34.782837
31.426949
99.120605
86.723434
63.97858
36.78657
40.01739
39.613377
42.519848
45.38125
52.237206
61.769325
80.53572
54.102528
72.30076
97.14633
68.791275
54.633957
30.27778
129.64531
30.454117
65.61052
64.60532
44.229645
69.999084
59.149014
48.309113
105.35839
59.998608
104.93667
58.253242
47.74575
22.670649
109.73902
46.40969
72.25729
38.254826
63.060757
65.92398
36.990067
67.93697
46.079414
69.07002
24.969683
41.639668
58.245106
46.00239
71.72078
85.896
80.651794
148.70595
70.32136
31.67618
35.67405
76.158035
96.05549
67.41027
99.14482
35.90732
70.47048
51.830112
36.347816
84.53934
96.70293
98.45776
38.797802
73.35376
69.781685
68.957344
37.37387
57.503838
28.000479
25.81339
102.424706
59.669697
55.967686
70.25958
142.61786
29.445951
98.133064
75.395996
39.602554
17.717506
87.0263
63.00378
113.43162
90.88378
106.135605
53.176918
36.75393
94.01904
98.98946
83.818565
76.468216
116.893036
83.1915
60.52232
32.606342
43.247597
79.94483
53.088043
45.07835
70.09652
53.581284
55.935593
27.890652
72.14932
25.621609
46.75853
40.124996
122.86045
67.48374
51.393272
77.00172
63.8701
71.40151
76.75241
58.25523
39.087563
54.57534
50.173683
28.956226
85.13875
110.45066
106.19703
51.865868
37.326855
95.498245
53.322037
29.088676
81.919525
104.68471
74.9317
40.501633
28.736021
69.853195
58.02556
32.267303
80.72584
39.685673
74.52554
54.861256
61.87941
87.285545
90.02535
76.73879
66.70837
122.76452
23.05869
14.24616
71.9539
85.51189
113.39203
52.010376
56.477734
37.991653
95.47627
61.766808
117.159775
61.717464
59.380863
48.47653
39.840225
61.42213
66.95814
85.8923
40.026474
64.824974
53.84614
232.89818
62.422375
30.316755
77.04147
12.766881
20.79392
47.216957
40.324295
80.814995
54.150936
77.83067
56.20713
87.6891
42.075493
51.955532
64.18947
71.17036
42.230812
53.25507
27.149836
134.78474
26.033003
46.41375
90.64439
55.320786
16.425653
136.5307
78.28265
42.073647
115.10628
61.57747
57.47719
30.041231
96.127464
93.8916
76.0899
28.741684
21.789726
45.702198
68.194496
103.43284
50.49293
17.469019
114.94504
69.16779
54.066227
57.093037
31.199818
77.177574
138.11707
75.358955
57.29368
92.30185
124.04673
30.945635
16.607674
56.373013
149.20851
41.80446
26.195501
52.221733
48.775436
90.48206
82.197205
72.90473
37.0374
94.21036
65.36219
100.36467
68.94368
53.00271
68.06765
19.665588
86.75772
22.741219
32.886673
60.491364
44.320545
66.6245
86.3178
109.97397
57.230522
48.729477
51.583546
64.86755
92.00627
52.273266
84.282745
21.441275
101.02906
55.667633
8.377722
27.01375
45.956295
46.873848
108.96135
22.518877
66.80722
39.174046
70.67976
28.876963
111.34786
131.36945
32.952877
26.134024
94.12913
64.97966
92.98587
81.50555
87.5695
116.86873
15.099506
80.75035
23.029037
41.856606
69.465645
137.10332
27.603294
25.509666
88.1617
45.191708
43.270493
60.569527
46.800037
38.01387
54.559204
68.309425
3.2939951
44.83342
85.73964
80.45325
34.739918
142.17204
80.75951
46.74091
70.72539
73.923836
82.9892
81.23034
73.64165
76.91597
76.79228
52.673077
120.91426
119.31703
55.15007
48.723183
70.648384
82.36816
63.17352
64.05258
71.79509
98.22287
103.57433
104.61948
29.222073
74.24533
95.71211
88.193214
74.034935
91.063835
90.74725
95.070625
73.28679
21.291193
95.1402
29.43745
56.42392
106.53843
58.389072
46.115513
44.252743
59.14023
98.70606
82.53295
99.18952
55.101463
74.09468
58.771175
99.322784
113.69814
98.76194
57.109653
56.9634
51.610607
132.57803
54.157913
41.340843
58.953068
67.025246
84.936874
53.694794
34.195694
30.71515
48.16589
80.88164
51.846336
94.78223
103.857285
60.954247
102.97397
87.10527
65.517815
98.906105
32.668995
92.33378
43.686512
62.142223
86.3786
41.508686
46.438267
44.00734
43.773026
48.99124
103.6496
55.46981
113.36481
47.633347
90.98647
60.72838
77.676765
63.81316
45.548115
116.08723
81.6521
61.854233
198.02618
74.044556
48.348595
38.366634
102.83321
26.846992
36.748486
45.445335
56.50375
38.144432
68.76909
66.16196
119.80291
117.40029
66.90879
79.0649
18.037888
73.35959
112.85419
24.203407
67.75316
68.753815
44.562836
39.056107
79.00696
107.67442
60.66903
57.572056
35.098827
97.384544
17.317974
36.584347
68.06191
33.900272
189.03082
68.35075
44.985382
68.29836
89.41639
53.95246
85.28666
70.79117
46.609394
75.14841
116.4197
47.400585
45.269333
67.75559
38.737984
52.338696
25.084312
34.27904
72.43276
39.392246
58.758472
59.878708
48.862343
96.4532
17.521105
51.394077
69.23082
22.77041
16.639656
73.78029
52.842842
95.15532
37.857014
103.91834
18.654142
62.10097
87.0438
90.89248
99.36746
73.0913
64.0589
82.358795
83.22004
75.90629
63.68354
59.421574
13.850278
38.142128
103.94601
22.593464
42.300575
76.855194
108.15439
33.585155
108.7337
71.50426
54.266434
45.784714
58.791782
41.23878
124.98794
54.93164
23.8699
121.53955
66.80627
40.269245
67.61887
87.092415
97.32405
65.398674
24.58065
29.797834
37.928623
81.57597
106.89527
48.526733
151.00473
87.361946
138.14656
44.911358
84.1829
88.95071
66.391556
67.81314
59.441124
51.765865
123.68433
47.342564
120.07582
124.414856
55.157314
20.224989
95.27245
23.315088
70.23764
69.92949
65.36679
82.87539
42.208534
46.75133
138.7719
40.169575
94.76136
36.732372
80.02911
127.41765
91.81249
57.741295
27.53008
65.21227
98.05381
97.769196
96.12094
31.57257
32.748886
57.74672
6.4116793
113.54954
8.801059
39.846394
93.793915
158.21996
48.490532
56.75896
77.10891
35.733727
68.76373
33.71502
109.956055
85.00892
40.3215
33.10596
34.98008
103.11774
94.40303
76.21862
58.955254
51.439365
78.94842
93.92868
55.124523
141.97943
66.72729
68.67522
112.28778
65.52393
77.53965
35.425602
62.1262
88.896095
41.69933
43.03884
88.1622
44.289433
41.664806
56.26906
25.483896
45.579235
44.527103
64.37246
61.463497
94.28229
86.319824
29.831017
59.316795
28.110794
63.165707
78.93991
17.630157
125.16487
21.769363
98.51556
126.622986
60.897377
39.004864
120.11014
77.54395
71.138664
60.371525
25.810913
49.82701
85.355736
52.358036
77.07348
78.622406
43.27318
77.25219
31.826326
84.98041
82.67146
49.8403
43.442833
27.707903
40.52944
119.54122
40.47169
98.56829
116.38291
78.220764
70.39151
70.015114
48.439354
55.862377
70.125465
47.744873
32.33357
66.21705
41.643036
106.579094
20.545338
1.6759453
107.506935
84.14732
75.793236
33.77094
88.66395
107.42993
68.98853
66.02749
90.83897
33.7507
89.42791
49.446846
82.29978
68.22008
108.17645
20.865332
32.069855
11.613053
51.755646
16.388468
32.401215
119.88784
58.694168
54.614124
61.632336
132.08215
83.55963
53.225475
75.8884
48.592865
73.22307
22.937485
36.266003
31.027405
32.777164
17.896463
77.14623
34.539684
27.930264
17.137293
41.983585
103.48932
73.97276
57.491226
97.63948
58.27123
74.739975
29.586601
69.51764
52.112988
57.06506
62.17366
50.753468
140.45105
65.68101
125.99369
88.00496
83.93677
42.831528
20.95771
44.761845
51.817562
44.452168
46.386772
57.319176
50.54982
110.291466
68.757256
106.03813
15.705728
105.65314
37.194183
79.07287
61.836136
40.961254
41.42562
81.5233
67.93577
34.126286
86.30376
123.892235
152.49576
90.49324
31.24598
53.831566
63.837685
14.433898
114.54855
49.70253
24.078135
55.762867
87.72373
101.33939
83.563866
42.17596
29.371271
78.08652
26.53627
52.49099
15.1222105
7.500796
49.67367
71.23048
70.679955
94.45662
94.0338
77.02071
35.915764
88.92638
82.762634
36.611923
24.41188
38.393784
54.711353
60.98708
107.57763
143.6263
53.125458
80.326965
76.955666
46.23766
43.48894
83.71984
89.12483
36.407177
105.28421
107.08833
84.98807
57.26627
68.5986
53.4916
79.56289
66.212654
46.75242
38.982616
73.13282
62.500343
121.95452
124.932396
27.321115
74.68339
39.834538
47.34018
121.77624
63.120106
64.497055
37.553772
68.53892
101.45826
71.84184
36.38137
20.798594
40.015507
63.455723
123.707695
121.58255
59.385727
38.319443
64.57216
60.70314
68.65472
102.96279
106.332756
50.786346
74.70442
57.030563
46.78824
39.015938
37.481155
33.882523
72.33464
70.97273
75.4059
133.18141
80.453186
52.292774
39.159454
87.77507
39.814877
92.84434
73.07578
73.06882
101.56057
78.54188
48.873226
62.190018
38.149548
67.0244
48.821976
57.731155
55.544727
105.67815
42.774605
47.721123
48.686646
95.63017
36.966415
89.34887
85.48789
58.8071
77.846375
84.32889
107.823456
29.030893
47.77053
81.22851
148.55194
111.63838
73.03434
61.9319
52.017746
42.286514
63.54158
35.549736
66.13742
78.62466
67.5068
59.14547
69.479324
90.61631
109.59573
64.71163
44.47829
68.44843
43.87709
34.09217
26.345823
75.650314
48.03863
88.21433
53.469696
101.25344
41.155453
56.51536
31.831812
64.42215
42.445057
137.15979
67.45254
75.24523
72.30237
118.319855
78.22639
66.49235
32.625446
87.98515
92.55491
63.14593
68.59456
115.83827
54.497513
60.812496
32.253185
33.740433
68.87178
55.00002
1.836622
66.07951
102.765915
97.7809
35.67513
94.18501
83.29871
106.53841
65.16685
28.999685
103.41238
28.87136
62.42862
77.76221
56.341278
78.998695
83.912834
82.78476
69.04079
50.637207
42.058563
82.40483
53.4725
69.9911
97.009544
20.392132
72.721565
40.958942
18.428656
76.23251
80.92485
140.98935
106.28192
51.051266
54.5204
67.104256
76.43198
112.61441
72.00663
99.531136
60.461357
64.06233
5.052047
112.643
59.440952
121.879074
87.04706
67.47846
106.13293
62.540928
123.77536
116.64331
50.746037
79.68893
83.03271
88.907425
137.96075
107.903885
119.94448
20.508217
96.3765
73.66512
93.47384
41.77121
65.81357
33.20452
129.23048
127.38676
72.18287
38.419426
118.86653
57.000824
256.71182
160.98363
126.52702
64.78666
106.76922
157.31958
217.9913
104.929726
166.43158
30.997942
41.11846
60.167145
28.966076
118.16036
73.010345
55.61984
66.690575
83.93601
31.950335
93.829056
28.180855
119.243126
73.44259
38.54832
47.084457
83.34504
17.496069
65.083855
50.702694
82.13648
106.192604
160.73825
84.91654
100.8433
108.940056
109.67209
128.4416
131.23918
90.45462
109.712265
58.71672
65.60271
97.55997
54.365444
83.72716
33.01141
22.93166
67.87643
24.206413
121.46557
153.76118
140.9565
167.15813
69.2067
116.427185
23.39175
56.39345
101.440506
68.92232
34.460316
48.447235
109.09009
80.16906
43.918358
172.81383
67.186775
53.610836
60.29352
34.604347
88.86941
67.13427
45.596256
89.622185
53.62417
59.09091
51.777176
118.829704
45.65061
92.47095
27.041985
105.86188
83.40334
92.373474
43.335243
80.467316
81.51588
171.5711
100.701164
54.80976
66.038284
93.57938
102.20554
88.32077
50.187706
92.87668
59.600887
85.73211
56.040237
80.00279
99.489746
173.93317
46.90565
68.11502
32.3752
99.80242
115.418076
104.61277
42.380165
87.338104
76.2795
42.886295
92.50322
37.871147
92.03356
94.86628
66.25977
55.089073
79.6135
77.3591
102.36827
71.074814
32.022015
8.037319
20.529926
102.87852
74.004684
51.736626
118.45838
149.89403
110.35668
64.913025
88.23733
66.59061
81.50581
71.59413
114.52386
55.828564
50.322765
26.494576
41.553986
50.611027
65.126175
48.270187
142.57152
163.09937
108.93244
132.785
85.67978
115.00139
114.84559
114.144905
113.24591
60.65665
55.095337
93.23301
42.879883
60.771885
40.49921
32.24924
15.525152
54.589058
124.20224
63.410694
28.37445
113.92028
61.709404
75.33773
78.80206
92.388535
47.975353
76.05406
95.632996
85.390564
29.680918
67.09903
96.581024
55.92412
62.50879
68.952194
101.800354
24.760612
40.942413
104.01043
71.51509
44.950592
94.30654
94.43112
50.509777
101.81239
34.374165
57.067486
78.48577
61.002228
105.492004
46.350407
82.480446
129.01506
33.041283
57.100815
38.289448
71.96324
83.39773
43.48415
48.16427
93.7161
68.44517
58.501217
60.91631
62.010235
136.57806
149.60477
107.484955
52.891937
82.35313
46.94477
78.79565
83.23808
146.26376
94.749084
68.32597
31.00608
59.70911
81.57073
50.647144
83.134415
79.215836
58.460186
18.990046
117.310814
52.70218
81.07995
29.29162
120.839775
81.85292
80.320114
45.465733
69.3149
121.51475
160.76376
77.082565
23.129871
71.8656
88.661354
38.65512
54.784443
37.8062
39.28932
55.22877
43.05876
36.32454
57.925655
59.493176
72.068306
63.41759
65.41785
155.07578
179.56863
168.66934
88.59256
48.426483
86.468704
71.14355
60.64064
67.62213
21.46193
113.59934
51.529022
49.68687
46.075653
63.025314
151.23524
82.39035
68.961914
51.087753
88.787796
35.174774
107.58635
107.62569
59.505024
94.32334
54.87334
41.209076
116.22083
99.90914
74.348915
43.420727
54.59942
110.5096
82.42279
70.982155
66.806145
19.134022
42.422916
88.555176
130.892
61.82649
89.47408
84.16088
124.25151
96.11148
51.87299
67.76262
53.118263
89.02463
98.05374
89.904434
57.20961
144.26938
61.207108
120.14216
61.546986
66.3093
82.96871
79.34687
39.669228
135.97441
48.341785
57.533203
101.68219
39.076633
92.56026
50.431534
107.785645
61.06574
56.26161
89.32832
119.6319
94.67487
60.32547
21.588001
132.12036
48.429176
111.54965
63.669655
151.84131
123.52308
71.30254
97.385925
63.021397
114.20526
95.31865
89.15492
92.7488
129.13043
86.030266
125.17312
62.922768
33.33418
49.54299
83.52175
86.36467
48.38703
56.467884
73.14288
61.39059
61.284847
93.02156
103.22523
156.99362
67.001335
43.903244
118.835236
102.44973
42.277534
110.68264
31.725325
25.120913
101.14386
24.792498
29.057287
36.43286
45.79408
19.395937
43.72409
98.99463
118.74306
86.55552
96.2705
65.15096
69.47366
77.57215
107.1782
98.335785
10.870023
98.29325
131.24188
122.2848
91.02237
106.37287
95.463615
115.56037
108.45566
112.83665
70.56467
96.7354
19.565266
37.928276
45.25938
117.5283
65.988556
90.889435
99.75693
115.69224
126.22683
152.8451
69.7281
78.86457
182.81921
19.893856
50.03209
47.349155
102.77141
67.53987
68.91545
110.95553
84.93028
114.21101
31.890663
40.309944
80.25873
27.569511
30.121288
87.80176
138.7991
146.3223
78.23514
63.660606
130.28847
81.700935
46.26542
96.73827
85.84911
86.284836
78.63368
106.29343
87.06845
123.01285
53.283775
177.1157
121.83475
109.512314
101.2886
19.572136
68.20066
115.79757
102.904724
48.728043
93.707344
95.96489
86.4938
90.8461
61.80073
104.63089
49.737324
60.989204
72.40514
46.620815
9.527624
97.486786
36.155087
89.13479
51.864635
62.978485
45.328835
83.71882
111.664825
62.068634
130.92528
72.61815
129.46065
148.64096
44.302555
110.80531
172.02588
39.064198
58.633865
47.18314
85.03818
48.679306
93.09765
73.872894
78.490036
47.478153
121.68794
35.697105
155.54564
151.69934
155.68881
70.99063
76.904076
117.826546
53.42357
194.62555
133.1772
100.94019
88.576904
35.284126
56.08869
47.794315
100.4737
95.671364
154.2829
85.87623
57.577255
91.54434
84.08326
77.97894
62.808823
72.51858
135.96008
96.79415
67.52849
70.19396
79.80064
15.293613
39.12079
51.626854
113.3154
101.001335
32.22763
1.7107905
70.78217
104.636345
70.85285
114.925316
70.93174
83.00759
66.32721
57.099712
78.66313
54.234055
33.44105
124.87942
72.85373
107.81043
85.35376
65.52556
40.2854
93.56436
74.586876
118.72269
51.271084
183.69722
104.402435
77.845314
80.96869
117.58106
51.474133
52.473618
78.42293
20.777788
94.13628
23.808151
69.931984
21.043673
69.13904
48.87036
81.041145
149.5796
99.15659
106.41653
114.270615
71.855194
15.030941
89.41221
62.166313
72.53084
46.26927
80.505424
137.9566
36.14857
60.035244
62.803288
78.61685
57.69346
86.14817
77.976715
68.88095
111.267815
28.36807
45.372387
47.042744
76.197044
104.997246
159.43378
43.592003
37.760464
61.37005
84.9037
111.69035
58.49177
109.69172
110.62228
121.995735
83.553444
116.30661
87.13002
87.36767
28.785978
53.695103
80.450874
88.183945
15.421304
35.404438
48.16547
72.18808
66.726395
86.448105
61.23127
65.813835
112.69206
39.51664
65.98543
95.882645
48.659
91.91765
79.21553
68.30726
94.07908
68.989265
57.059235
58.98412
186.21637
50.82773
47.9975
64.681465
71.96996
124.25644
60.507565
123.22495
95.352234
60.22327
104.737755
131.83095
74.75675
85.33912
38.894287
130.80644
92.91678
171.95464
71.77272
92.43881
141.35185
29.713982
23.620747
69.71792
51.29658
102.9029
24.599232
75.059074
57.78502
69.766014
103.020744
110.13427
206.89914
20.495445
128.14604
113.708084
46.956783
38.7928
90.56125
55.76367
37.566723
47.07629
85.90782
105.25881
50.543434
92.87239
84.43467
95.599045
107.02617
80.323456
67.103424
37.893272
84.448425
114.98794
187.19518
71.116806
133.2297
58.743336
128.72626
37.783226
79.24767
128.586
142.64702
162.15547
14.942294
43.797188
88.01827
63.680317
100.600624
37.344498
1.29042
30.503637
35.576008
53.3583
141.97577
265.37158
87.22855
55.538803
81.37345
106.4175
66.50126
35.960934
103.46108
37.227577
55.432533
97.182335
154.15497
62.57247
74.10248
82.28368
86.77692
56.16652
120.99864
119.70732
76.48458
59.313942
30.902048
53.30591
202.91594
153.29807
55.157467
38.032326
46.719986
84.72189
80.782684
109.94314
112.57173
86.98217
88.665565
60.148598
37.7403
75.00827
100.52134
56.889523
31.771845
60.950043
121.75628
64.25474
71.36086
101.70107
68.802704
118.2103
79.12015
141.04947
76.83457
18.864708
16.316463
69.2743
61.233627
48.11355
71.78164
93.35051
75.858185
72.1488
91.17682
137.3465
77.84186
98.704315
153.82121
50.32222
49.12648
21.404766
68.963066
57.27649
83.9533
63.092457
95.07003
74.66225
32.998985
60.535778
100.3849
48.774315
48.027023
19.675467
53.147022
90.81345
109.79317
58.12006
57.72839
33.316315
89.36688
74.45096
50.829395
132.2995
4.620756
82.249275
68.03557
62.69995
80.04638
116.50848
37.922314
60.677704
29.072708
80.64321
79.83453
62.68669
43.970673
29.116121
41.40886
124.19558
109.25601
98.10572
52.070293
42.361988
145.42639
122.46717
31.474604
71.58017
66.46848
3.5562797
80.11269
126.12514
67.2999
44.45105
88.273224
48.49711
88.46167
75.63132
55.638428
97.009834
77.48076
79.28832
100.34895
93.17425
146.23314
88.49389
88.158264
42.97715
68.25337
138.62724
54.407204
84.70413
121.75013
61.78469
78.44566
21.371336
92.75093
62.46456
46.362617
54.27677
66.355705
70.42494
89.02111
105.61004
25.009361
77.57449
88.20131
57.106632
30.122234
117.96142
66.620995
79.984985
50.4473
43.75991
82.64124
68.14176
74.783844
141.23788
39.724167
72.10021
59.674877
40.435474
46.836536
68.31963
65.956024
152.9454
194.66412
120.47078
169.52486
78.1951
49.207165
75.47403
44.58801
174.82825
40.22744
92.029686
75.55913
30.902847
48.451645
113.36541
42.306396
67.98905
43.450916
62.210403
162.35
25.518736
9.401721
92.93582
139.52037
78.61298
78.77256
64.069176
76.76494
45.61026
26.950903
63.129425
103.120476
74.05714
112.87675
93.93914
20.62418
113.16756
33.415985
36.58347
35.872765
67.257744
63.164337
78.53583
153.19926
122.296814
55.084072
80.591515
81.886536
89.76712
63.836594
27.12104
36.510746
11.521909
38.886574
62.56312
73.89077
37.921524
80.85159
66.599846
68.34367
77.4614
115.501564
145.8252
26.218534
74.027756
56.300003
67.11572
38.335865
53.228317
59.27752
100.27444
108.56718
64.396805
69.50285
35.77413
100.305565
64.65417
58.97274
37.890064
77.773346
75.17465
85.82595
53.987484
67.812515
78.33768
38.545605
76.4376
115.94049
80.36372
102.6727
30.696646
77.799515
54.75441
76.779205
61.61823
110.5957
43.841015
98.266495
34.163292
108.22055
60.925472
101.382454
59.19945
83.69064
45.74123
132.79405
42.78345
117.381134
65.58826
67.88562
93.47958
53.07267
99.38289
83.461334
95.9829
51.470943
103.38629
75.04969
168.14189
102.23815
59.92625
91.86148
47.707
32.563812
68.36601
152.21468
71.029144
25.920317
35.79522
124.11474
122.74429
12.1762905
68.42035
42.577686
40.246304
125.85098
98.369415
55.344902
44.925797
86.20502
91.93949
52.245193
33.827362
81.93711
68.154755
45.32964
62.80459
43.963634
88.677734
77.22561
53.12308
82.39262
70.240654
126.98102
91.48667
53.190643
143.95064
86.023796
119.16517
60.31022
95.95334
54.547222
92.06233
179.87033
95.59452
51.722748
116.77332
128.8266
80.19843
96.8657
100.84826
79.1328
64.94405
90.04254
118.75269
12.537908
55.553673
48.765923
125.32328
56.84832
60.529594
118.20825
76.31596
79.53096
75.91778
22.390692
69.77773
85.72106
72.341156
60.49868
26.536964
129.95662
67.92038
118.42734
111.60452
100.5865
147.23697
94.24547
87.45651
84.39896
83.31279
41.84751
79.197556
90.86899
49.02357
67.23055
68.94119
147.40086
156.38503
189.01122
126.57039
67.62037
62.16147
70.69624
78.060585
108.35222
235.2459
54.35973
123.24041
34.42578
49.24961
73.48749
86.490105
99.73906
67.37186
58.590145
92.39988
42.383614
38.875576
83.10458
33.286163
73.379456
44.356266
57.17106
121.77388
91.55333
90.24312
60.680683
170.4227
93.656136
82.12647
22.022495
38.985867
37.93674
58.982235
56.007504
98.94449
121.61326
91.733665
134.48422
56.224243
75.14538
164.5835
24.40174
46.78917
126.98752
48.695335
121.136955
28.671972
55.53265
70.58174
24.569975
86.51083
85.58186
108.63329
75.56247
129.34863
35.79562
81.172165
259.79294
125.2282
66.98782
81.659805
125.91564
86.40513
164.18768
102.77817
65.73559
67.52289
34.572445
36.963356
75.16229
95.04817
34.349827
88.75781
31.660402
100.671234
89.072624
39.041096
63.638737
89.700096
107.32485
144.52074
143.65002
46.688087
89.94478
135.91757
114.06421
69.712296
79.15537
47.047752
132.3605
80.30308
60.87233
58.172104
51.168156
62.707596
59.138805
67.15561
50.006203
92.19891
120.00338
82.14747
70.0662
67.140144
82.16963
87.166534
74.0939
117.50865
85.4581
62.915253
89.15004
66.87193
20.34799
53.611507
83.32233
92.834274
101.69522
134.91475
69.69791
64.78112
15.741441
119.341705
72.35619
54.395462
104.454926
197.40456
87.87978
21.3476
100.2313
25.857224
18.920723
82.0943
60.332813
49.27162
64.29969
92.11381
107.418976
25.63895
63.342445
99.196526
29.539745
30.30515
45.312862
120.73726
122.653076
43.05826
61.54623
135.92764
57.511734
75.05934
80.49936
92.37497
86.0082
134.21288
44.150185
91.68044
89.428314
53.99077
54.10709
116.39171
119.08521
119.43004
119.842804
139.79156
113.89747
131.73178
149.44392
71.72871
100.7183
141.00821
95.49798
202.2715
104.52731
50.572975
54.53561
118.53662
50.599834
109.85167
2.8840313
63.86104
100.44758
116.510605
64.370964
74.86689
43.12219
71.595345
66.19616
83.493835
90.65486
63.243095
73.014114
34.687454
78.29192
82.41923
96.87789
18.342463
24.72871
69.76023
90.60126
61.209667
34.200836
84.977806
88.79031
190.33124
213.46182
135.49223
147.23393
104.78847
106.45092
80.41374
104.8668
62.385696
93.88439
108.231575
113.199104
36.797794
117.113304
117.38865
104.6837
107.473274
56.559837
159.87006
136.74239
109.039665
45.73047
128.96149
20.873117
37.61715
103.6444
71.01646
84.25613
30.410938
94.24631
101.31435
129.55988
100.14489
115.64516
75.82518
91.82291
56.607418
98.219864
52.472046
114.869026
47.458622
109.85446
94.040504
68.32631
144.00577
48.80392
89.10269
42.12798
19.39811
46.107113
42.579937
61.895844
71.91544
60.98219
101.23735
61.840958
39.077095
101.92023
48.26465
34.17091
92.40535
126.4436
38.38127
94.469315
21.498909
66.34769
108.76895
77.775085
50.2679
80.56983
114.83829
81.9377
77.85465
90.69768
55.774155
74.49232
93.69314
51.44564
137.83278
48.30535
64.58171
64.24093
19.422829
153.09956
79.22429
76.72146
77.39295
62.39659
46.443913
114.65653
91.85952
28.490192
56.573223
52.16171
80.25399
22.933826
94.14524
60.77104
106.18972
48.780777
40.813187
104.4068
65.9595
112.06501
40.78767
83.78869
76.34978
69.659134
113.23421
32.880707
82.49522
44.7275
60.58452
111.40891
52.935856
7.2311506
19.28818
19.968939
42.12999
86.09245
93.57404
55.116714
45.321545
23.937996
66.92073
53.097958
98.04172
48.940407
103.462425
80.10637
96.211815
49.826645
111.19044
87.866066
188.49287
31.504988
102.54458
95.51673
97.756134
73.114494
29.485018
133.02716
85.51033
135.41212
40.97766
45.39623
84.02926
108.886955
38.490932
167.74817
72.7579
62.98793
101.98545
51.91949
51.932175
31.971035
83.625465
95.98862
34.968216
21.510723
103.92256
130.93002
110.76309
50.981083
136.93982
67.172806
72.237686
36.32547
75.9164
52.455597
84.2558
51.337696
103.58907
100.35289
79.211136
65.55777
153.22954
102.23294
86.92533
71.12567
90.066986
60.13497
69.35146
61.08792
40.606945
90.280174
75.02118
180.40256
138.67766
170.58914
98.61059
62.922276
139.14343
72.04315
56.89631
19.537886
24.115728
39.01396
94.22542
61.1181
116.24201
24.398697
41.120636
54.968403
162.549
102.489655
50.96229
56.018944
35.314987
49.233402
125.915596
67.93014
92.84932
65.24634
67.97155
109.82878
59.36174
129.39326
39.810608
74.96711
82.67187
40.80288
66.06667
96.45566
94.93757
52.460785
76.571236
46.15303
67.99009
83.443756
55.247856
64.95768
61.65273
132.64876
56.96472
63.895164
87.841286
101.499886
32.22563
111.27933
60.860176
145.6592
67.68039
86.486404
112.26952
43.96108
61.55271
101.99879
91.86519
103.58545
137.60011
124.13272
99.90636
55.218594
68.08816
49.47765
68.75313
31.630932
54.723095
77.39177
83.43432
193.19199
38.89755
62.753872
64.43599
70.849045
76.343994
34.964
104.80504
95.2795
61.869648
62.852875
94.45619
36.558266
85.527336
47.298008
57.113895
52.93428
59.411957
69.543
20.519844
123.91859
49.88655
17.010592
100.918045
118.421364
87.44845
56.60788
106.11506
57.662785
75.9466
57.74674
90.25339
108.51419
48.351585
125.54556
130.92613
54.47333
49.021484
29.420046
50.34045
83.971825
155.02908
203.29813
81.43235
157.91043
52.394745
80.86348
55.971603
85.124664
56.737198
75.79029
79.02205
106.47213
105.37517
74.42677
150.82881
80.081406
101.21384
70.044044
46.162254
82.84027
64.21318
13.98961
118.63759
90.115555
83.6265
63.275337
88.960526
80.565025
65.026794
94.366516
104.07628
71.34599
72.36007
49.299393
56.572094
99.87487
98.381065
91.75717
43.42814
49.74154
62.62353
81.37981
50.97492
127.34822
37.68882
37.286327
49.30456
31.256094
85.06371
63.389755
102.09259
58.94299
42.428535
61.352646
62.399498
118.37144
55.141373
27.47605
60.406548
31.84932
26.458141
50.27809
20.261446
55.274605
32.63533
62.091373
91.23493
124.76096
102.21966
5.1111126
87.989105
49.740063
83.30503
52.488968
90.35454
135.86948
31.592365
130.84819
67.76298
38.34871
68.1864
7.3810334
58.44102
64.416626
67.58178
33.844887
116.96152
88.84071
114.81781
111.44449
98.16588
81.00637
38.29887
62.521908
37.76758
97.354324
185.79585
106.31044
70.595856
52.905113
69.79869
48.359818
64.45683
108.042336
93.823494
41.751217
96.79767
171.06572
43.76107
54.695972
19.971869
48.89484
52.99276
90.64505
33.675926
100.26604
55.072533
41.435493
128.58836
67.97563
124.66001
65.97477
99.67163
69.29473
106.785995
49.0979
66.147766
115.39756
68.406555
45.971935
124.36813
122.641716
45.87035
38.602467
37.572453
17.373894
72.389275
65.17188
43.20253
111.32736
82.0103
120.95026
151.46577
93.15645
64.73453
91.046455
77.585526
86.28125
44.609283
112.282936
72.44015
89.74087
72.29352
74.29206
25.110855
30.480974
36.85596
126.95441
115.119736
60.78652
117.399796
118.992035
166.62726
50.162872
85.941505
141.79482
82.52351
104.222664
39.757156
74.068596
57.369854
52.61326
60.58332
82.68345
91.864685
72.52856
87.12734
104.77127
58.334618
65.08053
62.891876
106.56842
98.0242
84.01496
97.47141
85.72067
37.51289
112.204834
63.674995
100.68374
133.49847
82.31734
116.79854
82.088844
43.930332
62.500107
73.87025
138.29364
153.58844
52.089893
63.25235
26.056452
64.146736
75.0074
81.65017
91.79488
47.618107
34.498077
79.7495
128.22806
96.94961
24.627586
62.22164
63.71361
17.412344
85.89292
87.61055
41.981155
60.0148
82.67971
64.277695
72.827835
54.96523
66.00707
40.453358
114.97239
72.9766
108.65845
37.3807
82.11495
73.12284
51.5754
43.95928
82.9331
103.3963
77.949974
37.083244
86.810905
24.282907
9.837008
44.981792
130.2161
39.435066
74.555855
61.27523
49.10637
66.36577
50.59342
45.828964
18.369991
83.33294
85.850655
76.17148
55.64221
75.239044
161.74074
79.051735
84.97838
25.970095
4.04379
45.74423
67.069786
111.07373
47.386402
96.39927
40.1215
212.92963
90.441696
168.90514
169.32213
41.91772
139.70905
107.539474
79.91484
160.26196
63.41445
32.03252
29.823912
131.13557
60.17479
96.35935
130.42514
66.58574
76.253815
127.11417
52.52874
109.940186
69.66701
70.476654
96.87015
54.32101
75.128
88.05388
73.27495
16.091375
87.40148
91.83821
116.93024
78.9836
45.885864
105.14889
148.38463
72.01507
47.99801
20.827232
72.07739
145.33687
209.96002
61.880375
46.834248
65.1749
71.741066
89.92718
58.16715
88.16395
81.30042
63.203773
143.02573
54.434048
65.26387
107.47118
71.90906
17.188313
79.535965
104.82299
46.519794
130.42265
122.98049
87.5971
95.918076
81.046776
105.08876
52.3159
123.220314
79.87129
95.369415
75.53795
55.315273
59.347244
84.503174
62.656265
153.82404
42.15187
79.35182
50.216034
99.70401
116.66377
52.502354
20.971613
94.86866
82.52151
95.29465
168.9236
51.677715
71.79877
81.86239
93.022835
39.87095
72.6584
66.357254
45.749126
54.434658
176.29408
56.663868
79.6146
56.789444
63.878975
21.812746
82.78732
95.0383
37.73758
65.617714
46.356823
87.9255
24.072826
59.39411
67.54223
67.97874
94.184395
83.7565
83.41747
58.814034
69.667145
71.81667
114.82034
121.63829
101.37944
106.05849
135.12146
54.865963
83.113396
63.671722
99.82761
97.065216
94.46347
70.67186
78.72971
82.922676
79.65953
139.82567
111.368935
101.21491
57.636925
89.65197
147.26685
36.24336
50.928104
32.706898
100.48772
111.096306
65.07402
84.12993
121.446815
47.169346
107.84058
91.29812
29.5716
97.874626
50.08331
108.75024
85.734344
103.98576
156.41647
103.981544
128.52846
131.11446
130.40092
253.38463
99.87555
93.815186
87.72061
79.82541
53.487442
73.35324
74.387375
104.66855
55.5584
55.005814
84.48118
56.78444
76.17396
39.31911
93.77655
69.41579
139.86781
33.200417
73.08958
58.949184
125.85903
135.2464
210.03072
67.31674
62.04215
72.787506
116.81254
63.59427
105.47383
76.779144
122.089264
51.636276
57.219494
121.31665
43.017834
38.663887
73.298805
65.05148
63.692207
36.96192
60.049957
48.722218
30.33542
56.956547
62.084175
4.886653
75.96832
105.66734
82.317825
97.20641
70.62942
52.852833
64.85319
29.799671
64.90474
42.4056
51.32627
96.05682
100.47621
65.93033
44.60051
69.25796
70.09
141.7646
73.97395
52.71514
88.86568
40.006794
27.470547
42.75016
104.22722
68.57264
77.797554
113.742294
83.535645
49.84998
24.260252
88.12143
50.436275
15.400662
134.04358
127.66686
126.934265
102.51254
35.75719
19.569204
128.17572
95.14402
66.4373
92.74232
127.43507
51.542133
70.055954
125.82269
46.137806
82.124
99.90539
84.57993
105.66039
150.90916
57.27144
64.356995
25.924526
53.665295
68.948425
80.010796
48.114414
39.82111
47.669296
22.237602
14.1909275
31.18741
88.06714
57.807148
118.85065
72.96288
57.91717
75.88789
97.09617
69.43747
69.22223
78.40275
86.26116
34.402042
19.638077
133.22238
9.170806
93.5149
60.770653
95.4887
140.6559
108.4652
75.34707
112.089455
61.964508
86.60958
113.37841
95.736664
175.89516
89.34686
72.74548
44.537228
56.99156
71.60967
121.14987
19.008644
72.43418
172.51277
92.98215
126.27713
81.56799
118.94845
40.68385
57.270844
55.880394
112.443214
72.54356
63.468395
77.98402
116.08037
80.100395
35.46681
40.057407
75.5788
19.665205
34.096485
61.182728
92.15197
28.829973
35.861
28.483604
102.58991
67.52603
46.95461
45.11449
38.827267
75.19148
45.14918
98.952324
117.08086
42.179165
88.55571
127.55332
111.790794
62.532734
103.586174
81.61517
65.88774
61.34644
53.632763
58.694077
66.97359
90.499306
68.146545
64.01643
23.085878
66.51846
44.82301
45.310688
76.434525
70.98931
105.41089
30.944912
33.587376
96.11643
116.33342
60.708492
76.854416
54.293488
90.22579
57.778454
105.898285
34.59729
86.250656
138.88124
35.01562
24.747053
81.365875
84.587685
79.44046
101.645515
94.191376
68.52646
100.30628
97.56386
58.464813
78.73948
116.84848
44.422256
87.0204
77.40415
84.97878
48.09719
101.81285
75.81214
70.60081
98.70812
110.137764
67.069626
61.99367
34.428165
94.68779
69.01342
78.91366
53.91519
136.80788
41.767075
66.368996
78.59854
37.20344
29.815502
65.85559
69.17063
40.925026
20.351513
58.698387
84.39919
73.94966
106.57681
94.26764
32.560593
42.286983
78.486275
28.060118
39.805637
44.597446
34.82788
81.93078
123.108955
47.03209
65.0401
114.80501
68.02718
36.38691
82.06354
56.286808
45.397926
75.94856
19.339165
62.35346
74.92919
61.796024
126.371025
89.87548
78.919044
73.92136
65.33224
59.037716
28.683678
78.36982
51.820297
31.04323
25.204111
64.00301
163.23251
11.801112
46.574253
101.41379
118.12334
101.880745
98.71164
98.561
82.98943
83.3154
62.661686
116.86014
39.44728
74.22897
94.062805
127.094894
85.677704
90.44731
167.77301
93.559685
97.791985
53.209625
118.44933
49.58335
44.757347
58.117657
126.651855
41.17756
77.79768
103.42758
89.22605
34.53511
102.426506
93.40335
57.10646
73.95452
129.62422
25.379238
69.06636
51.529102
72.301384
145.14978
140.28995
43.36724
71.107346
63.33828
70.98108
71.91869
45.152344
96.81561
142.8563
76.11832
58.102184
104.08988
133.66237
51.377598
80.84717
73.01382
49.248856
75.85961
82.15221
68.13434
76.80669
57.98467
34.074623
41.9736
103.511894
92.1433
39.22879
55.604755
109.13457
51.83434
63.501965
41.377575
93.87197
63.792637
108.55102
48.044178
119.121994
71.26957
74.54434
48.860733
93.19259
90.90976
195.4156
110.22875
66.4539
49.807053
59.066105
73.759056
80.15937
47.727554
50.468994
78.93639
50.89724
120.314
115.92103
63.105026
42.70527
75.129814
64.213524
65.91224
141.82121
104.632385
45.88651
60.929733
62.28167
56.40063
70.65833
54.005375
98.795364
63.742607
84.213005
94.720505
110.16861
21.779577
89.52078
63.84434
101.13215
110.71969
37.197968
151.1356
83.90204
149.19356
110.99341
87.70166
73.226776
67.74016
40.200527
107.39299
83.26459
145.03827
132.6207
86.139496
48.25129
56.160824
37.534393
30.473333
72.33765
89.7839
74.09435
104.17725
33.577362
33.967358
150.2881
35.170643
77.2306
87.796326
31.568132
106.83395
29.766071
57.040627
69.25205
80.926315
56.575527
39.487312
101.5122
78.63547
66.32953
29.72272
76.09707
78.34627
37.408997
119.80127
74.97249
41.972008
65.256836
82.16814
110.12919
60.7145
99.14282
119.10454
81.70218
57.271618
129.66049
21.811163
149.69397
67.946556
149.08305
3.846396
71.91071
116.143486
86.8572
48.791805
61.251118
182.26585
147.65424
120.576836
59.300556
50.9545
37.189316
86.4652
128.71765
77.5434
41.873123
48.7943
85.16392
99.29081
77.6496
78.51725
144.7986
50.882675
75.73623
46.632492
107.82509
78.47177
246.25139
25.798965
90.905716
99.66748
39.91425
22.5859
120.03358
92.03872
73.606575
71.88181
40.96742
84.90977
80.14507
97.63943
62.859745
91.73156
123.05689
147.42615
89.05908
86.7785
129.21225
123.33619
70.198616
39.789257
43.358864
62.32565
73.83017
67.40151
73.38587
47.669228
63.0015
88.44371
49.643078
48.361282
39.278175
94.76316
54.410908
39.904625
81.00901
100.1745
66.09622
49.80831
90.752625
94.78424
36.100292
108.44007
55.287254
107.75333
102.75411
69.45045
74.22807
52.15002
69.61322
63.38228
174.76465
108.543465
71.134926
108.0382
55.56161
91.09578
57.86524
50.2135
24.214235
124.0315
81.948524
87.71944
18.78885
51.5427
56.132393
96.15698
31.077251
72.750046
69.93486
59.459442
23.24407
219.27325
78.31613
23.329496
90.74128
36.57766
53.851532
74.62586
54.56217
52.177547
52.179012
66.30367
78.74922
30.108685
27.346504
76.66002
77.698616
105.00135
25.098316
94.531044
54.300594
69.20905
106.43228
138.13333
61.223736
130.3519
41.02649
158.69751
121.12821
107.05336
58.951916
64.1115
60.979584
92.531075
58.377007
59.39159
119.17671
21.033154
26.208214
47.223167
108.98026
89.220726
61.072075
78.658714
114.76949
71.77156
32.21107
79.291626
33.302353
85.894745
74.24771
56.66078
80.075
29.242386
34.580864
70.50802
58.76158
61.817837
17.926756
80.03982
120.41341
105.44786
64.04134
34.68666
63.032803
72.67152
64.44843
34.28736
132.15446
35.340065
87.140175
66.51586
46.115948
85.76394
42.193295
41.53812
124.793076
124.708664
73.664
59.368553
81.33326
77.44145
134.01547
75.53816
96.49185
18.097403
77.10544
73.529655
67.89857
92.50984
73.55381
70.29055
116.07387
107.67073
43.603058
65.77419
75.4988
23.797974
33.53006
31.036694
101.582726
65.92525
35.515305
49.746075
67.056
73.04817
101.41825
7.7589235
62.793297
68.45625
46.148293
84.73342
87.85378
72.26982
57.959694
98.141136
74.9923
127.213905
80.17853
75.833954
86.77452
133.15448
98.81378
135.69296
124.52298
24.62711
129.41891
53.598087
88.176605
40.002476
198.14523
110.39599
40.671844
48.750763
69.64241
104.74727
91.56111
37.81239
95.16519
93.11077
157.26485
130.88283
89.63636
38.843014
83.15914
115.30723
24.504831
79.16643
84.17749
63.349316
31.078388
122.87344
71.17861
34.866467
98.41168
124.295166
62.141216
78.54105
37.473724
38.026157
73.01171
67.5273
111.85583
126.68657
166.55031
44.232723
31.911446
64.831085
91.8563
49.15236
52.498158
66.547646
100.65991
56.23241
78.237724
84.746185
96.67306
134.16847
108.357765
118.218605
89.032814
32.78093
143.16646
20.036348
74.49725
73.292816
153.29124
84.48873
95.73613
19.059145
34.116848
57.442596
127.481094
73.84739
75.42405
38.989494
89.21076
94.717
52.645164
28.665272
110.32198
122.58395
50.974655
57.541473
123.08866
24.371483
97.91937
156.4999
50.701096
100.192726
35.688194
145.52876
91.91437
102.004684
60.139103
81.05719
22.244314
55.69972
97.34498
113.6544
58.322857
95.89306
55.126766
123.99336
119.36531
61.33013
62.604893
74.83573
82.58391
39.75471
40.447334
52.988754
110.412415
75.118675
68.89934
87.35806
48.898945
35.822037
78.61615
113.95739
99.68039
144.82169
45.33991
98.122116
44.691925
106.884476
139.98537
46.32527
100.37239
37.282276
66.71173
42.59779
33.642193
74.34941
50.65351
77.94447
174.38882
71.293655
102.081604
69.6989
53.82458
37.789482
60.02808
53.303635
20.486252
81.33695
65.26575
149.00975
18.073593
169.01735
114.70278
108.129005
65.29671
86.84618
63.53914
30.770584
47.571392
51.623306
67.98266
53.299366
30.550423
92.67239
94.123924
50.048687
35.718624
53.878647
47.342617
83.268074
38.347504
93.91152
94.56442
55.592945
83.679306
81.564354
94.21333
52.190502
42.969635
48.16
61.899776
143.78336
118.5452
76.50533
65.77509
95.71796
54.43846
51.910255
109.97417
70.41435
151.44745
140.96649
47.44674
74.834015
167.12585
126.161514
163.22903
77.89883
43.309525
78.14545
153.1665
89.50774
107.140175
47.416134
92.96264
117.27716
110.274895
87.87965
144.89044
71.597244
88.29893
58.9377
50.13627
125.85826
76.99925
79.56509
58.558735
45.98391
113.78327
81.83669
77.54446
55.609962
145.67111
98.776764
84.99211
99.18648
35.634262
44.43597
46.332985
100.91049
102.46747
71.26315
101.06119
64.03116
67.8301
84.04966
90.2793
60.749664
53.87728
63.027653
70.51522
103.74571
80.15155
80.40069
105.95301
47.318592
54.610157
72.66485
47.712223
21.475927
112.99351
145.11606
88.798294
52.130302
63.304058
90.519325
45.42784
42.47885
60.611523
59.617393
212.8172
33.33963
80.23124
48.305004
86.862404
58.048145
112.52648
90.76194
101.03576
93.80171
9.555015
39.81648
47.137398
128.21204
108.43642
104.24347
116.459625
85.34224
75.31041
102.64229
78.46093
67.140495
52.49234
53.24594
105.10553
78.53461
52.945877
60.278915
29.197195
126.27386
81.8392
104.59341
71.20936
165.70894
36.91356
38.972855
107.23379
103.867386
81.00294
82.18505
62.385693
61.864693
100.49415
107.364426
91.11479
81.595634
82.459076
167.52039
111.12008
72.05358
166.92755
172.50818
92.96897
1.5290043
34.18652
44.971413
37.82002
80.54664
154.43996
84.187965
173.86824
61.084877
58.123444
48.6916
139.73048
65.90821
44.290333
18.869589
34.73635
24.113686
110.9175
146.00131
137.99951
100.85963
29.67571
79.50248
75.92953
55.628387
71.69956
52.314995
13.570356
59.70327
37.249252
32.773888
109.73128
108.93154
88.287315
89.94161
31.835938
88.05948
87.0613
105.015205
100.25366
49.016552
80.37088
59.200817
92.84055
111.62064
77.46417
57.114937
102.91604
75.709076
126.28126
20.35195
23.844675
71.12565
92.2563
43.019238
102.349884
77.87292
51.59204
76.14442
63.686733
90.02309
3.474794
50.177975
122.97821
79.039955
44.55219
81.05944
146.30959
103.124374
64.24438
65.403496
26.239494
120.67541
88.273056
85.68579
65.92044
27.09913
58.88935
72.43526
64.385666
61.797382
31.010487
77.80201
87.51873
25.58558
80.80541
79.457634
63.840694
51.547832
86.46545
63.87444
36.81597
73.42283
51.143322
140.17705
114.71963
185.47148
60.59952
47.289967
81.39634
73.031395
66.59297
34.630604
57.268223
79.62295
122.326355
132.60803
81.542
108.54462
59.403908
54.982227
33.18849
53.504837
89.47934
100.70741
53.624584
150.66377
73.09111
164.61162
65.96408
139.00647
82.923996
60.18846
54.69158
114.915375
39.584866
119.291336
133.78685
17.381538
124.29164
59.99208
31.869957
97.13223
103.422264
66.075294
102.79977
103.93728
48.084316
64.01713
122.988625
48.07524
32.80694
72.192764
77.56998
159.11835
70.73519
92.013054
38.735466
57.47512
55.251724
114.70428
131.6433
45.528175
13.559776
65.155304
81.8877
57.347584
53.271114
75.57592
64.713486
43.492714
78.07695
64.859764
94.18024
138.01859
68.317566
49.638077
46.69866
153.5282
122.80875
55.992
95.25806
86.494606
60.814102
63.09246
88.4448
37.868004
60.732075
73.059204
111.48695
102.93443
123.87629
57.24911
101.402054
38.890785
148.26868
15.95985
19.371143
56.21413
27.515688
94.680046
42.806763
10.441523
104.161156
72.61148
56.526886
92.79343
50.92932
94.73118
0.5545591
85.32717
142.06862
68.93113
105.17638
66.70522
46.32851
81.401985
100.209114
68.81513
60.954052
65.794205
52.24515
101.99085
109.7268
70.96366
30.048162
99.12577
78.61282
35.259743
92.70559
100.947716
65.252014
58.576138
126.33678
81.07444
57.4037
64.91686
28.868933
62.606255
53.896088
54.02924
126.43828
94.430145
139.44359
76.48466
71.72746
40.413654
111.51755
62.13463
115.549225
125.72073
172.56964
76.83625
82.680885
88.31494
74.51362
51.39985
55.805267
150.34781
71.37379
22.816334
79.35401
69.141045
28.499859
56.10611
59.984566
97.13821
56.086193
70.48759
128.83687
31.962719
100.10016
49.81316
51.309635
113.58099
98.682755
64.60943
56.45027
87.65436
164.30424
19.35547
174.7053
60.74228
64.19673
61.192802
65.16646
72.28752
87.24718
61.423622
75.25852
162.25937
121.66493
69.45164
58.875492
163.52852
34.040367
52.035088
93.25913
61.56199
92.51722
101.967186
115.54306
65.21399
93.116005
132.0053
47.71732
72.84772
85.71653
129.14914
17.462082
52.08227
78.229836
164.78485
107.21679
207.75044
70.114716
80.678024
96.999176
82.10547
133.49763
100.12338
86.70766
89.119736
76.68482
144.39926
78.342926
93.48127
68.76564
63.722
111.088974
45.09035
30.051271
32.97139
76.06379
34.00534
55.839035
35.154194
124.69406
135.84438
77.15705
86.98637
133.44052
120.26352
81.14086
73.208275
125.55375
132.16537
108.0451
96.28795
50.95509
92.45694
74.567444
88.84225
132.81244
48.209686
61.25847
60.412796
21.816904
79.00876
91.97287
174.10437
110.2479
111.22534
50.352795
73.35147
65.9862
119.547455
55.032215
201.58864
38.493576
63.836414
63.072166
112.754105
90.4572
123.03997
94.61379
69.36007
62.31756
73.27256
71.59143
55.66942
87.104515
20.99636
87.08085
69.8418
87.37378
63.538383
108.549866
80.03278
43.046486
116.31579
101.84848
99.41997
81.24399
41.39874
70.24829
157.37875
158.70088
147.79149
66.64972
80.89244
99.340675
19.69974
71.93848
83.833534
102.44842
74.236725
127.43885
110.01825
106.14634
73.63604
37.44147
64.98582
111.02579
44.091957
57.67045
89.44417
109.23626
54.86569
29.205727
110.006584
122.36013
75.752426
147.74657
69.60169
98.71463
24.76266
38.406986
58.64315
106.13204
65.24686
94.19883
99.80494
126.691154
13.351854
35.660015
70.287575
55.46741
75.42249
19.75435
92.53655
102.31784
79.06247
151.27147
106.835
22.5675
59.962475
66.9057
36.70138
80.797806
115.40448
13.025368
98.2138
71.226875
20.791222
61.40042
58.49275
105.844025
90.47549
62.209576
85.6229
81.44369
19.378595
74.67936
58.66417
66.01908
59.990776
83.58707
118.42876
113.7087
108.928825
16.20665
47.910137
59.879066
61.257744
147.18362
93.91586
72.17259
145.67642
70.73563
112.808586
71.26094
77.399765
66.19117
96.83961
57.03583
98.21625
62.950356
93.501785
51.849503
37.03488
74.79765
48.35939
88.81306
148.48495
96.276955
58.127075
104.61391
100.20581
26.300268
73.687836
137.8571
95.597244
47.24282
53.181637
84.23894
95.05888
69.16079
96.46303
74.86449
116.63261
67.03034
54.52877
113.52393
92.44175
66.14324
187.4625
78.85122
91.67793
90.83688
89.76548
30.058155
91.54825
45.144547
104.72611
90.85675
192.28717
108.303734
72.021065
80.31952
101.73834
76.84857
49.15563
146.89043
139.85266
158.01732
55.77236
48.338272
80.09206
78.12021
105.42752
182.33292
69.11691
127.93606
79.45567
87.96721
164.49065
86.95253
88.59515
51.258087
66.66248
85.86875
31.970592
154.66603
56.3268
142.65096
98.63519
75.32635
58.686966
90.379425
141.83913
30.258356
137.26707
52.522972
107.63411
53.158257
67.36819
75.58903
125.00041
150.81854
89.04196
72.96686
74.69493
65.7296
67.28159
69.40065
102.00203
52.099354
95.21565
131.80489
86.95407
70.89247
71.06997
83.66951
161.71298
71.148384
69.60857
80.264534
111.66909
53.80339
13.718548
56.42836
86.465324
71.852005
33.945377
62.360485
88.011894
60.547733
144.9295
107.958405
75.54513
67.49818
79.09576
28.462963
102.61779
105.67115
145.21497
46.091187
108.150505
92.76818
83.35246
108.752655
95.16608
61.938526
73.583206
118.26954
26.246641
92.62639
24.355536
104.3078
67.00004
56.25788
48.29944
49.98195
68.743
39.186832
49.781548
64.41743
68.91428
44.230698
36.448044
41.789986
63.421913
134.88408
100.639854
85.26254
88.01547
44.757225
117.96907
48.00608
82.82338
91.81445
87.833145
57.034336
55.904385
63.20056
107.510254
124.751175
66.28859
76.06358
102.644196
41.16103
66.13249
70.905945
81.45857
176.02664
91.21017
71.51289
58.774677
89.85784
91.74516
27.528994
85.130394
30.862871
19.553314
72.26631
23.561586
111.12221
23.748634
104.957664
136.32222
77.43017
70.700516
111.252785
83.03262
56.93977
43.103813
159.5661
170.90222
79.28867
95.89801
85.863106
58.24342
129.18127
48.59102
56.57311
156.39041
127.94779
128.23198
67.597855
101.18384
79.78723
109.99896
59.27477
126.05797
28.061888
76.887794
59.145294
43.208237
90.34999
115.9879
44.42485
56.289375
47.17925
101.53995
49.791805
105.21858
130.60141
134.60336
87.60027
100.92571
38.15276
43.756172
80.813545
64.013336
45.221626
194.89047
72.77004
102.06915
51.426884
74.055664
49.079796
87.24134
135.42232
64.02053
78.9371
85.20187
103.08193
117.719284
68.624176
60.891235
66.87359
66.58765
55.650692
87.576355
64.365524
57.341507
60.86481
119.74533
110.08333
67.680275
128.09409
83.55664
159.05206
94.291306
55.68306
50.97294
81.63366
125.516464
106.72037
57.215927
96.0496
144.3915
47.965477
49.536327
26.91202
171.47218
49.14326
59.335552
44.27206
57.882145
89.00881
96.09571
72.78171
50.233677
150.26048
77.316
54.208458
105.29551
91.21031
136.42633
59.81618
86.64151
45.16542
127.48407
70.8698
9.398243
111.37398
68.80499
31.821875
32.3779
73.13368
63.14299
41.259766
88.552155
76.607704
50.60084
46.71995
147.9957
55.220284
71.322105
45.90061
79.8657
83.51213
72.33252
40.400352
161.92847
123.43383
112.155655
84.70679
70.22717
38.946278
80.5652
60.85297
90.22767
18.347643
121.5684
64.26237
80.150955
51.423073
47.55427
92.89032
80.49263
95.44469
62.00569
38.62962
123.75014
61.90513
89.76668
39.616695
46.2679
91.83277
66.91864
36.557465
31.998241
88.791565
34.29191
103.0962
62.99791
42.808174
47.460655
59.868362
73.21911
102.77106
178.86371
60.094215
87.390076
68.23693
48.1064
123.157425
143.58765
63.241127
15.417328
105.59015
96.65462
67.14724
49.268723
97.24673
92.196045
71.05361
78.56723
95.32645
73.66597
33.87203
38.26259
128.648
63.352207
141.5091
80.13704
182.26967
140.81548
66.66127
108.33116
67.83489
36.337315
74.21213
96.38423
70.32149
41.364925
88.29228
89.15743
51.57083
20.118053
48.401478
101.35868
133.91437
46.56473
46.35702
136.16766
111.92436
54.220722
103.54231
38.143795
60.2915
54.06914
66.81251
106.40499
42.409393
74.49293
82.33866
20.297857
45.92127
51.7835
73.20463
34.70866
51.234085
74.03063
127.03811
88.565765
60.90106
91.13602
58.68458
76.6239
32.525623
61.790524
78.90144
97.18224
67.78188
81.169914
62.554615
79.37442
82.00048
215.68686
197.70628
106.93021
71.14248
136.92859
48.188324
66.52981
110.57548
56.314346
79.692184
103.31787
154.00366
97.93463
80.66106
64.01486
73.64409
144.00253
16.811539
38.623817
45.61933
70.398254
55.468037
48.255596
46.590473
62.803417
141.5798
31.24754
114.566475
51.412437
77.22058
58.487057
50.38196
65.244606
77.03446
73.89581
62.513252
159.86673
71.76138
63.288754
81.76255
54.092117
109.35667
33.726944
111.97967
73.00135
132.67479
70.862465
92.720924
59.847885
98.73541
96.371506
100.77894
57.13965
111.46791
90.28059
126.09211
97.66762
57.18823
47.270683
30.889854
63.104332
115.15041
30.719458
34.29959
99.054
98.66755
98.06965
72.26776
23.687546
93.20224
97.59909
25.655746
20.994413
41.24534
85.58967
59.225983
56.149746
66.23152
68.591675
98.85356
63.14884
114.64981
80.183784
66.535194
76.69798
111.48088
62.76375
96.05046
80.773346
75.98924
159.1254
74.31936
64.74476
55.432934
39.74957
90.74525
32.942524
32.511837
109.62681
75.0879
41.630283
129.54094
82.62671
87.98936
107.05023
115.569534
133.39699
68.39951
46.059513
54.626514
123.50945
36.97584
75.73931
175.07092
109.629074
106.3697
38.042835
95.54405
30.37075
81.77066
43.34244
67.77519
62.41418
72.01091
100.29015
83.45877
81.993484
43.993862
35.512104
62.314053
21.041216
71.57895
42.333107
21.433125
59.280167
39.009842
135.84262
105.77909
77.91769
24.547007
96.77533
91.428925
80.45415
110.75162
82.168236
23.661963
89.8095
53.82802
27.442177
104.329414
59.48362
85.64034
50.936153
113.97141
117.02381
35.55254
148.39647
22.975231
28.321308
40.195587
77.68946
66.32919
106.27716
56.538177
111.89224
69.384605
65.25251
63.65625
99.48151
28.010683
74.632614
93.7999
153.69685
19.342321
21.244535
70.2904
94.51531
80.191696
61.209095
78.695435
92.24777
62.242794
109.78355
91.15174
76.19235
75.17404
43.753174
59.30211
34.959484
84.745255
75.6612
22.772982
94.676384
67.6769
20.654463
104.5043
72.034294
37.436703
140.69623
111.482765
63.98471
52.37732
46.810524
87.70812
62.420624
99.477806
66.175545
103.659645
81.26961
33.860947
88.01415
71.5915
77.20266
116.86412
65.94826
76.27035
68.653885
72.47601
77.33136
94.017746
76.87132
98.703896
54.087425
51.88906
63.230194
60.354122
47.009853
44.9405
109.360466
57.108974
81.441475
128.9285
141.4003
112.8417
71.85257
102.585266
90.1647
35.568665
75.18542
62.690536
62.886723
110.1929
63.810703
150.07639
74.546074
60.103535
63.487114
53.418785
18.290325
29.663288
38.098442
43.715088
83.820206
29.41386
104.37803
87.88114
117.68499
48.713238
33.401237
27.238415
45.842552
89.43399
63.14231
36.525455
100.24651
18.789145
109.24368
117.92296
114.470245
127.45331
53.0277
55.15323
95.57919
45.889908
80.485466
81.90224
97.43314
84.385086
65.58991
30.959934
50.72627
114.79364
54.57977
61.368126
75.52006
59.385933
30.488901
65.06767
86.554855
85.50388
23.8919
92.598236
107.724464
79.78049
76.60809
115.52419
70.64039
106.35942
111.630585
86.58786
129.10703
57.842793
66.74344
50.485214
136.77765
58.456318
85.18534
98.17792
73.13036
56.09779
102.58167
85.346954
87.50566
41.70061
44.705833
120.72572
82.59015
27.45039
19.041405
73.955154
67.27725
104.21387
51.5711
47.949604
32.928013
39.32299
36.82098
38.90594
37.722103
149.04587
112.78666
107.92473
108.6537
112.99971
115.99223
99.461426
172.0126
158.67496
178.01556
88.70449
53.71329
146.13748
181.00085
180.34334
111.27704
59.112362
41.11656
102.08811
142.44586
41.473034
103.61772
104.40894
86.57578
42.37832
31.08106
66.45603
45.254482
55.03917
137.01178
102.10804
51.95679
91.94127
53.63773
93.3029
71.28986
86.54409
59.823467
95.19075
67.74157
55.67998
79.96656
157.28105
43.260025
36.00644
66.95374
82.886566
22.507349
74.02815
22.876135
80.37666
60.87227
33.09874
82.96119
89.378235
117.8183
79.94619
78.538124
80.42972
62.106808
21.49041
78.795494
119.92902
64.99078
131.33449
75.38762
46.037617
74.31259
86.173416
112.8714
61.20579
79.46748
84.119
33.4374
38.491356
131.04686
84.1703
78.98898
179.3086
38.522675
48.44812
61.05268
66.029076
88.83689
25.069818
81.23743
89.86538
72.546745
28.80612
93.274025
59.133568
30.87549
32.00367
140.45667
109.07089
90.58225
129.17067
86.45961
123.17582
57.38143
90.19911
59.53469
80.65359
119.64566
83.548996
105.941826
43.920895
44.55624
158.58847
49.876408
62.487545
6.942241
49.170467
22.918316
104.34428
76.32459
75.438194
43.598354
53.79332
35.127464
39.191082
71.16208
31.099766
77.94902
198.4878
34.027794
40.88399
91.84543
72.44752
68.519684
57.196373
93.99692
47.839005
65.5616
73.58709
51.5173
114.979065
153.56674
135.39952
27.083338
93.66458
87.603485
99.69378
131.76846
73.45328
95.710785
69.12183
102.53299
75.93947
79.47253
43.03823
94.211365
29.590174
58.063717
70.142044
119.28044
104.34926
111.101425
143.00587
106.83119
95.64778
137.86272
71.674065
55.466305
8.507089
65.66865
82.87607
41.715733
87.765915
104.63131
76.28897
98.492455
67.27777
103.4821
78.59323
57.987457
112.35527
100.21854
133.08214
70.83511
59.234776
57.53918
97.76616
84.24784
42.350906
58.664932
55.714584
84.09803
30.30604
86.313385
67.9176
96.200066
35.314243
44.56435
44.679245
89.95941
68.829575
93.71109
47.112503
36.6398
44.683884
22.780188
60.084023
132.7296
65.29608
33.311394
3.696798
101.26047
53.192066
36.327087
84.887985
68.858406
63.69141
80.15644
83.84601
79.70164
112.79401
30.345043
65.157234
101.66489
78.36013
150.27454
83.4991
87.236725
114.25921
47.544254
106.449776
60.370163
131.65033
83.49434
143.57368
82.75357
153.82716
53.364506
110.584305
110.79497
66.53799
140.64058
53.95168
69.94811
83.31625
48.03387
53.37233
110.165375
24.043032
69.19715
61.432667
51.2715
89.31358
76.192566
69.56313
33.774418
114.314445
78.052536
108.4039
50.3965
116.885315
70.70468
43.81647
83.71987
116.23871
34.76542
82.737335
156.08527
60.920753
77.58799
47.70804
31.54486
76.89299
69.19246
67.71396
84.935974
96.46145
31.146059
43.272324
81.4223
130.83447
6.5362067
54.507458
92.38579
97.01552
82.58956
82.09894
36.419174
63.144703
23.752764
85.928665
49.52044
78.46893
56.29437
93.84011
35.55071
107.60198
27.884758
100.211296
95.00901
31.969109
78.24293
114.73288
152.81792
12.127307
90.2753
79.268074
105.66782
58.755405
71.793785
48.34189
87.95445
56.68368
172.46758
54.14565
89.16709
126.939415
17.693012
83.36397
102.63577
69.62406
63.38297
75.47364
38.708717
48.734024
114.87047
70.82527
39.74607
152.33244
164.46532
86.73252
42.66039
68.92258
64.41997
54.441402
81.147385
41.194923
70.685326
80.08217
179.64606
73.345856
67.759964
94.186165
49.85833
56.617855
55.431866
109.47806
77.3628
115.903656
98.96512
85.0883
77.19292
44.56875
147.53134
102.22436
80.13408
81.11364
21.806408
41.795338
120.59051
70.779915
75.63976
81.019936
72.53507
147.9347
68.39977
192.08461
67.3091
51.276413
70.09885
42.046005
115.76866
52.985207
104.192795
81.85212
46.083675
31.842993
37.213108
141.08722
75.90135
110.14133
133.10876
112.93045
46.28277
67.26663
74.48204
27.172962
37.243458
130.6906
96.21207
64.29484
78.38459
61.3203
92.831955
108.96055
62.855762
62.6528
67.40503
66.964745
60.1577
29.797216
47.454376
81.90374
66.261444
145.2397
66.509895
72.00013
16.360659
80.13689
87.917015
52.66383
29.552519
80.034584
94.15837
25.531672
78.1903
32.643917
49.89456
123.20039
22.085556
80.518
154.62592
93.20108
56.238415
66.368256
40.255157
104.765205
142.10297
135.02414
35.211887
62.88607
86.16853
98.61878
86.654495
59.980137
78.42254
81.16301
82.15905
72.01909
120.76729
103.248535
64.61355
63.87127
78.98406
61.319447
107.600655
140.09126
81.08568
74.729866
129.23788
71.840614
70.57227
112.37581
121.653
102.215576
123.78671
93.79314
52.89035
81.69568
65.68962
59.152313
71.62593
115.360085
35.06648
154.31026
161.55348
63.457996
43.606274
116.08206
69.144264
103.88881
68.41944
92.458786
67.22019
84.269905
144.47421
73.24887
103.63319
136.6485
70.73419
66.46501
93.719696
111.71124
60.61459
71.1405
42.87701
92.31108
26.701311
132.73476
37.03739
79.731636
96.595665
76.25779
63.754337
45.039238
49.934776
25.767672
62.316284
17.87811
114.5717
76.29681
88.65698
58.423676
39.115997
50.646862
86.3685
102.06259
90.234924
71.304634
129.54434
117.110886
77.57085
107.14027
72.704056
95.42837
83.74106
98.94817
116.83457
97.95372
82.64721
74.82554
62.342907
48.28943
49.870914
77.91421
15.69734
77.239655
115.10969
66.8195
62.750023
129.66676
84.99401
100.53675
125.635216
122.04692
58.191948
108.48951
69.97706
87.078705
65.42921
48.21422
134.11311
82.66947
30.988926
114.092735
52.29751
76.080574
62.319447
16.150475
87.69208
53.6644
106.46766
28.95522
46.53547
78.971344
53.567554
47.18761
70.56097
56.3264
110.125916
34.402237
43.312725
22.128338
120.13606
107.03492
66.18599
91.46554
88.42013
73.407745
31.78788
64.15449
10.154988
24.291729
119.8456
34.54857
75.248825
117.97632
80.95871
112.82486
28.41583
80.467445
108.27795
113.8058
103.33946
9.758102
43.953156
108.927605
64.17427
173.5473
84.178024
108.79422
102.82706
22.588982
99.32119
54.377598
100.94173
50.315033
81.46212
105.601875
69.14553
22.707327
97.11697
90.2394
32.070175
70.48726
170.51581
75.33375
97.13226
65.23032
90.59819
71.13809
8.280706
67.227905
133.46452
52.554676
65.5529
23.796988
38.794495
39.73064
81.372215
62.1516
83.09368
92.33212
64.780876
108.72727
101.53885
44.411133
57.105587
109.01727
112.62206
51.392735
131.38603
117.08969
138.82404
107.491745
98.476364
127.47604
162.37361
117.14039
92.10043
155.83975
55.441822
187.08098
56.941444
116.62242
86.89966
38.40017
98.36282
84.388
84.10672
58.71732
104.82066
96.32958
108.28808
41.33124
96.1647
69.00704
34.15219
100.47045
57.329952
83.26396
52.516247
39.246044
70.62795
114.64336
125.20418
87.04691
76.79401
33.004528
33.865936
102.46584
133.28346
53.620655
87.089836
131.69707
80.011986
96.68327
64.73645
44.378227
46.947765
62.594166
67.16559
60.04986
137.78563
135.52228
65.06895
71.008606
99.72726
51.937706
85.583496
57.489403
56.537777
51.547348
91.723206
81.933205
28.046772
157.42987
58.981358
52.80227
70.715195
128.06097
39.806343
96.14313
163.92792
51.384315
77.07491
72.882225
73.19629
87.12887
73.82566
77.00783
65.893845
79.13185
93.441986
47.32837
94.831375
58.901333
96.6898
29.117449
141.65228
73.4054
93.139824
73.49584
7.098752
34.136505
119.66177
64.65523
52.164375
74.00626
66.33425
98.20658
116.70765
63.535404
16.83929
113.68596
94.25785
47.675484
100.2689
90.76978
81.50821
80.82362
72.109604
119.18889
35.497677
88.199066
54.97482
52.88752
43.346413
66.825134
66.35815
69.6759
107.133064
63.780865
102.55832
86.42795
55.944122
48.223568
132.84926
90.62074
57.439156
38.03219
53.319332
62.857754
79.42312
88.790955
75.00958
104.74159
67.416595
52.996952
62.614235
72.05417
61.487694
117.72545
131.71605
117.95738
114.87311
31.595325
70.212616
91.62133
23.00839
155.37833
30.643095
62.295536
43.546074
63.505417
88.471985
62.77546
59.850163
49.457882
34.932693
118.00058
109.20572
155.36902
57.97857
82.240105
102.54737
141.54967
71.986404
45.19421
98.851814
120.56464
74.86225
72.273865
96.65147
102.33734
56.85105
31.119553
24.585596
74.77939
47.75192
90.14369
98.71269
35.13022
48.90352
58.116623
49.74303
79.028404
85.82435
125.858864
80.11765
127.83443
142.26358
66.54422
36.247345
63.413944
55.966953
29.193127
61.99996
111.92712
79.35265
27.015663
119.40334
92.40119
76.25167
102.90109
34.015976
73.393555
120.80923
67.21524
105.11495
150.53609
125.6343
59.450527
38.828888
64.332825
47.495033
85.80818
82.79272
19.863043
42.5308
42.762413
83.80792
32.995255
85.05828
46.33782
49.23607
94.629616
93.97346
43.42133
86.06434
114.64489
38.5084
68.852066
51.69484
126.041466
129.2233
209.73973
143.99051
116.614105
95.06153
50.721912
94.41451
95.3228
99.13381
123.68377
87.60027
87.22224
69.15144
70.16393
100.15649
130.97711
56.89585
62.497936
85.01063
97.1603
90.706505
56.178314
38.96071
105.78252
58.21382
55.801777
147.1289
40.22656
76.416504
47.55068
56.32235
80.07736
107.47254
43.569557
137.43002
78.03705
67.68927
70.15449
50.774647
24.213457
54.920944
47.983032
76.89391
116.3379
71.40915
63.844692
66.583885
87.316475
77.35907
112.47663
114.2516
88.163216
41.51142
44.596867
88.01871
15.763056
74.81506
106.780365
47.5223
35.29513
49.130054
62.54726
56.030365
125.286804
56.0635
82.95978
35.413235
82.13066
70.024666
198.63554
60.571915
38.374218
143.77849
25.095636
56.236507
98.45329
117.273285
41.859913
95.35678
36.83155
73.13279
78.64133
66.12872
87.715164
139.58766
54.940903
80.38815
76.79159
69.293816
88.25719
91.27379
72.94273
128.2463
36.318764
72.31088
41.92419
39.51961
87.066925
39.21451
78.86402
58.201103
64.32643
93.456024
91.26893
88.85302
74.118744
77.62534
78.03599
79.42344
102.38317
47.303276
128.87865
57.7132
80.77603
44.934315
52.427853
36.397755
61.061783
74.18209
120.48588
103.80496
98.149635
104.06857
119.49408
30.521303
127.65545
63.796318
87.51211
37.32115
58.972748
80.64884
145.45778
56.384136
35.553493
33.4058
53.029137
86.972565
108.33547
91.86381
47.063114
60.209694
42.388687
101.484886
49.752598
68.218605
82.72562
109.40632
131.20544
45.23498
74.50832
56.3785
60.66597
96.39233
71.74509
28.925138
75.75425
80.118034
67.911316
67.23998
112.32053
96.46637
118.26767
157.95308
69.812004
90.97307
38.80964
49.78903
115.26418
70.70786
127.81132
185.62314
90.743576
89.61784
66.308136
49.20637
80.11067
41.01821
111.49008
45.71258
95.91578
65.10122
102.67952
54.369022
66.583786
74.478546
72.32208
62.567486
73.33609
41.27942
96.34927
61.922596
70.90436
115.83844
89.10376
82.25024
69.11466
69.09616
40.89894
49.94187
34.14015
91.54712
57.05601
136.79616
49.917557
103.994804
91.48681
53.94259
101.93999
118.69187
172.62422
59.18368
53.118496
83.94586
49.7348
80.80876
69.9373
86.005
99.82999
57.675728
118.01136
56.998222
122.5251
41.453804
28.355097
115.40653
89.26239
42.16212
120.913124
64.142624
133.82193
104.236984
126.87612
63.63496
77.14693
104.52594
90.66841
193.3888
105.038475
41.340443
43.804146
133.17653
40.591114
57.09673
108.66033
80.167145
98.77547
49.769722
38.32313
147.58038
111.458176
85.097336
54.173126
33.59134
47.725388
73.859055
56.923737
67.44353
54.009018
101.95282
72.75243
92.609795
27.705294
60.28341
103.46599
79.9608
84.10701
80.83699
90.67864
48.754215
23.45825
54.969536
97.991585
44.848984
69.44055
89.46321
89.89002
111.61741
157.20053
111.62311
144.54051
153.37552
120.25754
19.33051
76.89855
78.20481
91.35246
151.37654
68.30512
100.21146
88.09134
62.229115
58.364677
31.909758
70.79879
35.125317
183.7909
69.64316
129.44774
93.49945
51.30125
55.847836
15.577221
89.48599
111.93063
111.12278
140.29141
135.56084
117.778114
144.1984
50.817047
100.08703
74.57313
71.06918
2.2844338
113.193665
102.38193
74.99337
63.423683
114.51734
49.08131
16.404827
56.2279
47.60583
58.86709
111.88442
119.8993
13.309778
89.31126
117.53647
89.77383
15.016448
50.679985
84.72527
83.30639
61.451324
91.48974
35.1242
110.0384
83.4504
75.14853
116.76056
41.1173
77.87559
97.710686
94.8896
58.651657
45.30763
132.87233
65.8237
235.03117
36.6203
80.56952
67.39809
32.385258
42.0004
58.046783
74.03035
163.54953
72.671616
79.99911
95.79169
66.579956
88.65457
34.604744
81.61432
61.506977
34.530746
52.519527
73.20173
19.929634
51.642006
82.21189
86.20254
82.08072
76.29008
78.04591
96.970314
81.103485
83.9908
119.91438
139.21368
95.0394
32.935448
55.82826
75.3025
41.771713
137.10303
113.08305
70.81678
107.5811
61.094627
68.652275
61.42261
103.28789
80.23541
18.286728
110.83973
85.96986
100.28025
94.45407
24.417185
47.16563
83.75937
52.369083
83.6695
105.13578
70.52856
119.29823
69.86506
42.163536
73.26446
87.06896
101.77491
104.65038
137.44685
83.991104
44.10699
147.75616
150.76569
45.62714
102.69105
129.55823
35.277462
56.902225
27.246374
23.167631
61.968597
65.00017
72.50108
82.554344
60.62765
114.89804
177.55823
137.43732
75.31338
66.903625
34.087494
66.63416
34.305042
112.869
37.557026
78.744064
77.393074
70.63303
29.747221
35.729004
133.93173
124.383095
9.461042
67.45156
136.87166
29.644112
77.27324
74.175735
105.29873
19.529854
97.53485
65.657745
116.781136
109.56885
86.79073
62.37938
90.55187
102.27446
85.32924
63.177547
65.8644
49.247337
64.5505
72.24747
49.165653
110.78819
51.24262
62.424393
93.82248
106.63361
56.94165
123.5038
53.094707
72.98304
124.249886
71.70967
60.070747
105.01181
55.02288
127.44218
125.27669
34.93207
20.629797
68.36289
74.20167
139.42577
48.729664
47.336666
61.133583
134.55551
48.935368
57.057663
99.204
44.399506
40.28566
48.77042
89.57529
56.248703
104.93158
46.02617
54.449795
72.36043
69.178894
41.606625
85.531555
100.793465
37.36005
81.84029
120.35003
42.653492
52.946075
80.429016
58.948196
21.435127
100.47639
109.66506
101.86286
48.934
48.8362
105.675
119.5783
118.61461
154.70872
50.46294
39.27548
95.18349
32.924915
80.19414
47.467663
145.2664
111.107834
41.18271
39.130177
86.58193
95.123405
94.82191
52.942493
34.688683
56.713593
125.99104
119.158875
41.147324
54.540367
129.93442
91.76838
70.83664
32.03582
84.94926
152.66194
68.48534
103.8073
79.040436
84.142265
24.864805
37.48086
112.43557
123.90632
136.89294
37.243343
18.340666
29.474009
64.471535
46.039692
105.92492
41.714493
162.92181
94.59932
116.75355
55.04103
61.298267
23.554832
64.30566
128.87515
124.8441
82.689705
41.43755
152.28264
43.77023
85.29195
52.04975
76.73479
172.04207
144.16125
156.71184
103.39303
47.445274
28.640057
48.625015
20.07557
104.33071
78.07534
99.14724
25.783625
60.19618
86.066444
103.55539
161.57974
123.021416
145.31328
116.93027
67.76724
34.299675
114.4903
57.436047
78.89898
54.167274
49.605125
146.39015
156.72495
164.54527
77.44025
59.153183
106.648796
92.284904
93.59252
76.57518
99.07271
77.5903
75.97003
44.06308
83.019775
32.64289
87.50548
116.4277
55.548264
80.88706
92.66707
78.06965
58.26114
73.80642
79.236176
62.15239
37.844147
184.71309
22.150139
55.583492
93.55929
47.35102
62.70994
103.468994
52.58271
36.95082
58.20979
18.397524
43.692818
23.066229
56.386703
92.45407
40.82364
114.18966
34.22568
43.002487
208.41736
68.10306
124.82171
61.85773
31.434702
100.36859
107.850876
52.283012
74.56676
145.83078
92.133224
71.95808
159.16327
95.53225
24.242964
163.89954
77.01283
102.360596
151.03055
70.162315
86.52275
43.768837
48.152695
180.96161
99.16016
50.816402
52.4826
131.47815
109.057236
106.232635
94.884476
92.722755
106.33757
19.636013
48.634666
112.73232
117.84166
62.69603
71.885666
106.11499
75.64725
81.18834
109.147354
59.392365
140.00668
28.05335
33.587154
91.38432
45.766464
55.72838
65.98601
92.253456
108.51932
109.984886
133.92482
71.08045
68.63434
85.39795
115.44103
71.76251
85.986786
67.22981
55.74811
38.022614
109.81371
69.17145
84.19229
103.29174
36.26575
99.228195
122.619896
119.48448
83.99811
135.66771
135.00856
145.7473
117.93276
68.525085
57.586273
156.84013
166.26193
50.21481
82.06149
51.286533
63.47411
147.14363
105.92185
112.98006
96.49413
45.018307
93.76409
44.821136
85.69981
85.238594
101.99526
76.21634
56.049072
84.911575
81.74197
140.51678
68.78792
122.27762
77.91854
123.931305
204.30057
123.609024
107.914825
119.71182
81.96289
149.07475
196.74757
61.892235
138.56194
58.480167
77.020935
78.235916
109.26295
21.161789
60.754723
70.77278
53.42008
52.232788
74.078835
94.8706
78.88072
34.35906
110.20338
93.29832
147.78119
45.15725
82.14658
108.337494
113.05663
85.753654
36.77639
45.1209
75.91037
45.11013
71.2658
43.586533
97.4636
60.48795
29.062683
93.55748
71.18935
73.102005
91.15617
25.963251
78.974396
81.19893
106.7027
93.56252
84.33106
78.090034
52.690514
39.121166
43.734688
101.66855
59.719482
35.798508
38.271835
65.98887
99.29498
80.66991
77.586395
70.47836
41.509388
39.768944
11.638193
95.4926
35.17679
70.97838
79.9775
49.75004
111.02695
109.36435
179.5167
131.02568
107.847404
88.943596
107.663536
46.778004
87.69178
135.25343
63.077564
53.157616
101.262794
19.404716
85.89053
47.460472
48.841427
98.86056
73.07619
74.03702
65.90875
59.718285
65.64935
59.11792
121.08915
34.499184
40.700428
61.148483
65.324905
29.80112
91.40083
66.16289
55.85082
57.381977
38.368725
107.20256
180.19159
62.04911
130.45062
97.444756
131.55528
35.233498
35.46037
91.89187
87.54987
131.84924
67.99801
52.66617
79.944115
66.751366
70.3572
75.545906
90.42383
52.37376
52.9703
19.294926
49.37559
83.18778
48.607685
76.80163
69.54643
73.20997
94.89523
136.1808
40.190254
71.268776
63.447998
127.28747
49.3397
78.11906
155.07564
126.36984
226.22824
163.16989
111.40052
91.28527
95.84723
77.20876
45.375744
45.89296
43.082294
41.62958
111.59876
86.47381
73.367226
136.30292
66.3714
69.31792
26.225685
48.912865
29.823103
100.46191
42.17953
57.437477
116.257744
102.36548
70.495346
68.52273
149.24655
86.91165
61.49646
103.05161
126.69877
128.28168
88.06387
122.96735
106.34997
101.12084
131.73886
75.47421
62.827847
85.19636
92.03842
86.269905
140.89737
120.257645
127.05214
144.1503
205.14156
53.89593
68.051414
64.29009
6.6055336
74.21151
41.94639
140.57225
16.764761
56.123966
165.86818
75.41686
87.11561
67.25752
60.642555
81.818375
81.879486
30.285755
57.98347
61.597878
40.577885
30.615288
63.450874
71.65944
45.779247
54.826927
57.41062
104.77853
134.09225
93.88826
67.06586
105.75955
56.742584
85.43749
128.98532
153.9396
149.92805
143.46492
93.18367
115.728195
102.05329
60.198063
83.62423
40.47488
135.95401
113.419876
150.12125
113.86333
111.4377
202.87634
42.271782
64.13635
116.719086
150.81125
109.941574
31.23461
128.47662
89.56438
116.49332
101.360535
51.679634
45.585484
64.36291
138.04797
102.4969
46.525124
58.908485
88.82283
43.660576
136.02467
78.99814
110.8574
61.88953
47.801903
81.36568
41.743668
90.91128
71.081535
37.75507
84.323074
23.413324
148.5353
183.13153
35.671543
71.400795
87.37251
23.366095
60.940098
87.45664
125.28435
38.98092
93.713554
41.4308
52.69601
41.22959
86.962326
137.46373
72.20643
99.27107
181.86044
136.42696
141.61443
47.87971
91.06975
70.04725
75.774185
47.828365
67.21064
51.29351
85.783226
115.33489
155.08574
77.1573
78.697
112.33228
69.38047
107.25816
101.79713
104.86214
84.579216
84.64527
75.95115
92.28618
103.16414
72.10818
45.585274
98.78115
30.17595
102.98836
60.502777
84.86531
188.27058
116.07802
59.249943
112.26455
84.02573
50.36077
118.69629
77.44075
58.07999
88.91908
113.05412
70.59211
75.91764
118.82836
62.235794
36.507244
116.092995
33.948437
48.218082
59.37156
86.84068
56.5561
116.46513
112.00874
87.46592
84.72978
30.908136
72.60926
88.25973
63.5358
15.809515
72.4079
61.385693
56.83212
27.505682
106.72007
73.425995
30.327543
21.788826
41.467728
102.69321
48.84014
107.25454
89.49403
62.329662
63.92474
97.49435
91.19577
36.6774
157.41562
145.71977
87.900505
103.98777
118.571
105.59132
82.931786
104.21638
66.46745
41.486256
62.882458
95.165344
141.08359
77.01009
115.87509
51.953075
68.170334
60.0561
73.95647
28.084322
65.76393
63.867294
62.687153
88.79763
133.92162
106.157585
66.32105
35.450897
31.890972
48.10561
74.65171
112.18202
23.952034
30.579784
94.33497
33.206223
74.72879
81.149895
155.32408
85.00742
66.23712
58.602127
80.22366
63.937813
94.340164
144.97792
101.67108
96.816444
135.50276
90.643906
113.77554
155.68169
85.19273
62.98129
160.34227
71.31497
69.63631
49.211143
129.82988
42.56772
84.49893
81.30856
44.663788
94.5499
169.63287
39.921345
50.244713
68.41922
65.775826
50.22865
98.48757
76.327774
62.195335
78.63362
153.70181
92.01666
57.971878
173.50328
73.21271
58.337456
128.09015
68.03011
61.6107
78.13844
39.291203
130.0394
126.852646
73.251144
128.2306
75.245346
106.213425
103.29311
81.97205
44.081345
42.03326
62.1964
22.733147
102.62587
16.34811
83.112236
64.01552
26.198357
42.496525
83.6452
31.289057
84.57629
60.998096
40.34333
81.122986
21.86825
65.84354
49.201004
36.46041
51.748024
157.61205
60.719936
182.55484
114.81385
113.797714
82.259544
61.42222
91.98197
60.996582
97.21324
127.32342
102.54088
118.2973
81.45251
62.53673
87.45284
116.04339
76.67585
169.51772
58.85579
89.51905
114.030106
128.4032
164.07378
133.61757
90.82976
78.32295
80.27009
76.8256
36.739487
63.05575
62.123844
87.109
86.52749
72.770676
65.32683
113.555046
119.03508
48.587914
70.70818
40.64882
69.39142
77.973175
43.48674
22.359262
125.60398
75.23209
105.03416
75.91979
80.891556
62.009212
60.54374
106.96411
69.81924
120.41658
60.98711
57.939972
20.35944
59.942505
42.684174
41.917828
96.879776
26.003202
47.029663
62.09045
95.89212
96.14621
61.17123
94.783615
69.49729
85.11922
57.684425
51.582672
122.650925
61.0154
66.78842
79.209694
57.071342
92.56994
83.568756
51.241398
62.98839
65.34589
120.17506
39.713436
15.361334
20.773766
84.60062
109.25821
56.9265
56.579872
133.80756
22.734516
53.63157
46.348953
68.018906
109.13837
38.483562
76.65449
45.837536
49.939938
102.34022
33.897766
64.66822
88.568474
52.77122
116.77892
57.319435
51.396103
143.5281
11.876609
65.59872
66.06173
115.74571
38.194714
143.27412
64.12201
47.101925
54.368298
71.65183
55.51995
58.855724
53.373222
87.85239
176.87453
89.46438
76.16745
36.86595
34.243557
16.568493
54.476913
78.76518
109.72375
114.84044
108.88738
101.18628
19.57439
79.32044
73.44654
56.2706
123.32352
49.44851
125.32236
135.75261
43.583008
38.78691
59.500076
104.382706
104.99938
63.088505
47.984203
127.948166
171.20059
167.48575
146.67796
111.47939
75.28121
91.6116
129.79427
68.37487
107.705086
67.89335
72.00146
163.99113
177.83864
109.688446
98.22607
132.26122
90.82223
62.17243
50.780323
85.13685
127.57283
26.878416
90.40787
41.698517
30.92703
42.599045
75.66592
123.516556
60.321922
46.43163
30.056545
53.962624
39.846504
85.47148
16.199728
50.461063
67.81408
85.06634
84.39438
40.148396
78.69624
51.06032
122.822784
63.020477
53.714478
17.36528
128.86359
123.94783
54.90984
91.86165
100.36521
75.99477
90.707855
105.18003
94.460495
139.83794
122.59711
63.36134
100.28962
15.966284
53.7507
96.34019
101.362724
78.868484
94.79856
120.12955
118.4413
35.67412
102.21338
94.93749
107.330246
58.377525
24.420635
100.8849
157.20836
156.88097
149.8094
33.63398
149.21925
37.868294
47.75288
30.100075
75.45486
23.667818
150.06026
58.19271
62.11156
50.7579
47.19899
60.273075
79.356735
113.940704
55.67789
66.40528
61.77459
151.73642
34.08885
26.98244
36.26092
58.460804
46.08434
62.863216
84.97088
100.72908
74.568245
67.10973
39.89586
117.16423
35.744186
107.010216
75.756325
126.12772
42.01053
87.43845
46.90506
142.21901
53.769764
83.8578
92.86589
113.9712
108.27135
131.45375
78.30312
93.012245
99.87491
91.10449
118.87862
71.61622
79.74547
50.21582
195.96822
31.243547
113.81493
33.4223
43.012962
89.84
93.66375
116.509384
76.114655
127.912636
115.65698
145.6615
116.561485
147.58098
67.6783
58.194477
63.006493
86.6968
74.88191
34.94517
42.675064
174.45488
34.19203
26.515781
75.27331
96.07006
78.29742
62.140312
61.16356
65.109665
35.355957
107.338036
93.31884
54.505962
50.393433
71.80031
45.297432
99.80581
43.7533
88.809006
53.384415
38.70682
102.47788
63.850266
83.03387
54.511806
92.759964
226.59607
74.37748
96.073654
75.058784
115.36526
47.914696
125.42633
78.60444
79.555244
75.14919
120.02365
95.10157
72.746086
105.06648
23.819008
29.639366
103.154724
90.75655
100.81661
35.322872
65.86376
43.228683
91.00956
45.045673
86.35046
122.685196
49.526154
102.09495
135.91893
86.565704
85.73493
83.64034
81.36814
72.738464
120.24542
104.16067
161.2923
87.0158
41.626453
108.362305
66.5267
45.475033
53.685318
61.151608
94.16229
84.91641
35.808483
90.892654
59.384155
64.19591
85.32937
76.93597
55.307972
186.7083
159.89586
42.534157
44.640606
46.23654
88.30155
41.872696
126.26738
42.223125
108.05386
39.34272
99.88554
71.74504
76.65171
34.65625
60.1469
30.789288
159.09009
73.60507
65.94577
102.613815
176.45248
58.842846
104.60593
76.05668
101.656364
57.253857
98.07901
75.67297
57.475517
62.622482
36.200146
19.989311
82.33441
82.56466
113.878586
165.77527
72.564255
44.7657
93.04005
87.1748
95.44536
90.23754
54.69067
144.23038
80.489975
102.54743
61.654232
85.08951
35.562122
53.468243
38.468956
90.74177
45.98807
102.61112
49.651436
58.62689
82.81394
90.154816
128.84761
94.38181
123.51081
86.629456
6.619177
95.00416
91.51336
129.40744
104.320076
67.62886
76.65481
116.57582
114.98019
88.052956
98.17309
44.51505
35.622196
66.15418
135.39236
77.14426
99.13465
64.53547
91.61866
114.27666
84.5723
31.082964
43.039207
36.767994
71.827415
95.474686
40.59005
77.61746
50.888416
153.85728
78.82955
54.916245
14.989524
80.32351
123.66871
59.63593
80.69563
178.37592
59.263096
141.65265
171.53755
101.281784
73.15703
120.24177
77.83395
20.956562
51.241234
107.26964
117.20086
110.46384
48.445957
57.231236
98.89597
91.48468
54.57848
123.45686
42.81592
60.22766
76.99103
50.260433
19.409557
80.46195
121.8228
47.97902
154.93842
38.523796
48.608746
61.372295
26.13915
35.562767
62.715057
142.15633
69.41007
123.388176
102.30562
148.62515
28.90345
86.18592
60.11424
44.21128
92.13773
70.48517
36.320755
33.409176
70.79861
74.35379
45.46187
49.372093
84.76631
102.97575
60.793
133.08891
177.54723
41.14545
59.899628
89.25413
96.84627
37.906437
43.853886
42.51686
9.004199
114.27961
110.44658
97.0559
116.424164
48.12758
59.20794
42.917477
17.899616
89.61692
56.656784
47.245697
110.36395
78.16732
72.76316
117.84144
133.09206
114.432816
80.99091
15.269383
97.12373
49.265392
107.16548
47.731247
106.430565
106.36139
54.779922
114.02273
74.27195
135.7122
96.15556
158.79578
211.59439
60.20525
133.6328
82.07416
53.37715
93.56622
67.67485
167.12886
98.93674
83.05943
109.60634
52.831512
96.87269
131.09592
89.312744
77.41513
152.03204
128.53325
182.3746
223.52016
85.48522
141.26048
76.67666
206.99951
145.91481
65.92778
89.41403
80.19734
59.465263
84.462616
35.80966
22.207932
51.490345
40.81678
81.538956
69.74584
91.82773
69.51087
77.94103
69.38889
75.65
95.43079
68.39036
79.667015
75.82057
116.7983
159.23209
125.056854
125.46459
116.94688
34.0356
50.426426
22.215765
82.450195
109.493996
49.47241
98.90165
55.30076
99.71867
39.135193
122.8728
103.32726
144.85516
112.81279
47.559937
96.94079
106.67111
49.08345
38.170273
57.65731
69.46044
28.183315
54.463497
143.14093
90.98173
60.719852
84.40002
56.141846
93.68555
84.58482
58.49008
68.56094
53.31255
61.63397
149.58972
112.97458
88.508026
118.80828
111.830475
59.97382
181.84631
95.44283
66.60609
55.693188
111.32927
70.64541
72.71074
68.691666
105.65463
178.00755
103.96672
113.33033
37.656666
123.067566
67.01854
22.707232
44.26585
50.0983
59.4137
16.018444
42.60188
43.124622
84.4541
98.63085
55.145092
56.011086
49.378994
72.77918
138.48094
125.82468
153.04593
91.44229
62.64364
121.03014
124.897354
108.10872
131.47495
173.93463
81.3746
85.353516
88.244606
126.508995
81.97676
83.552765
100.52413
54.97403
15.227928
24.277952
113.43155
101.886024
45.185585
112.25937
36.260895
77.88665
20.016079
45.084282
78.46696
61.02437
123.956696
71.365746
22.612455
20.494488
115.93897
22.429302
47.35341
93.31179
79.21255
59.073067
72.747406
89.92937
123.901115
213.72772
82.624664
80.25305
79.897575
41.49314
127.98487
77.16754
113.20201
59.03064
50.80756
88.99509
69.35161
98.20816
68.9114
137.71352
67.87002
139.52911
82.75425
131.6723
74.75889
102.4313
70.98902
108.08952
109.58926
41.980236
62.138885
63.46878
41.303722
121.85533
154.80853
111.65903
65.502716
23.188301
75.630295
100.05302
54.508
42.159115
73.608345
122.02175
50.520752
94.1663
19.798603
108.430374
115.310646
89.04022
89.98691
123.27578
90.0345
58.516945
51.291122
104.94156
67.366516
101.43673
85.14513
90.25046
136.49835
62.951607
81.59812
75.32676
43.61492
74.48188
67.31036
94.05103
53.59858
98.59084
91.671074
105.69388
84.044586
144.0075
98.52407
107.43949
49.217426
78.412796
85.75709
60.28569
86.302025
117.104935
95.42506
104.29067
130.03625
102.6263
105.658714
107.532166
69.80049
90.54357
114.2026
36.000797
34.82045
31.563627
77.02483
55.816383
120.04439
107.771385
130.07245
105.591736
153.64381
126.585655
37.109962
131.17625
79.59329
41.25575
83.547386
27.243332
48.183804
76.300995
40.429005
26.924335
54.727592
29.42597
78.510414
65.449196
23.794598
132.89204
87.79831
86.5967
44.560707
80.348045
48.102028
35.942818
102.18425
111.39784
35.20603
65.02235
24.003172
131.41888
75.83575
69.97489
68.16396
113.26063
70.466774
83.48477
63.522694
57.51903
58.065563
93.77263
85.924484
55.703682
42.3069
82.09051
53.41933
58.0057
100.69985
67.46658
68.221825
53.113834
76.741516
67.40931
130.69398
85.64534
67.791214
58.080143
193.57745
94.05418
113.82336
76.316895
75.2278
53.224464
62.563946
85.06503
80.637
127.19381
102.49655
55.490067
117.18547
65.971146
164.78764
63.93045
86.55293
61.201828
87.40939
43.235912
123.240685
72.91784
93.60933
127.25963
85.32788
88.64731
20.64326
82.030365
45.958076
62.80081
50.03866
86.87784
107.305305
37.364914
47.592026
100.42244
46.654625
49.529396
134.36017
61.266617
80.39007
48.64564
95.33434
100.15534
83.44207
67.69738
100.11691
126.27012
35.214878
78.9317
59.402847
83.15196
43.09138
40.49613
132.22588
124.12089
97.13075
82.26426
46.634567
40.00452
89.98471
306.74536
21.937029
124.80218
87.944305
61.87407
14.074641
85.92007
105.15336
57.350025
214.4897
61.259766
61.57849
60.28378
57.74565
61.241634
88.9794
200.32576
153.25417
113.34549
77.73845
80.864006
83.73711
135.8099
91.146194
48.6961
80.05731
14.497157
82.59936
96.56272
65.964005
70.89375
54.039948
76.97882
127.43985
46.575302
102.56233
94.04509
65.73062
36.815174
57.837105
64.95748
121.848625
51.793304
49.112724
27.851318
40.376713
18.610075
182.72363
92.1904
48.011185
58.33885
125.42492
30.537851
81.83856
126.28567
103.076065
79.51274
65.033424
69.27355
110.92344
24.216608
64.58478
60.733566
52.372025
96.57381
77.88529
71.20071
63.54658
40.77694
121.07492
74.50013
86.37384
57.61605
59.39185
146.62132
92.68213
79.14956
36.63042
41.02317
20.49555
66.01061
95.771706
116.8653
46.905087
46.42031
66.870865
113.9667
40.8194
78.09299
19.940557
55.590164
84.9979
46.8033
34.290165
211.66154
125.39031
162.9124
61.047928
137.95157
56.49202
66.299484
53.803917
73.83723
119.506
115.63194
136.47337
109.32369
116.471306
45.678013
150.35068
92.57098
70.82274
64.48945
51.315536
101.47448
22.691109
68.83584
42.336807
112.346825
49.10141
88.53009
163.81332
28.135515
55.6762
48.86084
79.17511
94.12877
89.718636
32.127747
63.309532
136.12886
105.9908
60.547607
185.15057
125.41727
45.566715
63.91608
26.264275
81.29375
71.614006
57.837967
92.08046
106.153496
25.215574
38.90185
154.26337
36.362694
77.744095
53.194008
30.872208
45.037106
61.64835
75.655876
79.657814
142.09483
42.930958
67.037895
60.37421
47.471924
14.872527
88.84633
99.79859
108.52992
61.59521
86.92086
30.90357
95.93342
2.4831305
104.9286
43.636898
93.69067
52.878902
62.92864
56.90899
61.749195
61.856762
86.70833
150.67891
40.293167
80.70271
39.82465
20.60062
70.81467
113.025734
118.19707
102.75029
62.58711
106.967415
144.98566
127.74924
131.0012
100.02378
102.044685
104.37543
79.10353
211.3925
69.74631
135.9409
100.22419
118.81617
112.80837
118.64895
79.91193
38.968807
52.007378
67.09768
80.341576
125.60365
124.40767
41.876175
67.93264
21.11443
45.178375
19.143568
37.795727
52.894962
76.43255
62.75078
75.74606
82.19691
84.090256
127.61414
45.417126
21.61732
113.04911
103.147064
67.932785
85.35307
36.066795
121.65021
79.75142
94.34668
179.64047
61.034645
85.910194
103.29751
64.783356
35.60883
70.97015
89.502884
130.16151
37.512257
128.86057
122.21797
81.654434
103.02217
22.381899
117.081436
109.79572
125.95127
119.6233
127.12384
71.55906
113.842865
123.49002
69.40056
100.46017
80.40682
51.52644
138.01836
88.606094
47.222626
123.20201
44.478794
75.95312
82.05411
80.52424
144.27052
65.025856
99.61966
63.26022
25.622778
51.217148
27.446787
91.69082
100.34264
81.81244
102.90601
94.48451
121.151855
170.52525
62.103676
63.683372
56.69031
29.66358
58.39359
36.29367
47.339596
64.18045
160.33247
71.93585
77.87086
88.378845
68.91887
57.10651
107.78027
48.768345
47.206352
72.24014
144.11688
88.7374
88.630615
39.755585
59.79496
55.849068
111.9226
60.537033
46.067272
69.0315
86.307976
29.868647
78.89394
132.92908
72.56998
52.81133
62.509502
77.55068
137.08583
25.57341
92.86441
95.813255
64.29565
40.76742
73.381355
122.52788
86.32136
120.60665
133.36429
101.891014
125.22974
136.73187
89.17958
137.07333
68.12346
59.99906
74.42228
64.59351
23.889133
68.96552
26.120132
53.250458
56.632412
115.4857
51.780514
71.63129
90.23792
84.16708
72.34872
94.73036
87.78183
79.072876
134.0981
64.50285
62.93366
109.34487
103.01995
41.295532
80.23222
77.37692
67.08113
102.207695
51.1098
26.798122
73.59493
132.60281
54.876186
76.97197
53.38288
45.791855
167.3604
71.119385
63.21815
85.21565
27.397636
120.401634
63.39192
25.610126
35.414536
138.13129
55.852573
79.60818
143.67416
55.41051
85.085144
120.273926
73.34909
201.87184
67.69498
5.101402
147.54967
103.98369
17.14877
28.76994
99.88835
120.53684
80.47732
79.42865
50.309746
27.418041
56.467762
89.77578
58.77711
29.904835
64.64435
26.696556
105.966705
75.75435
51.64674
98.95366
42.85958
102.00417
153.52574
126.38249
56.869965
65.49846
95.054085
45.535404
50.82981
74.90856
76.34897
63.448654
60.55596
101.384865
85.17616
71.520424
83.54228
120.44443
37.532238
42.10134
33.213314
58.675343
121.20885
62.22081
78.096565
46.51248
111.89244
55.412952
37.289093
106.45399
107.66194
39.217377
81.747574
111.7832
18.297531
73.527534
46.873833
84.99005
122.97964
54.197243
120.811516
65.872604
128.07832
46.38785
62.302437
51.948917
61.22209
97.0637
91.47026
56.777035
35.357845
118.499405
34.067055
65.1286
69.566475
58.41021
76.28744
140.20488
39.789364
191.46762
69.23023
140.84084
135.93
99.497314
31.55676
104.40539
42.153717
81.38148
115.48093
119.338104
167.0133
149.62042
82.2492
113.94276
72.882034
50.78406
92.415
110.5006
125.822044
44.84182
130.01836
162.6321
46.542137
41.269794
75.94457
76.89783
84.88284
81.25056
130.53423
114.01872
101.0321
50.368965
82.1076
104.58098
57.470943
110.08563
85.69758
72.7374
93.81865
103.93408
123.712715
147.78238
137.89398
125.43128
73.02268
58.73001
76.68824
89.3743
71.56811
63.16705
37.34353
75.74319
56.11888
97.41037
88.09682
14.7695
123.76392
74.58772
68.40583
124.95383
111.14047
118.981026
69.63564
71.75508
71.14192
124.03797
71.03115
34.47287
91.5339
50.824196
62.271767
97.59637
52.969448
58.80258
36.190823
73.55418
78.20223
123.459236
18.665886
121.07599
63.662487
81.4528
82.948204
46.509632
115.34048
59.117256
47.590363
79.09445
134.13625
31.311674
83.95919
86.808975
69.212585
135.8139
90.7597
36.62161
33.279778
63.317406
31.140026
51.665367
57.489674
4.1380324
50.133068
105.213036
46.313797
54.991077
88.70574
61.160423
64.50128
36.735516
52.22103
77.21916
43.69693
71.64102
43.177643
100.256775
115.05813
26.166157
95.979256
61.902237
80.127106
94.55916
73.845856
136.56183
39.572533
132.54895
87.62895
35.32749
72.34727
53.494827
57.04961
83.23769
104.21204
98.909325
110.43104
56.20598
110.90665
91.07156
117.57212
135.70702
70.97571
50.84227
9.973268
95.95655
84.91049
61.13865
67.91112
24.069313
45.837753
89.15901
79.78342
126.34834
68.45978
45.682285
63.490967
67.66032
93.45044
82.45289
31.374384
56.10175
76.4011
119.725105
31.429388
97.81927
61.37883
77.495125
72.92552
122.61296
81.653595
43.223843
132.76738
103.010666
161.3813
94.171295
144.37665
106.7283
118.040596
131.23572
95.91298
162.65132
29.663855
39.647453
34.7768
43.762154
119.67563
96.913284
95.33909
26.872576
53.37729
88.15235
54.661636
35.494747
32.31018
149.44199
38.070137
61.787212
119.50607
37.36925
34.6573
101.61666
65.04127
50.06578
59.067055
43.673416
76.7799
30.612774
66.76845
88.44629
108.97461
98.577805
76.0318
54.544144
48.86972
70.53215
21.722004
61.439247
90.055145
62.23752
47.469536
63.77617
147.62843
55.36603
48.288765
81.48873
147.06822
75.106544
51.696114
116.4971
48.46655
54.050095
95.221725
45.696102
93.12529
69.50646
63.120155
67.46897
67.30102
73.02043
33.569584
81.949875
62.791473
70.47055
36.294563
229.93228
6.756673
81.87818
72.40359
121.59209
66.68646
61.52101
76.0592
88.78893
66.04559
78.19204
34.24743
113.34423
49.386154
58.329857
47.375626
67.43405
147.99753
100.80221
85.41871
105.98224
27.96616
108.97276
102.54624
51.107574
68.87955
91.72468
71.368484
24.450994
38.51749
50.08403
102.06148
52.755287
93.26525
96.102165
58.47776
60.960194
55.7854
88.93409
62.59054
40.578873
118.671776
64.21146
77.15097
146.13565
56.65786
80.988914
73.09378
49.909462
61.863564
44.70459
72.77378
120.36642
85.92382
55.612026
46.91961
51.482216
88.63401
118.43517
83.7403
56.9997
88.1219
99.924805
116.64705
92.26537
92.12203
32.759113
57.34568
51.373993
77.900314
42.638126
86.43098
104.250534
52.43145
57.304146
51.897415
143.24886
64.26272
93.92811
90.34807
107.56885
72.63938
98.33559
72.17744
70.49168
46.865395
104.171585
80.94718
100.680176
54.012707
47.904224
91.383156
51.22661
116.10037
23.588207
97.39307
22.726831
47.657204
80.11144
147.20055
137.8793
73.07871
87.30051
48.637196
38.365646
44.10027
67.24684
22.732569
44.515823
67.50687
102.43554
76.013176
27.751337
85.62337
94.85462
43.138897
121.1474
68.391556
127.80684
70.227776
93.70915
77.927605
57.98956
84.21175
48.552402
68.453674
16.090157
47.452084
62.082134
24.894886
42.411034
51.669132
51.9265
92.11915
100.85185
111.715195
73.59796
40.848186
125.47486
53.19781
88.564186
18.60782
52.55898
112.61257
127.08376
58.08101
79.604576
34.21628
122.171776
62.272263
1.1071141
70.745995
98.83988
108.34948
104.29245
119.20753
82.33115
87.54039
83.79843
92.19215
78.23057
129.89185
52.479927
33.54635
74.9363
88.44106
115.43325
131.47641
138.05225
80.36082
91.15666
109.44434
78.851456
83.077705
158.93907
88.01506
29.029497
59.525314
104.77913
40.92604
33.47142
168.48584
75.716934
180.40953
44.95503
70.657
36.72568
87.47388
49.090458
44.295685
44.276146
32.76222
108.72322
50.559277
147.92705
62.733963
153.7915
29.609364
137.25937
54.111603
55.136993
105.64561
79.06372
95.970856
164.10889
168.26472
115.24219
45.65962
87.314354
61.631638
63.186073
54.274723
90.82782
82.79942
69.20761
72.63484
86.8545
72.355255
95.67488
80.66392
58.225418
55.8329
43.878082
52.074142
24.347124
114.69935
100.95474
69.83841
88.176476
24.522036
48.063934
66.92566
65.404465
