427.57153
83.569916
38.88413
58.671665
80.957115
37.753464
93.75923
105.26786
43.641323
86.65043
94.7863
70.8308
43.504505
76.470856
53.226357
31.334072
58.67957
17.825628
98.77603
63.29644
58.710148
38.949688
41.59539
71.26602
72.146904
90.8553
38.02318
45.472218
114.66951
129.10666
66.713196
56.250267
48.575264
44.585373
66.38127
59.006847
74.93877
66.05075
58.24135
42.700577
83.75289
73.98012
7.316262
51.934715
116.037254
31.613853
32.572926
47.47921
24.853226
37.690163
39.272305
65.00737
59.179253
24.598604
63.53387
40.172607
45.460087
42.39893
32.693783
69.26453
41.462276
35.80309
127.20932
41.683006
45.244476
80.124756
41.48003
47.52534
39.000877
32.002033
61.16039
80.26327
40.431873
88.23906
45.52487
25.302984
72.71884
49.972855
21.962187
71.338776
63.06355
79.800705
40.851574
33.94039
42.13068
51.99156
48.346348
79.17484
92.75436
111.24156
25.52978
67.597176
98.165344
73.18794
172.82841
95.903656
51.425297
57.57069
17.872559
14.679355
20.733992
45.49179
116.61806
82.85263
83.04816
22.360998
128.20076
104.16986
90.91916
71.47607
27.57519
60.15749
66.10722
83.91707
78.77278
28.753633
85.65441
7.1885266
14.343315
145.71971
83.45385
58.603546
54.926533
59.893753
48.24185
38.298164
99.7114
44.93003
23.728462
55.387833
34.507446
44.169388
61.99231
67.879036
82.15727
95.64715
52.952045
58.17896
91.20727
74.78154
65.39291
34.00551
56.129757
44.606808
63.68349
32.789948
21.294188
41.47737
38.705067
32.147766
105.353096
57.92182
68.84802
40.47373
85.12158
56.93811
81.671295
61.70083
97.81277
94.69358
46.380203
42.043705
40.151314
30.083158
38.416004
50.91298
93.112625
100.4885
33.07806
68.68777
46.810596
55.894096
82.98898
41.389843
5.424221
32.747173
57.210403
83.65294
10.330133
15.969997
35.20321
44.919968
30.745756
32.060997
73.88416
20.203049
7.1564045
47.179253
46.350216
7.067598
45.488758
26.42166
33.59586
20.463882
39.762028
31.757795
38.79321
31.131393
34.29812
73.15772
35.109207
67.662445
63.858593
28.13546
27.397314
109.40633
44.28404
36.597378
37.658913
82.33844
106.30869
28.792526
61.72845
31.356255
9.304142
37.153004
37.714325
41.61876
87.72178
85.39142
82.33072
65.665375
86.29671
57.69762
53.665024
22.000948
24.166843
43.78357
53.202145
40.721188
22.102156
50.783672
24.138243
16.188845
52.64705
29.23387
71.11695
69.63832
90.65552
83.365204
60.50387
37.535275
59.51809
32.51595
29.032436
44.201828
63.01066
9.787324
67.641266
46.376953
84.87657
147.08777
10.324249
43.093784
35.56123
66.897995
104.85644
39.240997
6.6862116
48.621593
28.032852
51.238964
10.434923
68.72358
47.46486
19.627888
43.35646
71.63512
39.541843
68.04713
33.139965
32.74465
32.98348
44.802277
47.344467
92.38626
29.580776
51.109127
55.367798
41.57041
104.33392
57.696327
57.276886
58.692978
19.19271
78.98874
32.15761
28.741405
62.44883
32.76828
50.015213
71.550804
43.24521
50.48978
7.5130033
17.06786
61.065983
25.261597
138.62613
90.939735
38.70408
72.412735
54.868633
74.707664
114.44316
99.38557
63.44176
21.01028
10.2169075
23.724398
96.65454
20.632906
7.9117756
53.379276
27.673447
23.28146
53.765987
18.188879
33.452377
78.587395
61.574604
91.8475
74.78161
55.8433
101.9459
73.979225
51.997425
40.48067
26.28988
26.896385
49.65152
78.05817
69.798294
61.24131
90.76935
19.354164
28.170837
45.56325
31.10697
49.68079
98.762634
49.971226
43.5183
52.21354
56.39146
41.637985
58.10898
44.096092
45.229813
66.245636
57.31512
68.425026
28.89781
31.502163
41.315304
61.613506
69.58991
35.15595
94.85714
35.53908
63.143578
61.89554
91.06031
73.50473
68.60194
26.006025
114.797005
35.04056
45.18359
55.270275
53.49089
12.973769
48.206444
38.06444
108.32955
70.98852
41.079716
63.32117
127.528656
30.310837
100.98074
27.916208
92.901276
40.22416
60.379105
36.216957
45.831226
28.237503
114.73693
74.51403
47.040237
81.88801
45.311718
34.667267
50.523403
43.603153
72.39804
70.57732
50.896896
47.370636
48.222557
82.22823
69.82304
36.41527
46.975075
112.66981
49.240734
43.82875
83.26726
27.995817
55.886734
54.294403
51.167667
33.342056
36.912315
63.4182
43.537254
47.44434
43.924706
47.510303
52.458508
61.245045
28.901186
36.526047
60.34173
51.277843
70.04068
37.231003
95.341156
61.207237
62.5685
41.56613
15.153668
27.000338
29.63773
42.89659
62.76008
21.046227
72.03497
34.07561
74.753624
4.8730903
54.270763
62.36403
78.90839
66.45514
4.217035
22.371391
77.08532
61.48563
60.5571
39.67822
16.312952
58.174244
18.507061
48.937565
87.98395
58.22858
91.40336
143.3511
139.1038
25.179398
43.29641
77.40911
38.59156
54.878628
45.634117
28.128624
77.404686
27.131296
29.722092
50.923275
4.152139
51.64705
113.50932
33.754745
68.71375
28.91587
39.198452
38.38274
28.636269
40.10449
90.49607
69.94985
98.72998
28.797737
29.327765
19.208862
103.34912
31.335608
40.776382
75.86627
50.347233
36.2565
56.71305
37.891117
51.02152
41.22946
54.76536
50.01918
81.66924
29.413418
34.024857
120.28616
48.77935
24.609224
60.49201
37.79932
93.35111
48.09597
71.54455
50.30575
42.890938
7.9219975
61.351734
41.12271
53.17702
60.896935
68.1044
24.980152
31.285444
73.80534
5.861983
54.459354
15.741702
16.040932
57.498436
8.923709
30.598455
45.782738
50.709755
75.88804
89.11041
79.102684
38.73952
82.95089
77.10756
33.73909
107.80283
92.95643
95.50662
38.906094
71.76521
93.13625
45.66269
37.190712
32.25819
27.986015
91.56422
24.521717
39.914703
46.762226
48.867188
21.3424
59.9359
49.61055
109.859726
6.494507
15.956024
60.06342
91.48382
72.097786
133.50372
25.456793
66.04725
22.569143
51.64531
89.63037
37.868305
18.80297
76.99991
22.201553
89.998955
43.26261
77.37216
81.11713
61.19924
84.017654
56.244545
55.294735
115.01251
72.89059
43.938087
87.97419
113.527374
91.90059
81.50219
74.57459
43.633385
79.16613
37.94332
39.42839
80.66991
48.723072
29.969002
30.145891
59.73363
65.18113
19.420832
59.6362
16.973337
47.882843
65.3194
72.96135
83.1214
74.82214
64.5209
23.071312
30.448816
19.513056
63.260487
31.803806
105.5299
50.45973
71.00388
35.093
50.620373
38.321228
87.72942
39.381847
51.337616
56.27084
18.725904
70.44286
80.3232
57.20198
116.35627
27.473757
108.96792
31.786043
64.13378
84.12238
57.898087
65.33227
53.249035
98.06295
22.415586
50.166504
67.53675
53.83145
71.479256
24.698872
69.156456
10.790976
88.37002
70.5491
58.206978
67.1864
29.107552
57.450947
58.896194
53.61757
29.735764
71.035324
42.82473
11.383335
81.996056
30.35993
59.01711
62.54623
42.354652
23.664589
38.836586
28.062511
19.61275
44.697025
45.254738
76.14646
79.78429
55.424007
111.44999
29.0158
29.41113
31.926462
85.960236
68.448784
74.606224
89.03855
68.58122
68.32166
30.159765
66.85866
65.231384
49.26496
60.167763
111.950066
47.96563
65.364494
26.640814
84.60679
35.870018
50.09216
47.753662
12.74899
93.38417
25.484613
65.95586
120.23682
44.67628
58.874634
37.637592
40.09713
5.650619
18.596935
63.787506
46.697636
15.410436
46.066998
65.40601
50.351288
57.85025
24.338875
35.021767
53.58937
35.12341
36.47261
54.748524
70.78584
56.142868
95.726746
40.558212
65.86113
39.677914
81.196884
44.474346
45.129116
42.476036
47.79551
43.384735
100.77629
69.2563
19.98747
34.344925
41.168827
41.07465
80.8669
54.607525
103.85058
42.87657
51.12765
133.12485
100.97328
32.410046
33.527786
110.59409
92.5582
87.69443
44.76503
22.616413
42.25979
52.16225
56.922775
37.673367
40.712757
39.615337
1.2245594
62.882095
35.8982
55.049404
36.009876
34.921917
76.381325
41.604
9.534007
29.616802
59.438663
128.03552
37.036575
16.987232
29.77221
33.717457
31.926907
83.515945
39.972565
70.6217
37.363
89.299446
50.84218
50.69657
33.552433
93.75379
39.221752
20.392208
8.820763
58.431053
66.78251
39.234238
51.400337
74.97642
19.62084
84.26743
37.117332
37.142384
43.298462
71.523384
57.72439
84.986946
100.35295
127.3794
119.4066
65.05999
71.37307
65.005035
22.09662
16.692493
63.52159
25.03841
35.853416
28.972885
60.243023
55.3675
36.00683
75.63888
73.09129
31.028265
91.61142
61.753098
20.762678
53.2496
91.94353
32.244152
50.581722
55.11703
87.61464
72.14624
33.72867
42.650166
65.2504
9.5327015
93.80189
80.86973
56.34518
53.607033
85.43215
28.61363
31.387539
86.05116
49.4286
90.64195
75.41764
54.225662
42.355026
8.554363
42.674515
51.418297
27.995564
73.75345
62.756325
24.068272
60.58935
45.01826
36.816544
49.272816
91.38978
47.36314
55.883755
41.477516
53.999413
62.93661
36.676888
53.186455
52.6736
108.75215
107.48956
48.528526
46.33337
23.429981
81.01745
101.127266
105.50638
79.27936
78.144684
53.01377
107.17114
26.385017
50.559586
63.14971
59.170815
40.633804
58.030556
46.939137
41.99238
53.9954
49.59068
27.755547
25.311401
68.26585
60.38115
46.126575
50.290245
72.46319
42.799076
69.72207
20.19314
63.78604
67.17899
62.730698
73.32363
66.30826
18.641579
76.89308
90.50941
18.007116
45.08393
49.834316
76.94647
65.87469
68.23257
70.19654
88.63022
80.03143
65.52703
55.2751
87.025085
69.52971
26.876715
51.683212
16.941769
44.642075
19.029835
54.1546
67.85415
56.154747
86.931526
75.53122
47.881348
45.055206
78.72604
77.232765
40.187706
32.26217
45.047188
53.51234
78.03238
13.791691
39.75442
49.551247
35.268795
89.67005
69.139915
82.359924
63.744442
86.10379
20.567192
46.225693
33.302345
60.246445
52.940903
22.080044
31.51758
39.417206
85.483864
59.972202
34.349346
62.4097
41.957726
68.746956
68.181915
23.965752
67.68442
36.844215
28.105331
51.06222
39.927734
36.898186
60.057915
25.921877
80.82431
41.883373
34.733692
118.37914
118.68455
62.957573
121.393906
56.762672
57.9367
45.07317
55.368973
42.732456
35.38528
40.96661
17.805944
34.079575
16.035675
46.76759
69.62996
62.834576
84.7477
30.566685
62.857582
121.37623
51.533936
95.64701
17.334457
27.819826
47.576218
50.462757
45.002792
49.908463
32.390816
81.55386
45.082138
38.37063
41.894276
38.35447
43.83482
48.248344
105.529785
18.69883
38.73383
74.110886
68.05504
18.698814
67.27269
22.40705
68.24142
52.777958
96.95948
80.86715
102.3274
23.765783
94.51018
65.052284
103.928215
42.319176
13.923546
34.01618
77.724785
62.1272
34.52451
20.022999
48.566044
33.595104
62.258896
39.478874
85.44365
52.203434
61.60266
55.386913
29.7349
98.391716
57.918716
59.793392
78.62256
60.14513
30.566893
97.5452
32.381973
67.45312
48.05075
48.62137
49.251854
85.76887
39.07804
33.73275
50.09548
33.624367
49.886246
60.69251
43.061024
49.629486
17.869366
30.903713
59.284595
52.170815
24.138239
74.305725
53.065113
50.58029
42.307495
56.54045
95.850174
81.37724
37.393276
34.6716
25.97425
43.221016
93.87469
32.41928
86.9636
30.842407
42.49533
42.62136
123.59461
49.89155
59.066612
52.918686
8.759658
60.10327
47.060726
88.78387
32.246883
57.239986
103.582634
67.27491
32.221912
68.34838
20.195635
90.01916
83.459045
49.025345
29.164394
96.72346
72.576614
32.514412
80.87548
101.029305
65.55381
29.178993
54.713966
38.97104
25.923729
21.602812
18.065147
44.307514
50.909702
100.0556
22.706087
68.39255
42.78948
112.15528
81.598145
73.77156
32.591976
69.920746
76.54798
33.065605
43.34138
116.43467
37.365856
20.495344
107.00845
14.163519
34.258217
91.09934
63.27214
27.030596
56.97601
63.093136
69.478226
54.711338
23.727598
66.090805
56.960026
103.80164
74.62593
74.87451
54.54666
41.587032
101.57644
17.673962
46.50688
65.34399
39.41064
46.49634
150.39813
56.569023
84.699326
17.295689
33.296535
47.958885
37.282192
63.70216
11.389618
44.05061
73.57139
19.18169
83.67306
84.776794
34.693085
63.32218
87.11873
50.587494
78.84023
99.79844
49.7929
50.85454
19.903316
56.25971
43.407555
25.041292
96.55093
33.746212
46.643654
74.93328
45.151913
59.97883
181.66397
83.33115
53.208828
74.86432
35.542343
56.679726
34.0043
85.18564
60.135616
89.43276
11.793356
74.01347
56.573627
43.716778
65.064186
60.09303
62.507374
78.20126
108.68577
51.69062
82.31857
44.029434
84.82906
90.38198
50.2633
23.78111
56.056347
22.21274
43.289825
58.10106
58.165264
45.86095
78.765274
56.75916
70.97144
86.68645
101.925446
87.06833
100.395645
110.31066
103.14464
84.05311
47.057663
38.17303
32.98671
103.576904
63.315155
83.973206
61.178688
72.49462
37.052254
152.47554
37.4284
83.03677
85.444115
81.49446
91.4464
91.741325
70.95325
113.30116
73.34312
59.72523
76.92508
174.7184
57.67756
80.6407
129.13841
98.586395
56.268036
70.983696
22.815178
67.12517
75.48142
83.99514
36.91676
53.315994
89.949974
76.082115
17.154886
63.569767
77.91561
51.309776
40.093975
61.367584
119.95721
134.35829
163.59933
47.449127
54.893784
143.30844
18.920383
100.07835
81.00059
139.72504
48.88286
61.56321
89.943016
33.55268
103.73996
85.92087
30.568901
40.72745
60.547
84.95741
68.11973
147.18999
90.85648
85.90056
50.71301
142.81036
70.98574
138.80301
86.44351
68.940094
102.73376
34.005604
107.171135
88.584984
90.04288
128.54861
46.6524
120.84738
56.21523
75.18057
47.644737
69.01354
53.207863
140.589
103.05076
68.80604
105.65507
57.504112
64.66712
97.16714
77.925735
24.43306
33.49987
63.751938
108.45588
52.038105
136.5439
49.69258
78.146454
46.52871
61.707767
84.40787
112.233536
153.62383
48.58086
129.70076
34.098392
100.74516
86.3233
96.88968
19.28567
63.674828
150.3935
100.56192
57.85892
31.052664
101.2615
54.684853
88.9572
47.29209
56.107006
78.51795
58.351383
43.00853
44.95732
15.379143
48.769306
99.17094
125.30579
87.21596
22.974417
45.693306
51.034943
48.51973
77.9307
93.86375
32.042076
52.66828
72.20086
63.52825
55.96371
89.151566
46.586792
97.63293
79.66697
96.79594
48.81825
111.51779
89.27332
110.97028
67.073425
61.886925
71.796036
137.76883
83.25401
31.184063
62.98813
70.967964
53.32281
28.361652
60.11457
85.82332
121.09529
52.017345
91.905365
74.03103
16.725767
88.22148
108.42509
80.09533
122.24807
62.86769
48.996178
42.85158
62.369396
28.902048
50.50652
142.57109
173.55847
79.29737
113.773056
63.65854
63.119205
35.343235
66.51881
146.8134
59.251957
78.57504
33.1869
77.35328
115.44008
97.004425
43.86623
112.09067
68.43755
138.4272
38.846607
15.743539
70.7874
45.760704
47.59578
66.99617
44.84133
119.83291
100.9049
62.50898
61.109703
79.93748
132.28354
34.02129
79.367004
104.61607
82.745255
92.555305
59.506336
61.150864
60.520294
52.74473
65.38093
151.64017
76.84922
95.8137
83.64449
73.18382
75.21881
101.16423
153.26094
113.14721
117.80786
70.01224
66.21042
63.534184
88.80999
116.79004
93.688614
74.49271
60.72683
59.98282
45.74186
48.69855
64.4181
28.538776
144.65433
78.36896
30.84116
37.190872
85.26239
59.14326
62.19819
24.80664
32.633377
13.410764
68.85793
67.34309
67.91627
37.108265
125.361115
88.73562
74.29734
107.21739
40.393333
76.4645
58.547363
55.74852
73.703575
47.693516
46.607533
90.73813
90.91411
54.165424
64.865204
54.39371
143.16393
81.94422
48.57099
46.8185
86.329865
75.82672
80.01987
52.847992
36.030502
29.278444
89.08853
169.48178
141.39212
68.023026
39.564396
87.044304
58.18047
52.774956
63.747368
66.9841
60.21594
107.30047
48.145493
94.091644
64.762215
130.77869
21.563679
98.06199
83.333954
35.463253
58.968315
72.37248
68.301895
106.05586
83.963036
95.90288
90.63123
76.38931
78.14614
67.99392
29.561691
57.186054
83.64593
9.817251
51.562656
95.373116
75.36592
119.824005
79.944534
92.52507
111.63425
29.3449
43.324986
62.759277
64.25679
102.82935
89.42334
78.55546
51.78151
109.950325
46.745255
90.57908
214.2029
47.253803
106.24281
145.29466
37.699203
27.490856
93.12772
83.18135
54.246548
107.69012
84.82002
73.26533
29.179502
78.052025
122.96656
71.94218
42.90226
23.939896
117.827484
95.70414
87.25021
38.559948
102.00694
31.7154
102.07749
61.494125
65.83936
77.1848
62.65939
125.683044
97.61069
44.748608
38.525017
37.271736
49.05574
58.089935
96.785774
97.51501
85.174255
55.742695
88.843025
55.00225
65.32671
129.8255
138.62494
98.8658
86.98797
225.64755
157.03128
88.3149
67.98139
95.707695
90.39638
103.69452
48.428123
19.1941
168.93626
55.20306
60.110004
40.67864
86.61832
45.030426
44.030273
114.267654
38.665977
70.61165
66.98549
62.387558
89.64875
39.004227
95.25617
41.60647
113.64799
140.45897
59.073643
95.921234
170.69073
133.13419
134.74144
60.93659
179.95015
92.764015
64.43272
54.613403
178.2841
67.93374
38.7044
48.21849
42.104107
38.05042
89.44753
27.12447
47.70433
54.55312
74.75554
39.960808
61.96764
128.89062
140.6197
68.041466
54.249233
102.699524
69.274635
87.8888
31.282944
108.3638
90.64746
98.11805
40.75894
24.174932
42.69896
53.91361
98.53124
80.519684
67.61578
48.78634
102.15897
66.29866
122.771576
94.57111
80.09459
136.72292
32.07469
64.48473
99.38458
154.60957
69.49639
114.60342
92.47296
79.4411
97.16121
136.75063
76.95974
77.640045
99.158104
72.898476
59.26335
101.80301
99.78715
72.18515
80.6684
82.72962
147.25389
69.826454
57.94842
39.87361
49.122753
59.652657
55.82232
88.55961
116.08671
130.32404
71.96605
70.52875
31.31387
81.189606
107.8997
27.287739
97.60896
74.180695
40.007645
42.494984
157.84056
53.098614
45.34608
27.919224
50.63478
72.35731
30.436363
45.744984
93.40116
52.19472
118.066315
111.11958
87.50172
112.95972
84.92492
65.677185
134.74503
48.9994
81.45948
36.172726
113.965096
103.00893
73.37078
97.95097
46.12003
133.11734
65.002365
65.253845
79.23809
56.95659
33.16155
35.0722
60.23301
34.596386
41.781597
39.404537
52.457207
127.74439
29.161945
87.37216
46.080826
55.014565
136.52179
70.08914
69.31965
127.39262
46.532238
73.101974
117.334015
78.83899
76.70626
50.93166
37.012543
95.40297
63.0332
90.89028
91.7909
124.91486
100.91238
54.127884
105.82013
119.68964
120.34288
77.08119
32.89212
15.436331
66.28399
76.37922
147.1015
39.403553
49.56116
71.56035
59.657696
128.41956
94.232834
117.7615
83.43934
139.69106
75.68855
106.27517
93.427414
134.86972
47.175102
129.32033
131.26181
93.2858
114.20082
43.88911
163.41484
156.43239
83.8293
21.782907
55.693893
100.5733
77.45954
98.68238
47.6051
44.745625
108.4003
103.896935
65.38043
71.3907
44.245705
104.13127
53.125923
58.09101
72.20045
81.35863
104.42214
73.08608
85.36415
94.89325
113.4979
74.74453
44.622284
84.148186
88.9382
37.65444
55.023685
83.22985
117.93417
91.7942
89.46373
64.81711
86.94974
69.1406
59.566982
159.65465
35.085464
46.749054
29.887823
113.06949
17.32361
144.7121
123.72403
80.6097
92.56909
93.25691
80.9568
150.29369
92.77329
127.54563
128.98758
66.355545
89.782196
48.61574
56.59638
58.483585
136.97871
88.21258
99.991
44.60242
55.60669
68.82272
88.42515
88.47893
82.18882
93.3646
119.75995
88.44573
66.26293
97.55611
39.461258
72.50228
102.23332
96.86967
58.342342
18.16461
103.34431
79.35947
93.05942
131.79657
40.694622
109.6642
30.786724
45.12469
132.26192
73.69431
85.35682
18.663954
37.443382
87.07404
97.48837
83.114876
121.641945
81.11045
32.314545
26.425442
74.45221
136.11281
126.662254
63.04586
63.082096
67.181816
18.849367
71.49954
108.11927
29.813932
89.292175
76.858185
34.163403
36.347446
130.35915
87.58455
79.85739
89.01582
166.6126
74.41476
139.77245
29.506428
30.303833
109.1034
56.597244
121.402306
110.25663
56.488644
84.78275
85.835106
85.51159
67.7496
41.41752
73.92105
76.34925
61.184902
156.86761
89.33704
75.535324
68.592316
94.05867
73.74427
91.24188
65.03434
39.003937
43.198715
97.87682
60.610966
57.21106
21.434204
59.72546
38.951603
78.94942
139.0224
50.425156
54.35795
45.659027
61.429832
79.44094
119.1523
91.838554
98.681854
36.69832
73.17205
24.001753
92.936516
51.273083
98.31633
70.359406
54.091232
80.42792
118.16525
145.79277
203.68431
145.52852
85.65688
39.079983
81.921745
90.09149
87.92306
60.100136
55.495697
53.831703
17.450989
86.759514
82.369
116.90775
65.35047
140.76312
117.95675
49.63076
73.30405
91.657295
79.13983
128.30511
53.646873
76.6565
92.42139
34.535614
107.8351
46.35301
62.007378
96.76761
99.52752
31.208305
38.828426
111.72048
117.59191
108.739365
83.161964
129.347
58.590855
106.05857
110.84231
199.14351
93.36718
61.732147
116.73521
134.73412
124.82749
68.15797
88.58916
35.11955
30.649704
158.72946
130.75389
64.67385
156.3138
55.09603
40.040768
59.49683
78.31175
90.56035
18.937502
114.024666
54.851273
80.880585
63.723873
20.773386
47.13348
45.730503
32.199726
100.41769
79.85244
55.29306
50.303635
71.75572
90.6785
112.57873
102.725655
21.398256
146.64302
140.20381
68.247826
62.017334
131.48384
97.2679
22.747042
68.92858
69.96724
117.481125
67.01947
59.01143
87.19993
106.16043
112.9242
116.642845
51.321983
61.322773
63.37598
110.8861
66.189705
60.23948
89.24523
34.96211
45.025753
110.18918
161.21745
63.586422
75.788574
105.42686
100.903175
40.30058
66.97016
89.11497
69.725655
82.55441
85.270935
60.421253
94.556114
84.27163
18.260635
50.80338
25.114483
20.970701
72.8616
60.138844
94.75252
133.45126
159.77278
23.28917
65.07464
72.68469
112.51181
125.9601
55.02858
50.872128
39.957623
52.192398
14.651342
130.82465
61.75804
40.588913
60.634857
49.90853
119.85843
74.69539
76.7667
68.7299
41.093765
89.80262
97.448204
121.2093
31.29444
29.654028
60.57706
54.658955
6.70039
112.371994
44.954838
108.287674
91.07778
86.170074
53.160656
44.51793
32.40233
80.02894
102.30112
60.53219
30.512161
31.215889
44.67826
115.01529
67.4513
32.31506
97.87041
99.833786
66.81114
158.7171
112.99756
55.30401
55.5866
63.97851
57.648544
112.53449
74.3341
76.20126
78.27557
43.994705
73.02014
135.56427
40.010277
69.43659
68.64458
69.53714
71.23127
116.61664
22.920898
166.20703
97.72943
75.49195
51.521664
91.69241
91.68887
205.11697
41.868668
122.182755
51.76006
62.210243
47.72954
103.04251
130.42792
106.482086
65.86939
90.205925
103.80389
60.29455
65.69443
86.11151
134.44344
151.6851
112.610466
49.46964
75.09209
79.28326
52.731514
34.111446
80.7656
118.75917
33.75117
75.74307
50.11715
104.0055
127.702545
21.324263
79.534645
90.97695
63.6071
48.893036
62.018227
87.48407
55.329185
23.176487
66.935135
62.09829
79.41858
48.415394
18.501442
60.25521
93.09332
78.700554
113.728615
86.23806
53.780006
124.787766
35.496044
74.44208
68.98097
78.91321
45.74151
76.69312
26.27853
39.907017
145.95288
56.11176
106.69729
18.991665
71.90593
127.27909
87.54692
57.98464
79.47662
94.50053
115.98078
138.2215
129.85497
47.25685
78.742096
84.944016
106.8259
38.869144
86.99755
107.116165
127.42251
105.90868
27.79358
84.435936
37.64835
79.758224
54.681408
49.855278
20.089642
19.414415
90.27497
71.76452
107.427345
42.21987
56.49248
78.08824
73.486565
58.696354
75.46585
123.25657
48.50258
31.965517
55.20834
115.04464
60.21542
54.46068
23.940248
66.228226
95.14142
51.83234
89.9262
41.52647
111.45256
95.11791
89.890045
168.17473
93.2486
58.26664
42.551834
85.21722
24.64378
100.32941
63.81672
95.70361
78.44333
101.255516
139.09738
68.20165
81.013
74.47187
76.27432
76.51773
74.14212
80.87247
53.162033
74.80153
52.2861
55.94024
116.538185
101.080635
74.931564
34.722996
107.79492
92.09786
149.82594
154.18076
76.30821
93.40499
61.33507
23.88003
106.17128
39.993275
43.588043
8.725248
24.647436
61.24171
70.65279
77.85935
73.764595
66.65928
82.98804
71.25578
104.6997
59.91652
61.34107
34.93711
16.361639
154.0075
67.888725
36.895462
45.975147
52.75547
34.237335
40.31471
93.00631
111.17672
90.86812
83.85754
67.53656
87.5325
46.908134
130.50433
66.710175
111.337166
53.04107
107.79707
104.92362
53.9275
71.79097
111.040726
77.485725
71.22143
36.11685
91.6908
72.90736
97.29792
30.959883
23.915407
124.77881
110.84409
46.176136
70.67978
34.71202
89.4617
45.769184
121.20291
71.085495
43.013077
134.35461
54.21275
89.70226
100.04699
47.985703
9.864958
118.08573
58.555286
33.03727
46.021603
56.532547
72.13741
38.958992
75.122536
31.70049
37.9811
97.85547
59.415916
162.77187
146.57332
104.76272
142.65102
18.111034
99.22099
43.84131
74.42117
125.40458
23.286533
50.036198
52.064743
60.046665
91.00893
90.68778
58.251747
70.02647
56.665863
107.665535
101.90443
110.14916
86.22378
83.96677
64.48061
109.43995
28.994097
63.06401
60.89982
72.47329
53.22595
92.43423
50.84645
98.3486
96.01594
62.60594
26.48957
83.510056
185.93352
113.30393
46.64824
38.267807
40.500946
45.03978
73.518456
81.932686
53.98375
93.71555
105.40995
85.7862
87.26995
68.74329
123.82788
158.38457
68.737366
43.805065
119.83475
113.77505
18.626316
33.146793
131.8331
44.25215
118.03138
83.934525
26.486916
50.79656
172.24188
133.55864
69.35771
124.02407
160.62021
49.260845
101.39372
63.712643
40.920998
79.4706
102.9252
83.75402
91.21131
30.729126
90.37179
97.89582
66.62091
68.04364
23.81936
48.305107
50.0244
101.16605
124.32993
65.51408
163.44868
107.175255
10.269695
36.3912
87.267334
118.978386
62.159145
134.6496
47.978634
48.856857
94.1723
84.21586
34.898514
101.75379
76.73724
62.032833
70.47221
26.181097
59.51488
32.06503
51.408573
88.61643
76.43704
90.531456
38.126587
83.06699
49.50119
81.027626
51.407475
61.579113
111.82707
3.4817095
69.54062
73.63573
48.62967
118.78777
94.53538
77.378555
46.739323
52.790348
84.52439
30.709986
102.84549
35.00393
24.259071
150.95723
110.058525
45.722237
134.11688
66.09247
49.26957
80.23898
59.72227
81.094215
80.64152
63.297695
70.46327
89.836
71.40587
60.0187
3.591123
42.108307
107.2328
40.87312
97.810165
106.82495
60.133526
86.614334
136.87155
79.31054
88.61665
70.1349
35.31448
54.208412
70.36948
104.1897
76.77248
101.36063
179.0665
143.50072
106.650536
69.982475
174.70796
126.416504
127.047585
34.02643
154.62968
85.703156
45.522846
86.97662
12.498204
106.97556
113.78614
92.13223
104.57668
131.30205
86.31425
56.723026
35.577755
35.750694
104.963776
108.70212
33.98923
98.390724
83.458534
105.35192
55.065872
108.896095
75.58992
109.19005
96.15116
120.04133
127.09452
85.520996
112.45882
34.015717
102.715294
112.724266
75.57751
57.221256
68.20523
65.6581
71.21687
138.86313
14.635201
69.377205
96.71431
69.54034
70.65497
86.631615
65.02641
73.61565
112.852325
75.47774
62.846035
132.44731
78.575386
9.367592
78.33239
102.79088
32.2297
39.651756
112.488
87.42861
75.38993
127.55674
54.864433
49.49309
97.47341
137.96916
102.60871
56.505108
158.61584
71.50584
93.99143
147.13438
33.681473
21.016619
105.53096
41.87114
29.477211
77.75426
71.05627
50.087833
23.738375
60.247223
102.94528
91.55166
90.085724
65.58452
84.22632
54.198563
19.672466
52.557003
18.47865
91.42739
37.090187
128.18623
137.88458
33.19354
22.37029
114.02177
84.63177
78.234375
6.4095945
46.43148
80.91923
22.590557
165.13303
74.80381
49.435604
109.11055
116.070465
71.35244
46.36462
128.62892
74.856926
68.34287
148.54793
132.72282
176.22685
85.22381
97.36908
75.84793
72.47759
145.68027
77.206276
32.579147
89.23098
72.2223
74.977516
51.078316
90.25935
35.7671
86.66972
31.874113
32.308273
46.31278
89.78739
74.722374
152.35988
135.97505
129.65472
98.45969
55.448708
154.89748
28.60188
115.58521
20.63415
107.46844
34.53175
68.66345
182.02304
60.17275
107.47387
29.788712
94.33518
38.107372
55.44864
48.11523
9.071534
52.840366
77.49664
149.75441
77.85689
51.598793
29.454739
8.064609
65.53602
84.63543
63.56963
59.351757
8.8653145
9.84938
43.826347
33.37022
133.60918
91.416824
63.369843
130.94542
108.58803
78.61865
146.53888
58.242664
61.81794
56.491962
79.95978
121.74583
68.98157
79.898094
73.17136
74.366295
67.41821
84.45559
116.29662
31.18745
81.693474
96.78617
76.19577
30.579876
71.696396
54.131123
78.48894
101.04764
72.63467
99.23007
49.002342
94.2912
100.82156
71.92638
145.60486
171.55467
130.70703
134.64009
62.950523
75.463745
86.2719
71.32357
98.58528
62.567867
152.93817
111.13723
134.03389
75.28229
67.10531
98.02468
34.440628
69.085686
45.702038
93.3432
42.098076
53.377686
110.42436
119.91145
32.725716
88.33869
60.19955
55.317085
90.45165
37.063877
65.45316
83.72597
101.86182
84.47134
119.20974
110.16999
159.2223
123.173615
95.85199
59.44275
62.948708
82.28626
37.22355
149.03903
48.984653
82.043465
79.153625
36.307377
71.77296
88.27661
80.776215
67.47605
66.174065
53.72708
91.71023
120.33607
109.73612
82.16438
67.33157
60.01583
147.43008
232.97809
112.693886
192.43439
66.79449
101.01443
105.10016
87.25664
64.53009
93.91526
35.76257
22.961071
55.16625
15.46973
85.874405
108.56137
38.675507
94.69929
82.200714
49.764233
32.827587
107.77768
77.83361
36.61385
50.1275
112.874794
53.592506
80.919426
59.59989
62.88074
79.0586
33.493683
49.61204
78.70098
84.96816
60.05127
98.91264
18.242273
53.793842
64.22204
90.54876
59.02832
91.35453
82.89572
80.16254
21.059237
75.41843
20.84977
79.06602
126.33094
83.24044
65.65288
114.84445
52.894814
42.65211
65.4854
54.101852
90.944435
23.483374
56.206734
70.27692
93.658554
33.554153
122.75729
201.97023
111.997696
96.657394
52.17435
83.85935
140.26918
59.512154
16.59029
15.9370985
90.58315
104.12096
59.392365
67.888084
71.63565
42.26924
34.20175
81.91302
69.2832
91.197754
70.34483
63.98617
74.60668
58.532436
63.08053
165.61705
43.259083
89.35069
55.39667
50.1402
88.47375
140.27136
74.132454
92.152245
58.96953
130.645
68.35024
90.83
71.88186
21.352234
49.153275
53.442608
82.899635
108.601524
85.04861
102.42671
109.69988
84.85474
117.91211
23.718307
54.863914
78.36263
21.987402
65.362434
70.43464
51.609215
108.132034
84.818756
105.83753
21.154884
78.82028
120.7771
65.29927
86.34834
58.40822
63.110626
124.71407
221.83313
68.927185
35.72189
97.6662
41.25839
61.98699
82.73461
64.16651
96.53918
74.97281
105.090935
77.753204
52.189484
45.565586
59.08895
61.56536
53.067696
108.02473
36.3463
72.9728
51.34464
31.440262
8.642137
58.38215
78.886566
81.600426
73.92876
48.204205
75.50946
86.37391
62.634487
32.740955
108.628426
33.853546
105.06544
8.674637
105.832596
61.83739
74.39343
93.479904
108.495155
124.51387
52.534874
76.21497
57.599552
104.44793
56.48478
76.88157
29.56127
28.853525
50.63299
93.28538
44.835747
137.87575
129.12874
185.18137
213.07486
12.022366
12.961905
62.76799
178.20775
99.14171
145.40575
67.0723
86.78252
51.728348
54.991444
99.34255
39.586117
65.86502
72.121475
57.0811
149.31374
69.81333
91.20102
94.185555
80.91927
64.84581
59.75011
79.753204
60.449604
114.1782
113.36684
116.893166
17.51173
177.22142
29.663227
47.351353
87.813644
54.295616
37.19084
32.68658
50.903408
65.76508
99.861755
52.201492
84.85591
48.437016
80.47081
78.473885
80.889534
124.826836
103.91769
92.01007
36.71573
94.71333
49.143974
53.25957
71.2073
47.167213
66.027596
68.001396
99.72931
86.570465
67.514114
52.983166
71.61435
87.202
25.886944
52.95145
72.16968
71.75894
75.976166
63.517574
106.26255
61.981155
100.79711
82.35404
178.64153
72.10734
58.25574
105.37706
98.67746
109.677
81.202286
101.703125
97.36237
96.89375
42.368683
57.00657
110.287766
20.192932
53.966446
88.29441
45.5375
58.628204
33.51521
15.884634
97.50791
70.35305
108.598724
70.06635
47.88222
184.754
140.6536
76.26419
163.20435
58.994965
49.51023
60.899483
31.251684
30.890274
103.06716
35.234695
23.267866
79.217415
108.365486
16.76496
77.0437
90.41899
88.53014
69.101364
71.29471
87.19052
106.32224
113.57478
107.01402
69.4966
77.600525
24.317827
204.94489
167.55627
67.04461
74.40498
142.935
141.9964
86.25666
50.739822
47.250248
79.86312
75.55109
29.2182
56.25706
19.424225
131.22414
47.89155
105.85241
74.138084
58.82199
60.99643
35.182632
76.84329
82.11386
65.94163
62.828236
36.03641
75.13786
76.618805
52.613228
172.76053
119.73147
138.84363
58.53938
79.00335
52.401665
31.603985
51.485355
35.794365
70.78348
104.66253
80.378075
50.31081
50.59525
62.183334
109.9679
194.27336
105.754974
50.123524
138.62016
35.694714
147.51399
50.157326
150.98491
97.3065
9.200878
69.026566
70.65242
24.38031
83.3978
98.21831
61.552193
23.929132
67.24276
60.659008
77.44156
132.79982
79.44305
49.43855
34.126736
117.25413
21.191551
107.962715
137.46594
75.16428
24.969843
58.181732
89.90973
91.96662
55.882446
105.50732
70.96186
75.86974
32.71522
44.784866
59.536884
54.142296
134.37094
140.9906
40.565323
111.649826
122.400536
120.92066
36.711685
107.931076
80.68497
134.2007
104.575134
163.99356
49.042015
141.06975
151.99709
76.576324
105.62965
73.80459
90.78467
76.40765
31.86465
22.311255
4.3492947
37.321083
81.666245
92.821396
131.8918
51.663586
92.457985
85.62984
142.03658
192.44536
50.936996
67.16431
68.12497
69.045006
24.20351
82.97234
107.44342
40.6893
62.883945
59.39165
46.40867
70.90656
63.56351
67.69067
53.595284
31.73157
137.21925
62.225357
51.059097
110.83954
78.04249
85.63131
181.9725
54.36689
154.50229
86.82004
25.855959
133.40779
146.28877
61.9227
70.663864
62.581627
94.48948
107.13174
91.60785
47.355736
66.91453
108.54398
100.66724
29.122986
98.92607
69.75137
97.35009
98.46425
131.68997
211.73842
60.60955
78.62871
71.92704
58.226395
16.180162
63.084286
31.793201
64.97167
73.09434
94.64223
37.378468
144.90173
77.52106
97.49907
124.54614
66.52251
24.043081
85.53801
77.07048
90.65752
52.738407
101.21787
78.59373
49.055244
63.133785
41.93637
127.51461
30.321861
88.7236
179.13911
135.57648
78.48503
76.27688
27.553856
5.6432786
63.83623
82.10878
107.16233
102.18
147.04413
161.01512
66.00906
67.06033
98.11042
85.506805
130.52365
96.01358
166.34718
42.83867
73.11082
116.2051
69.89883
87.49106
125.35025
93.25406
38.030758
103.3454
61.910168
73.9079
61.560028
53.151142
43.802563
88.20218
83.06145
73.637634
76.89896
29.376822
89.62695
50.07108
46.64967
2.4170852
27.915274
76.10243
133.44795
78.395096
74.82711
20.365866
101.78775
79.58925
69.8161
81.271
134.9639
123.900925
55.00049
93.602684
100.80936
57.357983
94.2214
107.49804
124.409645
139.17976
46.49132
122.80887
46.582897
109.37759
68.50505
47.004593
148.78406
42.579803
45.24976
97.72119
41.253536
105.2242
112.825264
73.230515
110.890686
108.602806
33.49361
49.24312
22.463972
43.823864
68.45474
100.703224
55.51106
43.548737
48.361397
59.63456
75.540886
40.712284
112.02876
74.558395
127.89363
170.39923
102.05872
33.822006
19.346817
34.654335
63.35308
85.36514
61.148594
55.898594
44.76973
111.579414
31.899525
79.200935
60.341293
50.218414
65.182396
105.01588
38.83302
67.98702
137.91284
32.769188
97.78592
58.8051
77.88491
34.949028
14.780159
56.758347
30.3645
65.314255
77.26398
51.631397
20.916998
46.672
119.671585
117.976776
79.7855
13.366595
90.14904
113.69284
99.50653
66.46474
78.4047
102.33121
118.45753
92.99254
100.50924
86.28914
61.564
138.99867
43.379395
63.485844
69.25559
185.76509
67.927475
78.306564
67.45694
41.706024
58.827137
89.31206
88.117615
53.422504
32.70164
8.540945
33.428085
73.564644
87.22521
67.992775
51.988506
46.205032
120.06807
96.758064
25.156023
13.56646
135.74713
113.71207
128.3035
162.82257
141.07272
107.73925
141.59111
186.4207
176.31805
99.73222
76.14856
45.513405
20.630974
62.059383
91.49944
83.870605
100.58696
93.74909
54.81803
108.67575
72.5159
77.70792
82.308426
44.99337
17.456842
31.793894
69.608894
45.88412
92.47017
117.54387
78.082535
79.914474
65.345726
52.02229
45.928505
142.4463
148.25922
93.3992
80.59543
31.515379
66.9653
124.67485
67.340065
68.00058
87.192635
33.5077
88.830986
57.598732
66.31512
52.833477
93.56135
92.6938
43.51461
97.53417
71.24961
38.49369
82.75615
75.83232
46.965076
82.30573
74.68911
53.827927
59.03747
125.122116
109.218956
66.58847
111.571014
64.027084
35.676174
80.09372
65.63432
83.1062
82.75311
5.7586317
62.120827
149.12973
91.54871
51.48521
63.426353
97.00726
85.550644
53.835526
136.8258
137.77937
38.759308
68.37906
20.519093
70.96719
109.86706
109.416306
110.42743
77.47738
85.15388
92.85248
81.75479
52.967754
73.93641
139.73935
85.97618
67.24309
66.406204
70.56293
22.574402
91.24281
79.12527
102.643585
106.26873
74.547356
61.315044
17.680952
62.895454
141.48874
141.79208
136.84949
45.00579
91.176
77.20608
45.096764
190.22818
42.039352
49.167347
38.914455
57.158512
123.28047
72.487595
44.809414
29.918041
82.78305
76.95679
37.47009
83.04388
77.56541
99.07189
194.71475
119.45818
127.86426
115.13198
142.67455
123.35412
78.69382
34.48062
56.795475
96.222015
96.20366
56.79176
98.756546
55.290962
100.86625
15.987077
73.587074
54.223755
82.23691
72.124855
77.19704
40.465626
64.8711
132.09218
99.245544
10.098506
65.46159
104.15336
44.3611
54.61793
75.01942
62.993233
32.330452
59.01847
31.197777
51.854977
75.600296
126.71965
159.4062
77.29443
148.47644
146.23181
99.035095
122.384796
72.821884
91.694626
183.46758
88.45803
64.263374
36.882267
51.275204
85.77804
43.51134
36.45099
25.54873
137.50566
107.33158
67.97394
37.591434
46.243008
51.073036
105.7697
147.65103
77.138405
107.07728
162.81183
86.891716
64.53423
56.836082
80.99936
62.14312
43.61918
128.45502
39.007713
88.95303
100.621796
86.93149
115.4956
127.58251
105.58536
168.96294
80.96156
59.8019
122.59001
96.05395
39.302483
62.758877
30.233837
62.18936
30.482353
23.56542
94.81334
35.930458
110.7614
47.468765
74.60102
48.969498
102.21668
68.299255
72.26132
73.182014
59.332035
66.32397
12.832965
28.502647
126.02667
69.082985
73.500046
103.5296
70.39136
91.2498
86.44886
72.55473
54.979748
128.95195
76.41513
25.585997
76.867386
75.02331
93.21545
78.09163
65.21833
91.33084
68.35658
138.6408
66.05049
132.28761
137.50603
111.43488
177.31508
93.003204
70.347626
141.26945
98.43328
115.070145
115.35585
78.84012
168.29266
147.10672
121.77793
105.09209
184.96161
90.73032
51.5088
100.95846
37.33003
48.735634
103.815636
78.14195
123.55256
43.820297
104.05212
100.52062
38.821392
68.01784
121.60606
98.101006
96.06422
70.45307
174.1693
113.1802
29.544842
62.404633
40.985294
46.27378
60.01813
55.51242
57.45663
69.58972
39.215633
36.86114
26.175522
99.08457
41.498573
51.682995
102.34861
72.32472
70.79155
101.17219
128.46388
50.404835
99.067474
151.08861
111.09459
109.03513
88.41461
79.62432
31.53989
62.6863
72.983215
111.18695
79.55189
101.12844
64.48377
40.174862
76.331116
69.40203
93.90981
54.401714
41.49356
19.751879
58.53211
77.229126
62.48886
103.43843
19.648201
60.251156
76.668144
108.21433
51.769234
44.919834
118.935455
87.38885
27.159187
67.64176
142.02507
58.640594
72.96702
38.508904
77.346535
58.480385
37.232914
83.326935
44.395317
68.114334
103.69036
67.63596
110.79876
81.86081
43.803234
58.807354
56.128468
67.5035
158.06686
75.69471
116.84803
32.275593
142.8029
87.69458
54.3405
70.7171
142.85158
87.1609
126.46755
32.322998
63.313114
54.183594
97.94587
66.47759
42.835472
119.02061
32.41776
75.609245
70.99828
81.82505
79.522545
27.914013
91.418
106.072
60.439526
70.47718
96.00087
48.02003
91.815254
89.356964
104.62839
61.906498
81.42984
61.57915
34.67994
47.08466
78.12284
63.27902
46.16688
66.21788
96.18299
153.28671
52.377182
89.434296
30.773985
88.19339
103.92396
63.89063
72.65776
56.378143
65.61142
92.416595
116.70803
46.049644
95.86824
99.35739
39.837067
60.702442
92.32836
80.8649
97.38678
107.31794
18.070951
73.049866
110.27662
53.052906
63.19632
56.876144
97.222176
105.609665
103.25207
57.271328
134.36339
60.314728
40.93007
105.95725
123.493805
63.86365
30.510565
18.309952
33.176014
138.96622
98.46165
116.34762
59.600136
61.32663
60.18143
84.59528
79.878006
76.025734
17.792707
96.862595
111.37723
107.9854
45.18932
74.80462
116.24629
46.16049
36.81035
52.96014
91.1188
69.46508
36.204838
103.71719
141.33313
49.14298
113.21296
95.44167
51.140728
144.03862
80.02207
135.70813
57.214977
110.205574
68.6675
137.89395
53.051548
74.055336
70.53872
90.176865
165.56299
101.58731
93.010765
92.66434
94.05093
88.64142
124.21122
64.81946
131.92331
109.51616
51.17878
82.6468
78.38965
34.263046
53.2049
52.52311
50.890274
61.016254
52.199795
71.50813
63.11677
69.025314
69.999626
80.71577
70.649506
79.11055
61.558994
24.51034
160.22676
46.345715
166.87988
71.39834
28.26431
89.90255
87.71184
29.101564
131.45468
110.99529
104.71928
110.05879
108.632576
82.22119
66.4476
129.73123
79.11858
138.67256
41.0934
48.044968
129.22191
59.286728
63.655773
37.9977
194.01697
128.31181
19.267004
92.489334
62.67488
33.139755
89.45556
42.566982
85.25684
43.483818
96.213585
18.779486
64.7583
91.23829
83.83444
146.49754
136.68181
79.89948
20.767622
104.36901
111.27368
90.55986
76.8075
117.978035
60.97982
105.298225
57.898605
75.47157
70.62464
89.0482
37.54374
130.15532
69.44063
49.445023
63.671986
63.62
54.52541
90.60264
86.08462
61.97351
72.93289
76.49844
33.315804
40.09132
77.21724
36.73036
52.593544
47.161057
46.48087
62.630737
76.04687
95.83175
48.563663
62.566807
54.574135
112.39394
31.360031
84.97521
103.4904
79.08393
46.994274
76.296074
99.506256
99.054
182.28691
49.39629
70.09035
94.43237
76.07268
42.81552
121.86709
92.622406
67.30098
100.67368
203.28291
65.717575
57.387646
44.2042
90.89258
56.836357
78.57853
83.00726
65.32974
70.72402
163.96234
105.894295
35.457363
37.038414
27.642834
25.405874
121.666565
90.11384
105.12121
67.05888
82.72702
56.488472
57.11216
101.36301
50.598038
113.16238
68.781525
60.413536
63.06531
90.50405
33.34739
93.97328
89.40439
48.699394
75.76719
88.60584
109.352264
41.498337
112.831825
33.809155
51.41452
87.253265
116.123085
35.338577
76.957664
97.80012
128.66052
109.83704
84.11838
45.355053
32.650326
100.53797
35.715023
97.01658
92.45624
133.11388
102.80979
106.13952
56.900455
145.41473
81.00156
30.066267
46.998795
100.33005
117.855446
98.9013
71.79611
105.68831
126.91046
65.796135
87.47147
58.994083
52.03205
35.044743
51.796577
67.59731
89.49161
47.231583
98.80913
50.80627
71.692535
152.48422
55.201202
43.12986
128.07005
53.745464
97.83869
152.93748
168.24254
39.086674
48.483154
55.59092
123.05129
99.62075
77.94003
103.05329
100.44083
47.278896
69.65236
65.42248
44.846268
22.690865
81.26208
60.616352
47.14792
50.904194
70.503845
108.415245
60.13034
88.13171
50.583057
44.160805
88.37642
76.92672
67.9021
29.129772
128.94057
82.752
149.07216
67.1997
77.54556
128.07178
96.1414
60.78802
31.371592
114.13088
56.504677
48.42302
45.962337
72.52686
86.19178
80.6096
54.58651
74.50639
123.80058
77.11995
102.16934
107.164154
189.37827
49.46196
22.941893
96.63724
68.42758
44.51517
99.98175
32.07055
192.76166
52.371162
54.41423
33.193653
54.239727
62.78871
73.6802
51.603638
43.594063
83.91788
124.78279
62.175972
21.924057
45.405827
99.38774
53.79056
71.92514
99.3193
37.963104
136.46603
33.65975
68.18116
91.72521
67.45971
69.53253
93.93259
96.70177
131.66763
32.307167
18.301369
58.44605
60.74038
52.898506
30.213041
149.78697
126.0993
88.89695
85.42793
108.67085
6.4593544
40.372017
36.7411
149.20187
113.42662
81.534485
50.760067
66.309784
61.848454
75.830055
68.66653
36.1873
117.757225
71.331154
7.057438
59.706303
67.42726
78.542015
130.75319
62.932194
62.526077
126.08102
70.70129
72.77073
60.468525
119.62218
107.568054
83.28658
24.327803
58.32938
28.573616
40.387035
113.55982
83.04074
51.548126
62.814884
34.3163
35.411816
40.882275
71.66379
21.712051
76.63252
84.4343
81.631584
39.59889
137.2873
73.02405
96.63488
91.64701
76.05079
112.32329
114.45528
83.35389
75.946434
91.695206
59.326744
60.52618
53.65489
52.80383
128.05536
111.357834
103.442
89.09926
78.33868
75.219215
128.06503
154.10689
93.91316
107.898026
72.85428
45.51078
75.32839
38.732925
19.280777
111.81131
44.01219
63.450005
134.88542
68.80598
58.679317
86.20507
142.45078
28.947731
70.67611
47.88879
76.345726
72.72516
121.99177
24.571796
105.70187
32.46724
84.85537
46.771572
105.791145
92.0194
76.299034
62.373657
47.355988
105.55118
193.4866
82.33168
109.68128
80.35982
103.04816
43.05809
47.977325
81.354836
72.13561
48.29387
94.74106
66.68878
78.41606
84.83917
67.13996
70.23662
91.31351
64.12334
21.632038
79.22348
52.62176
107.2486
54.655556
106.8707
72.11307
73.49843
49.73333
69.90988
90.56246
68.71555
135.01312
84.77274
78.37869
25.445086
83.42366
113.32764
135.38297
45.137386
155.55682
85.96088
55.42833
100.12234
34.844086
46.870625
34.49997
92.700615
41.679596
124.816986
91.03698
1.9569459
128.0559
102.51549
30.330421
42.685593
41.24697
110.42801
132.38138
98.576454
62.571877
107.19942
64.701836
215.19292
83.01493
99.64495
133.4696
42.201416
101.52537
91.80079
84.67731
139.66914
63.12067
102.85241
19.151514
71.65833
12.985269
39.969406
52.07687
23.986382
68.28024
48.274403
146.5307
95.84923
50.995697
78.93329
83.28847
69.661545
29.168737
36.117287
54.02046
43.06564
58.022594
67.87578
48.707584
26.519114
69.07843
60.28402
79.83698
99.88171
45.775776
74.98886
77.32845
76.705124
166.4492
62.086884
77.51371
94.123405
148.3218
73.61782
79.66341
37.924244
98.92026
91.73124
130.45392
37.544403
119.00252
76.04737
116.769554
143.73555
134.89468
84.999374
69.382576
77.88055
136.80202
44.514244
33.24154
48.955536
36.756718
93.62853
116.54734
44.66684
88.03537
84.88538
84.8544
153.13248
167.21173
48.97667
71.11207
72.9178
84.14805
88.88319
62.84577
149.0851
174.66913
141.11696
8.8660965
80.489334
26.71063
21.502174
73.91568
65.03195
46.662064
108.031296
68.521614
79.10717
58.801968
92.726295
64.18709
89.53677
80.71785
44.008354
67.453865
116.218544
72.25601
122.46023
79.92225
80.60344
50.3599
50.203285
67.24089
52.193066
51.36598
87.87126
117.88568
89.46339
60.48726
77.588615
119.71188
104.77875
38.208744
101.84761
42.47646
136.08386
33.56862
94.490524
82.912796
61.06772
41.910477
119.85422
132.93707
35.563805
26.410984
93.00036
44.63482
35.426083
54.17758
85.39182
36.81154
42.534077
72.02926
62.58729
61.390293
58.74017
95.70263
64.09856
44.669865
117.90646
72.7268
33.12723
101.92687
73.6033
108.80762
66.0865
79.44984
48.831497
58.45269
41.670975
135.83836
45.850468
35.01721
69.38686
138.2112
112.873146
136.30698
134.47205
140.455
98.24008
51.455097
126.22973
147.49506
95.32742
115.77961
91.49099
102.04048
54.454178
95.00845
93.42103
98.00279
101.25671
128.4602
53.544266
118.530426
36.83717
110.83418
73.9248
71.83891
161.59834
23.218225
165.85246
98.72619
90.8298
40.326736
44.077194
126.12471
81.53498
95.422195
90.88752
141.67264
77.33315
45.54241
78.365395
75.83308
101.82493
81.99283
56.081192
42.656445
55.7248
42.6607
86.62944
54.11858
141.33636
35.451813
53.205204
28.562267
36.56338
54.750168
55.80368
70.94073
22.863955
156.08327
75.73056
114.83614
1.2975249
123.1941
56.10043
108.951164
103.91834
104.72343
75.02647
51.342213
26.015305
48.35491
78.08264
84.532234
43.00433
73.17627
94.35341
149.79794
69.961044
122.55051
79.81308
71.74244
86.66791
47.48909
61.017353
58.226517
31.76395
48.17482
40.51038
15.427345
56.544575
57.00868
59.46811
94.979324
89.40418
22.830772
88.039246
21.186155
66.59341
34.477726
51.15064
16.32713
77.54894
56.055336
89.81319
100.71691
66.97475
66.84662
78.611916
54.29077
76.41669
89.71133
125.70629
105.62251
86.89609
95.70784
84.35579
148.93341
240.97997
92.26277
55.556328
70.69236
52.45935
53.963303
30.208096
97.41749
70.75695
93.99309
82.2029
29.357376
100.75149
84.62841
100.53303
32.360886
108.71454
61.85657
32.883705
128.83092
78.49167
84.04725
75.968704
44.20513
157.77794
44.809086
45.460785
24.40195
88.06096
104.26071
65.46401
90.053734
126.19287
142.4915
118.22269
124.12773
15.50093
60.282402
75.74798
86.62235
32.60059
34.16873
71.29899
62.447334
47.97123
136.03922
43.375317
128.68144
34.87435
50.772793
55.73178
160.73141
102.37098
30.093416
78.60513
92.60401
130.62611
112.07646
70.51729
60.44354
109.537796
72.74652
45.885643
95.20281
31.291792
35.7381
108.31299
61.21739
47.825905
103.5216
91.16901
102.384514
151.56435
58.464096
114.93863
100.27332
67.89398
87.78946
38.56052
99.99675
78.62619
49.67289
58.105938
38.934723
100.17512
102.931755
95.686356
94.60923
79.01537
33.877785
120.79665
65.26727
22.239277
98.71916
52.800587
47.942017
91.412315
31.854843
75.010155
115.89337
53.115562
112.44719
80.5271
93.26604
43.87287
128.57088
87.03183
54.55885
44.145626
44.99683
19.39815
95.23503
90.126884
112.28526
57.916107
82.70553
156.0444
53.02731
43.3828
95.62782
91.37709
84.95557
87.77097
80.86378
45.735268
47.289486
27.628391
103.88208
80.61754
80.15628
92.66275
111.837425
55.64905
46.130688
116.091
34.23201
108.858635
102.34917
56.322826
45.90006
31.26962
65.19321
74.3909
57.350426
21.98658
46.84698
83.16525
48.44324
45.5343
21.436914
35.858776
61.593197
90.517815
66.652115
77.29082
114.59113
22.22691
76.65448
80.0333
71.17743
81.44045
71.39194
103.05141
108.5007
57.546337
102.519646
24.27137
82.04137
74.623024
85.35993
79.02346
34.05798
59.908154
42.277878
91.54074
35.61682
46.415337
54.518517
108.72091
153.4118
65.14537
91.68924
89.323456
100.83437
40.582863
55.332264
67.21122
28.921045
20.500847
56.055977
89.78928
143.75867
56.643105
76.37502
75.71682
11.234811
34.651016
64.967896
36.945248
66.546646
96.16588
64.05915
133.65268
53.887238
61.096203
88.4948
27.786106
27.007496
33.04172
67.76312
56.090675
59.735752
146.67635
124.06058
145.1233
82.54074
100.430916
20.542393
104.01262
33.386402
27.498404
48.753853
78.80265
96.51331
90.175995
94.546326
120.02268
63.018482
104.25372
104.70217
61.52396
73.06964
105.136955
189.2029
88.11137
198.071
122.22301
92.88971
130.82996
87.67162
87.331726
127.30285
90.62482
83.04918
131.847
81.764015
78.69326
64.068245
126.20822
50.482872
15.315044
47.565624
39.36864
65.43181
63.863316
67.315895
133.92455
52.91213
78.9978
140.37936
33.129223
91.129616
103.50492
61.375385
89.17375
182.46289
106.253624
77.4084
42.5147
77.582664
69.76593
99.31773
122.924255
76.9262
109.014694
135.28444
75.4177
108.456825
96.17206
38.030502
47.214355
56.712475
89.11699
99.873856
134.44171
54.433613
57.258366
45.394142
117.0969
107.555275
117.226906
79.72404
53.25652
40.008533
28.187336
66.73878
92.22586
79.47429
57.290962
53.203705
33.00461
124.8978
57.101517
57.249847
103.11625
79.13565
102.544655
114.72548
34.16326
93.17872
19.07281
85.17149
109.7893
160.3974
70.802986
81.85888
42.62721
61.970768
108.84355
88.01931
94.95746
50.20234
57.281483
55.64824
100.916214
76.53063
126.44985
112.0299
88.64481
100.2842
131.3703
115.261955
93.78041
45.47029
47.727158
57.896317
81.15003
88.447266
53.26242
126.31443
42.05846
89.369514
1.8612643
66.97457
100.32327
39.204052
149.80455
111.232
140.97282
63.45855
85.6888
29.665625
42.055626
99.37413
49.509125
111.34001
191.72746
39.256516
55.737003
83.41218
29.454767
60.52246
72.134865
94.09324
159.80768
42.404808
40.59351
43.099224
50.959175
58.09931
119.89121
69.245125
55.729237
142.40959
23.348051
77.92164
73.89694
53.831154
69.80194
52.002274
35.06864
57.62531
196.71727
105.49603
50.288578
88.867004
168.74963
118.49062
55.291977
103.53627
76.928375
57.540916
70.33813
68.531395
103.10317
112.61356
145.5637
158.32439
161.57585
110.827126
138.66614
33.95999
76.46893
6.378526
40.975044
77.60297
137.38956
181.57245
50.164433
93.88962
52.436108
47.421024
100.18219
56.951874
52.738216
63.76602
51.543278
87.75079
69.13842
83.03808
123.63717
165.77477
62.60339
111.73246
188.84615
144.99352
109.3929
134.47404
46.376762
147.55727
112.06064
22.421352
99.81554
75.22756
30.92639
118.85268
100.632774
139.08128
63.058895
78.550125
104.86364
62.47703
90.26151
61.98665
45.737007
86.251884
61.917667
100.74808
80.755714
29.820093
27.041576
73.88871
66.80875
105.74484
107.246994
67.52076
137.9529
94.16499
60.86605
79.280075
45.205254
44.701553
35.62019
42.28088
89.984665
46.696026
230.6858
168.6554
144.0151
126.40373
101.2423
54.40547
60.932667
67.418205
91.52102
79.01902
187.14557
88.89421
95.153114
54.99615
28.542612
90.382126
66.90104
58.57827
72.41106
79.77038
84.19106
52.811684
110.83588
72.61671
72.139046
147.15317
113.75615
82.775505
86.57363
41.832188
37.62474
102.98877
34.525513
79.200386
101.735275
105.41671
73.29966
92.03851
54.89835
127.58023
148.88297
48.20692
75.10686
76.879265
90.302536
63.79123
84.84983
164.91533
189.88033
184.34
96.78085
134.01917
92.00184
25.322376
115.199326
133.33597
83.02901
88.82822
16.23341
36.134315
31.051777
60.847435
42.42006
43.08592
147.34389
62.737392
65.54617
42.460575
94.120476
122.57004
48.252254
111.47996
56.62128
62.82044
84.89579
135.14609
142.94142
77.254715
44.95469
80.99967
82.94688
34.596992
86.58252
53.834335
48.540108
41.35358
63.49165
122.997375
81.78977
34.15571
52.776947
99.598274
113.750496
69.97639
54.19411
76.046394
49.009155
112.77256
36.259853
53.897583
76.6933
48.296032
108.07146
69.45854
44.39463
93.95514
129.67628
38.16393
63.247616
108.95092
109.52597
57.58133
174.80739
109.06357
69.188385
65.729256
56.413227
81.00564
44.37137
46.61318
72.93029
39.053226
38.015533
52.285297
126.42076
118.68314
50.238895
75.39362
30.79768
93.29401
58.861507
46.008907
68.81889
42.191895
64.080605
103.18545
91.97423
66.91993
50.599
53.189438
52.86557
6.297561
44.330936
119.46093
65.256355
95.22547
174.90834
84.711395
67.51903
52.858833
70.155106
58.838047
52.20909
62.181156
142.85086
44.710873
95.00367
125.67966
78.77603
85.34955
53.229996
59.987816
62.809383
104.39675
65.673904
78.85816
141.47427
53.179886
39.277874
117.728714
31.921211
77.58569
175.75919
59.003662
52.94315
38.409847
73.028465
145.45355
44.802944
90.53954
84.106926
110.45266
165.3298
27.960295
63.806442
34.058678
82.54317
83.25126
60.407906
140.01254
93.01095
143.1013
79.35677
137.12836
80.01209
101.21337
113.18865
67.60007
93.05389
87.17271
14.560208
83.5408
104.19504
49.17608
106.313515
123.000336
92.16127
48.727715
77.10694
73.83635
81.83661
30.59067
29.550909
56.338955
61.115456
83.783424
68.18826
65.898575
67.148796
82.223495
91.637215
129.20596
66.5367
33.827938
23.296816
42.925903
17.015678
43.69706
103.26376
138.5265
76.10312
93.258484
46.327774
70.15942
74.73439
49.599083
145.96825
47.788662
96.54789
87.696526
136.44307
47.544956
9.180669
89.68262
124.16884
61.70833
27.04352
76.8881
90.44859
87.97629
59.97628
96.30751
116.2413
74.86882
89.22913
73.66049
47.31085
69.58335
107.93033
50.669083
54.53124
70.45013
80.518234
39.954865
57.271984
77.639145
32.70293
83.965744
73.76677
86.85191
104.31033
86.176
103.1529
49.465633
68.80346
123.83395
92.19731
66.5253
76.77475
50.40911
44.42847
67.57615
47.993332
88.0438
90.63532
58.72548
56.922062
42.68724
69.49552
97.15761
58.80796
136.48628
52.28997
41.976524
120.52361
96.18073
45.98949
91.59374
74.82159
88.83182
63.979057
116.361755
69.41126
49.06896
135.77763
19.906374
51.660595
42.11421
83.19841
72.91721
47.10194
90.67546
87.73034
45.42394
18.833803
79.44509
80.21603
99.44886
26.70805
118.807884
36.91661
83.58165
91.93179
80.412346
149.34193
63.391552
49.569992
76.1965
74.706406
35.028145
86.846436
71.693184
37.13968
155.24335
85.61144
81.64405
50.250294
52.06251
25.3432
24.665205
43.55012
44.01709
95.82659
200.02007
83.87618
70.138374
8.126869
74.24576
140.60925
156.0799
121.230286
106.25873
79.057625
59.203033
82.56606
114.00404
104.86736
109.85996
90.327835
85.657005
34.52066
55.629776
43.837784
95.20328
73.674644
87.81449
62.43492
113.70747
89.984245
43.18077
91.06267
72.76083
82.998535
47.48622
98.328064
55.923355
160.14696
76.89294
57.954292
73.40605
44.28594
34.543926
92.621735
17.244667
63.103683
72.68752
51.813156
95.1839
72.47191
43.93741
58.72292
86.56208
30.55674
80.51598
133.95834
53.15715
54.40435
128.13022
52.9085
72.31202
48.295338
46.787376
75.107285
113.574196
43.870068
122.860794
60.50193
84.93819
62.536877
70.68118
106.745544
62.126312
80.666824
41.079178
97.52407
95.499695
64.23747
54.926968
80.18515
102.19057
30.253609
66.26059
105.74815
57.820835
45.33445
119.66606
31.964611
187.23824
192.94345
108.18816
123.89105
128.66962
188.74458
146.46698
116.382706
80.404495
106.674095
181.24182
17.0681
21.143835
75.762596
50.78041
76.36605
105.27945
10.727176
48.27855
134.62802
122.06692
145.77475
71.503006
51.9111
80.83205
49.84517
208.86682
48.336525
133.7546
39.637337
62.324585
99.48375
79.00078
123.19223
117.55201
153.41885
134.415
116.07067
143.92471
33.981213
54.874645
125.026085
91.73711
90.715775
49.87514
76.854034
43.674118
33.864704
72.01985
181.09698
107.50073
81.06226
104.64048
115.00024
113.46958
69.6902
63.603405
64.086555
67.294655
72.28189
37.921124
36.834484
129.01376
89.69608
75.64236
145.17006
182.92113
153.05348
143.56544
102.74617
87.32551
53.19247
64.7919
48.37811
121.575905
50.472134
32.235714
97.80569
59.812668
60.307793
162.0192
63.303745
16.35942
101.72394
48.865623
58.115566
95.92614
24.05274
73.76059
64.851166
74.3872
24.57938
89.8958
96.12996
72.53153
23.249512
96.40363
80.5415
48.857456
74.91012
92.094086
108.08113
60.21221
59.690704
85.08795
83.46963
77.80976
38.865532
126.65411
86.66246
118.96439
32.80021
42.190712
63.216366
73.30734
47.308693
56.23041
66.90877
58.931442
87.27312
110.29032
100.002
69.43322
59.65473
67.44688
63.612915
41.307396
56.783756
51.829796
117.14048
31.171654
136.30247
20.816584
9.928591
50.633095
52.7195
93.18299
42.464775
67.775
88.51281
118.390144
126.75942
154.4211
107.7008
73.85759
117.11778
107.15084
65.145645
63.606518
129.7412
69.104065
55.415123
67.85447
74.23269
92.23315
104.30308
64.56013
106.28979
67.781586
51.690083
58.262672
68.51202
24.08379
52.929325
69.35416
88.90725
28.430885
48.429398
152.37059
103.03774
37.62286
60.724857
44.23813
46.4382
22.173365
23.617939
106.2017
231.82281
33.453224
20.369583
103.02992
42.48441
64.27547
169.12347
123.046036
51.62985
81.87552
59.39835
103.643616
104.44037
18.009933
64.66751
51.134857
96.918175
60.32148
66.77428
57.941406
46.063377
169.31633
181.46129
56.895504
81.64382
127.86314
92.83572
163.56409
75.79998
76.82082
166.2166
66.88385
125.92473
55.55352
23.568144
44.07505
79.22868
125.5052
45.580032
32.11338
41.088917
52.921024
50.442398
23.055445
22.680786
72.52035
31.1346
98.886345
135.82608
110.93227
114.2577
24.750587
76.985214
107.61441
41.48464
112.576126
107.214294
119.95289
46.37474
79.74961
80.78269
54.8046
62.066265
51.85231
89.00128
59.799515
53.748592
31.587402
87.208954
94.47242
163.00327
146.96634
93.85173
88.89356
34.60521
89.95215
48.629505
88.527824
106.06556
64.943
169.49472
95.04148
118.683586
131.83272
39.055614
81.9458
39.72436
55.709217
95.192215
106.602356
33.27244
63.35265
128.83403
161.16388
47.014904
78.388054
94.39877
34.4766
82.50006
104.252655
112.745186
119.924164
79.63954
95.14283
56.45285
16.136694
107.255135
48.318165
140.17052
84.58291
87.92917
100.24913
93.739334
79.8523
97.645615
20.717545
101.081924
68.20806
29.69436
56.76887
33.72114
59.28292
113.59873
47.205395
61.029243
61.261875
91.64827
85.53942
62.594254
68.41332
42.22721
28.956665
67.20887
65.85153
55.546364
62.73125
37.859
57.167416
82.707985
60.343273
42.50269
33.37693
64.11346
88.282196
52.168896
92.000534
62.048306
24.14568
51.727856
93.00414
21.845032
88.46462
63.237423
59.363636
54.11944
58.968437
93.10602
159.93166
135.26163
47.413292
62.502285
60.37849
118.25967
51.56564
74.94347
44.262028
102.159256
89.67727
12.05924
98.9102
129.8326
112.48306
74.41791
69.03645
48.436386
34.68692
31.017681
56.467804
47.58434
40.833366
95.54015
95.12874
88.877594
43.342865
41.23898
28.730358
33.294727
129.53046
127.1771
128.89328
47.79096
126.882034
101.431915
42.7316
48.660347
67.40044
56.85932
14.301109
96.81024
120.41522
129.11087
49.44765
62.517994
29.897825
109.00306
77.56145
62.20084
20.708315
90.91133
36.810585
80.85791
147.12102
209.4907
55.19046
66.309
103.88505
153.50633
36.159275
74.66905
79.41022
130.92682
39.61425
61.48668
65.94345
118.95511
71.3105
68.91697
29.532524
48.145874
31.608587
72.06709
46.465874
141.13586
175.08539
34.34344
47.914806
45.189266
66.39194
59.36001
130.09203
106.184044
85.040665
84.58072
30.984468
11.932832
233.89008
85.93173
85.4913
159.29031
99.47813
73.026245
59.202972
94.25646
73.27556
80.5814
88.48745
91.76199
40.243988
101.15239
116.98248
96.43493
105.77652
73.01568
131.12532
165.3398
173.8605
101.455765
54.247696
70.81734
98.73224
47.646896
100.83668
50.813488
67.408455
62.191708
50.17244
136.24738
59.794464
84.960144
79.52749
65.49684
107.61862
47.336075
51.568817
53.250225
102.52244
65.41073
55.69691
119.03462
60.81907
100.98135
72.93456
90.73867
46.589622
64.808014
67.37726
71.50542
51.313477
89.71321
58.523853
65.57905
50.289154
89.75042
124.915955
58.856197
39.622196
126.91327
144.10164
57.97633
102.39164
57.401875
49.606503
53.02827
106.60527
7.0548525
94.56767
18.220074
103.96017
28.291998
161.17393
74.62765
80.56133
25.335077
90.93166
50.19781
140.91936
56.841553
88.658195
101.23154
55.652287
49.951397
20.172342
90.16085
47.075756
83.20357
57.06939
49.119003
93.52144
119.2434
82.0754
85.64409
106.27148
91.87871
77.74921
92.593704
69.03603
74.475975
74.47629
94.66468
68.59267
74.798134
69.12677
68.61567
72.34967
86.82428
132.8689
44.994804
74.283295
24.41523
40.785057
59.460472
69.568695
118.18935
187.55699
132.32246
73.20403
87.87253
53.404594
123.12209
115.259026
100.07553
90.879486
174.10449
75.32506
86.67753
78.079216
47.5135
55.359028
14.201029
37.831696
19.922235
64.06918
90.69727
63.57345
54.42514
122.54619
45.46395
75.18656
65.30763
29.091345
94.56585
39.70043
48.643177
66.38985
69.17104
127.36059
26.790108
71.95382
140.55666
21.558186
48.6544
56.81479
122.44734
93.455765
100.17477
115.33325
95.426445
68.01582
55.790863
68.53722
75.654854
39.838203
10.749389
123.72961
25.692778
59.036415
18.697258
72.22368
63.914238
28.299942
165.54152
114.08451
101.19203
141.27365
57.905052
110.211365
54.012955
108.296036
94.47696
56.40582
41.840343
90.37105
86.31596
42.805984
70.02634
49.762764
64.16528
65.07101
101.22792
72.39036
101.947845
77.06773
119.61618
76.38797
66.71122
146.9137
84.17345
73.60748
78.390015
118.097404
94.701416
46.20136
77.495926
60.08586
143.71617
55.7884
106.76856
126.27099
66.977394
147.6254
35.677128
72.69581
71.44373
86.531006
75.08296
86.12049
53.84633
58.56841
56.222637
77.97774
58.34603
59.908337
67.60771
92.26935
39.274654
118.55644
145.71307
93.25371
127.4073
93.043564
80.37762
80.11364
127.90447
87.9233
45.79329
81.546776
69.26828
66.15457
50.006847
60.99928
43.88688
81.83479
61.764915
19.27179
110.32711
53.647705
47.72998
98.3187
45.289223
140.64232
177.55014
101.54594
91.211105
48.224075
57.607113
82.710335
48.16715
45.003178
65.14164
94.79601
43.469418
141.78539
34.12216
36.09461
47.33158
48.506554
134.67525
89.80145
140.31487
142.99812
91.72141
90.03868
76.314674
39.60835
143.05728
59.245983
26.463276
88.8404
100.85624
71.35634
54.71368
62.739864
32.48209
78.47249
81.47067
120.68401
175.68721
113.19762
181.4683
38.792534
46.64498
39.904305
54.653866
96.54098
54.839188
77.0089
47.83506
34.386406
126.49523
110.30225
283.41806
49.97511
53.551113
87.402
129.20995
104.882324
71.51304
78.88343
91.70976
89.83992
143.54294
137.59996
83.901794
76.258415
91.54084
63.849728
62.976437
105.230896
79.13069
126.45625
89.39213
62.025356
41.752422
73.24968
6.9291234
76.26898
86.05063
45.075634
76.436295
106.652725
31.613632
111.54541
52.159473
64.39813
105.26218
92.25102
117.0087
49.677074
85.303825
44.811966
38.020233
44.164154
51.559902
73.17493
101.091484
128.93811
141.64055
99.476585
40.959335
128.07532
60.558624
85.842354
44.315292
63.686836
74.5596
81.21546
66.23792
90.19582
26.96543
60.224785
108.822685
41.829525
69.69876
89.32694
95.07272
131.75316
114.67363
144.84698
93.91918
96.711006
166.57391
80.46546
22.296293
126.21028
8.938041
122.01203
43.311157
55.59833
76.01583
59.375565
48.148785
78.27477
75.89327
100.26265
123.993645
10.189018
40.87182
72.20285
68.09312
97.288925
123.53149
63.50216
124.09182
70.80264
99.08594
56.372955
99.42389
96.51422
95.81146
48.57355
32.300488
51.675106
51.10128
46.47337
171.08922
69.975494
37.545544
80.644035
119.25604
74.52714
29.212622
61.805225
17.522053
85.49509
27.835423
77.68512
102.06054
64.274826
106.67354
25.999323
62.83023
74.85701
100.15091
97.400665
119.38825
53.673077
92.35042
47.690884
87.30311
18.906496
105.90049
49.335903
82.00131
116.88882
71.58085
49.775578
37.401073
46.7537
54.470028
152.2237
77.2795
54.071266
21.559072
44.812515
84.94339
77.21977
59.535275
87.8002
156.63359
41.26659
84.44768
25.673529
49.912724
108.56474
101.344055
63.28964
30.110489
64.86673
51.0564
60.456627
81.99515
101.96661
31.433418
79.322205
76.467995
42.869312
97.55278
119.84326
18.642738
56.925434
72.496376
137.11696
77.51178
70.869064
117.74099
120.6453
78.88103
83.74941
101.35635
112.6432
103.75331
105.19123
145.54602
142.76605
143.8816
95.07771
56.11523
61.20265
105.21411
85.96292
6.920851
87.51882
35.559242
47.115612
44.717396
98.77263
68.27415
159.46457
156.28099
71.6102
43.438866
64.523994
109.512695
69.36052
118.91141
65.48548
67.274574
100.49073
116.16009
79.789116
69.2197
100.24879
59.20605
42.862267
84.59582
79.06794
39.123817
31.795801
32.06575
66.8112
89.0833
9.258545
92.57055
37.890717
83.330185
68.894325
51.231777
111.41789
99.26279
40.546955
110.16968
53.45958
39.256554
64.3605
64.62841
132.5375
58.39624
67.21347
73.86474
51.465885
84.86836
67.84878
72.4485
52.238266
51.716347
67.61899
45.506847
128.45856
26.924595
75.74388
82.73556
164.53322
110.25799
37.428276
64.370224
70.37206
130.97566
149.92876
105.06408
75.141365
134.39189
75.275955
165.34113
48.31571
48.247635
81.08471
74.68847
80.97054
111.33959
60.996838
19.634377
84.47456
65.27425
76.85284
65.91273
55.941998
83.87764
129.44118
61.28931
36.548386
70.90411
109.03567
23.750647
32.104195
121.81696
6.255966
75.501945
125.36596
151.5569
66.14047
132.69199
73.04483
120.40814
103.86179
43.189808
45.872555
58.323036
213.77858
87.56354
30.625872
141.6721
61.516674
105.8221
105.19858
99.30103
23.56071
109.887726
29.783638
97.972786
95.18212
88.894325
46.82652
69.79851
137.45268
169.38464
80.18378
87.419716
71.01496
97.87543
70.79556
89.73843
117.900566
83.00686
91.0739
51.862667
122.945984
90.00473
72.02152
38.141712
40.727142
90.42593
103.74636
77.17511
84.82941
82.02259
145.57639
204.26305
61.013214
74.08195
104.63947
68.55798
61.109806
84.60595
61.932674
49.635273
101.25721
32.66395
53.298912
38.70083
69.13827
149.85413
60.74808
129.62924
74.840614
119.326515
108.169525
106.75113
110.63252
51.147194
138.66068
117.72858
51.702003
47.63756
15.676209
135.76184
79.01833
96.25545
88.39011
29.757402
35.06785
60.570236
77.68789
72.43382
37.641346
56.065918
56.242577
64.770775
87.35582
119.196144
121.25391
20.926558
70.931305
85.07258
126.41934
81.888115
58.39828
45.54632
57.80415
105.62278
35.6129
90.31493
109.447174
69.79017
63.291283
80.46972
72.198204
66.21207
95.411194
68.209465
44.75747
116.04489
96.96169
87.28698
91.6343
72.58362
32.865776
85.562996
88.667015
94.43512
49.19791
99.980354
106.410324
57.466507
7.347809
145.67981
102.710526
56.2247
72.36024
141.99806
58.978004
66.83469
49.721153
51.363007
130.78076
73.5972
32.65949
92.01746
71.98395
51.79442
152.67065
77.49207
71.98334
135.11382
49.211143
111.45242
49.302048
90.524284
81.58816
72.24223
85.0038
84.126366
70.55396
95.60075
76.57722
87.55533
83.45637
57.11011
76.08682
81.325
78.34916
80.506325
18.850847
74.77798
60.538574
69.83116
112.28907
86.942345
57.098934
65.244934
62.70461
10.671933
55.118847
105.38961
37.97103
117.35705
147.78786
80.55616
108.41226
42.72888
31.89106
56.965866
98.347786
104.93118
45.520878
48.761005
78.25393
62.246796
41.36606
77.332115
176.5902
70.03759
126.20671
53.51726
97.76109
123.39313
38.40177
176.29214
64.48437
64.89699
56.308395
78.69216
68.296394
149.70837
101.5696
94.103874
104.697845
120.544914
58.97454
63.256596
43.427174
122.74459
68.97317
54.100285
67.483185
45.259747
58.4329
68.20399
42.869453
53.331543
102.71948
101.322205
50.724663
146.3242
58.246822
44.78448
63.892998
19.224083
84.34911
28.317938
108.51926
119.623184
35.059204
38.352154
19.899263
63.843807
70.39302
47.613716
50.546085
74.333046
37.985935
37.03548
70.87661
36.817543
52.92045
79.06875
91.842316
91.046555
78.490395
126.14366
86.1206
109.66389
145.4717
116.198006
82.19875
20.03706
29.977304
79.496925
65.55432
62.3942
42.051373
47.1887
97.886696
22.442377
99.201126
42.286957
83.48787
98.5723
71.73129
95.92043
124.65752
148.27255
157.54051
91.30206
71.87335
106.50586
69.83699
73.48923
22.917385
42.737255
104.383224
123.87396
30.95772
90.16806
64.3967
96.92634
81.583916
94.603294
60.114304
102.191025
68.98643
66.21165
51.549305
29.692724
139.52335
74.27355
90.156975
53.57686
113.585205
106.86029
112.93293
45.532036
96.99428
29.243994
161.6128
53.91703
44.59234
91.001366
41.179512
18.315104
103.95419
8.678636
49.733654
84.24667
85.566414
109.450066
56.317364
118.01532
72.33756
105.5997
70.306915
34.488213
30.82205
34.12589
79.481735
50.153133
70.53749
64.729576
70.488396
65.45529
78.60817
61.5591
52.191635
88.30156
107.86568
63.47724
35.792023
80.91562
31.669724
170.58394
97.07311
34.583454
50.11705
63.914223
64.739265
53.51127
101.57969
85.274826
137.07906
64.21155
43.179962
60.964233
72.31962
62.267475
65.0588
24.73153
111.36835
149.30414
98.1062
75.584305
119.33274
79.46082
142.45045
66.717064
71.10909
206.95494
140.104
96.12611
73.13203
63.13128
118.47652
48.90503
77.856155
16.662361
184.06113
87.566025
48.481686
113.97938
18.476692
170.4861
51.095184
58.00808
142.07654
78.06946
109.60068
81.68688
4.5682387
51.64027
103.75111
29.604792
102.178635
54.140465
118.474884
75.725
40.58922
45.170067
43.828934
85.00351
86.96965
100.581276
29.643232
83.83754
133.19846
91.697716
38.23174
145.94562
49.353283
110.8586
56.047596
56.21853
59.96559
26.26999
85.47785
30.068106
42.604176
94.08867
54.49391
108.36405
77.12585
23.177979
91.52159
52.89078
104.67577
46.26641
113.887764
23.352375
100.99155
48.581066
44.46172
89.42593
131.21217
79.99355
15.533285
95.848114
100.624794
98.77029
32.613945
107.47956
33.018375
92.78272
31.893362
71.64682
75.89252
86.4299
110.17173
131.68796
115.658
97.68295
173.46751
98.267624
63.806828
40.058514
101.459625
54.31846
88.54821
118.6644
70.70076
79.19638
75.4901
93.18119
49.263214
49.43537
47.058506
155.85497
62.713757
42.308403
49.83878
87.84442
73.39983
16.805574
96.7946
82.28628
99.31703
70.39076
85.05742
65.07351
28.998735
77.997406
71.98487
114.28442
163.56839
92.9513
105.032814
95.9768
110.521126
9.812017
34.940483
46.56662
73.97338
44.46854
60.521107
53.28025
38.29498
147.93564
21.36188
60.223927
59.225204
38.158993
51.593597
94.568535
123.59724
29.180054
48.38972
92.900856
84.70097
57.90895
73.270325
57.577393
96.93029
76.131584
62.23594
68.11352
79.716805
64.72016
55.088234
104.12734
71.56584
80.67823
98.97128
61.4161
64.79361
61.274673
59.982132
68.392586
84.34986
98.69729
114.50419
96.61014
112.787
103.027756
85.289734
9.015078
85.33413
86.56589
92.011856
156.50015
54.258144
60.076527
101.43699
151.3963
93.79892
37.799446
44.15639
45.066505
77.75526
47.809483
118.389824
14.578955
62.205643
36.323917
58.075233
44.522324
62.378437
74.35503
65.02616
29.204544
76.67481
33.945347
54.070698
70.72625
18.971636
51.22651
124.34284
132.4319
41.010654
68.17971
80.795135
74.91167
39.061718
57.335796
93.87042
67.61807
56.038555
75.447464
32.900112
102.146965
48.734653
61.782196
37.861645
85.951775
38.53421
144.65321
150.69919
86.018654
31.486618
104.854416
61.561016
57.71311
77.23065
101.53178
90.444885
39.774147
43.99227
169.00636
60.548756
100.66646
133.12585
38.24969
83.15186
115.501854
50.586414
89.70554
103.13992
52.102882
36.960705
45.631832
45.31058
46.390484
39.942635
36.387394
27.262785
45.834526
5.4929934
82.81763
89.61925
44.848846
30.787537
147.69298
129.683
75.49462
73.2545
92.69387
93.06905
107.96098
81.68796
63.64854
84.04785
9.6098995
51.36928
137.60928
78.25997
73.0032
81.582375
102.90566
83.57915
63.681866
104.28181
56.51967
67.55451
57.698997
78.01638
66.7137
146.08356
70.40584
93.66983
63.173424
109.565956
50.134945
126.77833
90.36817
51.995064
40.746315
55.329567
89.50402
135.35468
36.057076
56.938423
210.61613
24.248474
68.124
104.87829
28.82716
50.255825
16.31211
46.185913
44.60693
43.93956
46.86279
50.481846
22.993393
57.204193
70.301414
113.04
100.14841
65.250465
112.3282
82.27222
118.20194
29.922546
38.617756
94.539925
40.3388
75.44351
78.56617
63.388706
111.4468
37.84382
42.377655
45.916157
74.12593
57.527924
29.605755
127.75972
49.954662
82.320656
212.84349
41.970028
66.74622
37.952877
98.033844
95.795746
74.6571
28.628132
39.126236
77.122345
29.0052
83.30208
85.96503
54.00933
98.4205
43.481876
91.51479
52.073048
86.73454
48.04066
58.546566
11.604676
108.08897
25.518272
8.819923
109.07136
71.65306
70.46098
107.80207
39.722717
121.080986
84.632614
109.09386
53.70146
101.605
184.62439
93.13003
76.48851
80.74074
65.0137
41.424282
34.37516
48.45534
52.699345
59.667057
83.9689
51.224865
156.89325
147.40385
59.935215
74.371445
110.30217
76.73582
88.06888
35.514946
29.17157
86.62628
71.82998
48.77673
33.24397
109.05984
75.63546
110.12473
101.413055
103.529144
49.39302
61.113937
70.74804
159.12537
77.34454
171.37488
67.77334
65.08133
25.140043
52.137333
45.161
63.467213
53.915283
47.603294
104.41248
85.48368
142.71466
83.55214
119.36998
102.983734
38.51885
69.9091
58.572285
79.27811
89.797646
100.44981
33.313774
40.99585
50.03313
102.61823
37.880627
34.010315
88.180466
125.38345
123.127785
86.09337
78.462135
50.94023
112.6018
63.54082
86.47935
133.40694
63.1864
44.512436
34.481937
152.55257
160.17487
78.201126
108.57328
84.61294
43.79811
54.90071
45.55166
46.201622
78.745415
33.651573
62.161358
35.331173
68.00942
81.265564
88.51743
32.107407
97.70836
105.00517
43.04438
92.86962
11.792057
114.87155
25.756664
81.72035
133.60248
50.91485
21.017448
52.15953
71.73455
73.53187
93.64017
98.46721
124.50477
106.7709
112.517204
70.58678
14.290535
75.734085
76.386536
87.007645
43.537464
42.750443
112.015976
78.21234
105.298874
41.407158
73.5457
76.91561
69.2064
97.09578
67.91934
40.622868
65.95959
64.27081
66.772415
64.85091
102.82003
184.71046
66.16217
74.872604
20.101543
93.298004
41.753647
55.924416
59.473465
98.106384
73.9379
89.75652
99.375206
99.1023
56.070053
149.94106
77.85881
81.08582
54.22234
33.257057
123.665504
77.35312
63.66834
25.255495
83.703896
92.46069
73.11958
32.373474
47.651386
92.022484
96.04102
75.74495
71.79416
56.212914
8.548411
41.46437
55.946495
116.44296
113.095955
105.05036
87.07262
69.547745
64.721344
167.78758
66.20315
71.504105
65.89493
55.19535
62.78924
21.074213
88.67302
39.47502
40.658028
9.802042
71.825165
15.663002
69.19084
104.919334
154.70602
109.384384
40.807438
41.117817
35.929897
53.384815
30.783892
90.62573
65.75375
142.2876
167.52324
78.596375
65.89377
127.39115
63.368275
25.774015
40.595314
37.80388
114.44285
51.390736
100.92148
34.615154
69.296555
43.204838
86.23
75.230545
79.019646
118.628395
31.207209
41.102036
60.970757
57.06206
77.85995
81.82407
88.930626
96.910675
67.6503
119.5894
15.4841585
43.502377
176.83856
64.55176
80.23259
65.68394
63.05966
26.873192
75.88854
64.55358
38.07631
49.03655
60.907906
82.32344
113.85687
60.12164
113.95854
97.94841
55.077408
68.35923
62.85339
93.920364
24.348623
69.90212
101.05662
81.748024
94.98706
133.96599
55.62307
88.046776
62.79114
63.405323
69.862114
71.90019
44.304344
8.786901
78.067184
127.490204
92.84724
66.9397
74.21442
61.219013
78.720184
77.21724
38.95403
62.36865
65.489944
73.95987
55.493423
78.983444
46.999912
127.16986
28.913763
81.6681
65.28628
127.411125
66.5624
69.85264
85.00835
111.543625
99.14433
40.00687
51.299454
102.661095
59.20565
79.84736
31.478989
34.89701
51.247597
56.910736
118.940544
66.71772
35.619198
99.421005
139.2569
63.087715
20.943401
88.775955
32.273342
51.60242
95.504395
52.3588
77.66784
6.51338
98.28188
62.708427
117.17201
206.02223
88.803986
63.519894
99.214005
90.51642
52.384785
76.39294
90.64645
102.29259
29.263105
74.26617
70.374214
63.796524
18.999557
49.881367
157.56279
40.37678
60.746128
128.01903
56.252914
41.38661
117.49622
98.557556
100.20462
101.000595
113.06254
39.161777
78.14676
106.97188
91.94744
44.719833
97.60927
57.37935
89.69605
15.24183
102.44967
66.54012
43.268833
70.36411
77.97396
83.15518
94.28745
109.85429
95.987785
36.614185
136.91669
78.92189
139.14668
117.55954
71.37502
156.57503
55.24098
88.4316
18.294924
66.598885
51.38865
9.766699
41.899292
135.11198
107.335754
59.034813
107.70814
45.715538
159.15794
144.13614
112.45871
60.85057
42.37172
34.89249
45.416515
47.802784
133.6384
74.070175
80.54158
66.80837
64.89486
29.93383
103.144264
184.94266
122.83973
90.145164
137.95233
85.420616
89.27451
98.36272
30.026272
91.650635
72.56678
73.7705
81.29469
137.9165
79.27827
125.945496
32.796516
83.78038
126.14316
90.21983
104.43719
120.85134
34.79167
32.71155
48.880024
80.08813
97.36958
47.057674
86.71442
29.992043
79.78952
96.39843
71.73289
26.178268
85.173134
93.41556
59.958878
100.525276
80.9969
98.675446
68.53021
62.284515
54.9078
77.76024
23.798738
56.23706
53.923527
109.838974
66.678474
46.259243
27.751787
54.8773
140.2149
56.49554
40.27083
161.99445
89.922775
122.09212
138.27666
78.086296
70.87029
96.906105
70.00299
89.12433
55.624252
44.391518
67.6395
101.77113
93.9527
44.03407
81.349174
114.499664
120.611824
17.28892
87.36763
82.75432
42.046432
52.78275
79.18702
109.05189
69.1351
85.38319
124.91316
135.6327
236.58517
115.830986
65.133835
63.39757
87.00264
79.85389
116.24867
34.432858
51.64314
55.240623
167.61623
58.444508
90.214226
48.226925
37.68209
77.99155
68.57781
61.693085
45.05046
53.026566
102.478134
114.66402
49.23078
75.077095
24.89003
45.472015
76.34954
65.8215
78.27304
88.598236
96.721344
55.980747
100.73106
82.56122
73.025375
67.55419
21.063643
69.1045
75.95403
54.18701
24.245506
101.86673
61.656322
16.757671
85.108
101.294014
34.805817
69.9818
65.890045
32.058575
41.93112
56.1375
50.506363
68.04027
72.67557
125.40524
53.918568
46.047577
65.0896
76.01414
62.715317
92.46624
54.071583
183.08406
111.02497
22.236261
8.560791
106.5519
63.640644
93.19831
50.39023
104.070625
99.343094
148.6537
95.44602
47.077866
119.715965
21.639212
64.692825
93.18017
33.249565
40.322533
31.009693
82.22446
43.096466
108.2758
49.525654
54.99531
85.42965
88.47656
67.764336
71.280304
61.979366
73.37874
99.43688
141.85635
125.963486
52.617817
123.91421
117.90078
84.92485
66.58021
38.641987
147.63504
92.80214
113.49365
144.46574
171.74884
35.860153
42.95813
136.77994
45.39668
49.449493
45.29555
80.99959
53.194366
80.04847
77.44009
63.326347
139.34856
93.11472
53.965458
100.48006
70.28636
107.46067
104.76402
101.92762
127.27341
25.106663
131.42894
47.03095
56.786488
43.31544
69.89076
121.69164
52.429916
69.77346
53.79083
38.70516
99.91564
124.81664
70.72103
29.143858
109.38122
28.99328
44.557896
89.705605
96.94851
142.07751
64.89564
47.796574
48.14692
34.08661
36.210587
133.85457
112.57659
75.369705
69.48327
49.058983
31.1526
24.031467
100.47221
100.91448
94.56846
108.59529
129.9531
37.318176
51.541428
110.20183
94.24416
85.743126
90.75064
46.67749
53.701073
82.98343
220.31409
126.56288
128.28716
105.646095
60.306393
83.230675
114.33563
100.16772
87.00158
35.78987
19.870773
141.34882
86.46285
218.27597
113.29025
104.362526
60.249474
71.72153
85.43153
54.54557
57.67529
28.73803
90.285934
77.41164
125.102844
45.038464
91.17128
54.547928
106.870476
171.43678
35.582542
96.33336
39.746365
138.17566
71.042496
115.24745
67.47476
102.59557
105.40214
98.05085
61.143623
33.316723
77.52451
66.4526
73.10919
112.20859
47.054047
10.714721
102.576614
167.14542
126.87103
112.87758
61.966026
58.660988
83.97756
123.65246
84.94123
143.37265
61.089718
34.896824
66.771576
117.750626
96.89348
166.5815
62.048428
66.10313
58.142067
31.07035
92.681816
93.23529
56.27121
27.603086
54.909412
67.521164
97.5503
82.48879
23.610899
123.93113
145.22737
83.493225
29.22694
75.80199
38.154453
98.79527
21.076538
18.132414
128.08229
58.425938
40.302853
74.50486
69.251915
66.417946
100.03161
49.164806
108.47732
60.29684
127.2999
84.194786
61.224766
158.19823
67.983574
82.45936
37.7255
38.33392
19.391357
80.15782
82.97178
93.21114
149.71646
87.50451
42.59922
143.55646
101.199196
36.204056
150.12271
139.93378
103.10572
64.01686
131.57347
113.408226
115.699844
106.03387
106.70134
82.784836
47.579433
113.38165
65.79255
97.02595
53.630516
61.833286
45.043224
100.88717
51.233837
147.013
71.74066
86.51829
117.38669
83.67747
84.189186
74.07881
47.55035
45.76065
34.981277
105.526024
23.92381
97.48905
122.75666
81.11601
45.447506
86.762
89.005516
59.48889
97.37873
79.1574
86.35993
42.155254
31.372587
83.18303
90.29998
5.383797
28.895958
36.14174
73.24251
24.9674
55.353756
71.961624
95.03637
46.959763
65.62217
88.60345
50.748547
95.81724
88.40454
86.22196
63.401276
76.40712
65.14487
80.60543
53.71476
37.48996
50.730587
47.78069
59.15824
116.75191
54.95382
56.15803
73.591
74.83544
49.42463
110.57062
165.10193
50.143112
60.472546
132.43198
78.836945
16.590513
95.51849
123.68858
90.49378
49.276436
123.05228
104.3303
71.386345
75.48479
28.732363
137.0346
59.87913
88.189064
78.25352
26.83796
116.18791
23.62632
77.49623
46.709484
149.59834
41.819767
60.874702
104.22913
123.50203
52.195747
54.792076
65.01171
63.61541
72.997406
70.92912
80.93892
105.871346
33.314747
30.722178
26.709497
113.687805
46.348434
51.202026
43.340546
85.510635
101.57349
107.96105
110.09132
65.87777
103.0701
170.09631
120.48025
36.134342
74.54028
41.864227
96.02579
7.028477
102.46911
56.054466
135.66115
103.97931
118.456024
80.021355
67.57263
101.57587
46.16019
52.394432
51.404896
28.369291
87.975365
74.514915
45.618797
23.096825
82.87
137.78531
35.60602
84.440605
53.95731
94.60834
54.614677
4.728837
45.84175
16.794374
13.023712
75.11655
81.54814
83.74785
100.99263
65.251686
44.024
58.89797
44.9722
52.616436
144.78722
125.9865
127.55117
102.23833
115.01619
59.13585
71.91922
35.648
85.30807
80.97169
80.6944
42.251427
13.443948
30.848042
73.02402
52.026478
46.935658
83.96969
54.8769
125.12144
49.365623
127.674095
84.233826
86.82987
46.956852
111.56057
45.378098
92.3269
78.14709
150.99126
57.423615
72.90181
48.864277
59.658573
113.017395
137.8125
72.44097
178.4855
139.45721
120.81982
204.33435
96.137405
79.26674
81.41174
51.377243
112.26384
125.19375
72.16526
42.852013
75.183784
39.963837
125.64091
79.35705
85.6169
60.064716
152.0821
49.47897
85.21443
90.013054
76.99842
45.320137
115.63954
69.91412
35.971474
119.28652
64.75477
55.535587
88.30455
35.06374
23.774294
93.78638
68.96264
52.67868
44.341843
48.06443
123.02006
107.8408
151.55289
93.884895
48.819267
62.95164
45.357506
91.04612
133.55559
139.14552
48.007744
28.222473
77.87397
77.98532
111.03245
106.91124
85.907684
109.8846
111.4329
152.62068
163.88458
59.99766
99.33028
28.40059
67.50645
79.859955
56.6321
68.05548
35.2522
114.9124
93.25165
89.650276
80.80373
96.950966
65.649315
122.86081
62.55023
58.880005
127.706535
44.97571
101.410545
69.53215
75.22925
117.79962
60.63531
90.498856
87.094574
58.746788
31.297739
39.650852
76.33248
40.512035
110.68962
48.794132
91.39945
71.42664
45.99603
43.9838
100.64324
47.345604
125.46248
107.69283
47.57771
75.153984
117.77297
49.09256
66.36861
104.0543
48.528027
47.88942
53.219624
40.853813
81.66344
129.58618
29.128181
7.7993507
79.448555
66.15671
87.11905
93.43307
66.52031
76.02495
84.28422
110.0578
78.96248
111.452194
91.623055
129.36473
82.3374
189.45738
71.62827
15.553196
45.99222
52.917038
110.33788
109.9788
63.40859
61.612797
120.29617
36.51106
39.404564
56.57652
88.40604
122.77141
23.802374
41.299393
136.89008
170.2074
33.828247
49.95743
61.06664
25.4635
64.176834
92.48071
158.03848
186.0079
84.50001
63.59707
64.40204
42.659874
66.31228
45.772797
60.39842
34.07079
71.59556
72.68386
82.573616
45.61164
94.77546
78.1063
83.92449
61.541073
179.9115
149.96095
100.36352
97.30606
81.340576
113.21443
84.48109
95.79266
118.319855
129.55392
88.44595
103.40865
13.658778
47.611324
34.556435
29.540733
81.16137
63.390835
68.18532
93.89341
129.3862
52.99848
85.82564
28.03043
96.674225
64.758736
65.06225
70.22057
86.27925
106.36148
94.27817
70.64084
48.556343
62.70157
39.879303
121.934326
76.205055
114.16672
82.811874
98.78333
37.741596
60.372944
98.3802
91.47636
131.11758
85.39418
66.18496
57.029404
27.453629
133.51605
52.176327
50.963898
164.17824
112.681564
54.000057
112.09375
55.78702
69.8424
48.02753
78.793495
80.577614
56.862118
59.950672
76.19635
77.414536
41.082245
82.61304
60.142834
95.57036
117.391716
66.54842
55.4331
62.61663
41.54428
96.47504
64.341354
60.726322
71.07718
22.23691
78.75443
54.919106
68.03997
110.91892
5.011237
120.716934
67.20496
33.864845
75.95606
85.25844
55.726402
95.61917
103.369095
58.702316
69.73369
44.020695
68.70582
65.224754
29.388996
108.41053
30.020832
38.0522
201.45757
111.22197
113.12524
105.64977
44.45201
11.879642
115.71294
87.33674
76.41019
40.16842
54.201836
104.924255
57.984707
81.18771
108.86244
79.90367
96.65778
94.54197
92.09189
42.70644
36.81184
52.99874
92.720566
68.26609
61.339233
26.748009
225.87823
72.73662
119.45254
80.83042
79.16454
35.970463
82.40095
84.35104
41.25037
84.16012
87.9352
85.131195
42.170345
140.61737
61.00863
201.59297
91.9948
35.677345
90.5338
123.957825
175.50696
128.72281
129.65079
29.249907
66.18767
45.174316
59.992363
80.48257
92.825584
102.362976
64.704056
53.346645
109.76056
87.557755
21.877424
60.71397
86.90638
87.03429
111.65689
57.23119
57.301327
119.60365
88.49078
104.30714
68.36474
66.97725
98.30761
60.341904
49.604965
76.88549
76.58681
31.045044
71.75732
48.698315
63.550205
70.61103
42.472015
69.467064
87.48048
47.47445
69.21921
116.812546
74.83862
37.3189
91.8968
37.207916
82.259834
54.419533
62.01435
49.98127
90.57342
84.96372
75.125465
95.75657
95.13578
27.430927
110.55709
110.41113
64.255325
106.12959
84.26401
65.736786
78.77724
50.67853
113.999825
84.58296
93.0683
59.810314
55.328304
73.85046
54.412243
49.79294
79.69971
102.706505
137.13518
92.61021
36.431454
57.5733
111.79063
55.796
97.77866
64.480125
72.495834
80.75305
79.634964
77.871735
104.8289
177.65771
56.468365
77.26912
111.81503
35.036797
51.33731
19.971931
56.89279
68.81412
128.96364
35.750397
43.641125
95.409004
60.751434
24.965626
81.63392
122.10983
103.60544
17.465446
42.31554
107.35798
111.76204
77.52648
78.68159
34.491634
97.71288
21.970945
94.159904
112.36335
149.76222
90.280106
89.994316
50.288765
54.621708
175.32124
232.75832
45.93251
137.29497
79.317154
141.1796
41.059708
67.204834
135.70905
152.53001
171.23466
74.73282
127.54326
153.3816
56.50652
107.43055
93.822815
70.083176
115.23049
42.921963
54.286774
118.2274
94.70289
77.04973
42.97064
84.74647
63.711967
40.91649
52.23195
69.30163
113.06351
7.4817095
58.39878
71.444115
44.351505
71.41228
52.586357
100.2407
104.70069
130.36093
116.15109
68.326004
76.59187
92.440926
81.395256
79.92483
51.279213
78.43857
90.45343
64.114716
78.078415
43.57069
65.70659
80.89829
48.286057
75.28527
100.13344
88.73599
45.925182
57.020718
61.060986
48.276955
117.955925
92.61268
107.586494
106.08375
158.08417
43.478115
103.7771
34.41952
56.0453
77.773636
58.466454
77.22718
62.297848
99.22141
68.986374
65.29053
73.83437
59.034966
33.10474
104.35919
81.8306
160.25763
48.424458
42.392437
64.51502
155.16025
82.90516
63.133766
64.86015
138.69179
159.19716
140.68973
146.77246
142.73943
33.523624
49.807026
59.95272
62.863388
23.86368
66.0509
138.16316
77.69539
66.88875
106.93213
90.66144
91.678375
69.40243
114.73518
82.50628
72.9285
75.81997
71.52573
93.229866
62.483917
67.98559
60.788662
141.28378
73.88162
69.07927
76.30505
30.522417
76.93148
83.941414
90.75042
96.58787
101.01287
64.52441
232.64342
169.21222
98.09304
126.73761
37.83773
53.326748
71.454475
142.57164
56.074184
48.50068
106.926605
105.60084
63.030434
68.41246
100.2453
110.99523
51.55171
133.65271
128.1848
97.4636
57.94147
65.91738
61.882145
37.129406
90.708496
89.89966
137.53828
130.4795
151.72137
77.16577
47.70572
36.371647
53.128838
22.706467
41.125145
48.422607
108.56607
87.1839
71.17849
31.791119
56.76023
135.07483
189.76376
117.2892
46.44033
80.937485
43.780777
57.587765
86.58105
54.83646
24.881004
38.28456
83.560936
119.46645
71.23081
64.16299
76.25788
35.8452
73.06996
108.76541
86.12426
47.725147
74.930954
100.66999
43.69182
48.54864
156.35643
9.237659
124.801506
58.988476
42.404034
92.03942
73.68431
77.77158
54.089863
71.49456
59.333496
78.9792
59.913708
92.21965
50.606255
37.42885
95.15504
71.70389
51.885704
76.47383
28.591358
64.82381
60.294136
106.112236
37.793232
28.8731
90.997
61.666183
131.92693
81.97314
47.986015
64.4073
122.76973
114.01701
67.63114
120.1739
46.648678
49.02785
94.717865
32.520382
54.61501
93.33563
92.443474
79.44581
68.834984
22.488153
134.84406
70.48566
70.512146
71.59095
64.11369
70.22319
75.63188
58.662178
69.51494
189.60374
120.3163
224.36797
87.39126
51.22594
52.709293
41.35556
77.93886
183.31754
30.952312
12.068552
116.08234
84.50321
53.72574
103.61282
120.39515
149.89093
145.32182
19.688082
43.272198
90.12602
52.480297
139.96716
65.012566
38.074505
32.981117
115.52898
54.274323
51.208916
71.895485
70.843445
80.07737
22.844437
72.43021
45.474403
96.40998
86.87691
77.61941
90.46006
85.15157
67.791756
72.71339
30.147985
125.298416
76.22995
73.34529
43.940697
20.113632
84.89781
64.76596
38.113632
57.16019
48.977993
75.10571
25.697824
51.471523
44.013905
40.00674
44.33901
68.42612
94.19755
114.535164
62.59851
66.53368
139.25723
68.08218
77.55918
48.48961
85.687386
103.55876
40.15709
49.97116
13.514099
72.216064
60.31063
74.052826
37.128876
32.53283
103.720665
92.98545
89.34252
86.309044
30.965765
29.850187
100.63505
72.92183
217.61469
128.51547
59.43035
26.446543
123.377975
17.417767
123.86919
60.725143
54.434917
70.16388
153.13925
119.32419
83.172516
71.11997
98.732315
66.53424
123.2057
108.33893
28.060053
64.84024
93.689705
46.181408
112.4098
24.101873
35.102432
103.47293
123.84719
63.51709
71.75535
91.85676
69.840935
75.44042
36.067986
153.29431
107.62414
69.320854
48.93718
89.39405
47.126446
73.363396
43.978657
82.91905
19.43769
28.620197
25.87287
127.57981
75.536514
57.23613
80.781044
116.98262
60.36911
59.00931
73.31979
84.40455
58.66411
64.28774
164.2
118.27151
20.962246
60.16661
64.95118
40.63866
33.36777
57.93799
89.64294
72.583206
41.41797
69.81241
67.42797
103.24408
42.77991
64.15422
46.777695
50.548187
31.915369
61.932117
60.962036
138.80402
76.46357
92.09766
144.99054
67.26703
82.574326
87.65673
67.72582
62.601173
62.21899
69.51143
45.523037
29.672827
149.66058
95.695755
34.486866
182.0351
118.08849
54.530777
126.30269
104.717316
53.641758
161.72028
57.19263
72.86585
34.078888
40.14465
64.182
108.26928
72.2753
61.74287
67.45356
57.665318
62.595116
48.075893
44.340633
133.7272
26.186892
53.368668
98.77472
47.017563
67.596016
90.35989
83.28225
87.32071
20.478565
51.14106
17.854818
55.66288
47.099194
66.0157
39.32446
63.04369
109.1756
58.263344
47.89895
108.29117
146.18448
98.968994
67.1599
37.062057
59.067837
57.379517
78.45145
49.861
97.26124
28.278475
21.091625
63.3928
62.855465
66.21495
67.549515
51.010258
101.76733
102.09959
69.318886
96.11321
107.36963
50.199898
76.59503
53.72911
84.51416
76.077484
68.15167
100.637375
32.62346
34.828335
60.693985
52.345768
138.98152
61.042503
82.15868
72.387794
74.68447
78.708626
75.9238
24.584518
179.39679
98.88724
93.34518
75.69153
97.47966
93.628624
62.33477
73.62961
92.88268
119.3246
40.73825
71.243454
96.524826
96.08657
116.56459
99.66776
61.18344
90.083015
73.70822
111.02759
95.13708
71.88029
115.257225
63.37053
58.10741
81.18503
139.2623
42.143787
86.996124
126.59723
69.71898
46.432842
113.12926
71.3915
98.470764
105.14001
26.253206
74.696655
62.5522
79.64311
151.41202
34.97194
74.97977
131.57288
77.17413
47.96659
21.784746
112.72985
132.76714
84.16605
37.826355
87.75415
107.40339
16.376856
50.7321
90.76332
187.11832
150.68813
45.441418
50.460033
46.730057
98.316895
72.86572
67.31236
105.36814
98.144104
83.70925
33.961716
56.48646
97.51263
64.89394
52.390133
109.44221
29.115341
93.259834
47.480556
76.98117
47.27961
91.70753
140.59819
52.644478
55.761444
103.67755
78.33886
57.135014
67.68981
18.345787
42.051807
49.37552
42.93722
66.03375
130.21127
75.44632
57.184643
24.898369
69.962746
141.82451
109.89897
61.9726
35.224606
129.21844
126.807465
200.96835
27.815996
34.988983
49.421562
85.666374
88.41671
1.1164285
50.654896
114.77107
46.37219
99.91915
101.383606
55.214306
129.57138
52.862736
90.06184
56.94911
130.53973
64.359375
86.03891
86.35705
110.2826
130.29083
60.76456
77.09775
55.26988
42.558277
60.397728
36.74889
57.166992
59.621655
63.3253
34.11067
118.49086
53.891037
66.93008
66.86436
45.218243
22.239826
42.094902
60.5765
24.34507
59.086525
141.40059
98.80433
87.1702
68.14822
76.605934
107.75561
64.23839
65.28623
117.19243
75.41765
61.06865
81.71778
98.821526
139.8521
137.0106
105.340195
61.379955
73.207184
82.28638
49.6306
48.381454
169.57562
64.47453
76.1173
64.72158
174.13147
154.17003
83.573555
110.74931
122.68894
82.0107
52.337536
91.63633
115.492676
41.63061
150.9417
106.918846
84.459045
104.73001
92.27309
55.62946
60.116558
47.87335
91.3607
107.43169
75.087845
57.749878
37.728268
121.985016
77.45875
73.27613
60.034283
83.774376
35.31067
72.835335
68.415825
51.14828
23.194172
53.20584
90.69928
132.35968
145.45625
55.30305
87.33584
95.28409
38.335464
51.784657
23.93554
83.87325
105.39672
58.4582
107.244736
98.126366
121.93401
145.28224
52.183006
54.35316
101.48096
157.84418
96.82728
105.62461
21.876299
42.671486
93.56459
59.29119
75.55808
59.62783
106.89778
93.3812
115.54716
80.052246
45.024647
64.425446
62.568676
79.7222
60.674263
76.758224
61.966476
30.352724
75.516655
116.37099
103.142555
17.656126
106.61752
70.3817
71.761925
119.74783
53.262257
58.488354
31.912754
86.39836
49.890675
70.0496
54.56521
64.3557
21.876728
52.66363
87.79048
22.484901
47.21399
68.73785
67.514046
30.484674
137.81995
119.10947
132.20328
56.030277
30.657637
23.571365
73.99914
88.44594
67.11647
67.432724
133.12514
63.932106
53.25787
66.0122
105.78579
171.49844
79.72938
60.94893
65.10915
66.78898
82.45427
71.60956
46.877308
34.276386
92.97922
71.4087
135.4486
42.802372
105.79143
111.896866
73.81956
71.505516
129.57983
23.397144
81.74556
181.47177
22.103542
53.768402
145.55362
79.659386
13.179909
64.31947
98.84204
70.32672
82.97171
43.270874
98.46383
38.87708
31.086687
53.425915
58.904617
92.10686
117.32078
69.196434
59.280342
82.28351
86.26802
80.162415
52.135902
50.178402
124.85083
62.523647
63.03604
81.22899
87.33438
40.202362
114.317635
46.59812
188.50981
95.60019
116.18722
111.4245
181.96394
71.74749
87.042
71.45911
97.415085
101.51517
51.959084
69.39442
60.952255
68.847115
104.963135
48.174507
96.134285
109.42442
112.11348
73.270294
71.215675
105.44387
87.65795
127.81879
118.02023
146.28595
115.35142
81.75123
35.270546
61.615288
65.64754
36.506657
77.98163
100.47992
49.467285
97.01795
94.7047
109.44788
164.2144
37.66818
58.11206
95.50801
154.81311
25.563667
139.3649
31.009407
48.84993
89.712296
80.00632
103.40626
74.10239
85.61078
124.91797
75.38385
38.912987
42.762905
66.456795
105.13565
99.16568
79.91599
54.11485
55.42915
78.98626
39.59323
51.20091
80.91552
43.003494
66.39484
76.99293
76.92922
29.178774
66.75465
112.23693
53.100967
120.22519
106.93507
76.65078
62.43323
58.979958
27.2692
121.83614
47.578556
84.36279
86.57489
87.5616
71.4661
49.175682
76.13416
76.02399
45.683273
79.77484
137.33574
76.47172
75.29398
77.20643
63.30113
73.33141
38.070454
68.86672
48.870556
106.82637
92.51419
36.998856
116.81452
75.406975
72.95279
110.49268
43.97662
114.86256
84.376564
43.481518
40.534306
115.86003
71.06303
34.735813
37.308784
107.28261
51.040646
37.200893
39.72863
75.97022
65.31241
75.04765
182.62091
31.572638
101.70958
32.573353
83.290794
79.71549
88.98142
84.43542
68.28183
59.393417
46.88582
72.38319
235.05336
102.88749
49.961933
68.325676
54.80327
47.672646
88.86656
106.5823
72.94851
119.2955
24.933945
72.93233
91.615746
68.28842
101.89116
46.07813
64.83056
112.9878
75.378044
38.680122
115.388176
45.63115
141.31905
46.77419
87.3692
74.615524
59.63175
119.65292
24.373772
69.04865
98.89058
142.8864
103.70163
74.65795
63.0265
92.74663
37.014713
61.527065
86.6463
82.26773
59.075794
119.190735
113.79942
83.67251
58.295902
53.378056
120.42532
142.90128
92.062836
101.951454
37.544933
74.87562
36.75219
127.17918
65.50356
62.466225
64.68618
38.885773
9.59931
29.632183
49.336464
25.326103
71.78528
20.27073
144.25638
81.013596
139.7197
88.99351
29.790674
80.290726
92.72719
58.562443
59.949894
34.226967
65.2834
26.229103
87.06676
92.745285
129.02257
108.439514
64.175545
55.06328
119.308464
33.353695
25.657854
27.640858
78.04333
86.94339
40.711643
98.83947
41.21686
34.873413
32.307053
78.51904
77.0455
26.634922
56.861954
39.919983
100.16081
143.22902
42.52355
63.88772
89.39119
93.788994
47.302147
80.699
54.575584
86.77243
80.524345
30.114147
89.13974
90.65577
57.88177
99.983955
62.195602
61.868107
84.082664
107.598854
94.68287
76.04361
101.47416
93.005486
143.85918
140.239
113.531845
132.96465
91.99477
52.25093
92.58237
34.40885
100.98044
78.95304
54.480568
60.85714
23.548456
56.66459
45.356987
28.928701
60.274548
121.99795
45.562374
39.245407
86.78662
75.30698
61.373775
61.581676
155.29587
101.46278
53.756527
79.23027
19.645817
42.61991
75.032906
107.093445
100.49927
66.08362
16.699587
37.561756
85.20901
113.166145
108.41531
78.5646
180.78618
25.033825
80.12063
41.29668
44.597515
47.904373
73.97704
118.80165
100.39475
119.86942
128.007
135.31711
177.89314
30.783558
83.7273
149.41379
105.580414
79.621475
54.420307
96.291115
70.448074
45.73956
109.206856
84.90635
41.44029
71.99978
21.977732
127.146416
67.88591
69.09343
50.87237
60.433117
57.389286
62.17003
126.02964
51.670113
6.6640015
90.895355
68.470314
129.96729
75.185524
68.289246
57.30335
79.75609
118.392654
52.02861
106.88005
90.39238
32.640896
52.11039
68.09693
102.45965
95.09932
