482.75992
49.201416
46.54965
92.936775
53.563263
43.756737
58.994976
34.191643
16.806181
24.922178
61.02495
28.862633
39.825703
26.0028
24.089243
60.036816
25.211597
67.5968
54.03577
32.964687
24.123846
20.840313
52.238842
90.0784
13.989403
35.31428
23.63276
44.372135
58.93064
53.82521
33.622406
97.34438
82.89819
25.43679
19.52545
24.00162
41.805473
39.0261
22.248516
73.863884
60.52736
77.55776
54.88553
106.51286
63.506783
51.655033
51.60701
55.6458
97.82937
101.07016
78.589
81.65702
66.757034
48.765152
21.694221
34.21151
79.51037
80.68252
53.99663
20.45772
38.38351
16.304346
36.61239
26.937143
10.296001
40.699154
30.678885
41.362133
63.217777
19.799862
19.51833
38.816574
57.757725
33.366375
46.64353
65.41373
45.547558
30.133327
74.45993
31.427156
15.041096
37.435654
52.25221
43.937973
41.093273
14.225891
36.325974
22.651392
38.06961
18.727419
54.765133
75.3386
42.76135
38.646324
45.445503
22.758572
32.522083
28.314486
25.105663
34.064484
16.61328
21.888828
48.00624
62.460262
79.65403
35.12093
43.85502
11.956412
13.774867
16.632454
44.993027
92.49005
67.57408
24.689558
22.37506
40.771347
39.74257
32.682106
32.29082
53.632545
30.487661
42.035385
23.211767
39.30632
64.280945
33.560886
39.362926
28.199425
24.065248
10.930482
60.639305
29.877687
11.583017
20.647076
14.849375
24.288342
22.38772
37.848244
36.48171
19.07262
30.81203
57.659424
26.201468
47.155445
29.041218
40.85193
66.0278
60.77675
27.573437
23.780796
103.12267
20.405869
28.128147
58.52814
28.409668
30.134182
22.098316
33.96212
45.368813
38.34832
15.941963
51.69303
54.99127
41.437172
59.548306
41.28073
67.68417
22.441616
74.06235
89.873886
82.90081
95.551575
37.92942
28.972073
19.16025
16.461815
14.779327
38.952065
56.64638
52.792557
68.92647
57.288055
65.902374
66.491325
30.671803
19.560802
70.60541
36.381035
58.380352
53.96368
27.756027
33.63424
33.44077
29.337822
51.817535
29.214767
56.941685
27.831026
33.020653
55.611073
35.571842
37.445553
29.265776
57.860855
83.28309
28.808556
19.207813
56.502983
53.48604
21.340021
30.98811
35.861725
68.34358
23.471191
20.373934
36.532444
35.741608
43.00405
103.27173
74.57886
52.21592
65.04321
57.80193
51.295635
23.256363
17.896774
45.871395
48.274082
36.324688
53.095898
39.873062
20.021906
17.224148
40.701954
62.312523
37.1063
43.949806
51.574913
29.112053
50.6615
40.684444
51.52797
29.639856
20.351168
52.03482
49.209198
22.965113
39.981747
37.357376
21.839394
16.018703
28.186209
39.275097
42.90079
45.29635
33.659348
24.236998
29.663624
23.911047
19.79169
84.86231
25.95211
55.091747
24.462097
42.49271
60.387417
34.785606
44.72163
26.012068
27.612068
48.39258
39.091457
46.84102
77.02599
51.722057
37.177227
85.481995
69.15519
60.29775
56.658627
31.20051
28.92115
17.41602
44.793297
48.791714
40.236217
49.447975
47.39704
52.94898
44.100502
88.509056
37.3768
28.69075
26.288286
55.181175
6.2258973
33.672794
28.6515
56.96707
34.42832
104.58108
19.451082
19.733149
10.810542
28.227495
27.139673
31.115463
57.072407
38.909332
16.505077
78.4801
32.668724
21.381071
24.375584
31.467337
22.727562
47.11352
39.648754
36.090954
41.32614
59.08938
66.84963
27.054033
21.77595
37.706676
65.78976
64.937195
31.465387
14.128344
42.079308
28.960388
14.739392
55.22405
21.839323
13.086886
31.136204
16.162888
20.307137
22.775942
22.313015
37.089928
11.497703
20.30576
27.59872
15.342201
59.04825
28.051956
29.487085
105.57411
64.71067
40.14539
57.42921
30.219141
62.61961
70.83448
63.606346
43.107613
92.88214
86.04036
42.977753
113.2375
53.079536
17.078249
22.742857
30.889715
40.63325
36.753307
17.481178
37.191162
33.69432
38.252586
58.102203
63.432228
77.29117
55.089046
9.004582
70.723366
48.85116
98.734055
92.42924
70.246086
53.03031
53.784237
58.17145
43.880527
38.873497
83.47661
54.353775
101.77458
60.184376
39.49055
65.79516
38.605434
19.571772
41.4984
23.19137
35.238636
33.144264
50.41515
37.36426
18.95115
75.46603
13.018497
52.02638
29.169773
44.55195
28.133352
54.194687
94.71334
43.51362
48.409035
60.640114
85.188324
19.317835
38.003227
36.362415
64.38455
30.184423
18.096424
75.13626
91.63044
103.378136
77.720345
46.32104
42.267838
15.739408
76.45282
43.075817
19.240759
34.254498
18.214308
36.743687
30.133877
30.462404
43.11582
41.02864
111.31292
24.338825
60.239765
32.69847
29.993097
32.86461
47.35435
38.455006
33.51672
69.747246
46.920567
17.523134
29.722149
43.3795
28.824255
16.998482
26.910137
22.137068
60.998966
69.94021
63.28801
51.365963
76.77709
28.292452
6.2931104
30.553505
42.37601
30.773464
33.99439
16.286976
21.912188
36.650265
47.3408
27.103716
47.154755
36.37855
59.708668
19.43633
22.52375
42.054478
14.983638
28.411217
41.43019
32.631615
17.98615
29.603436
38.89029
23.492144
19.044147
45.67632
28.932093
26.99685
47.160767
23.953053
47.36856
76.471695
82.39198
86.59275
21.230507
51.892975
15.637169
15.342111
30.061731
45.096317
88.20337
67.55687
111.12925
39.462337
62.396065
60.308483
87.73518
47.89246
65.72849
42.94155
33.694695
25.819363
40.014477
33.43272
29.020706
14.33981
13.335448
46.22689
12.112361
25.736023
43.966297
64.09972
19.750465
77.111916
27.441788
27.92724
59.269974
20.741585
35.41316
55.813496
90.97166
88.5376
33.67336
50.285965
43.33145
42.940506
67.27595
51.356213
60.78814
33.735622
17.72298
33.37824
21.850332
33.152775
23.358871
19.362541
22.446209
26.050133
36.14451
69.51462
63.975563
34.956535
50.85608
43.940483
53.679317
30.25873
46.26603
20.47384
35.45058
36.191666
56.97215
25.03942
66.15235
17.303665
54.2045
52.219215
79.69593
69.108284
85.29478
68.524925
85.06031
47.990585
69.633255
91.17955
31.443453
62.357
45.875805
46.08106
70.0522
60.147724
26.094934
27.874094
37.841038
12.725591
83.09613
26.52813
30.299107
26.595573
40.813183
39.11373
41.597214
21.808256
20.746574
26.606785
10.513977
41.54494
22.371643
26.141472
22.033535
66.18819
50.607544
40.67506
22.784327
33.22681
24.502094
29.585989
31.003716
6.6588893
33.341118
20.94767
28.1224
25.400103
17.623316
9.180915
41.630768
48.504623
63.657486
23.411545
27.810453
48.17788
33.665398
38.19412
13.331047
22.818867
28.488342
36.048813
60.74684
9.052862
25.560345
51.91244
16.52805
58.92244
70.69741
41.020287
57.389545
70.64552
67.014915
86.47748
92.55009
115.32493
75.432014
80.14617
94.23004
33.909924
43.370472
25.707949
11.695783
28.36684
41.86631
24.149818
17.83811
11.806018
12.382373
13.05953
35.413773
30.250105
24.563248
26.83598
30.170355
20.483868
22.072582
16.952595
47.616817
38.676094
40.21313
30.641264
37.303844
23.402222
34.281097
32.122223
49.701405
22.245695
19.0489
53.895836
47.650623
61.574337
40.22003
24.355759
21.273283
49.840878
57.49255
47.6874
40.343273
43.78033
47.17925
48.02372
13.861264
17.050686
25.874317
27.936129
53.35111
20.220486
14.510004
27.737112
34.572033
24.103857
63.47186
11.753339
11.616436
54.4848
31.300081
29.996393
36.21012
21.735807
96.61673
25.847658
22.571728
15.592504
24.263756
15.560949
64.84684
24.409607
34.10767
37.8839
77.83742
24.474106
52.802956
40.204655
13.88014
91.38204
25.598883
90.71683
34.264793
34.13628
66.54882
59.44866
38.55798
25.198486
23.482056
35.971592
30.763481
53.627953
45.961884
67.95114
33.374588
23.275574
30.711939
26.957748
45.19974
51.903217
20.804338
42.449013
59.152756
51.061382
146.59764
80.67619
55.42346
20.348263
27.146307
22.675344
40.147484
76.966034
26.79433
14.321905
42.782684
51.314423
35.70066
23.068626
44.221684
32.726254
39.873436
21.782608
27.777851
58.57392
49.10497
47.860313
54.83577
63.60805
58.567875
75.050446
67.317726
110.604645
68.067
59.765194
81.1168
47.57959
59.653122
83.74825
57.92344
89.72171
37.835987
20.256227
38.594894
22.345142
25.130386
42.281296
29.144829
31.433426
54.175804
30.306273
21.92184
34.80188
49.437912
44.48302
25.092958
49.757935
41.35369
25.775837
16.858831
35.178417
38.902355
22.97828
34.059315
50.6054
38.665993
57.72269
62.826393
49.604706
45.080376
49.75331
65.09526
54.739098
57.189594
39.009792
7.3409495
46.70894
13.627651
57.935192
58.9002
12.836941
34.807858
23.357153
30.836815
28.254951
13.389048
33.70066
62.736637
53.923996
17.042149
7.2366633
30.730541
20.258678
31.994873
50.329323
34.97881
22.825346
21.13196
18.499685
65.673225
55.688526
42.867313
39.2267
26.037203
45.374374
30.827286
77.476
28.72336
71.31408
41.20237
61.077515
16.332605
60.23372
50.199615
39.38552
62.854507
68.22165
18.351124
38.05394
65.46769
107.652374
14.237597
26.285362
18.628296
57.57478
22.13482
24.7859
43.88533
36.6264
39.358074
34.82289
34.6582
43.562115
67.960144
37.86322
60.159447
59.433197
22.545965
17.18779
125.56671
73.61908
36.739487
63.04894
23.362547
9.76685
43.234337
43.293964
40.27823
54.171707
7.006646
31.520916
45.70903
13.0601225
27.214567
41.56898
37.185204
57.1021
66.46601
47.830856
25.879683
55.944984
67.60561
17.518017
33.934517
39.595737
108.73423
69.21241
50.211166
43.43965
52.465473
53.889423
42.09544
56.03305
57.861988
44.067955
17.960287
53.613384
54.379322
42.07619
13.674921
29.280909
83.90876
46.683792
39.62449
98.5052
45.191856
60.040703
60.839508
25.372915
10.674889
20.610498
18.25966
25.489618
72.65665
27.505388
34.7589
35.50473
31.536255
31.71105
18.57553
20.67055
41.360714
56.412216
59.253937
18.32495
23.508167
47.24029
26.269346
78.68274
8.959762
23.099863
35.6024
20.105968
19.97415
82.9531
52.367832
61.191044
76.18059
44.772602
50.53596
65.36173
53.287323
47.97925
83.41243
58.599075
70.84243
61.63041
74.8327
16.772438
32.14985
54.464706
32.064587
51.064117
18.868736
41.105892
5.737832
60.15219
34.139286
28.016958
25.84895
45.094852
62.773388
37.39893
41.493725
54.583763
48.18405
148.1708
77.703255
60.00709
54.563717
67.94316
47.837246
65.81301
88.67525
88.365616
14.291028
13.653949
23.290571
57.4626
56.656857
47.77358
24.299898
32.779446
25.031706
79.81001
30.375452
33.179977
24.033453
36.573112
19.435736
34.69599
61.922432
124.018196
86.619865
65.37753
71.58734
60.103382
35.145554
84.809906
47.740063
48.554665
35.417915
94.854256
48.90042
37.7376
50.275246
68.56757
27.407005
34.011887
23.43354
24.441113
23.751184
71.86109
60.623425
39.340553
37.551132
52.181732
22.179571
60.167988
36.58447
41.60543
59.881542
32.709232
36.19229
33.460667
40.949997
62.262344
77.78759
62.53399
72.69752
67.73209
62.286728
27.552849
52.725346
44.53101
41.678017
9.913294
47.25661
37.081112
34.703377
35.55892
28.30143
19.496616
36.933666
56.30826
21.64345
31.870783
21.662165
63.852417
41.592133
21.21471
65.59554
25.39573
64.89196
79.5122
36.89897
41.90814
48.328
21.24459
36.949696
20.823399
37.016235
58.210835
53.803276
43.0463
33.02143
70.56739
71.86483
44.71036
39.698013
45.860397
27.348295
31.756132
23.233023
45.12709
24.831638
35.570168
29.948736
22.390877
20.127008
16.85042
79.80471
66.2756
35.900482
58.76883
55.858227
94.054665
46.664623
102.97165
88.60385
64.089066
42.40875
53.33712
91.40633
54.681217
48.75851
53.97773
32.408016
25.778685
26.172358
17.1358
78.93254
38.406647
37.39237
26.38207
18.220984
21.939548
29.93585
31.389616
53.980465
49.264736
45.53702
35.006798
32.004505
37.522945
47.004112
46.91908
67.70708
19.936125
23.648666
16.675808
21.227522
37.985424
29.013403
16.319029
39.66648
53.684914
32.795338
20.112724
45.627567
40.654373
41.82976
51.845314
24.21815
55.32774
34.020805
45.037098
34.742218
24.010437
39.865955
67.59982
33.841972
25.884083
18.790356
37.957577
29.420403
34.94381
15.8654175
42.3463
37.273293
74.30565
50.930912
28.39407
31.657127
34.551056
46.161602
36.673847
37.029526
44.477177
17.016659
27.498455
21.81442
51.342167
57.034454
20.65634
42.345116
38.940277
55.53751
60.101578
26.603394
19.679836
30.454504
29.829138
32.396034
75.675995
77.63311
25.881365
26.004482
68.767845
64.50388
82.57503
41.534977
35.376816
45.7375
49.401714
50.224377
25.255571
41.84605
36.23048
38.74873
35.988674
43.299103
42.217808
62.530796
48.945656
57.68705
50.04899
52.787697
18.68957
30.742718
22.789165
37.489746
37.525806
69.781654
83.889694
7.629167
29.597845
40.011692
22.2054
27.216806
62.492237
33.995487
27.151775
25.622177
14.46971
27.789839
36.06115
22.298206
29.61267
55.13329
21.017363
27.696167
24.749739
22.714378
40.76867
28.65215
14.781838
18.743559
11.6174345
23.412941
39.09983
118.55677
22.861994
46.969006
36.210373
27.568523
21.62178
45.986465
50.159622
26.272408
21.362576
53.183014
79.669716
60.421104
85.447754
51.51619
37.961983
75.55517
59.943813
65.681076
8.061465
19.641003
16.196068
29.629848
55.43861
70.600876
37.31034
25.9759
44.410275
52.63112
34.280663
38.84212
53.56423
50.695045
27.740417
57.391247
33.52156
9.695393
29.812946
54.182594
24.311098
31.338717
12.271143
32.382114
19.107214
44.10123
65.78221
55.518574
57.084854
51.435474
75.36719
63.257637
56.182037
38.009365
79.38027
46.510117
54.98746
52.17231
46.719357
83.10558
56.700333
42.56149
43.98018
14.505832
34.36374
24.652344
31.078175
25.605701
22.450056
30.907043
26.137737
33.21775
74.73975
53.164917
75.94333
75.30906
86.1715
91.69156
16.222897
21.54312
11.0367
59.96522
23.379436
24.638308
21.199036
35.33064
39.630245
32.20713
54.954464
15.427582
24.65478
27.756721
15.876468
15.99046
49.518322
22.689167
30.13081
34.80904
31.147905
6.37496
26.195223
42.742573
24.473173
33.688046
35.04004
36.84563
41.940853
11.321999
59.504684
25.650599
27.27786
33.268543
27.75707
21.259007
34.490555
21.156744
31.661161
21.102373
22.349411
8.4163
17.637232
15.204564
55.09713
50.61114
30.532993
30.376806
57.287857
18.970043
17.868315
58.312134
45.926117
28.21549
14.626043
20.938618
33.75058
70.64492
29.15113
14.23955
30.749722
76.35236
53.447052
24.124435
24.014368
35.41686
34.558617
26.97856
19.303782
66.00763
50.44721
54.106625
50.007187
37.90923
29.73343
32.762016
35.38771
23.303421
33.429054
23.757164
17.673956
42.52011
36.66169
46.80568
68.25191
59.333218
32.403217
25.73382
75.47838
33.197334
23.255121
4.2522144
29.51096
36.14762
19.100492
12.283104
50.95541
59.399097
57.994984
102.74991
101.01701
80.735634
77.46832
115.486015
73.264206
53.255157
59.96572
64.17821
45.1683
60.714222
44.18599
54.50697
38.84928
95.54817
23.822649
44.31257
26.296703
33.919243
45.836754
53.85081
49.805664
37.731026
57.26697
43.7343
17.23477
59.69713
41.982002
2.8595545
28.005083
38.830536
30.728687
41.59794
34.7816
33.061188
26.1084
19.386356
10.473562
37.94822
28.71175
57.864037
51.37236
53.275192
40.762836
49.66
17.782255
25.193048
12.786751
26.524982
45.690582
18.168245
71.66497
66.709015
53.41629
80.8041
56.414825
49.371914
42.212036
13.213201
24.225182
10.150464
13.331729
12.988697
13.722806
25.92981
31.14686
30.671255
19.802254
48.310772
43.019604
41.281082
46.424774
28.459143
6.4939404
24.21567
18.17223
18.952097
62.780346
18.308008
32.640182
32.86779
40.389805
13.872261
66.67008
88.53909
29.148907
48.88411
66.85117
72.3118
39.764153
23.906775
40.175426
26.674877
39.798485
50.304375
47.68103
29.894121
10.690747
16.9462
51.28885
112.78044
42.87183
71.97323
78.26231
40.392914
30.762314
52.325977
67.48811
42.665924
31.2515
27.131851
23.30101
25.591133
31.512129
45.50337
32.199722
56.26283
44.599384
95.50273
108.604836
69.187294
84.0715
114.67466
100.11775
117.8042
50.4145
56.0233
38.45729
32.98919
54.745472
32.057785
47.594658
26.754595
26.17257
38.684654
22.243176
11.675106
33.524315
28.123999
28.241638
38.58815
50.305595
21.95141
42.04468
38.94282
43.90306
34.099937
33.683582
52.5658
41.113174
59.143124
42.273182
39.89449
52.281776
27.842884
51.61121
46.038837
89.86104
134.17924
113.74212
74.64202
61.92857
122.39708
73.13615
94.741104
98.66891
109.29341
61.760696
55.743587
55.764366
59.541084
36.471363
60.73756
71.926994
61.17517
36.601845
35.222664
30.286684
94.24418
55.58592
62.594547
55.539574
47.822422
88.21199
28.032522
19.426752
18.806221
35.510513
36.666576
31.36433
11.9810915
8.794277
51.229507
64.58091
37.72969
56.073658
47.499073
61.135136
74.22293
69.109886
66.458885
80.66483
16.282417
24.365246
22.364004
38.935658
37.01259
34.382607
30.010687
39.013832
37.80004
44.25199
40.271996
53.312763
49.326065
61.420345
50.77701
54.2992
76.32934
49.313095
95.18295
73.94988
39.269543
54.068626
73.10058
78.49758
51.13004
49.090927
42.817036
48.172665
65.491295
65.12246
98.862366
66.00873
48.44639
54.865517
49.09499
49.392746
20.150656
31.55127
9.69938
18.817774
71.79355
59.834023
35.936752
54.939938
24.137268
36.271996
62.47236
18.898392
30.743559
12.175268
53.944977
11.792777
21.001093
32.493725
29.182295
30.055943
57.58854
29.17708
18.783148
38.84741
11.2901125
17.206823
37.09603
59.35238
11.213666
12.029781
34.010902
28.638052
77.62044
17.465778
41.327118
20.950037
23.850222
42.34814
33.901295
31.889378
51.51091
47.59497
77.48084
36.616505
45.002796
26.40824
35.59259
48.96937
42.15517
33.208733
43.996952
55.88142
21.50753
32.7376
54.154957
18.82932
34.951324
25.136545
39.34016
22.016298
23.618576
37.768612
47.58648
56.14594
49.788208
43.499092
81.86974
35.711777
81.09872
27.390596
36.61709
33.505558
23.046759
55.82008
57.68708
43.01602
19.098333
45.487595
26.989508
73.516495
31.242708
5.6346607
6.8874373
16.012005
44.59281
66.65751
66.4712
74.170296
48.00851
79.970276
95.73738
79.21228
65.86855
73.266335
27.63346
50.39326
28.303862
56.864193
29.14644
50.11165
33.42134
55.967567
70.204704
70.3358
73.69341
69.34231
88.69101
68.296326
78.22711
62.040775
60.206356
31.514536
31.968386
25.409147
41.26402
76.43203
25.610683
45.12585
50.261097
48.018402
16.6933
18.236025
24.379997
23.392488
13.231698
43.847897
31.73638
29.850986
18.832148
42.588314
51.03932
28.517698
26.057716
44.768524
13.772999
29.73891
29.00408
50.1978
27.31686
34.092995
42.270336
23.73837
22.843166
33.408775
28.791977
39.234985
85.71363
18.791811
32.83329
16.277851
34.649635
58.219357
42.421555
23.194191
37.236675
44.26414
24.829082
100.386826
69.742714
89.695526
46.49928
58.696754
76.281494
85.24184
27.615757
18.417746
25.509773
18.226778
34.056908
13.233584
22.800531
20.332603
30.984924
67.90139
55.845768
26.391857
27.765253
54.143208
30.853191
43.7279
40.692055
59.37128
42.286938
22.558443
28.759703
21.745445
12.392334
45.505592
36.976376
35.51923
29.309515
43.470394
19.79684
29.510353
36.106037
37.92207
99.695076
26.046791
66.83403
47.459274
61.533005
66.14758
25.548756
24.722694
27.07372
27.911293
30.760662
40.77005
34.98105
52.104298
41.264767
69.53143
46.321545
24.86221
23.50222
15.215711
59.976353
45.779907
63.314213
70.029755
38.678623
22.457947
30.407652
56.919853
51.965675
31.258512
29.66162
32.98746
41.815773
88.1102
17.205826
18.279963
32.554676
18.497007
100.27794
83.98176
66.87137
23.024956
5.809196
13.94466
25.125376
42.122036
24.490625
12.54448
32.60195
36.807358
32.15743
48.068516
28.019182
21.763329
39.306747
25.142838
20.682302
55.60048
70.17043
24.221912
48.71237
68.20188
36.707714
47.76648
72.16956
75.60041
56.165573
60.66008
63.466175
119.01235
76.036896
53.60912
81.05972
38.728443
92.209335
55.339317
52.535255
89.87602
31.083319
44.874256
70.407135
26.850008
42.55812
12.106865
48.05725
55.650578
39.6838
74.43406
33.211563
87.55142
38.601192
59.028873
45.616993
70.89733
58.988632
44.06986
52.154766
58.174206
50.893253
54.772038
19.024853
37.62899
32.222477
35.02924
29.21876
21.63523
50.227684
58.784477
42.79627
48.100006
56.38918
24.775915
14.248038
34.7651
60.868202
43.61768
40.861504
47.31039
27.72517
14.392273
41.62673
45.891743
106.726524
27.110622
33.86943
89.333786
51.184837
75.645775
78.20594
20.12719
11.357636
29.35313
29.170456
76.9104
12.3922415
21.439508
48.98174
35.82474
18.906311
31.786293
26.237524
87.08029
40.73528
15.858568
16.769295
41.22208
49.349434
29.733143
31.402847
36.750927
42.981213
40.27731
29.640495
24.620716
51.8913
30.478949
36.73547
103.15618
31.638264
53.53512
59.52114
41.395557
57.714733
25.322098
27.249886
43.787167
19.337244
49.86368
41.823364
104.42328
18.180908
29.902338
56.51444
91.81142
35.75706
49.5078
73.95533
28.218643
28.99039
25.84265
43.86609
18.514957
20.068518
22.186785
29.811436
33.236023
47.14792
52.85834
29.053467
32.001755
56.083546
25.497072
31.009686
40.587616
30.72386
20.004364
77.4323
34.637844
28.805471
21.09543
59.121563
26.535872
41.99702
38.203506
64.92075
27.211609
40.35647
36.942226
70.79357
34.61571
63.028507
42.66886
55.591766
46.737953
42.530846
56.63358
77.53726
66.873314
58.63289
63.278263
71.19684
65.41096
42.131203
28.64235
37.845177
13.723344
48.69792
40.620914
15.990087
27.122356
19.813902
27.319948
49.539776
42.237316
43.57686
24.630487
37.49552
39.050995
43.929955
40.036087
15.161934
30.881067
30.105623
29.26699
46.78018
23.2685
28.26799
24.204836
32.46724
26.102049
36.150936
23.147232
12.933072
20.388897
14.473368
24.62906
38.266056
59.475258
54.39166
79.94457
67.11637
65.78299
32.85381
64.09982
14.374037
23.021385
33.99407
37.475468
16.159016
69.70423
51.01173
8.691449
33.425606
30.658901
19.447853
50.02728
23.898548
17.971285
48.561344
54.06907
27.169083
21.46349
28.42185
23.71141
92.76984
55.146523
67.23598
44.621986
27.730236
11.146959
22.11154
31.517345
86.22534
61.305443
11.386039
26.90279
26.783747
60.737354
20.542768
27.871658
24.632719
71.27868
54.23788
78.02177
53.563812
83.48818
116.01982
65.615326
79.31694
48.782993
87.52547
63.048805
36.75117
62.5327
44.370358
81.98693
31.342833
47.48504
105.38
55.94093
53.12792
56.73076
113.21094
17.23603
43.433872
17.913437
25.327612
30.390198
60.059513
11.9344225
22.117798
34.58696
50.02727
25.533123
36.423843
34.083694
31.79957
25.786018
29.843874
24.174837
65.83349
84.76423
64.15748
55.716373
71.25775
60.216515
68.78895
47.32737
58.94609
47.676987
58.14026
33.84236
14.883231
61.131657
45.664345
53.59371
31.098085
32.593105
38.40896
62.42754
61.33046
16.401659
30.438118
83.45639
48.91793
30.126476
38.685036
31.571117
42.261353
20.264996
80.94659
12.417611
47.602905
28.46141
61.062748
11.0281725
36.517525
10.995345
72.54984
24.48147
58.076015
23.62637
36.06258
50.90266
65.7953
68.99792
28.526985
30.108574
29.53913
37.698563
37.2471
29.351109
45.18511
21.71708
31.689882
62.1158
29.429415
24.328144
44.668373
21.679
14.205579
32.148003
42.70273
49.505802
34.107677
51.09822
10.403921
26.71251
21.245129
17.245667
65.59269
17.092367
18.203062
37.46476
66.42687
35.964237
77.1844
57.905186
23.387928
30.245472
42.506027
73.31255
191.99356
107.316444
84.01509
63.51386
37.50384
33.78182
39.9195
26.267334
46.063866
52.621246
42.564102
29.289104
53.335815
52.063072
97.35354
102.38438
80.85206
89.44799
22.383432
30.859642
29.049385
22.446142
38.75817
29.727573
45.93657
26.39105
19.122631
47.7584
34.065323
30.036263
19.576313
34.382256
25.638054
45.303024
46.025444
62.09513
39.076584
96.12744
86.37673
64.90101
49.350834
50.792885
34.026455
60.60327
44.980316
17.370895
22.94588
33.696346
37.620228
22.0617
34.43392
41.012196
54.27501
34.41037
52.582222
65.32025
37.676792
36.94773
36.26499
50.3991
59.208206
38.355125
104.27287
73.59953
52.503555
52.97133
43.78584
19.518696
42.467472
62.49193
39.477524
32.112923
27.495056
22.801338
30.239067
25.706528
19.044514
36.902096
34.101093
22.20188
52.25707
41.71016
57.50216
37.762417
41.719166
35.01208
70.98786
43.43914
42.482323
45.209415
55.10383
64.38365
59.25628
84.02957
77.619934
85.54587
28.803286
60.74084
22.795681
58.190155
20.679312
77.85189
16.037815
22.07066
53.731476
38.944664
29.373407
23.423538
40.05963
35.983753
37.371586
39.05631
26.10839
48.818447
19.504303
95.22413
49.56876
27.210615
22.899101
18.08625
57.825916
53.033813
95.78773
69.49436
67.99401
56.661087
49.0569
26.018894
58.451004
18.703112
30.163643
41.575294
43.224873
46.7632
75.4507
40.731106
35.325268
44.765846
28.086933
31.86943
39.281094
38.316025
47.69094
34.834396
22.996696
70.59482
43.4192
24.097683
36.510433
27.214832
13.554054
35.108414
23.790518
66.699234
48.843224
53.263603
72.8505
53.341568
38.77222
57.469025
61.56285
52.227276
38.37297
25.642235
31.78756
17.263988
22.829277
72.734795
37.846382
11.641682
22.34996
67.80086
98.51044
55.894997
78.973015
78.217094
21.234722
60.94022
65.35849
30.841276
26.887575
54.748512
37.51908
35.57104
34.995163
31.132866
25.02256
43.48796
19.454079
28.081272
21.570793
26.687752
63.828476
53.862846
15.28039
26.001875
82.81498
50.119293
21.023237
47.96699
49.516422
39.52942
78.88736
66.835106
49.589653
45.024113
53.58131
62.566963
50.341297
56.383633
105.348946
15.115418
34.718235
41.738754
31.794287
34.681522
42.84461
52.220516
59.8995
43.47826
55.4668
51.657436
42.82252
57.21491
42.552975
67.394844
67.68454
78.41074
96.4282
76.332375
65.361786
95.00641
104.16871
71.00857
68.7856
60.80015
51.036713
96.55435
52.70024
93.14524
80.04481
45.792423
81.60406
49.09785
21.10921
26.332867
21.18504
33.95519
39.353416
27.141138
23.453865
29.893223
34.73344
28.983494
27.950048
22.76239
28.464088
35.413017
36.294296
52.94501
24.40367
50.384632
24.561037
15.715479
9.41897
16.097017
23.183796
9.495639
21.122646
24.119051
25.544266
34.638203
37.976498
23.437815
34.1936
39.806442
30.768456
64.39556
79.74826
56.20524
94.04315
70.153534
106.33646
81.36021
116.02336
63.34746
16.531065
12.131885
45.455666
34.854225
20.56102
53.750275
29.481728
31.329107
35.158012
92.48526
71.520386
50.49901
26.190773
38.177372
41.484787
73.581856
58.849697
53.08456
43.12815
43.5863
48.743256
74.7917
57.39565
27.164463
17.57071
83.37086
9.656869
35.182392
50.04734
25.919365
39.246265
111.514725
70.85596
72.56291
26.075106
33.913177
76.99461
32.053646
21.485178
32.753857
24.892397
24.827509
27.685444
32.13341
24.318104
51.475285
22.311356
28.275837
39.107723
51.019306
25.779444
28.98747
34.018967
63.74104
29.464106
18.246813
19.699879
32.429577
54.696762
38.250206
39.32912
28.86417
121.528694
40.167385
86.66539
59.529697
93.792015
76.593544
122.92931
82.7297
69.89025
91.234795
85.63315
87.69588
125.94342
89.84592
63.604088
86.7496
67.22753
103.499344
73.94905
66.66464
50.99793
41.657578
72.13226
93.205574
74.43035
63.883743
75.793
55.903885
125.735016
33.162098
22.471243
60.051346
44.46227
30.742666
32.83617
37.402573
32.607147
45.19794
75.703224
24.399788
18.123499
36.160114
58.88539
54.466434
102.887146
69.65347
63.018555
92.90262
57.775333
63.731564
43.200268
52.654903
83.734505
54.131104
56.70349
53.63014
61.363506
114.43406
53.25579
32.583992
26.505102
62.80671
86.4217
47.15247
44.7318
50.230747
32.723248
18.040854
15.607048
25.57046
71.378845
46.436935
36.543224
60.27178
63.667435
43.253944
42.650303
46.1347
65.76619
47.150127
21.120522
46.81993
34.853592
35.083107
65.035065
22.20348
27.038712
27.591293
30.84684
41.204014
26.695501
59.65243
96.26455
52.732964
59.854824
27.840637
26.919336
34.96376
56.747368
39.581066
38.09792
31.98721
23.53255
40.4662
24.470531
45.950306
37.838554
22.164236
76.79802
65.39032
20.279736
33.323154
33.17731
18.920036
67.11463
172.27582
69.09075
26.827517
18.972294
11.783655
30.689592
39.200462
37.85018
57.317207
27.475258
11.269828
40.59297
20.49632
7.476035
49.0764
18.321785
68.320526
45.991505
65.77217
61.430943
69.434044
78.0033
79.56581
90.6551
51.00976
68.50036
81.14146
73.55917
45.20251
9.058357
27.8053
41.288013
25.129387
29.21814
67.228096
35.080067
33.97159
70.61532
39.81026
86.574196
98.477776
89.06656
145.22218
84.63849
117.58455
182.65672
115.94522
25.1088
29.626846
41.617397
24.149342
55.95731
23.438435
47.738373
25.906118
59.834484
19.927685
24.173721
35.62263
16.103165
45.270206
32.577705
44.662
33.437046
56.244064
43.284824
18.1182
25.858662
57.10365
48.28984
62.234615
56.210743
37.7357
16.29359
37.86748
87.62793
27.209784
37.126934
33.31721
46.848454
70.55792
64.153046
86.48162
54.191708
41.070885
59.579723
16.934761
17.244625
59.13449
53.925426
28.359783
48.621216
63.80179
42.93349
20.378254
12.6088915
43.438618
27.522793
20.124075
14.02698
29.616182
43.09893
16.986382
10.712247
9.83301
15.697984
19.971302
15.617291
25.355373
40.230747
12.210139
52.228165
30.007994
34.389084
23.150358
37.921635
37.71587
11.726585
42.733418
42.74637
29.112776
48.764603
23.099459
36.41118
23.554909
46.540005
40.13934
36.307087
38.01703
35.981052
46.89459
40.704853
36.693634
30.448748
44.877377
84.08925
22.603674
44.21925
15.567246
79.651726
57.70557
56.713432
73.54954
29.649048
24.304222
27.494324
19.971094
45.26161
23.609692
14.642382
28.104404
61.395252
105.93936
105.0017
41.15451
30.63643
44.02159
56.428734
19.72729
33.826073
57.372528
25.315475
70.064384
65.06669
51.504276
70.17255
70.961945
20.292175
55.51563
93.64955
103.57961
11.774298
30.86921
18.800377
26.859907
21.095808
50.189297
31.927723
57.00801
85.51832
64.33554
21.512234
70.68038
20.765814
30.157583
32.323017
21.082603
42.81271
54.201073
20.676115
68.40922
23.960182
34.91093
44.073013
59.84215
74.8201
62.527206
60.72757
23.98821
60.04047
23.392136
37.36712
34.830574
28.57937
20.477938
25.108126
39.996525
64.07219
29.497124
26.447763
95.47541
40.580475
59.998825
73.75715
48.567074
13.404031
51.193604
17.416197
51.138676
18.762587
32.817703
43.55886
24.544216
26.266558
30.32641
31.366066
25.747658
25.49306
49.58771
29.18661
37.652325
43.020435
80.51534
26.942255
68.889656
36.627724
39.69838
42.083427
40.91819
36.21165
47.403893
32.448833
60.976906
38.582153
73.86026
48.4834
30.459545
59.854355
58.24373
26.241117
40.34649
45.377407
52.30186
29.548424
29.102924
42.860176
53.33923
33.371517
27.257563
54.936745
44.813244
44.854557
38.365784
49.305885
57.401188
43.98363
58.326927
55.886765
68.07489
49.08951
78.93851
46.379772
85.9129
39.162373
53.13504
40.793766
51.207497
102.40776
71.47356
37.83065
53.085766
89.80598
35.157387
52.05402
67.44875
81.394066
58.412548
66.228806
49.963646
53.725346
66.882
85.53447
14.698787
33.371635
25.634571
51.691673
41.49799
62.220253
31.913807
55.83782
104.29451
68.72102
56.87932
16.79039
15.878968
23.400793
43.7835
19.623652
38.58949
53.98492
44.211525
52.768234
70.53309
58.724155
75.42652
60.480194
73.11207
69.95037
50.414005
38.89636
34.277256
49.908047
61.435947
53.85032
81.63553
42.44718
59.484962
14.912071
46.674355
60.07345
14.300784
58.568024
78.57963
55.420597
45.024315
62.85453
55.717396
76.21442
50.85592
89.80133
82.77347
74.34648
76.04409
56.26172
53.49153
26.012728
67.812035
47.19015
53.96309
39.394657
60.92459
32.21282
29.726435
32.851696
15.499686
41.446266
48.58352
18.540592
30.495384
16.969395
61.200123
51.094776
43.355656
43.84216
28.547808
9.9886465
51.953194
78.55828
57.65272
72.43407
77.99442
50.018677
87.54817
62.81867
118.38696
69.75685
41.962624
14.613465
9.658187
45.526836
25.982916
69.818886
66.76424
41.03897
26.095898
9.440808
8.601994
44.320656
29.682747
45.47582
51.687183
37.671955
22.836851
23.01734
19.34738
30.841972
29.231478
20.540459
32.28813
49.128178
10.496146
66.55977
50.937675
50.933826
25.464655
14.032767
43.72424
48.160675
82.440506
61.458477
52.04665
66.611336
66.70811
58.49302
53.033817
89.77009
81.65734
94.85819
33.09385
21.980322
36.68818
78.41704
16.248934
42.706543
47.310543
28.39456
49.957443
38.99266
35.734207
37.28893
41.710083
24.071411
21.042923
27.099981
29.85833
53.428173
21.46354
28.88886
52.776386
11.593893
72.05049
21.823553
17.704931
17.561176
41.822704
32.106277
74.6275
32.277393
34.963245
23.04458
53.57382
37.491356
30.55277
68.880745
64.66773
51.04707
32.013195
63.824825
47.197662
26.883108
57.54856
14.561609
50.520016
40.17777
31.873938
26.88196
23.338526
54.387096
37.182632
39.69396
54.837696
54.78904
55.18142
61.989506
62.29461
66.330475
66.77348
40.352108
69.84567
120.81123
61.834312
92.70293
16.392054
18.006842
25.229225
26.857578
23.543129
19.916252
31.662607
14.464407
10.334391
26.906557
36.000317
29.665918
35.060883
15.374114
92.490616
28.743032
37.51895
50.23333
23.443932
42.20785
52.586285
37.153587
19.13433
58.92963
23.860973
41.32065
91.61057
48.301624
50.660717
85.66016
54.508846
37.15186
33.650703
70.16525
20.587103
62.91505
57.48713
34.052242
64.89801
47.4821
40.93838
30.64908
22.51421
21.5107
40.102856
91.70625
94.7613
91.80206
96.45296
34.196434
53.414066
18.729387
43.903786
13.994908
49.809586
28.63626
32.39884
78.86681
37.321793
25.697664
32.463707
51.324947
23.935051
50.157913
45.594513
63.730225
44.943344
69.95946
23.073223
42.710743
77.655945
22.130878
26.333328
36.296436
21.446793
50.815655
52.69805
32.08961
37.260715
39.10409
47.465595
23.630266
34.909294
20.044592
64.193214
32.164814
16.882538
30.277546
38.5096
29.463362
14.498699
22.533596
73.20199
65.44738
30.58618
28.012669
84.72052
18.873173
28.733906
84.531906
56.801136
31.527063
17.541985
37.619038
47.46481
46.76629
31.648659
21.661453
31.353722
39.60874
26.143074
55.4639
60.658375
49.713882
27.555906
61.139915
43.208115
79.228836
63.680527
72.07981
74.0898
98.08322
53.73623
64.43416
47.276756
39.48087
41.499634
46.32969
31.885044
27.235596
56.26754
43.086586
40.60845
46.02082
50.832554
58.78617
83.78527
55.117695
46.6547
63.849823
95.132545
26.196362
35.799393
41.289608
23.278933
22.059473
55.25277
35.759457
37.825912
51.55287
57.14647
80.09236
88.87633
99.74225
81.78195
84.81636
123.13331
35.671257
20.209204
25.792994
35.588966
25.56415
28.50776
23.253563
21.20723
36.92153
70.04734
28.352041
27.340796
45.20086
90.09983
55.898735
65.36077
62.37709
65.82065
117.58125
72.69676
75.76382
73.42603
14.101819
58.431446
38.172283
25.083261
76.67691
52.074318
51.205563
69.08101
55.946777
57.93164
35.73638
53.152344
42.20557
54.81464
56.638077
45.854416
52.27747
57.91909
96.038826
39.21855
23.330917
38.664997
70.01252
39.07241
65.05864
17.390493
32.367374
21.954895
73.17677
48.521694
25.828909
13.632498
6.6705885
25.066605
11.955694
31.050756
20.952707
35.980545
24.405128
37.612797
47.104057
54.000576
18.942513
34.557526
18.00953
34.305573
50.6063
21.228636
53.550087
62.855522
78.17705
99.59971
53.682285
35.624332
62.561142
45.45806
25.476019
29.33366
33.960228
48.922043
51.347633
45.005062
33.486008
33.501614
68.743904
60.01855
16.313549
20.910845
34.332695
23.968006
38.626015
35.4643
39.72478
29.453594
58.993744
33.851177
33.176346
29.345274
36.626694
90.007996
82.17638
27.997147
36.14174
13.614331
21.425209
57.995518
64.38379
97.89662
6.135913
38.606705
26.086826
35.15215
82.33643
41.204803
65.93882
28.754213
48.33148
73.89115
73.035515
72.394875
126.41302
28.042906
29.479063
48.775547
18.11293
33.12904
24.808455
23.554182
57.818066
35.557262
31.63486
29.60479
30.934528
38.7299
31.57106
54.45709
17.4014
20.128107
31.369183
32.421635
38.22913
44.700096
31.236835
73.32422
33.34161
15.523057
25.456179
46.001747
30.235249
40.906994
27.709803
66.88209
83.53862
53.308407
53.789494
11.194636
39.11511
36.411713
29.663557
46.71367
76.59636
21.327803
18.14456
59.55688
48.68542
50.067326
61.121204
56.255966
28.124067
54.417225
59.298973
39.09671
9.570179
30.836714
34.05745
50.025684
16.320206
26.632454
25.749763
29.265297
72.52287
32.26607
25.016075
8.387504
24.301174
24.138355
34.92804
19.883238
35.823105
30.48359
51.3162
37.153202
92.83845
62.539825
47.819202
52.77275
48.25443
53.73117
61.919228
28.332205
46.067616
84.284294
42.62764
106.58235
83.75449
64.97592
58.255062
76.71688
67.82604
77.76806
53.80556
54.370373
58.006805
63.64301
121.14125
53.89329
83.132416
47.358418
31.641226
27.147816
67.7898
70.63123
53.829082
6.5033116
23.709679
48.249115
30.380621
43.029816
92.3746
57.089024
126.42471
23.792112
88.16033
44.46221
124.26783
127.53843
50.652172
23.02906
36.333614
64.269646
77.5784
61.73024
77.48647
47.44517
39.773777
14.878787
58.778126
39.35735
62.950363
26.457485
42.590214
121.04332
35.476646
59.728657
97.9017
19.195803
29.40194
48.083275
50.145435
79.05769
43.72654
39.22838
43.782608
62.04668
30.398752
26.93888
26.736933
17.5922
29.06208
36.973972
42.445522
31.52276
31.73966
33.354813
35.015274
27.233906
23.292059
59.108578
71.52595
18.604813
52.150013
13.969227
36.292366
68.0577
17.641153
37.141537
42.474022
73.875015
67.660545
100.935486
55.973488
79.00346
84.21927
125.44092
82.74079
55.1548
47.16255
32.639233
35.6281
58.364395
40.90193
31.574621
51.131783
47.11965
45.922436
47.75334
54.04593
31.176699
42.750313
38.7007
56.425526
53.58152
48.55562
46.840176
11.930721
35.85794
32.221195
54.676968
43.230644
11.567768
35.283085
50.429718
61.12425
38.555782
33.403088
20.98494
43.561234
16.16756
7.5609474
23.73442
13.385925
29.606203
24.543219
16.857613
36.894867
39.956894
28.42284
23.041103
25.076792
24.456877
42.345146
22.952866
28.573423
18.152311
23.677979
33.29127
47.899082
30.988335
38.395435
23.69352
26.97846
103.973694
80.995
61.51134
98.31104
72.51943
68.51281
37.42636
18.415573
37.46795
31.998892
13.784759
27.850592
23.343391
51.607994
66.063515
56.621826
25.068045
44.207584
65.49793
49.275894
29.505423
49.7553
42.715004
52.94324
45.088497
60.998592
82.64398
44.21729
16.883583
30.746902
3.7936459
41.067997
15.323431
49.711895
59.17997
19.05152
28.906553
33.70283
52.119186
35.946625
30.336176
19.651295
45.35097
77.97913
28.274075
51.745163
54.314545
39.913273
74.96747
60.03975
40.589264
45.655792
20.916306
29.387627
31.94175
21.873106
9.818179
27.259354
35.436466
17.463848
39.49383
32.065014
10.525304
28.623323
12.86693
15.826578
20.914385
61.41008
21.014637
29.277414
47.01959
42.75466
21.767082
24.223852
75.456184
64.42767
37.891857
86.84217
48.011982
50.758774
59.304405
30.46107
20.986528
17.473606
38.883194
34.531494
57.75399
35.671227
32.08453
25.604668
48.76444
24.897846
18.548721
49.83332
32.037476
94.934685
52.853992
41.5353
74.26127
48.32847
28.415115
24.149588
18.428738
26.726894
28.349909
40.221096
41.674206
17.00121
23.523726
57.59937
17.8309
47.331947
58.89199
55.45487
49.05596
38.495026
61.46477
52.123627
37.976917
46.973404
39.85482
46.818184
39.27821
55.555172
58.781654
91.01699
50.585087
58.72676
59.692894
22.606182
34.769333
31.008606
31.879566
65.773
36.74241
63.031815
39.933807
21.30815
63.87489
13.221256
14.907865
163.21455
27.983616
31.009462
15.421628
20.69002
77.017876
51.680317
38.171158
29.06844
99.20315
46.373802
55.823265
41.20256
56.653374
29.12316
79.34264
49.801167
21.165367
52.46246
66.01612
48.23315
50.78859
41.238724
23.071434
36.01415
52.09577
41.855858
32.83733
60.585938
18.899523
34.21953
31.704817
26.08482
58.669796
25.934265
40.368557
22.485151
55.968964
25.64061
48.36133
66.10671
62.10352
59.421616
38.159184
34.65615
75.157486
79.136215
80.14292
57.83062
66.92926
44.98503
83.012985
61.68745
45.526142
66.743034
71.171165
68.657616
98.02741
52.30128
145.76404
88.39979
112.39824
79.39747
80.90391
118.96164
40.710663
19.994276
71.40635
24.218534
34.580833
40.68704
37.639805
36.634426
29.407366
32.673477
46.733307
36.24675
43.15808
25.516506
36.376186
24.45822
32.115646
59.071033
35.003212
35.084602
32.27435
38.885853
28.72215
46.814613
24.073114
39.163147
19.4131
20.224833
23.09673
13.831372
23.850046
85.39672
28.898602
15.074769
50.234364
41.36531
52.04149
77.364044
58.534927
76.84077
56.408638
107.80431
70.86069
76.188194
44.675446
41.973133
32.262234
38.074936
32.07227
30.253565
31.674707
120.1694
35.524704
75.79616
73.49268
79.98729
56.284428
71.48913
81.71232
72.22492
90.85069
44.684013
57.91359
29.664612
37.982567
42.577625
34.86379
64.65554
37.70515
30.699585
84.146774
53.469555
14.452777
44.507275
50.03967
29.712444
46.640957
61.33663
71.15375
24.885908
24.639639
25.666126
28.251423
32.794327
30.21478
35.355274
39.14159
2.9464307
47.935726
30.765375
72.074104
28.827427
27.750526
40.757515
18.708162
21.124357
35.29745
59.253674
51.909054
52.314415
41.726288
33.168373
60.5714
38.81869
67.69706
36.96823
83.27434
43.63719
48.669735
50.153942
25.573723
36.85862
27.178652
34.274036
28.985607
30.759043
25.112434
19.465826
33.877956
24.157787
9.613175
79.704254
19.725004
11.06744
36.92158
34.537582
43.48666
25.934734
19.719362
34.54382
27.47531
35.696617
49.487267
31.423855
46.03877
26.21672
35.942062
33.01094
53.353218
36.025978
21.575493
12.822956
35.845684
30.211111
13.912113
77.80245
66.924446
78.05372
23.953476
41.107452
30.639585
31.58203
20.946568
28.912643
12.639796
25.9976
35.647106
38.580627
44.742496
55.020798
44.039253
32.498276
27.512644
12.495419
38.56751
54.321312
75.52292
56.386826
58.42002
72.99605
67.90848
84.6002
105.24738
54.313778
49.746964
70.425026
60.139767
68.604095
11.127259
29.210424
18.46687
56.6164
81.48972
65.6227
22.391052
32.046585
23.545448
44.34125
20.090965
28.514961
30.069353
32.354103
7.647468
43.685875
29.61539
34.994556
35.80928
61.517857
28.541939
23.718626
41.756657
41.513294
46.323452
25.366467
37.832973
33.9212
54.41779
40.587925
41.947304
39.52377
42.24751
40.01133
37.267277
36.03316
32.661602
35.374542
33.48482
17.226591
64.58116
121.78673
72.34223
90.851204
53.235023
134.09856
72.29798
57.78767
64.522675
77.1587
38.1212
36.714283
33.28567
19.412687
40.16415
10.784454
60.827934
47.825768
27.976143
50.760777
17.158985
28.507545
9.622421
56.361927
23.426035
21.005074
17.526413
21.05531
32.820858
24.50871
40.555733
22.441658
55.615692
40.867485
33.49586
31.82687
6.523719
20.407398
41.85523
29.90769
21.537037
38.460865
29.413652
8.919106
33.790524
24.420477
29.213371
46.8478
46.401257
46.12026
57.995316
46.30905
32.871902
42.005634
56.063156
51.24595
28.268005
31.471169
37.650593
57.378975
53.382046
38.579044
57.07343
47.25586
36.594986
46.32169
27.845547
67.692024
30.384363
31.72882
62.10912
29.551132
41.793102
67.34839
30.153667
16.690254
18.045954
49.182182
66.68378
57.738575
64.016716
67.27653
91.97182
89.95266
24.792015
53.972755
35.22902
48.53679
18.610485
20.414257
37.977055
46.277607
55.248367
27.13568
20.944647
40.452827
45.912945
16.90247
28.917295
31.988997
53.122276
32.39464
51.590233
36.334118
35.76725
85.77601
48.68987
65.10689
22.240122
25.502935
44.21811
34.424164
35.74999
18.624863
34.47594
50.262863
55.23899
27.464558
20.112364
8.184518
27.748102
31.684105
15.566545
46.100372
34.13358
59.72257
28.690496
8.069582
42.172916
39.23295
34.668858
29.915451
7.9210014
11.762505
16.556652
12.126094
29.590364
36.899364
57.168365
17.912071
46.79509
39.106407
50.90181
33.21136
35.399788
26.902555
60.829063
38.39487
24.476225
23.147425
29.645788
30.393688
47.58046
18.830164
40.529377
19.409966
15.098599
21.170498
35.053387
20.03651
20.994156
26.713171
28.636728
43.555664
26.590515
32.06847
38.84871
48.166973
51.08434
23.93524
81.2742
55.985687
46.507515
37.10944
51.752945
55.484745
44.456036
42.88224
63.414967
64.52979
42.65978
40.67958
27.790205
62.202953
56.887955
106.885284
50.073433
55.98724
96.8202
73.650406
67.710236
33.511314
55.29677
68.21497
31.98796
47.626377
46.722904
46.952354
59.20443
7.5300374
48.798916
81.336685
56.465492
13.024769
27.189888
60.934425
27.117487
38.830738
50.19394
63.892612
28.972353
29.180975
15.0549965
54.265255
61.729008
52.17681
11.3255005
32.931473
62.283936
45.897526
46.8241
53.608727
74.41009
49.77489
66.053444
71.6861
75.74521
51.86403
29.885094
33.964066
36.946617
33.9747
18.922953
36.479004
48.79721
34.37589
27.724766
53.016502
23.174814
31.56345
27.164917
3.9600286
20.419804
20.438013
23.94696
29.771372
44.19329
18.961784
35.689404
31.668438
41.38058
19.436562
22.73164
30.700603
49.504547
39.782227
26.31323
39.224365
20.46377
19.318865
45.192158
6.4673
19.328667
12.25172
34.846874
20.93659
30.23714
43.608604
42.25167
34.074284
55.840675
36.250153
45.18311
34.072304
48.17657
36.133297
28.549433
50.354595
24.182606
12.086615
22.455023
32.178715
31.773369
21.370323
52.93363
37.334114
79.98664
70.828674
57.130062
47.93203
64.20838
21.058693
33.9
36.621666
37.411274
18.505943
10.981128
41.854202
26.4981
52.38501
35.154385
22.551472
30.469372
9.410439
34.096905
71.434105
31.057396
22.396797
40.37699
56.225952
85.43106
51.39838
25.582117
49.702484
56.58584
3.672108
52.35242
16.06391
33.86501
32.560326
10.463165
25.728981
54.18962
16.080517
19.471699
27.640099
22.567472
4.7644725
19.278637
59.103813
29.089523
40.114063
33.88273
44.87068
32.166553
9.1911745
44.944477
44.58297
29.180077
41.268257
77.43458
108.58825
74.34873
48.134087
37.23822
26.178368
8.452522
52.467304
23.64726
6.9853096
44.33121
11.061795
31.78282
19.350393
32.080715
23.387686
30.076157
39.21603
27.491623
15.289128
50.429306
13.932178
4.999885
55.495235
60.532017
62.340782
28.171715
58.348106
46.2757
50.300915
84.60483
69.92646
95.48346
41.550312
52.601208
70.866066
46.512905
43.470406
44.98627
39.3491
38.96136
29.706715
25.021196
62.511486
57.610096
37.510094
47.57593
45.583828
71.01719
41.694412
81.94771
18.913063
64.76125
37.197052
53.065556
57.31139
57.100174
25.27806
30.58498
13.038092
35.45441
53.917004
47.55804
76.09149
26.017239
26.261599
10.564445
24.001947
104.80591
36.29973
51.61105
34.169018
19.958607
57.83585
23.125662
51.882557
44.946587
28.739439
22.215235
51.210438
40.109245
37.827396
30.505346
19.91866
38.340897
4.981685
19.742804
12.806331
14.764702
42.59007
23.172016
48.51611
107.45204
75.53814
42.70114
46.823475
61.303463
64.09199
123.408195
79.56022
70.60928
68.52544
70.35353
73.71395
34.446888
87.46374
53.539913
32.369213
24.67427
48.645264
29.404514
57.11717
56.971977
53.481762
10.443726
54.80345
17.476751
30.60052
22.57687
52.301933
101.52229
89.39536
25.512766
35.060604
41.059277
30.660284
46.910194
19.104172
39.94924
50.34028
60.257267
24.760496
37.526546
48.090424
78.89548
138.7867
40.25804
56.98186
22.48672
25.903152
35.18865
35.521336
67.504906
28.16061
43.901875
55.14592
53.958744
45.67473
38.89343
59.544117
60.74355
31.144947
31.083279
52.500195
46.951035
34.26231
16.046556
31.89869
40.471832
27.805649
20.193241
27.368765
31.545643
36.05286
34.474255
45.188583
23.976423
38.887516
28.82511
28.958452
10.708252
66.15938
25.21147
28.125599
45.800156
19.320822
56.107533
57.639244
9.79323
30.99646
21.993956
40.424423
16.6886
26.473038
40.578922
63.476437
35.921158
22.753933
11.029771
38.995384
85.94787
33.58173
68.07717
31.715294
46.43715
17.528366
35.19305
52.702213
82.0445
16.943176
54.2888
30.769197
38.093132
38.421253
36.385975
23.228392
71.64626
24.56638
25.431787
27.663385
85.52504
41.817543
41.209785
49.658184
42.13639
28.925177
32.796295
52.99504
98.03583
74.459625
36.826424
53.86389
59.229996
33.95009
13.3670225
59.91977
26.43354
40.12598
45.72339
17.930998
25.841587
32.178497
38.583824
50.351192
54.53737
41.69883
27.690657
31.564915
17.092636
31.521704
36.11797
29.94444
51.67839
29.044424
46.945522
66.342155
37.027122
28.014372
24.087715
15.917639
32.23221
17.339394
31.4901
20.75477
29.030869
99.038445
14.557462
51.306793
41.51628
19.089022
7.9835706
16.25046
41.702835
41.291363
24.955574
18.739756
37.100986
27.328236
33.895817
16.512058
25.982307
8.0384655
29.353018
35.75534
22.394842
50.846786
11.716145
33.119747
11.606673
46.19897
22.39849
41.2171
20.42535
33.635643
20.26301
43.102615
32.050766
51.877438
20.387756
31.354094
36.484386
15.2415085
29.628124
29.178862
16.031551
47.648422
59.72954
48.995804
47.022774
20.67956
21.37515
31.812109
28.238747
39.820877
21.057112
15.59211
19.68317
55.618916
14.7200365
14.00658
36.634235
25.544716
26.163559
29.418882
25.839382
33.630264
25.838747
21.341108
54.801826
14.7135935
64.64384
40.423782
53.565617
16.995148
29.604233
53.344337
51.491974
15.482455
52.831367
15.741422
19.272131
28.901838
23.640139
34.98083
31.609547
29.463308
60.629078
40.98043
26.451382
42.95504
28.298002
82.77529
90.849266
135.33673
75.08896
63.38524
38.558887
30.51756
31.858452
24.4498
27.239199
36.26668
42.07044
54.416046
50.047535
55.080303
65.16686
88.81954
14.701441
26.500298
75.211334
54.465466
58.558746
17.869524
56.18595
39.67322
33.966015
25.82298
98.783516
98.54322
20.717642
31.779997
68.34017
61.814285
24.043556
35.91179
46.246536
56.46427
22.192305
48.855614
63.254536
30.464092
34.810173
23.723478
29.871553
43.52572
18.643875
39.698105
59.93199
60.454308
20.02551
19.1263
36.8858
83.69121
52.810635
70.583176
46.414276
69.80361
48.95431
54.183792
56.577465
56.64661
89.719925
71.20721
58.00798
81.99272
88.51829
84.94961
11.697092
41.94721
33.377197
43.26428
41.066757
18.947983
41.0605
12.096667
73.92348
21.358662
31.604204
34.865368
35.05072
35.664406
38.78375
56.016254
61.96601
81.66637
63.238663
49.476494
31.515537
21.71152
30.873682
26.633623
66.94657
16.280779
12.804485
24.870613
12.946699
35.21052
16.581936
42.61508
22.978125
47.538307
12.789437
50.02061
21.693754
20.070173
31.605808
23.963282
19.725344
34.32244
27.166435
110.305145
57.64261
50.638004
120.28415
65.49665
59.357002
58.71905
90.04239
84.309525
83.81621
67.97852
32.624767
81.613846
45.629627
93.97171
27.1749
64.04512
65.40323
64.50839
48.329086
26.098396
61.466
28.126516
39.280445
34.35534
37.068863
32.82962
27.57715
25.143303
16.783546
27.469633
28.268875
29.3273
45.46603
49.257923
47.50134
53.6223
26.03701
28.824074
31.786802
22.555708
20.93593
29.284348
36.4558
46.42476
73.895905
54.71786
35.284348
43.341118
11.622531
38.915985
29.722
12.809092
27.772026
42.27538
30.434614
21.089993
60.89701
60.197872
62.71896
49.17788
61.513252
72.83164
93.62906
62.40439
70.31599
138.67126
29.746876
54.818184
40.412853
72.489944
46.891273
42.56655
67.61929
88.70742
126.40758
100.12804
88.184425
98.19426
103.15635
107.20528
68.34634
78.74683
41.82035
43.798996
34.307636
31.453655
43.832176
56.88372
73.42495
91.7215
48.936623
19.235008
26.384277
43.650547
40.736202
30.953415
23.485424
10.354763
45.65077
23.306894
55.96256
101.409515
60.0728
92.62772
59.85456
45.52898
31.0102
51.58491
28.205751
34.46982
32.52809
21.73739
65.37281
90.06214
85.319756
37.014145
95.91639
71.156586
93.50624
54.696445
14.782146
21.085152
45.090054
42.315063
38.763977
29.556543
59.909866
76.30601
33.689472
118.68217
56.275623
58.988136
53.35702
89.49895
68.76476
55.744938
72.80751
17.163578
37.750885
22.193064
57.369564
42.796844
41.213078
53.534534
13.411211
29.808128
34.31144
56.540165
5.0073605
38.396053
21.517067
31.341528
28.163818
24.539343
35.319828
46.60608
58.343273
37.912437
44.487877
61.564144
73.75473
39.592438
50.64715
44.94813
19.434643
23.833288
21.84926
22.186634
42.69716
50.371284
19.556633
73.13771
66.83305
65.08257
71.68271
49.924107
40.749012
68.142624
62.081165
31.680096
49.151386
25.40943
24.102625
12.174565
39.6948
27.442724
59.12761
44.16472
56.72798
56.478703
48.885147
65.425606
16.652393
63.150143
18.510288
24.619116
23.104307
21.87127
40.09587
18.161245
58.499683
43.559307
54.505356
28.595404
12.04443
61.796143
31.301668
34.976112
43.96894
24.811882
48.310192
43.690304
60.863426
55.45236
41.450607
27.903982
33.830814
45.81967
54.064438
29.230488
30.080833
70.17686
25.298681
30.213625
56.32725
12.223366
52.234615
33.403397
23.88496
30.372173
21.04936
31.50636
30.563023
99.90541
55.46349
52.20784
24.8097
58.52302
20.112381
10.698006
54.786503
25.016499
71.89098
50.466324
42.071236
52.230053
51.84789
71.41533
19.02817
55.32869
18.321484
41.365124
18.773663
28.465725
8.774996
29.849554
6.9171834
47.71077
70.49296
21.270514
25.87644
18.64438
58.071518
53.48793
24.840452
18.113964
68.4147
24.318089
32.246387
10.236017
46.01242
39.337223
28.829845
30.195852
32.579823
5.907419
34.76907
37.337685
25.046177
38.706696
21.809202
63.08638
37.33068
30.340975
15.93203
26.228174
47.245937
24.657001
10.683117
13.661133
22.358644
61.02833
18.304363
34.062233
31.181677
45.450024
30.321115
33.96728
2.7222824
11.914407
36.53236
32.865765
40.765926
17.59087
17.628822
44.34661
64.333984
25.75188
29.20545
8.291118
19.517414
21.17605
31.64946
51.58909
83.48456
31.351757
7.750048
16.55318
22.341724
57.08109
17.808126
41.906982
60.02304
48.184376
37.492016
32.518463
27.876137
33.35414
25.85093
24.333895
30.80301
21.977638
65.90701
46.625694
44.369896
21.782173
15.26165
48.752388
27.494385
6.7367573
38.156384
62.352848
61.76924
18.0844
11.052864
25.6195
50.497093
127.14984
21.138172
44.09213
20.601805
38.189377
37.434334
21.189932
10.674782
21.967918
29.716412
21.338413
22.707304
22.851791
26.735718
32.33104
32.258842
33.740307
36.648216
25.011745
12.845294
11.863391
49.67759
30.202011
28.183481
15.56271
44.89901
58.29953
26.579538
42.086037
23.180157
16.093695
27.399343
31.458324
38.10093
40.864277
15.706614
15.248294
40.948536
11.431689
40.132816
59.001225
52.68958
23.94094
28.443941
26.95947
33.923756
31.962639
54.77538
44.16437
91.19737
65.81602
32.533592
63.86851
26.55276
87.74777
52.408535
55.345425
50.72616
24.666443
26.532011
52.553574
16.188227
32.303993
32.480263
49.913544
22.95628
34.248802
31.98382
15.514194
26.032225
41.42798
39.93959
35.515602
40.299156
16.665628
19.06877
24.924572
76.34618
57.919422
82.63699
57.37598
103.59507
79.66967
84.558914
93.28248
72.33482
55.87092
84.034904
74.17694
42.689545
16.347706
58.487587
34.030468
67.86626
117.58521
71.50285
41.181835
35.606983
94.63327
53.225323
102.5182
135.82126
137.46675
36.94458
34.88924
41.3919
46.97009
31.760248
22.201815
38.769436
45.845436
31.187107
31.170202
24.339706
27.863415
56.24301
151.44264
114.1053
70.29861
72.74289
78.75935
76.20755
98.49012
94.00294
82.45484
98.8356
35.62465
41.709785
96.62232
69.57867
83.78431
93.275955
29.116339
54.96798
36.00998
58.255806
75.99237
47.98788
23.726374
20.889751
27.054426
44.73443
70.55459
111.65605
108.03661
116.23627
36.807316
63.750187
84.94947
17.151897
57.581142
44.521984
21.732788
32.53911
37.831398
30.21026
16.152655
49.38281
57.616783
27.22998
28.270075
15.098589
67.04648
80.746765
52.74
73.80514
48.616158
38.873722
25.756601
35.431442
57.544903
64.21278
39.923145
53.170815
53.10972
51.31254
13.131854
29.383736
75.84215
92.99476
70.50687
27.9686
36.242924
60.502758
79.498146
25.264866
36.20743
47.39872
18.468996
26.585613
38.033646
52.908676
41.74601
42.361046
17.507206
40.924263
38.620033
97.7021
77.691986
84.47582
57.407383
61.966522
69.61228
74.307434
60.56205
60.700665
60.10562
82.263535
39.367966
23.04956
30.625666
62.59073
39.03463
57.96803
85.128204
89.498886
49.45066
63.568436
53.7292
29.175674
13.861663
26.011812
26.074322
22.506645
24.0025
25.121605
35.233437
22.726225
17.792444
13.595887
46.03385
27.898487
26.289833
31.121061
43.91302
47.892
28.360804
25.378437
48.15374
59.682915
13.370713
30.624842
25.649738
24.202805
17.94977
25.421938
29.955357
34.197617
42.242966
18.429062
19.252365
13.380475
7.2132006
30.979734
35.631626
9.832052
37.952038
17.471992
28.722559
16.667458
32.755173
21.314941
16.457508
13.038282
18.80091
24.44273
18.60988
28.17778
30.574505
31.732994
40.456837
20.595303
38.268677
26.400303
25.235569
30.447886
27.231272
59.202057
47.9736
29.674793
43.51687
66.43869
38.26572
53.30227
17.562601
55.274433
54.142467
28.114761
19.8374
46.35706
20.720774
57.969814
5.4769835
38.883327
60.40756
31.5214
63.733395
100.51426
48.55674
70.30405
70.32034
136.69519
110.425186
103.73095
72.098015
55.413017
73.36558
75.42197
60.632572
35.081165
28.478409
30.793518
25.639572
17.193108
60.313133
16.463171
69.74869
17.380526
8.707871
29.831764
15.845202
19.154846
28.379393
18.863255
50.99196
30.83333
36.612823
11.20088
68.36735
38.757614
67.489174
43.25984
26.150684
28.997202
31.335909
28.126131
33.776615
84.13945
79.65805
60.745255
133.37653
24.501308
37.547848
22.114588
45.25722
19.699953
14.044137
62.086937
29.367172
38.55376
45.285362
35.14175
107.683304
51.828976
49.005943
24.327559
42.482407
28.677917
29.164253
9.915494
42.213905
28.350594
30.004427
15.577526
24.285728
36.179832
21.573593
48.58658
36.38761
39.33057
14.494847
58.02403
34.58929
62.51344
60.439365
49.968674
39.68484
27.739946
31.921717
40.956043
43.155518
43.747017
38.821766
25.468708
18.8812
15.375737
93.316986
74.495224
36.990616
40.040684
21.390392
40.043854
33.91891
48.46749
30.091206
24.23922
39.473972
46.378372
49.617573
33.536842
40.5987
92.51845
17.272602
46.637016
91.64104
34.128033
70.29693
41.357574
37.273323
61.28794
70.80604
53.11529
68.11493
13.688501
31.24252
17.14078
42.026226
32.93515
17.885923
38.730953
27.483763
25.381922
38.738216
17.729277
46.28455
92.401276
35.95224
47.610424
13.520624
9.962996
64.624725
10.68285
32.056393
20.048979
47.18907
37.333237
25.304272
13.99013
17.595383
39.007614
81.109695
26.476866
37.488613
30.783697
56.73187
37.796215
31.007963
25.925274
31.556215
73.38485
17.663612
46.945072
48.182877
41.829987
34.45727
29.47159
63.36074
34.405075
8.978671
55.239105
30.952045
19.162922
35.88911
67.375046
33.78518
52.29769
41.625732
110.753075
87.4437
89.945404
37.727154
17.339718
54.479156
36.182335
24.443998
54.26969
35.304512
39.681126
41.169224
31.959682
4.685127
45.93243
26.16898
32.742813
27.82523
64.05268
55.75029
26.168535
85.27141
27.443306
29.273415
26.120356
36.320404
22.290516
80.397766
50.556656
64.31496
80.921745
25.919998
29.790142
56.229263
37.50371
57.882324
54.52504
81.11308
88.462204
65.41494
76.69061
105.56188
95.36739
115.02971
91.43082
83.52898
42.744083
44.12088
51.12491
47.2168
65.69963
86.33502
53.939415
61.788177
20.054037
96.25131
23.904133
58.81057
30.320766
51.292862
74.06183
74.33985
17.05749
38.002968
38.313385
37.29127
59.64906
44.918777
43.159443
85.48682
42.92967
34.67175
33.146557
34.164246
23.835135
38.206467
49.664284
110.516846
72.71506
41.93184
68.390076
47.29437
66.14984
54.084015
79.47136
36.198822
29.134119
23.95719
27.975744
71.076485
54.556904
91.65924
14.034638
45.571655
67.084305
53.667835
19.94061
42.569714
37.46333
20.738918
43.969517
41.20771
49.90008
75.90941
48.12178
40.350914
23.412022
57.589622
74.17683
63.32752
45.680187
60.91689
32.884018
40.452187
47.39887
16.562061
62.00464
79.47307
73.39834
54.928467
31.840195
51.335194
38.63142
56.952835
43.296158
11.254752
26.159214
43.85699
78.684685
55.905136
83.69308
127.12911
100.5423
71.08605
31.052183
28.2778
41.794468
39.263027
58.990734
24.153217
63.823204
38.61865
22.217043
63.84791
73.15167
79.45561
29.051758
34.056477
86.05332
70.77585
46.86299
27.88659
62.585705
65.5039
67.92816
107.34692
48.179245
48.489044
63.487564
59.699997
59.803524
52.612743
56.355694
55.889
66.29531
62.37408
129.62209
25.593079
8.76669
51.07777
16.113262
63.044395
45.915005
21.574211
49.318275
39.3796
26.92373
20.342934
27.08932
38.45209
56.459595
22.952105
35.914318
64.20039
11.484337
53.217045
29.564089
32.465282
74.51365
22.301712
33.93669
28.678719
42.880165
50.11023
75.436
47.53282
25.913765
40.420795
30.198387
18.555075
25.320381
11.719204
57.448654
17.17574
38.391754
22.67112
59.206562
46.153656
28.73947
22.389032
46.841354
27.014904
42.314587
34.942997
16.569214
51.327415
77.943535
66.88011
47.247147
33.04509
32.407284
31.727627
29.120188
47.999546
30.68744
14.457211
68.238174
21.806597
30.9187
33.484085
39.356983
60.212597
89.809425
74.41233
62.05741
61.030643
28.075098
29.26233
30.551994
39.514965
22.330315
38.982327
52.785797
51.768574
147.6314
55.15658
88.225365
45.676884
71.44421
48.322086
63.34437
100.845924
59.70314
57.79436
54.905888
52.689873
64.77165
35.275253
49.44564
77.03898
59.361115
19.817194
30.75
10.130183
33.507774
75.94053
66.618904
92.81341
102.2484
68.886696
69.63394
107.9007
59.937366
89.7574
100.07652
31.959984
28.236526
23.215454
37.249313
51.830708
34.14446
36.089394
52.61093
30.32918
41.955605
58.153934
18.346899
33.575638
28.131407
52.585987
30.542038
34.07187
26.209997
10.132812
17.62508
12.893205
16.851233
45.04783
35.323788
41.66476
10.455689
30.162119
25.904478
26.039268
39.31459
28.60881
42.253082
7.9976225
25.538376
85.481834
24.003035
46.356415
85.08318
34.833336
43.751915
68.423615
122.62476
57.664345
60.172955
50.898598
88.01844
24.682566
45.396236
38.800365
18.894241
16.886093
34.27072
35.58934
50.405327
56.127365
18.277855
31.152134
22.329735
47.277035
16.379662
43.80939
36.18654
51.496918
54.788193
51.594864
65.77879
98.62619
93.3947
41.10501
43.60519
83.35424
59.210907
78.69047
34.622326
53.819733
85.49577
76.064224
28.577002
59.944176
84.82945
45.79675
72.43038
62.162804
85.79046
79.58417
66.70529
48.257965
84.51131
65.925064
47.815075
58.89793
65.84656
104.044266
87.46897
75.8298
91.166855
160.41614
22.098948
67.55222
23.999968
20.20181
21.682768
14.702655
32.427513
28.504927
52.161674
44.67184
74.5464
59.115875
40.88543
94.39948
49.96457
47.655117
23.619379
34.36
28.662487
38.886803
44.57983
51.16192
32.985363
36.43519
26.337357
81.31716
51.540768
47.72798
71.71456
13.058135
28.066456
14.580786
71.76879
35.103775
59.021812
35.959293
48.654964
79.056244
113.884
39.114162
51.99642
71.1986
51.706562
91.769104
56.96335
35.86586
20.094454
19.39419
19.78439
60.823532
28.58722
39.608097
48.574142
25.977184
22.406328
18.970697
77.943405
79.808586
35.261547
35.482777
20.675972
37.25859
42.448452
13.908341
42.04253
113.81729
38.66778
22.926844
29.966347
22.399979
37.169544
46.633846
43.899033
32.489086
39.06254
47.00638
54.11286
52.36353
44.118404
34.428402
30.020546
67.41308
61.34414
55.960155
82.93362
55.340664
75.58165
66.08369
45.30105
46.771538
27.60088
35.773113
21.9282
98.64513
64.840324
86.0095
99.99285
28.107098
22.700325
41.22382
15.249116
33.41764
79.896164
35.357796
17.453312
18.236841
29.826052
38.60356
73.33287
65.07613
43.063965
83.981964
47.639015
60.476437
29.881077
20.206758
37.939186
14.859264
34.349224
35.596806
54.10758
49.00731
50.791893
25.995266
63.831142
57.468056
21.358332
57.106033
48.072067
38.36129
11.094137
18.901749
48.980667
40.124622
20.472807
58.929264
52.761246
36.271996
35.964367
36.77592
33.583317
66.8063
75.43803
54.76395
41.649097
34.1598
41.77768
46.800083
31.539013
57.380325
68.6451
4.6489577
28.213633
57.35559
32.04788
35.473354
35.326584
17.146988
55.401512
45.29114
50.52509
36.541153
51.912006
59.862457
45.57814
42.80377
54.06541
71.08409
18.617603
30.085566
70.696205
71.26175
76.09047
42.954063
36.210686
89.8953
54.96577
116.33181
78.120056
87.84162
54.29204
33.360275
35.42974
50.00274
58.36926
35.954296
26.568327
96.997665
19.791702
28.07035
36.34729
13.215913
46.661045
106.8405
18.56024
36.514576
33.356735
58.122738
52.903896
38.68096
79.232086
28.604836
20.762947
23.10213
24.635256
50.526054
55.972015
25.884598
102.47572
45.012028
99.51646
51.006847
32.145374
42.04417
18.202604
45.170464
16.870604
42.082466
35.49404
33.74229
24.628471
21.444046
37.99107
29.368977
38.558857
19.506315
43.77646
43.328297
76.39288
55.76506
11.274958
42.86502
21.93167
24.512592
72.17329
71.267654
21.194519
38.136227
59.733242
42.26362
27.418846
38.884235
68.89139
49.26759
51.558716
57.6431
46.528988
43.04612
47.425777
35.46633
38.9013
56.03024
48.54921
32.415886
56.89954
36.93882
30.750483
32.34525
31.751026
34.11781
46.98007
20.653067
62.183006
30.916008
68.50465
55.2883
50.14537
58.417286
29.288368
53.142803
67.946106
50.528515
82.51586
54.661625
33.20875
34.555798
27.40246
36.829582
19.012243
23.54709
26.46233
8.333362
19.234879
23.786282
17.703028
24.517733
41.839703
34.17778
22.794855
28.998272
58.94934
35.33929
95.0671
85.892685
107.7155
64.727135
94.27019
40.215298
37.861675
91.57376
83.388626
81.16883
72.53318
6.2710133
92.56564
12.470765
23.761103
32.60067
79.05637
29.530611
47.175415
71.56279
33.315395
42.92181
66.802414
45.398643
22.741653
50.725014
69.052635
105.039925
34.786785
32.28871
47.84182
27.217674
25.6267
14.710205
45.974945
48.905373
48.572372
24.2827
25.419224
37.136982
26.751934
43.305344
21.926952
23.908564
13.380341
47.10063
29.245441
59.07562
39.511806
76.1188
67.48265
49.009277
51.00164
41.261925
40.943092
34.623722
31.125324
50.712574
64.18507
51.938286
82.351036
42.074635
63.092983
28.382648
56.6733
53.93511
32.260704
41.312855
34.839176
22.130833
33.449295
66.346565
87.57158
16.15321
34.9205
30.844803
28.383316
65.75851
28.012215
56.105434
50.737236
17.324064
44.564877
48.692432
91.28815
27.16969
25.75117
3.4902973
44.887177
9.144154
16.800959
44.24288
29.564714
61.97522
54.929214
64.58633
45.21387
42.663853
42.413246
47.605385
30.35947
27.02981
18.365294
15.69764
35.18897
41.20653
9.411541
53.403446
24.942087
54.16056
22.958374
52.643883
67.96367
29.34703
37.66205
25.526447
16.536402
42.291576
32.42561
33.08196
28.636547
43.68771
55.41767
41.43822
26.00465
21.578169
23.903166
23.410252
15.947027
25.697021
37.123627
12.392865
32.709843
42.13334
31.31816
30.84376
21.531414
26.343838
30.437067
46.377586
76.379265
57.51339
70.06503
61.883804
54.913895
30.37726
79.2608
55.734898
58.481415
63.119225
58.897667
69.01957
59.010777
33.553455
61.480156
35.68658
81.30983
35.60443
18.595654
51.493374
60.661354
80.921745
94.42997
20.211191
24.775318
41.557194
74.91967
65.50981
123.7456
49.97112
62.07868
50.41823
65.05665
21.183216
29.851128
37.177574
28.961891
34.13692
31.717955
24.510674
38.480114
49.301167
22.19616
36.15795
40.637974
28.869213
28.446342
49.283703
35.647537
61.60041
43.954258
54.7448
56.300926
31.634882
35.912247
24.163986
13.780978
55.024708
57.371708
24.246498
34.808857
35.514725
35.028145
53.827164
18.091574
37.065792
32.382942
81.54478
78.093544
40.289745
15.923354
29.819511
53.476322
41.82336
15.875139
36.904305
16.358631
52.86659
40.781773
25.153131
17.61881
41.93543
43.62446
56.560013
27.262772
35.59985
64.90288
37.88858
26.078945
30.356604
51.44651
11.606564
79.227844
77.99914
38.151592
21.229893
64.06282
53.068104
30.032688
9.705335
24.651245
37.12124
51.104443
33.929504
72.59871
58.505848
23.384079
15.075415
39.928406
23.586523
87.498245
87.75555
46.593872
73.48962
67.76992
84.63835
79.06568
67.212006
53.26669
57.63895
115.57806
63.419518
37.829544
24.05842
19.431553
30.402117
41.646885
38.806812
28.896101
36.435528
74.40524
24.221064
31.062881
19.18647
51.07583
48.369274
18.632172
37.300247
23.144407
33.179546
49.966816
43.058205
88.058205
36.95009
35.933605
58.907013
6.1992793
29.630894
54.312565
51.96593
39.344677
13.290558
32.073788
30.765156
37.0421
23.510452
23.000805
29.688438
23.476852
47.803905
64.1
25.38679
26.365705
71.656204
63.53386
48.77357
32.19634
49.646103
55.02333
11.287202
30.464764
18.732136
44.841133
40.517776
52.90602
46.759872
35.337414
67.35134
90.857
105.35272
102.30131
35.867836
42.514294
59.242767
89.956635
31.066162
27.395142
32.803143
62.10979
49.04822
76.65687
21.11685
27.091324
18.677507
19.324427
23.38639
54.17324
38.375607
23.906984
57.059658
34.726757
70.021736
60.248795
82.5053
80.11691
97.59768
59.118797
27.932941
27.527899
75.95428
38.79769
14.953551
21.202488
26.040184
55.90414
59.413673
68.217224
96.41291
122.01494
90.07874
141.52643
78.78202
46.576466
48.361515
75.13899
26.101152
43.89249
10.535572
38.98769
24.344887
37.517227
17.879063
50.444267
28.031284
21.351215
25.079676
61.814243
28.095669
20.21713
34.909256
37.449013
30.047537
53.91614
18.239561
36.690376
25.10294
45.23688
15.605753
50.23377
43.207413
27.70416
33.36749
61.124565
35.76435
34.174614
13.455352
49.760483
21.151953
62.393803
69.56499
38.56935
65.70082
70.63098
153.67627
58.73389
62.046997
76.40591
56.856598
37.291378
33.88586
122.845116
13.122331
34.207035
13.769273
76.99763
61.379242
50.082245
28.428265
23.431011
45.32551
30.173285
15.037981
44.30667
58.114925
14.335223
20.7123
43.67295
32.24423
28.263542
13.606897
22.732891
48.17498
28.793713
20.580133
26.696321
71.35645
39.24233
46.895374
97.84128
20.155588
27.443928
37.361366
38.420975
21.840408
20.469227
28.89408
27.29171
28.783215
27.883589
19.2609
43.22959
45.029984
61.49664
87.00257
100.422844
23.90259
28.908821
42.06581
16.466633
35.719555
31.266573
31.760933
58.699413
45.191967
49.379948
45.182076
53.300385
44.076176
35.92412
35.804012
19.900225
41.538673
41.165695
24.362803
20.825872
41.849167
23.243418
7.803781
13.136073
39.637424
55.169292
94.236916
22.338943
38.01697
13.083815
45.462555
30.259146
20.264004
29.773094
62.197388
58.387463
34.483997
28.965073
30.923473
32.777462
33.830135
44.544037
19.759037
41.189693
43.17223
32.965424
39.431435
26.240818
29.603582
16.279316
31.725256
20.349749
24.452192
51.61184
42.570255
86.351746
85.147675
74.83911
102.9757
57.84291
93.20016
67.47022
112.55801
83.94699
111.06837
73.16301
91.12791
62.17908
49.018135
73.74698
68.69103
53.554756
64.41473
63.941517
97.73212
49.56686
65.60226
81.354
96.84692
65.210686
58.747772
113.14928
73.426216
53.97895
11.641689
34.542538
28.649267
21.670471
33.875164
24.450197
30.845142
34.537064
36.243298
56.921864
51.20405
42.11645
78.35823
66.09515
70.76472
55.749237
40.78023
17.255907
39.54675
47.442764
103.026726
45.933815
50.47567
57.51493
54.6471
52.620106
75.444214
36.25499
27.578724
21.245893
36.610664
39.857605
28.972542
50.18916
87.65691
58.42266
62.34211
38.1395
19.793407
14.557146
13.36155
52.321606
23.098944
36.573784
46.057987
49.783817
66.77409
73.61155
56.56017
47.16658
20.956877
47.68782
33.511364
33.885582
10.830463
24.45814
18.015661
81.96571
28.815279
52.718483
25.783245
68.14504
30.171682
56.973667
70.36453
50.349106
41.56198
22.635391
83.673195
73.73597
55.755814
39.511314
59.963448
52.09862
57.42717
58.711422
77.30718
48.723568
66.09835
59.64251
48.43203
54.689964
39.80203
64.62532
66.04779
69.64067
62.3032
37.423508
50.5426
58.060547
88.37778
91.70373
80.93963
99.70807
44.11338
65.419205
57.240555
73.927864
51.580425
24.80608
51.63782
14.568157
43.0997
50.191063
30.349827
19.271078
45.34075
31.216875
71.45434
45.25056
17.620195
82.17272
30.775747
33.32663
31.445894
83.937294
17.916002
34.976395
54.64484
112.19754
99.032425
72.77617
41.190365
62.741894
52.661304
60.1054
54.53962
61.53019
55.787914
98.6672
66.9005
65.21002
42.83052
42.018394
31.61428
41.034058
40.451164
55.771366
32.804253
35.86603
25.727844
52.113297
36.751194
31.947363
49.3297
56.486454
16.081211
31.816929
18.180481
18.378616
30.737316
30.459064
25.842548
37.08029
52.771183
32.325836
22.194021
27.13486
52.99731
37.17289
20.998144
71.647964
42.99887
57.692997
83.66318
60.357445
72.16742
42.56459
26.982807
30.03847
64.282
76.49858
13.085782
64.935875
39.212635
34.04178
73.65401
13.221733
21.423862
24.167019
18.509924
11.831379
59.414272
89.243996
119.876076
65.55222
44.434402
26.308128
27.031914
70.57891
35.21748
10.038713
52.083397
37.80387
24.734764
33.706287
68.26833
23.024624
44.69209
63.86806
51.791874
56.637028
42.169254
58.70259
50.8768
50.787983
54.625454
59.379505
26.051498
50.25648
50.35099
27.891167
28.8669
78.32017
48.333607
53.763847
76.403725
54.81951
44.347538
87.68712
36.612045
50.132114
40.391037
41.569923
26.4895
51.523598
93.06051
48.853172
58.233143
85.95502
29.948326
31.621344
67.45277
75.01604
38.188732
32.74425
53.337162
17.680138
44.071934
98.58874
33.542904
40.067764
38.176743
26.312124
25.208677
77.535866
31.565496
8.281007
37.844067
18.02919
53.484432
45.788376
14.708141
22.818052
49.89436
47.05089
54.405697
74.26736
49.36748
70.59762
90.59772
63.61021
49.18025
42.50699
59.58787
71.731346
52.710365
38.870113
25.290394
24.161812
32.878456
24.7705
18.661898
16.193964
60.594826
52.71939
2.5958667
31.752378
28.432365
37.842342
24.879606
28.965157
40.052856
26.303757
38.7588
14.805841
20.390495
29.869087
40.448555
58.26587
41.821754
47.229076
31.358038
41.600155
10.882498
21.717196
26.097666
45.45823
28.086315
49.64551
18.868662
37.698563
24.704506
16.206606
27.200111
39.805443
38.533188
67.529205
51.113277
20.659327
19.698294
8.043597
16.314447
23.685448
44.111862
41.13907
30.86561
23.047667
25.886894
15.816463
21.154358
25.210388
20.766516
31.576418
28.84552
46.915386
27.516613
48.982964
43.65708
46.872604
39.58771
29.914883
23.592468
22.93902
11.531025
31.355402
60.237022
48.833862
23.345343
23.108654
21.37666
43.200417
46.5148
69.313774
36.124912
31.149578
20.05988
19.578453
14.130367
19.051943
20.129196
31.11205
39.84776
25.352226
10.27434
15.012883
28.270647
16.57382
16.032467
24.027285
7.966269
20.647972
28.587814
36.69579
24.483482
37.429977
22.539484
19.360794
16.463627
24.86313
8.862227
39.090588
9.959519
37.854034
19.076632
37.219776
18.313745
23.266552
31.828363
27.191051
67.12265
56.579437
51.57579
20.215742
19.83991
43.019253
29.661596
21.618328
35.538456
31.16632
61.797802
74.04789
66.75547
31.562523
13.642394
6.7111144
27.84941
5.160495
65.39513
46.795883
37.870228
79.36055
72.63524
13.650248
44.054054
7.3797503
79.830055
27.563286
80.75309
78.28645
26.005882
57.749405
47.175037
28.947433
23.195572
13.963401
24.873333
30.90327
18.941626
82.193954
60.967213
22.901777
20.051794
44.265003
30.0923
20.703465
16.839693
36.97761
24.61282
55.65412
52.260773
27.938269
38.66615
68.59717
21.058783
17.06262
4.1863594
4.0824976
34.854233
55.99644
19.788633
42.938248
47.391586
45.270775
38.35724
29.475557
23.878973
27.757004
14.217548
41.425724
28.173077
43.947056
26.436237
54.235367
105.604866
85.53781
26.778284
38.537113
22.157078
42.323887
62.489624
43.606407
24.800276
67.53886
58.864765
55.945522
94.50645
72.48544
70.10689
70.73217
44.96645
28.708668
50.308834
28.721912
43.54225
23.044092
43.186592
19.180706
26.295683
60.694626
18.000856
26.298656
25.227293
23.346685
47.722828
40.72014
49.29285
40.526073
22.154856
21.86874
64.02764
64.49402
29.809422
33.713493
24.720404
49.12608
40.830685
34.50525
41.215492
46.472836
76.9518
21.016035
42.70719
76.82608
99.70081
31.660915
22.172453
17.403135
20.296066
40.377945
36.533997
68.13987
63.759506
33.301792
40.691505
59.028217
51.86616
42.294342
73.4351
54.518837
53.956993
53.562084
95.443214
99.58158
37.47721
49.921227
54.12067
34.01272
17.800928
58.45825
53.445587
51.663864
62.11053
48.46097
117.42314
67.64164
19.950533
22.781906
14.223821
26.973108
53.770065
45.766937
48.036224
110.76022
27.208874
32.596264
29.588875
36.375816
11.975127
35.423584
24.497282
39.714443
47.812103
42.28561
44.58404
26.600412
73.97215
47.60146
44.67592
43.337383
28.032402
29.55006
13.950009
51.37441
52.39043
66.036156
56.180294
63.544388
66.42664
74.50383
85.312325
60.273083
89.90481
58.647392
56.673237
117.383835
76.03362
108.75522
20.150541
33.670116
36.515446
26.774364
29.029503
41.06401
25.182484
53.59709
61.119843
39.363754
35.537758
33.904224
48.158497
8.995586
36.223927
28.249872
55.230953
13.8623495
3.4759057
56.288074
32.142685
38.64299
25.225935
65.78756
92.1552
67.662
58.30816
40.703365
75.01457
59.59462
96.09505
62.593075
74.75852
67.71265
58.802513
87.14293
131.64626
79.40253
95.84571
53.77469
18.067812
40.485218
43.022404
35.963303
72.75575
63.16598
70.99912
29.924978
43.8403
49.709747
30.117254
20.628626
46.247913
27.215141
57.1095
42.8367
43.416367
40.335686
45.52339
61.776093
58.750214
8.073954
25.320532
12.226668
28.414368
18.273483
62.90208
60.288517
73.826035
70.13955
86.76128
54.13701
54.19388
35.87468
63.65505
84.42808
60.38555
46.760643
77.18916
77.76061
96.86523
74.434654
73.87067
10.822122
78.795456
44.83356
87.472206
70.18795
68.974495
35.314457
58.042904
43.43281
52.403286
53.83955
68.15835
80.719
21.916409
84.48269
23.757492
18.795502
42.119774
53.041237
40.061577
50.597588
22.022497
65.07883
69.8195
65.38268
55.364914
58.99268
111.98158
27.2189
23.113167
46.22996
11.222701
13.24276
24.439331
34.896683
18.838612
44.57157
27.14249
33.46219
80.84938
115.55379
47.306915
12.046107
61.74588
22.832653
28.533422
39.890175
15.53418
43.15687
31.23554
59.17271
50.122025
67.24093
21.815636
48.231674
50.202442
25.694668
16.843935
22.621304
47.429962
61.031204
44.68124
54.505527
108.76731
54.428116
51.887707
49.715164
50.45544
27.090296
27.2675
36.43616
119.69978
80.99563
85.803314
63.88754
103.3461
58.219223
87.77508
105.43409
99.9916
68.793
75.95137
40.361416
78.73221
40.592922
38.47955
37.606388
64.48653
71.43046
57.480392
37.811516
24.941252
74.277695
16.459526
42.876762
40.07035
44.759144
28.896461
45.277515
21.101213
13.674333
28.649042
30.629911
34.19054
46.447792
30.600351
23.321196
51.796356
73.64485
40.655045
54.207775
72.8583
42.96443
42.38496
31.28188
40.832584
62.021408
45.639477
36.887474
62.185284
77.77664
66.74505
18.605997
35.0578
17.68869
25.473726
23.752691
56.74479
41.00534
46.587685
20.72651
29.890469
24.945057
48.000454
76.75622
39.235275
29.349985
21.328516
32.533867
26.91239
11.357358
74.97081
57.09668
31.286396
27.062204
42.565956
64.96062
53.110893
48.934208
37.189007
24.189611
24.586575
21.976028
37.266006
23.138447
36.59951
20.378508
44.56432
54.089798
24.593052
17.355635
36.144028
17.73011
39.29778
27.756887
15.203311
27.994146
48.227745
59.432037
104.56131
64.22495
33.705044
31.051569
47.659428
33.277184
19.990845
74.880104
20.756924
27.281902
23.587767
75.529274
29.276026
44.680397
21.638882
43.852245
17.53598
58.820995
29.556011
50.731796
16.603008
26.141495
32.583805
22.221325
36.989155
105.83608
43.228325
18.181261
28.995403
20.93716
20.868553
46.737514
53.94894
28.807732
33.987198
46.058662
44.595047
64.11836
37.16709
26.793465
26.25761
30.850191
44.703175
35.17084
28.58536
23.306177
35.380627
13.185053
29.756752
54.52757
44.65071
38.03741
28.133047
24.515224
23.510078
27.062378
68.50547
47.62455
52.17704
75.77182
48.7922
97.35663
57.24655
39.011948
49.25591
56.998882
51.153683
19.11793
42.40484
20.358421
38.94708
21.11705
19.834011
16.65316
19.925194
40.023182
27.148958
30.386293
51.465946
45.718155
35.269047
44.704796
9.288269
43.33796
21.060602
27.934666
13.362395
24.742281
22.268215
17.9217
26.912165
54.22729
53.120697
45.62875
22.440742
22.262426
24.891401
41.220577
10.962769
36.622665
32.948257
18.45651
43.353672
8.350823
15.856685
16.467348
31.43313
77.66446
64.76113
56.754154
28.848272
28.617195
26.619835
40.673664
59.29026
34.301353
30.358295
57.775753
36.614113
30.693144
33.81139
50.457592
25.349712
28.931965
35.760574
36.237415
68.47739
18.08617
48.751842
47.52879
22.57491
24.991386
55.826607
28.201328
40.345318
45.303482
43.778152
16.30951
37.894127
37.498154
44.894073
20.194204
32.615875
40.957905
59.020107
105.41242
69.22227
55.422657
58.46429
61.151215
82.92773
63.711964
66.346466
75.94016
79.658165
68.801125
73.9783
26.374374
51.39736
62.4951
20.044079
31.326206
53.583466
41.659786
28.822508
77.02327
23.37628
32.496338
47.72737
71.82234
80.6806
108.85898
71.69311
76.678604
66.226944
34.908863
31.902887
35.991085
34.945957
68.220795
43.22811
24.605986
19.97163
15.333996
55.13316
33.691463
28.007828
19.022741
26.922932
74.528534
62.205185
40.04001
67.279655
14.2918825
53.248554
36.02844
42.05136
77.43238
81.3566
38.48325
58.05986
46.705563
53.208443
92.04954
30.38943
34.75834
23.807371
33.889416
67.530594
53.51557
34.662003
40.111412
100.95432
26.540417
23.302078
85.11844
51.66926
50.174805
79.4857
103.847244
125.06118
108.61608
91.56452
82.04325
99.23236
95.78488
53.4182
79.356285
114.220276
29.18811
23.503748
42.962597
42.362095
32.70251
43.207745
30.849218
28.802553
26.69135
22.796913
28.78194
32.830647
32.58263
56.197357
71.590744
83.843636
35.864494
5.319896
45.32181
13.129758
23.673203
31.535423
21.522696
37.05299
76.98144
52.66748
59.372276
22.076338
53.46245
40.56967
33.93983
23.912085
32.548714
59.399048
23.03494
46.96138
22.493074
21.554197
26.6705
44.609375
35.680172
21.870844
48.82087
49.274933
26.021034
45.541805
23.19383
76.29759
52.105465
51.464214
41.907856
30.437307
62.53444
19.978731
21.545052
69.3603
58.30417
108.068855
29.135256
49.985054
59.521534
81.127525
85.84683
85.14456
38.193558
31.078215
46.692596
39.272293
72.63334
46.776257
49.173843
96.34103
14.988282
31.447376
32.167652
60.849033
80.5713
98.4962
79.635994
94.69368
72.91126
54.73832
56.143673
66.86741
62.771244
83.679695
30.26745
37.04
34.384613
63.317123
24.210522
64.65335
31.803217
32.231457
43.361732
30.538267
58.038975
46.089676
24.092348
29.99757
34.84753
74.92094
41.2569
27.84512
44.6704
34.580803
75.72061
15.582306
61.888012
20.962029
29.83403
56.814575
67.23235
56.590996
92.978386
57.946095
56.126133
73.87328
71.75363
61.588524
45.408463
59.63293
44.08194
98.698944
26.313765
51.926178
27.011375
76.09953
43.47935
42.39101
46.47773
66.22551
30.238724
32.94101
34.739735
76.77854
22.125324
40.132946
14.358147
34.094574
77.29828
14.158789
29.101406
60.927296
34.537296
7.0428734
65.85536
92.87884
51.73441
42.305923
33.659695
57.159424
44.59911
38.68357
61.21421
33.673275
44.892582
41.06245
54.605137
26.410915
61.53665
76.401146
103.606125
29.215553
37.991344
47.845104
65.0947
53.24304
56.548565
42.218197
41.22175
72.717804
16.641508
30.50822
39.07262
28.653538
35.90421
42.544018
22.871025
33.51352
99.5105
52.622505
50.99904
28.187735
19.072742
26.36446
99.98594
18.715343
54.04616
20.305422
23.14046
27.555626
67.25364
30.641872
17.46919
83.22126
34.00536
25.82297
37.17523
33.691334
26.391052
28.918867
18.444378
35.69642
44.735924
27.931496
22.091118
35.23044
29.140564
34.38616
43.214657
25.924795
33.761898
24.912155
20.490633
32.238346
8.020982
28.80765
26.941322
47.082455
26.146563
36.305073
36.48576
48.480648
49.23099
42.60894
33.000298
21.663237
53.521446
48.81886
43.1758
50.922905
53.812057
7.705608
15.686785
39.67262
30.654987
45.184532
26.927013
13.46844
30.646706
26.638351
38.892517
21.362932
50.929935
62.002907
34.780563
37.239143
44.791183
76.585526
33.16771
39.476254
66.067795
36.194237
21.525896
29.001858
32.697735
26.867432
68.4253
30.110035
56.246002
56.574005
22.800344
35.077442
15.580252
38.29388
85.98877
100.6847
30.80254
33.109364
38.77217
70.90383
79.47935
51.282364
86.7648
57.962048
34.301357
13.70316
52.030468
44.584362
35.033962
41.505966
30.3317
14.415061
45.857803
40.72844
45.772343
16.039265
47.817772
11.200859
57.15151
17.732265
12.273555
64.21291
43.860405
61.226776
69.04471
53.443993
67.36504
15.339979
29.837212
51.521053
52.441246
17.936054
26.945293
19.84817
46.022934
18.05019
38.24568
47.345047
21.664627
60.840416
40.06857
26.20263
34.89696
13.957102
15.721674
98.734505
84.557816
26.479826
29.4503
24.87296
44.361275
41.482437
23.050674
8.248986
21.538094
20.141016
55.631958
43.60354
37.185177
22.110893
99.87253
39.167
48.859657
36.043015
34.66366
25.13651
44.580864
30.332817
30.366827
32.51039
37.010853
24.07083
26.045874
69.40007
37.286766
7.954877
3.9384124
37.33708
19.66259
51.067696
49.14313
27.424248
35.677544
30.219433
37.876377
20.671064
36.94474
14.640565
56.41434
27.863596
9.399052
28.390625
18.735546
21.357704
47.902916
22.712578
22.632412
26.381477
37.27007
36.00959
21.140358
46.43194
45.675438
35.175907
28.61011
19.747051
8.76941
11.891293
44.402645
40.622524
37.23199
105.07082
47.390453
64.925125
59.87331
47.569492
57.187275
45.583817
112.805214
44.17706
37.59106
61.879833
37.71659
35.997612
48.926968
36.3889
46.01899
36.076035
32.142147
55.630653
67.4996
21.449268
23.315544
30.365402
22.940275
29.448704
14.323982
41.5464
26.847898
19.579737
31.997244
27.54962
31.00063
33.118965
78.60556
38.986073
83.349236
59.19945
56.941086
73.54596
17.02331
36.459427
39.58756
86.084755
65.79577
32.3312
25.523464
21.71016
36.669083
25.519447
27.968874
33.664223
61.301445
75.93162
53.21128
36.615044
33.686874
25.110144
13.976518
19.470766
30.90864
20.29775
30.24158
40.727116
44.786343
54.270966
18.142881
38.396904
26.72761
16.946264
22.329351
30.229376
48.410927
42.228416
39.377045
8.880833
20.236147
35.73036
69.69636
16.816628
24.372768
29.191452
60.793236
63.164505
54.417503
34.775623
39.19598
21.67007
15.907312
36.005817
37.431263
24.064037
47.147972
23.302334
26.53896
48.55916
15.657041
32.567574
47.883133
23.36427
53.96897
53.73207
44.293137
58.5806
86.96405
43.094234
57.170544
38.326385
35.63179
28.808743
76.67382
82.21377
24.830412
36.171104
33.25978
9.317767
53.261017
27.439375
40.047028
15.036973
12.946015
33.966007
54.309044
70.68554
63.418247
53.976574
59.496098
63.204655
87.7962
71.45359
60.831074
92.48538
122.52821
93.32423
77.81879
90.79681
43.894638
38.876354
20.409307
18.119076
12.595872
80.03643
43.705532
34.687607
37.457962
29.293615
37.914673
27.542902
20.387543
37.949703
63.61066
60.083378
64.43822
45.38704
67.799355
75.9334
52.496895
59.923126
52.879467
78.55164
100.471634
66.60098
34.354935
34.337593
17.294287
33.825783
47.685196
30.107489
48.24888
55.123158
56.72196
73.31017
98.655205
21.270798
43.68475
71.78506
51.021156
29.9649
86.25304
27.144314
45.460415
37.327168
31.408022
38.67323
37.026085
35.153084
44.00849
23.436722
57.2303
60.163864
61.980663
49.946903
45.60491
63.004627
47.54396
34.92597
31.43547
30.063843
54.82326
86.863655
26.089102
61.466957
59.499367
26.249256
32.151684
23.64386
77.19321
58.536163
51.241753
92.3707
71.09861
87.122894
28.94512
21.912104
59.284653
13.811346
29.475525
46.699406
46.76289
63.365353
19.05064
30.269838
12.189084
23.806309
24.538685
37.273827
8.09294
31.253677
33.216957
33.840256
45.359543
52.866505
38.499603
63.941544
64.421074
49.64014
30.787441
36.29567
30.425137
29.56412
18.751776
25.883938
14.81656
27.332876
26.228626
37.91095
44.032223
27.03627
93.55258
67.29659
26.690235
25.011587
48.848053
37.33625
33.470192
9.109222
44.072567
54.083168
25.978056
38.253056
21.88119
48.016098
33.749985
13.310394
30.147516
15.351737
17.722046
30.99155
12.227601
22.514952
30.105755
23.969046
32.815792
40.833378
66.014656
12.50152
40.475407
17.693176
59.06483
26.747272
39.945206
18.421396
22.62453
33.310234
9.70719
56.27686
33.894943
33.53674
29.555454
25.787947
27.8112
18.792763
17.191545
33.95317
52.91975
21.912876
32.38901
40.01325
30.822485
31.385544
62.32296
41.831768
36.501236
75.247345
43.81925
41.30653
60.696487
39.145294
48.08957
4.803982
44.751705
46.268234
52.476654
16.698303
34.902393
31.616667
35.099308
25.700754
39.089455
37.919724
46.106743
47.238937
30.117376
41.412003
13.118696
28.716625
18.373318
35.268238
43.43396
21.283886
22.230589
31.043072
30.905828
39.006615
63.9393
20.657957
45.723515
23.469671
49.03514
42.823257
25.214191
60.26003
42.40913
38.399654
63.88138
63.133095
25.872099
40.872437
23.75749
17.505075
36.962376
17.352266
32.64238
42.635113
36.457573
24.436024
74.527374
14.625204
29.435017
55.535816
25.327879
53.20766
41.337635
26.121685
38.06336
10.574414
44.20487
103.97251
71.56411
27.91995
21.169521
30.417608
33.173294
73.67969
38.32224
13.490614
36.508114
22.982393
13.103033
39.99792
66.47706
71.93662
19.110863
56.182266
36.27686
38.316322
26.439035
50.995163
48.48625
49.516045
74.87621
90.81212
57.27591
39.823837
62.06996
44.907158
44.366127
50.51435
30.8912
26.609947
29.25615
66.98483
64.4562
55.371246
66.855995
59.987286
100.46832
67.79946
32.970547
41.27309
41.89631
46.685165
57.854538
100.24769
55.59664
39.13323
51.433815
52.763947
45.638447
42.307285
55.452633
40.97341
22.682808
45.666744
49.756435
57.256508
58.63278
115.077286
39.45066
50.035015
36.893925
13.011859
30.90368
44.54158
32.007347
19.477896
44.430107
97.92149
27.111164
43.657333
38.832634
74.82624
25.025127
56.373085
33.756832
69.58569
49.77903
32.766373
39.0867
39.781708
67.407845
18.485449
71.28812
36.09285
41.419445
37.69276
99.36481
23.799994
23.706707
22.816347
22.659746
44.25969
19.053944
46.987514
14.761349
54.335995
13.815154
54.142216
76.869774
98.07415
64.83209
35.16774
11.821581
33.11238
77.63755
74.32398
30.025702
26.539804
33.387463
40.485615
37.46346
28.128328
21.337288
82.64425
28.732004
51.441837
18.779272
55.254448
45.583965
31.236998
68.43613
58.736156
90.07543
25.700144
54.78103
13.490557
35.062035
60.550095
61.986694
21.071074
44.50633
32.918015
35.725758
87.159424
67.337395
34.492863
33.71417
15.7289
39.99705
33.678
31.189367
54.65445
37.41789
36.776756
56.12734
109.64156
87.28553
62.762714
58.17557
56.74996
57.1024
83.750336
104.84133
100.78447
102.22403
64.48879
74.409485
42.794395
33.01632
43.648354
30.795006
46.463566
33.58746
22.815664
43.601963
76.60284
35.43821
18.46319
16.872726
23.104158
43.51042
66.94358
62.843456
86.50302
57.117294
62.63149
81.881615
67.718895
61.621414
45.325863
53.618828
44.01348
107.56119
28.464397
49.04461
38.022343
61.705307
42.361
42.54511
27.854658
42.95041
39.145187
32.241558
43.39125
25.335588
47.91741
48.466076
83.177765
70.9381
41.09959
37.853165
54.888397
38.119755
68.79552
59.30858
19.58446
37.36464
26.691391
25.912203
59.72501
10.852795
44.577248
23.305
30.347956
19.225533
51.069595
97.97459
31.263866
46.244736
35.38232
40.834038
85.90987
38.301014
15.10727
46.765026
30.839855
57.206875
11.839001
3.884845
76.30864
58.1152
18.93959
42.208706
42.836166
19.88235
42.642174
34.890026
36.290703
74.04418
39.590416
83.6424
41.59871
73.565216
30.042631
51.09232
20.710308
23.195929
82.306465
30.017794
33.681778
26.220135
27.240883
49.330544
39.533363
59.33881
69.79622
57.240753
108.64156
64.03633
66.49111
63.50794
45.61393
58.181446
107.89473
47.295677
67.55513
59.58716
66.79783
75.37063
51.977665
40.142494
37.81583
55.50416
29.54022
19.490776
27.009516
57.735912
34.95454
22.527405
46.624283
65.028244
14.89436
33.136105
66.73944
37.521698
51.07317
38.262165
33.06378
36.169247
28.698732
35.72629
61.662716
27.991507
41.000546
40.70333
53.697906
35.85456
39.875538
27.371078
18.887785
36.93806
25.954258
18.879877
34.98131
28.701157
47.7505
42.99688
54.436733
38.10379
38.259594
34.00031
53.91868
18.065393
7.8688
36.57287
29.64079
25.978682
55.760555
22.384829
18.383598
23.549875
31.33804
48.308
44.83696
59.133564
47.04379
30.366127
5.046805
28.317278
43.14722
41.751427
59.1516
29.824865
35.523666
26.610546
48.57378
58.840343
32.797775
39.71029
52.16522
30.834717
39.90609
25.836084
14.62801
27.396912
21.076561
39.27128
33.56534
72.30099
53.250263
58.551712
45.88766
71.83224
31.433638
18.860064
28.2542
31.150566
15.105949
20.512035
18.070639
85.296036
33.325665
21.166174
52.07598
53.534214
49.16157
49.2623
48.82853
16.313372
36.63942
63.595917
15.881988
71.54687
50.63283
21.325794
10.885846
25.463352
36.605534
32.465614
45.21941
35.039017
70.562546
63.415283
36.41229
27.013655
24.767952
38.17944
46.615047
19.459116
31.296698
39.47112
26.549664
50.69215
65.94958
62.465042
46.44748
46.379498
82.165436
90.65011
82.161514
31.590559
44.15986
43.11406
24.436333
43.523647
29.197796
64.297745
40.33646
40.004715
56.647964
46.719414
23.850876
58.920223
19.839075
45.357655
32.93364
22.740175
16.503284
30.524721
32.829838
18.683905
47.0221
29.627504
39.43985
73.74736
39.62897
32.673363
44.93052
84.22024
20.837969
13.104426
30.129799
28.652687
18.416946
16.51334
59.908703
29.042841
18.192734
53.97417
40.586216
51.679474
29.218426
20.690397
52.97304
40.321495
35.063393
60.56207
31.647192
26.44827
16.179462
10.663992
16.737818
30.713535
18.224482
58.146446
50.06768
62.164085
78.91231
36.936928
41.60472
47.83247
23.149158
27.893661
47.22034
35.817116
64.097916
29.460594
9.456478
30.155394
10.617321
23.97699
25.095806
30.62354
20.73448
22.559002
54.605328
19.91261
31.797287
24.629366
18.533375
27.622734
30.81311
35.850258
28.65833
37.429176
46.24297
12.442662
22.92804
23.290472
58.98001
36.379574
43.705727
56.286304
55.9011
89.54861
69.77089
27.401829
82.92005
59.07001
53.141064
32.028385
65.655075
48.144554
60.348045
79.32639
91.489655
41.13958
35.56532
36.569714
35.429405
78.27168
75.95555
70.36514
22.984486
12.258385
31.584011
26.191505
90.02728
129.03558
94.44611
19.095566
49.976494
18.000177
22.786612
76.28416
56.353416
49.749577
66.6781
27.834217
38.930725
78.08426
59.32247
46.7132
72.5227
45.548813
80.83357
140.38068
116.53349
98.452614
77.54827
73.182335
20.105494
70.14032
39.76978
83.25457
42.099926
15.5536375
45.763283
32.997223
10.335659
20.16461
18.89971
38.958366
61.720337
22.168432
39.86519
77.682205
32.684704
54.80422
45.876087
27.812073
22.806374
43.67965
47.271656
44.96368
30.614092
53.86419
103.15998
23.71438
29.239101
15.161866
63.799156
37.204105
35.738934
25.27914
54.0986
18.65673
34.214455
57.330376
46.582962
61.605255
81.14804
78.16331
40.34604
55.308434
35.467724
40.90662
40.677223
60.22086
93.88674
45.68522
48.328476
72.32726
13.300663
46.09001
56.59058
27.504282
25.323444
16.660381
46.950787
38.888012
28.826416
27.631746
48.319912
37.780396
16.319717
44.37751
54.918045
53.450054
43.052402
48.56569
34.619217
23.707981
40.693634
40.074184
27.646338
35.78129
22.993076
43.634476
39.12363
28.637554
16.771814
20.587452
94.090294
34.85467
39.509464
43.44375
17.380264
60.206158
38.835007
55.330814
97.05643
60.63188
25.668886
50.43528
68.903854
56.09291
13.401148
39.620636
39.39772
21.938425
106.492874
35.296097
60.85144
4.4485984
43.727135
15.754956
32.686306
4.2017674
40.49497
27.882732
26.298456
20.524303
57.22602
69.14996
32.87682
29.39761
11.490537
24.992653
13.607949
28.432978
33.17221
52.055058
41.137783
19.483715
26.244936
33.535633
36.501328
19.981182
44.853355
54.73036
44.747158
38.592785
22.520779
32.389305
30.424128
54.44591
63.605106
70.312675
47.663803
50.435596
42.523476
101.48674
88.09659
52.628963
14.987879
61.328857
21.042133
37.67451
39.381615
35.04873
41.57821
43.20747
40.017605
100.164276
39.42409
48.826904
100.92742
71.914375
130.63686
65.530365
58.657665
58.23146
49.145805
57.23145
77.18801
61.670326
60.420425
39.64602
90.777245
65.685295
56.763832
96.81622
89.58901
51.909237
65.35183
51.747314
27.416418
48.981915
60.232246
43.53264
46.338314
37.93378
40.65553
17.22006
39.204796
43.432716
34.41329
41.670918
25.316082
20.641035
30.255999
29.032034
23.519072
29.74621
44.83588
61.10161
53.109154
64.07206
37.98084
33.427067
24.85938
38.89855
21.261318
45.93415
22.212566
31.353369
33.327103
37.21819
46.748955
41.40182
14.708327
66.78868
17.334223
21.485907
16.444986
29.402685
11.785731
26.49678
46.389305
30.271276
47.185562
24.256254
37.98728
21.885683
43.0414
41.092884
26.125776
21.569832
29.032818
35.495365
8.903745
25.633928
48.173637
24.2961
25.308887
47.97322
32.132763
55.60123
35.22595
47.02654
7.0659065
26.967041
33.140858
134.71506
18.860638
12.923518
53.840225
25.624958
21.526525
18.858429
62.31146
103.00127
93.390175
73.35661
80.659454
176.08026
73.089226
59.093384
21.632893
54.177334
48.658607
57.561592
6.5804996
67.53647
45.95456
40.07386
49.577343
25.278868
47.52686
34.639503
18.937632
59.761444
12.822134
47.86239
50.71817
41.559586
107.28952
34.091442
55.429577
48.319168
24.814857
36.037766
10.214357
57.65934
18.505007
30.487644
31.06379
22.293306
18.749086
16.055662
69.82778
32.431744
53.89652
27.570356
32.296432
30.304184
35.115067
44.143818
16.915974
29.488535
21.969135
38.989456
19.486877
21.653389
24.092346
29.135971
34.77835
25.614538
31.374458
62.25691
52.207096
42.924904
18.655432
24.460155
45.67935
40.28153
40.050934
34.61913
20.742178
70.309654
83.848946
36.785244
42.842617
37.127453
16.97681
37.79571
44.864243
45.72222
116.453415
79.1893
19.66249
84.278465
57.330135
44.820057
45.3901
25.576084
58.021286
27.293991
46.96701
27.403364
32.403168
48.808914
54.809437
84.395615
30.763103
39.568043
35.963047
27.81031
27.231375
48.64992
31.766321
43.399612
56.52143
42.490334
35.1289
45.29679
35.664696
31.751543
24.414871
12.552171
35.77565
38.350132
77.75405
78.81902
61.847393
79.45808
88.379715
17.738066
27.96896
55.988213
56.59293
72.83942
57.224068
49.000046
52.753586
14.771908
71.44537
40.259277
67.705765
38.509487
45.81243
27.140242
31.170303
45.31785
59.656628
52.024426
51.835384
56.32111
17.729383
69.75821
19.99123
44.140892
10.921307
29.892326
62.97034
31.245058
50.413326
47.590855
50.51555
24.215473
78.43843
49.9007
37.1418
54.6905
48.46111
52.778934
123.529724
31.168892
47.927696
27.295826
23.993591
52.7851
55.15956
36.630894
39.245686
25.52691
39.920864
15.3400955
54.703506
47.47752
37.389908
54.103226
19.47357
44.050503
72.24985
101.80246
51.633266
70.91032
30.038984
36.296898
14.627939
21.6258
7.531403
14.239303
28.536524
22.783508
64.703735
26.859365
64.186615
33.534317
24.534182
34.119442
58.744373
35.240284
63.623337
14.014322
37.939476
32.810814
18.959923
38.73226
16.805885
29.048655
22.283274
9.863492
30.117687
24.643076
44.798935
31.547947
37.009804
16.758343
31.572355
50.98535
19.357096
30.885015
37.04976
24.600489
35.32238
12.861224
30.548302
19.218456
21.550478
24.754013
87.055626
41.392056
52.311577
29.64667
45.63812
24.199451
19.56586
10.871713
15.225581
34.36297
30.703032
20.415607
22.94042
38.755997
19.696198
29.355684
56.939953
4.6748705
33.92135
81.87525
48.67618
42.263268
18.88374
15.1648
17.019587
16.67997
26.258778
41.902428
18.714296
27.092186
23.16709
13.875801
20.44043
25.149813
30.86043
17.578453
20.461458
85.633194
35.800137
34.41914
27.709003
43.879208
34.178307
28.537502
74.44246
33.589363
12.823444
21.380909
56.69971
23.508291
21.358015
16.929825
26.265686
42.25234
23.050283
32.42852
22.554022
23.710596
38.122643
60.20693
18.553967
7.674534
18.605389
26.987072
103.93169
35.999928
62.10226
14.567486
12.830358
34.063778
74.847145
63.958675
43.766808
14.156879
37.708595
21.315222
40.58385
22.058575
43.255375
15.168405
10.7102
1.5441787
29.84401
27.180876
23.561779
35.501286
34.18667
59.297684
14.605522
92.99655
38.02967
32.78651
47.747787
75.104095
66.149864
41.908268
12.202337
32.92324
34.0965
43.559982
18.796148
14.550516
42.50519
13.833823
26.850323
29.980951
22.728333
30.749147
22.267916
32.896828
33.85534
14.344288
20.648823
32.809723
36.952225
33.74225
40.222862
57.74867
26.744123
59.452965
70.518005
49.108932
13.454214
46.855457
41.342354
21.26571
93.27396
89.51954
19.038782
71.5753
62.29306
37.435577
18.449043
19.616625
66.44183
57.681137
52.666992
15.321177
21.810171
11.844927
23.37321
85.68619
34.60823
17.756075
28.808062
83.190704
10.770098
52.642136
71.82171
65.30727
68.35558
70.46917
69.36835
81.374596
93.60794
78.55647
108.21122
98.14576
136.76537
127.924164
16.734608
42.84199
26.442192
18.697348
20.829374
30.313496
59.34473
54.09263
18.924458
15.655499
14.760577
23.302834
32.587418
22.614687
22.226067
16.164427
30.531448
32.832306
62.099327
50.343597
36.0677
71.02118
52.449852
22.325085
24.953135
30.471333
87.29031
28.642963
62.382572
44.093685
25.614857
29.12345
54.783398
39.999912
62.661133
29.641912
20.863838
33.09496
38.721035
43.223576
26.524223
35.220707
36.143215
74.27154
20.181124
2.8858545
42.91212
