420.51547
56.249615
38.02312
60.329212
19.55128
65.42179
23.852379
75.683846
39.99664
28.502947
34.031036
27.06458
64.32339
23.854246
40.184723
26.40944
26.189375
52.686005
34.67839
143.9145
67.54873
86.98733
45.220318
101.26796
64.04847
41.924545
65.80669
44.686844
58.83525
38.458336
42.724125
48.807213
58.089455
73.32803
35.93325
18.537271
49.24998
43.3271
36.053856
43.535854
46.552994
97.62258
48.536686
51.936172
51.054066
34.407887
23.779696
36.231102
38.452995
39.809624
28.931402
38.805145
25.306063
24.068874
53.758778
18.361038
47.733173
87.67126
60.424232
38.34522
60.036064
101.116455
75.93594
51.61004
49.084095
44.11633
63.144894
57.772003
50.248486
120.19815
29.951319
15.007567
24.713717
43.363438
36.907833
30.34094
17.523783
25.159382
66.48136
20.858374
32.754406
25.264868
25.023064
57.07847
25.182846
53.628975
31.943369
18.839905
22.488474
42.79784
17.142218
21.3155
26.220068
24.37471
22.378206
40.512455
66.7231
54.501175
31.014414
29.577892
39.053978
36.772396
65.27978
34.650757
28.626205
20.459461
24.65873
29.587893
31.83961
41.23465
26.839931
76.359856
18.611553
18.333359
24.781265
16.659435
22.862722
56.572987
109.788284
36.64895
58.278553
75.31441
57.72601
15.278111
39.04178
57.5911
9.194874
28.902233
37.535065
105.38095
15.82231
17.829613
18.507563
28.960718
36.140293
60.71875
134.26091
37.58833
21.511213
22.116867
27.56684
20.10511
23.179476
32.853485
49.63377
31.993792
32.482224
53.043774
31.313616
2.5364442
24.003357
46.077618
62.10608
72.397064
24.550575
35.127544
24.196104
36.794357
42.523903
71.54699
76.18158
69.84226
10.545646
57.625744
36.669296
60.31955
40.786842
36.25813
39.893593
23.830639
20.345259
76.20513
8.400368
34.613144
38.940945
25.221949
19.649162
29.574183
82.83209
11.635646
20.052088
67.19406
84.94724
50.22581
42.03276
15.296706
37.870625
42.473534
87.53679
70.04378
115.40087
85.46933
46.426945
84.04013
17.957952
5.9741907
39.04923
51.868683
35.56872
28.029427
29.658087
32.5587
36.151886
24.503351
79.74786
48.155087
63.659477
61.967422
67.222946
66.95126
77.08265
52.199917
10.494829
26.624615
52.475952
11.690181
29.149778
92.45365
37.25603
69.45785
77.78107
25.955711
31.23031
37.472157
34.365158
18.916119
26.111162
29.160454
37.892933
43.089317
24.87677
40.19738
72.14885
35.92605
21.527594
43.178715
33.91504
35.085175
12.322575
49.80715
34.47683
10.642921
67.95095
23.59136
14.009958
17.42091
60.86234
53.566456
68.52952
54.65768
55.74041
46.734146
61.46449
14.70318
22.152039
54.000458
37.028313
16.214058
79.60665
76.33087
64.57993
65.90057
95.35791
50.41741
64.53239
45.93497
49.868954
16.921917
30.04652
26.863535
45.917336
8.7259445
70.18139
55.754498
79.09521
26.292774
39.165718
32.451645
28.59809
43.88532
31.027563
29.852058
29.88957
20.409893
67.891136
74.16858
47.559765
29.693735
69.918274
37.822773
34.22104
12.833258
61.003872
67.243904
52.965443
79.04219
75.41524
121.09854
108.66362
78.62308
88.8691
29.481602
36.611805
18.300507
15.607694
29.81968
73.68397
54.583267
69.52626
32.361748
34.63094
12.506656
35.074127
33.27621
31.351984
34.292206
10.368786
42.00352
28.327509
55.271557
48.190475
25.505947
66.466835
31.445402
30.300037
36.24269
10.85848
28.968634
66.85562
52.972485
128.25479
80.049644
33.217426
79.42973
82.92564
42.405075
23.15171
41.93643
41.507946
36.027134
16.332037
36.18561
21.673874
17.790163
38.00652
36.689857
50.295483
30.5612
23.740723
23.548515
35.213764
20.05883
33.179104
54.001865
61.003242
12.718792
42.089912
31.172407
40.676754
19.56745
17.113941
47.417023
17.517315
22.135082
32.86483
22.678335
36.880405
9.075582
37.410145
38.67153
17.72355
36.636574
49.40268
22.60471
46.84939
19.437586
13.904978
45.98012
31.808176
42.911915
56.06886
48.763973
43.63142
39.025356
54.276764
64.30239
28.028826
43.43009
57.452988
11.258991
19.309284
33.801834
53.16131
47.791004
51.040943
60.709312
44.487717
64.52322
60.759624
52.0754
49.308853
33.077988
35.084225
58.262886
36.180286
58.98237
40.77435
21.307232
36.72789
32.370907
17.220646
37.145145
16.254866
15.059956
27.356209
27.907415
43.832184
24.585295
35.751694
45.111748
29.091042
24.723213
25.799664
21.420864
11.088789
35.133965
32.726086
34.580757
30.513361
33.02106
35.558193
65.02595
37.991917
16.865679
35.26754
34.76804
21.167595
25.87584
38.316708
20.567202
57.29684
48.517895
48.168755
58.026802
12.797031
86.83915
80.30472
59.180904
84.306786
48.572403
65.736565
46.86351
59.537045
25.422615
41.846962
34.25809
27.729065
71.08599
20.092867
26.508608
29.076113
25.01952
18.873175
40.13663
13.99666
63.766613
38.713898
53.724777
64.78615
32.26471
18.159712
19.924664
33.877533
9.063211
18.734753
46.084885
16.283873
21.146091
35.180756
24.774683
24.019394
34.798492
21.598383
23.960217
30.424448
20.644445
38.841557
52.158604
6.535753
49.927357
56.94672
37.793346
22.213657
30.20763
58.405712
68.45127
37.45332
32.254597
28.193361
33.044895
26.801342
13.041077
27.623991
12.342676
40.22174
24.199068
90.570175
22.814795
17.533552
24.473652
27.302418
33.395885
32.85815
16.164183
60.128437
36.030495
69.505585
53.26998
80.228264
49.470093
43.86532
62.98636
40.415375
19.1371
54.763058
63.140053
37.54045
36.832752
37.407784
53.486603
45.294956
29.8051
85.22611
43.07012
52.714718
76.04343
72.36818
39.602818
41.164776
79.46545
82.705055
20.432598
36.36259
37.105724
69.13636
18.879267
6.5435295
29.483864
47.358955
26.319002
46.954803
42.629406
41.56937
20.283907
58.01974
48.280903
74.1678
70.52681
49.964264
67.26049
106.11223
53.113373
27.264683
30.275784
25.734865
21.870312
34.744984
36.274254
20.152353
34.387886
53.468822
54.96638
41.96756
86.663055
14.289458
19.893234
31.082405
43.67969
18.958267
55.370106
17.914593
20.181364
43.73384
44.91719
39.99749
16.865759
33.09386
73.29706
35.622852
21.316845
32.065166
31.38657
23.09809
18.049656
42.296463
17.37613
48.241756
48.593784
20.25468
55.540028
55.62041
14.104778
35.269196
35.09871
32.272003
60.88687
58.54789
64.25159
54.1969
42.035908
27.59815
13.852679
49.860462
26.13835
37.774822
22.3797
23.446821
17.593431
35.666035
33.99829
31.751972
62.93422
21.920149
41.460903
29.839235
39.396133
64.590805
57.133526
12.591283
36.407364
13.606396
45.281494
19.633211
24.46465
29.935064
34.28902
20.392126
22.484922
29.192438
25.103094
37.555237
20.619724
18.057251
25.604336
21.122768
22.230415
52.046124
35.15991
27.698868
17.29284
19.913923
40.46124
30.620977
8.086113
20.327093
70.77273
13.746008
41.1863
7.408697
27.761816
44.976364
28.485456
59.81144
32.659107
69.44234
9.376918
69.02069
85.32881
16.398846
41.581974
48.21434
43.744625
110.42435
29.180674
27.99283
34.447308
19.581985
52.766582
33.912758
38.92786
32.66018
40.159874
107.34738
33.33821
57.7983
38.517704
77.34408
16.714666
34.464336
41.57926
22.208603
15.535705
17.04702
20.44443
28.880999
16.384882
51.97302
18.886133
42.865074
26.977802
19.747192
72.69429
90.85159
116.85678
24.062756
35.908737
23.345497
7.8165154
25.960257
63.260544
30.296001
22.149338
46.681084
69.896324
35.771935
42.986343
24.52776
32.592575
48.67982
24.871155
37.414124
45.185707
17.594044
32.67719
24.647842
51.513546
25.4885
28.179272
5.795436
44.528866
16.115198
25.223299
52.821426
62.4338
74.34131
44.93902
41.130585
4.786173
28.100025
33.34658
25.303988
33.17533
37.80541
21.342247
42.763916
38.407875
10.657001
35.060627
65.47899
65.90748
115.09146
21.081343
35.58502
20.324583
75.12422
45.307274
31.033087
41.243397
41.800243
92.99214
46.36278
80.09603
68.39817
69.5439
45.758526
50.09054
85.7355
19.787926
24.27157
73.123146
77.73227
43.973656
68.927864
29.611658
49.862823
53.256546
13.796842
30.012157
35.7467
77.03021
43.75309
42.387115
48.687485
53.460617
46.018967
58.78847
45.819305
60.145905
61.122757
68.70245
56.56248
59.898026
78.03128
48.22785
14.766892
60.235695
19.62911
48.940598
18.826479
66.99208
34.898594
73.968155
38.124973
56.05547
34.612816
15.973688
40.223785
59.755184
69.62164
42.38301
10.005086
64.499886
20.110733
46.7477
25.94915
30.616335
30.70099
77.53774
78.551
19.13726
66.53265
53.65281
49.830673
58.95047
47.5429
68.15789
62.45308
76.31662
44.237015
34.61304
31.799715
23.663635
29.215782
29.385725
17.081053
34.8441
15.896187
67.50389
78.150795
41.75773
72.7166
92.04266
87.01496
14.050311
40.284786
15.182795
35.313026
18.187384
42.948273
17.26008
31.809755
51.01418
66.52962
56.291798
31.41758
35.859337
27.967806
63.65249
34.751305
29.212736
24.654577
22.512217
29.376585
31.079596
30.16593
52.439484
42.76838
50.02968
71.8263
39.36612
85.991554
32.680122
62.409706
83.44795
45.773
22.572632
64.49501
32.184048
27.039656
34.81955
34.70911
30.853558
15.960902
56.49998
73.55993
6.4557285
21.0202
30.535208
22.701122
58.370216
49.562134
55.06027
22.95525
90.28429
26.682688
30.909653
61.075394
45.97906
16.813414
23.092047
25.872492
38.765137
38.78697
33.698917
47.65442
25.2078
31.746922
53.477802
33.07235
42.12863
19.31705
24.834158
43.71865
40.153393
43.179165
32.304756
38.846878
44.336525
77.01372
18.594604
41.112514
38.857567
51.80254
9.651785
24.669321
19.900349
52.22523
26.476648
18.038921
66.386696
28.029655
52.911488
13.309911
66.09964
64.22359
46.964703
55.954395
50.687546
55.64064
64.381714
57.74641
33.381332
39.61061
66.39142
45.16813
18.476078
30.773745
28.210155
57.568573
37.311417
11.71191
82.69192
42.271782
41.354706
74.606125
30.827238
29.109526
28.813505
31.125105
37.43458
44.440605
43.84966
44.248512
25.501955
88.94796
104.92187
70.93756
51.790226
36.234528
31.680857
71.7361
30.340477
29.76955
34.838078
39.764713
35.744884
50.53165
34.33282
37.20149
69.69571
48.766426
37.53998
70.684944
89.32512
53.0089
48.856293
100.76858
39.22493
25.836592
41.16267
33.181557
24.934475
18.098894
30.0851
64.16664
23.0856
26.658484
73.65254
58.91948
42.311905
53.485527
52.25365
53.952885
105.17662
59.35286
51.05027
47.8527
80.36116
44.304684
79.28921
45.50478
18.765589
38.895103
56.905113
78.32438
26.209631
37.63164
59.29245
31.8129
70.213104
61.427387
98.19624
27.377365
67.922165
40.594673
30.895807
60.00647
22.515362
27.329702
24.8421
22.976238
47.456665
77.65383
30.284206
45.27849
31.967415
45.80613
34.480732
30.076113
27.460077
91.65567
20.104973
38.841995
38.12741
39.5354
64.06901
34.1325
40.928802
20.558174
32.751556
76.68581
49.710518
63.181152
51.96138
70.14839
84.00634
70.571495
65.64708
91.64467
60.531193
71.486015
89.21313
21.693487
10.519323
25.662075
34.056866
45.200405
22.895332
38.195297
22.15807
34.9079
67.879845
63.686058
22.629976
20.903152
37.590363
47.967754
55.955948
16.436949
30.29945
29.257383
64.759254
104.15654
42.088272
18.598085
40.35051
39.824615
43.21089
71.388145
39.8871
56.08496
74.57674
72.17039
57.096752
75.63906
79.19667
59.099434
47.18975
69.7507
72.91672
73.71461
61.793716
56.860462
39.36267
46.56384
80.95753
76.925804
60.1566
57.328392
49.03467
79.532646
61.290997
49.168385
49.16406
24.862286
23.500183
55.919083
24.712109
53.960884
22.804401
22.548805
44.11821
21.95489
73.15915
42.62809
24.794703
48.4412
26.628895
33.633915
46.929535
54.584373
52.566525
15.992675
14.655705
24.917671
55.18285
60.010277
69.87997
90.65858
81.85272
97.01842
81.124504
125.44263
58.231464
56.333755
17.499346
11.214547
25.408325
12.432042
37.94194
64.683044
89.30821
64.09686
75.277596
39.935196
61.617554
88.63244
26.012184
42.504707
42.294014
27.44978
33.737293
49.124268
30.015131
39.311073
90.29091
58.885258
48.84588
86.140495
82.21314
46.484215
86.40235
82.029884
68.301414
45.701115
52.337894
85.38612
28.034365
32.11726
18.823362
34.164623
39.941402
26.376148
26.309471
23.46911
57.482716
45.02791
27.687563
42.057495
31.955593
25.572155
65.30642
61.60828
82.40036
96.500984
55.686752
79.131775
44.0522
57.592857
49.78481
46.86501
59.76308
34.845848
76.23008
99.88665
82.499306
62.973774
64.08152
72.02578
28.68683
23.88216
36.1295
18.641222
42.730766
20.980679
55.928
46.892105
62.619675
48.28929
26.72746
47.49489
70.53157
7.9102025
47.56575
34.349224
31.152222
18.620249
52.831676
75.70138
39.380917
50.760777
58.520767
44.157402
51.07537
24.436468
32.812508
42.354443
16.847576
20.31168
27.490261
19.507349
16.863806
117.88041
111.105736
32.721756
13.115011
62.10596
77.83095
42.937675
39.74974
34.59833
32.74503
53.699493
97.387634
64.32016
44.373886
34.93046
20.98556
44.48001
39.770634
76.03087
9.157666
33.80316
21.925695
37.34753
20.162762
11.725208
14.384525
34.83242
46.773476
38.45075
39.76479
42.763985
25.129433
31.469305
20.002728
21.09563
33.97042
32.931515
56.771095
25.946821
34.32147
18.914274
33.718246
33.047935
68.05176
69.9377
142.93144
56.640873
21.761276
42.27541
4.671669
80.4147
16.168175
37.80134
22.914095
83.860245
60.716618
18.14988
45.880234
44.79715
48.982616
29.011702
50.91286
89.30613
47.654385
52.867416
45.695633
15.353567
28.598633
38.430737
79.049095
45.048946
45.50834
38.828323
43.73146
43.40501
37.956715
39.897587
84.98605
65.31206
63.79292
69.20282
149.8717
44.25199
69.26
17.982698
55.95995
28.359173
32.304832
46.88881
26.97917
84.9929
108.38042
25.098623
25.046616
20.565073
33.42227
33.12562
28.978256
37.115433
50.3265
35.066452
17.214233
25.164104
30.05633
43.452885
15.591152
25.707941
41.77607
26.622753
35.239246
36.534775
41.299652
28.86111
7.39648
20.316288
38.992317
23.865894
17.432213
30.961645
47.87123
34.515232
47.025005
19.940397
63.400257
28.105057
32.3625
27.405022
25.965181
15.872132
35.534176
38.211002
44.091606
28.43739
20.720331
25.572495
15.191202
35.9568
12.110312
66.88636
93.73849
77.04395
82.89101
56.95926
52.1642
44.04895
53.77441
44.473824
35.796295
40.116833
61.842896
60.2484
67.53835
31.957355
13.621866
24.307058
26.68151
50.864292
48.79402
43.129116
25.535044
32.74623
23.801077
33.337418
21.029282
25.964554
62.379272
72.81665
53.67533
54.449432
80.79208
52.248287
94.713974
81.87702
71.247086
33.85407
36.211494
48.918137
30.090166
31.86052
28.696714
18.06392
27.010357
40.714905
24.000761
26.918058
23.942347
23.34933
47.966515
30.084888
56.996227
62.519737
31.466187
40.249893
40.320507
28.176764
30.743286
30.483624
33.326733
50.02014
51.513424
27.383217
18.493004
19.380995
86.53377
60.09709
51.633297
50.65084
56.925713
62.99828
87.428665
29.798063
81.25638
61.038887
19.42536
43.566483
41.291885
31.343227
34.248253
100.38031
20.207806
31.382193
15.3172245
23.466246
22.225998
61.63034
39.031513
69.15024
79.83849
40.756325
25.583511
28.3399
64.544426
36.70381
23.199923
33.936817
66.451775
36.437828
50.68968
113.75131
73.308205
22.573067
55.85807
55.283012
24.174955
27.072803
34.442497
39.749336
36.61
44.56124
8.058889
113.19773
22.765203
41.450596
54.481766
38.813446
10.694165
62.396618
47.32673
62.959816
45.75207
34.73056
28.917496
27.8268
45.100464
67.21598
47.177948
14.467259
36.601177
13.048748
52.609962
44.485306
32.99699
46.500385
34.753094
27.307226
45.81098
57.416645
35.316254
45.346504
44.3736
28.985264
16.616238
22.933296
49.42688
48.071487
70.98254
84.79081
26.885351
9.216235
29.280735
95.62489
14.039667
29.7863
26.078728
42.349064
43.380806
48.337875
4.577063
18.661537
24.566444
44.099922
34.287865
72.64614
52.979477
44.047253
43.72524
46.885902
116.90346
52.714954
89.83847
116.98072
133.73488
26.149391
54.793045
22.190668
28.553185
13.812121
32.484524
41.387432
31.70768
64.258575
38.36642
52.691162
55.64935
22.072124
42.097607
46.27986
29.806534
37.37022
41.19741
41.85245
36.790676
33.323997
34.782223
14.937919
29.584517
30.753494
64.975075
65.930214
37.446102
49.1265
48.744316
39.150307
21.798899
38.162415
45.99913
21.281155
33.156506
34.28844
29.186384
23.827156
23.791384
23.319595
48.610474
14.033582
27.751028
45.487705
71.57634
51.246212
66.9584
70.200714
67.71136
43.476353
35.62082
47.861664
64.5182
46.07947
38.701912
54.03427
55.506718
39.489254
31.601229
26.815222
26.034622
9.301304
17.35286
38.652428
106.70395
83.13579
68.72189
62.971447
71.08627
46.999805
43.164555
31.208086
72.10508
111.567894
80.17327
112.2708
69.11441
23.140728
21.59388
27.79634
84.08591
19.838882
34.070686
24.368155
31.919317
13.788122
17.994204
82.74978
11.073338
36.18549
36.19122
20.22769
83.77835
28.468184
33.31095
12.598219
31.623608
69.039406
23.88966
55.782238
78.38458
19.290209
22.53375
96.56456
20.988684
52.93822
7.557878
27.548811
63.13883
78.07213
50.527565
50.74616
70.67825
26.51032
31.802649
50.19027
39.589954
29.984621
28.784447
39.68302
48.43801
24.324884
26.519426
17.917292
73.80694
59.666607
25.358902
33.30835
40.275173
13.564602
24.090055
47.443985
46.363827
16.037199
36.194565
26.27793
48.52372
39.099716
106.00213
38.210007
15.500294
25.518887
40.30868
90.86794
61.007523
50.62233
32.88201
41.154366
37.70279
81.75488
96.31769
72.967
38.181442
64.42581
64.92411
105.03858
47.80216
72.34494
55.72754
58.18436
96.55375
82.02431
76.562126
64.33462
43.721035
27.61575
28.45022
49.607323
70.75156
33.58823
42.090714
49.77917
22.300482
63.966408
29.734104
82.37143
27.830084
42.814423
48.615093
18.586105
23.413418
31.785095
97.51016
47.216854
36.892105
52.972164
22.742922
31.961786
52.482403
55.310123
39.39634
17.68235
27.879934
19.040659
18.564264
37.558144
33.601185
55.463734
66.88144
6.6802106
38.485855
44.368233
17.74133
22.630047
31.710386
22.112663
34.129242
25.81062
57.816772
29.220953
31.41326
27.846556
72.59035
60.688583
79.083755
49.583096
57.10942
19.60077
30.77123
37.453453
24.21567
22.313492
45.72609
33.33249
29.965374
64.13457
50.06573
39.405613
27.97991
27.152197
87.52486
30.379156
23.29441
27.740599
12.180201
19.57796
47.51448
38.04395
53.0987
50.928307
72.89737
57.306274
51.311337
86.53084
50.713276
48.78414
21.84136
55.13888
11.990564
65.67501
40.618763
36.16642
48.503902
53.324963
56.049644
25.39284
80.61219
23.779062
32.099693
46.708473
29.0134
42.13307
30.107203
41.912144
20.947285
26.523155
25.572681
34.573147
27.713797
22.954636
30.431944
36.285313
41.10874
26.076406
20.095997
36.579693
52.197975
34.895252
24.879723
48.625507
46.80811
41.07479
64.24734
25.910234
60.152584
32.194992
65.260056
45.106987
41.22733
50.64469
57.881294
19.157553
40.64357
54.56022
115.34742
65.39446
92.448555
85.84045
27.84027
82.792366
38.34448
12.564221
35.188496
23.097979
98.120316
21.509382
29.05965
29.16792
30.779524
32.911613
37.942432
16.244972
74.40898
66.88876
78.888466
68.294876
16.997076
22.383978
55.432304
39.781174
41.371983
22.446894
37.68956
33.86655
29.077803
37.9466
25.60593
51.767838
25.2078
46.694157
40.053036
35.727318
49.793297
48.166344
61.654755
78.34218
57.553932
11.782267
36.73491
44.702694
57.867973
29.33531
11.825113
27.858679
24.77933
28.3372
64.59699
50.284805
18.008808
18.531479
35.635674
54.027348
45.018753
42.400597
26.036411
25.712812
24.24699
59.254837
39.91011
29.003101
45.689262
33.95208
38.1184
75.83945
47.35735
19.637157
55.37617
75.996025
66.36411
64.89336
50.437843
63.72369
45.93749
25.064123
78.5859
55.040226
82.64226
11.682656
26.08562
24.153542
13.9936695
27.791348
31.814568
20.694328
26.580029
18.235529
30.474188
18.39304
14.791477
23.919971
19.0074
33.89385
30.10702
16.258581
49.405025
30.238592
8.309641
5.58602
27.95263
47.54614
27.338972
13.227721
43.47313
17.038322
21.012775
66.222786
22.915936
27.30595
27.842346
25.444857
24.613998
25.866566
24.411797
39.261097
12.203321
27.949566
23.197067
30.957224
42.4871
36.236794
35.98596
33.921974
35.79523
27.915543
34.613243
30.321177
63.041946
61.4756
21.191677
51.4995
39.33542
27.436892
11.168438
33.258774
20.169506
40.01999
40.51351
22.26484
34.854862
34.149933
12.0547085
45.400562
33.168602
12.530033
79.507225
37.24394
2.9893298
101.099754
14.546477
21.370241
24.134998
50.198624
54.061283
73.42085
45.505787
42.84189
44.2307
76.942184
32.02025
50.239643
38.67346
41.80575
42.346867
77.017746
112.59475
32.47551
30.851557
74.0006
126.911026
47.16685
43.581375
69.71275
69.233185
53.422104
45.579056
26.548986
50.31118
20.609106
33.00078
41.292084
31.536226
15.8779335
74.370544
82.32611
9.400449
22.605793
47.27399
24.600191
49.973614
55.561386
41.084496
76.658325
45.0658
20.98452
46.11104
23.119383
45.461063
26.313461
44.767384
44.739594
41.53706
41.045677
54.9172
47.71138
94.88261
67.21241
108.602295
60.32344
59.768776
28.603209
29.969954
13.060555
21.9733
18.863396
35.840935
23.484047
42.844284
85.99171
108.43681
40.0561
60.936
31.190466
32.164646
68.92268
69.57439
15.212566
49.462982
31.800953
25.887745
26.606752
29.975496
51.889313
43.463146
29.120754
33.24547
31.120289
7.0589166
31.580416
26.087847
65.30786
47.470383
23.466248
44.48604
58.535145
27.223555
63.443554
55.54721
65.62612
98.71969
19.213825
35.925655
25.645607
21.047085
44.68825
38.156956
20.632393
47.6834
25.707827
64.07695
55.51789
66.996765
67.57376
24.784754
38.384895
46.961327
38.369076
59.73894
54.053715
68.185295
62.85812
45.50861
21.375107
15.566117
45.984676
40.36944
28.871065
29.364784
17.376
25.821932
29.575068
38.00099
44.962982
13.987227
8.08063
31.007927
31.709112
27.805698
66.91018
47.671432
29.985683
23.039497
72.01704
29.511042
20.39077
53.702072
23.074461
28.613714
44.681652
23.713842
13.011488
39.667538
31.731823
21.757278
43.284912
47.40981
24.88397
28.06437
68.36412
43.250664
20.560032
82.66883
26.838585
26.082508
101.33116
40.5737
31.721352
22.081161
49.172085
39.31515
35.35638
45.103992
24.463957
34.929394
36.538563
22.258198
50.249866
37.32874
34.86068
25.358582
24.844933
65.63058
30.954905
33.532993
20.707922
25.158855
26.693605
62.401634
16.786983
21.717093
33.41838
22.940178
42.146408
39.862362
25.171724
51.078247
54.93181
24.647913
45.203438
33.167442
59.850285
65.310104
32.129383
23.979141
48.827286
15.072661
40.646053
55.67916
29.634262
109.17499
36.13817
29.208513
37.380238
35.652416
27.535837
39.647545
32.90997
31.193365
25.50142
57.678036
12.162627
52.16975
37.550903
30.743244
52.426117
34.551163
52.38991
27.386835
21.520727
48.393623
57.346996
51.63075
38.53646
37.895023
34.35688
28.745817
52.931686
46.53925
21.31811
20.090452
29.542776
41.875843
14.051504
34.806564
26.45151
17.288963
20.004179
44.10657
77.63837
19.613232
37.82211
20.828327
24.242842
25.87664
48.226963
58.05088
79.67331
75.677765
68.585144
72.75454
51.329765
28.093636
58.157875
16.199722
92.214005
28.208155
22.230436
26.442543
62.040997
27.501759
55.899467
35.489635
90.12786
26.350178
51.91973
44.854824
35.150867
42.98022
42.43394
61.683117
30.130386
55.632164
60.199528
37.942528
33.081375
44.924976
85.828156
94.70612
62.671803
33.69412
52.25154
89.83669
7.72683
18.46614
46.92594
38.456127
54.34515
66.62184
65.951065
70.76019
54.71273
29.56495
104.404785
115.11593
105.976135
89.35131
19.629812
67.05598
62.70529
66.956184
23.75307
14.9487
33.798317
22.054222
37.259426
45.43942
38.29217
37.825573
26.355877
37.141907
50.4455
14.209559
41.664375
41.678646
28.598076
53.808975
34.192204
59.951584
39.693104
42.13762
31.739275
27.96727
26.993982
48.34346
49.732914
19.104536
17.631935
29.044472
16.720955
39.147774
13.355394
27.228657
28.551826
31.24014
29.475542
34.59258
24.918655
53.109238
29.174698
19.672537
55.49062
50.169464
45.240265
46.924267
18.501137
16.669245
52.694576
34.759476
38.3618
21.306875
38.52559
24.592358
51.596138
44.456776
71.46171
63.739655
86.908844
65.565285
23.308315
25.959688
56.188778
11.819946
28.475283
51.74712
27.710234
34.775455
32.913307
27.543377
30.643888
39.534298
35.411293
46.477467
24.272856
28.362473
26.374258
60.83733
18.790699
26.023499
24.56044
44.53739
75.60268
70.7501
40.76073
7.2475047
19.381565
21.083519
49.54915
35.192425
73.7528
47.426804
66.82874
62.32457
49.8412
36.100483
15.217744
31.734434
31.458551
34.12804
33.7414
17.573366
19.295738
26.125097
31.061382
27.210073
34.044083
8.928753
16.630947
32.05347
25.879549
76.869255
60.144665
68.607544
14.439413
38.767277
58.327892
49.87599
27.256905
71.81043
21.58834
39.65704
66.900856
177.3524
36.436604
40.486015
44.694202
56.554874
30.449194
50.96087
20.13944
31.455025
31.042229
49.97049
18.239735
60.57823
33.68127
34.64709
53.856827
30.498901
99.034904
46.339878
42.838154
31.283276
23.034697
49.7805
27.828857
26.806421
25.733854
31.368793
39.876297
38.478188
37.12274
18.801514
51.75783
34.128628
16.671764
48.562916
28.783401
21.232395
46.05797
25.22568
13.443281
51.14955
24.551786
36.737804
33.84905
50.33445
33.676163
38.709934
33.30017
31.762331
50.17022
37.680286
35.69148
14.754468
37.912918
57.489212
26.846193
20.200766
51.92095
22.886711
41.057564
32.42528
17.880503
16.663803
39.239468
20.89463
22.783964
31.265919
50.981056
54.544098
43.380264
11.037802
43.69792
29.956093
36.186867
32.21857
22.600292
55.039047
36.987537
50.855274
18.196789
55.648224
32.285267
46.300926
52.547874
8.265873
24.906563
31.328308
60.22171
34.20085
32.616352
13.259512
32.464603
35.018948
77.29338
25.417208
81.19621
32.88391
58.23207
26.558239
17.991552
32.773056
41.648453
30.351076
46.160625
20.626934
32.43154
62.025597
76.36373
59.41248
66.7704
63.837715
12.565308
26.557999
36.456573
57.636303
87.728065
50.967064
60.59804
56.440933
44.356876
21.998114
60.799488
29.279007
56.401367
32.21952
40.774918
60.57624
27.756386
21.783358
26.051538
28.022558
14.89808
16.441534
44.039047
45.38102
17.167452
11.8659525
35.758915
39.962933
45.6723
24.320913
64.734856
87.029915
56.031567
57.64242
82.6214
83.29055
95.521935
75.11884
51.21005
53.91423
52.973366
7.678401
17.293999
63.204952
51.123188
37.065582
57.336727
49.05514
44.218456
52.373398
51.079002
55.430946
98.93162
48.358856
61.864735
51.38069
52.72627
48.12407
58.68785
37.04167
39.1301
25.454117
21.605303
58.82751
34.29576
77.52739
36.50027
53.0003
66.86264
64.87281
31.83519
43.109188
61.226616
60.861637
31.429132
31.366186
32.01659
44.050293
27.692541
8.793693
60.51957
58.186142
17.89446
42.782204
25.172905
19.20173
10.895288
15.667318
19.59597
26.672125
33.37395
36.477604
39.410057
29.094963
18.841946
40.24407
50.478622
62.465897
68.68692
50.13208
48.694042
40.32191
38.200912
44.24706
27.668951
30.922846
16.62737
48.03988
26.792273
30.089851
42.615425
79.93659
29.438652
29.535547
27.80755
16.76628
36.865784
44.107994
23.842373
39.170395
40.65635
24.831657
38.254177
54.59478
31.688026
37.041386
27.672573
17.114876
63.9003
87.12627
36.808804
45.5184
25.041664
54.712902
74.85043
80.37472
64.31809
71.13319
58.809704
79.13583
17.208113
45.46395
25.54016
27.188293
52.76085
34.589027
43.7452
59.70675
65.63856
26.11084
52.021465
15.600048
20.940987
55.607933
23.3409
19.199543
36.902756
23.712852
32.137623
8.585814
12.686976
31.156712
49.02113
36.082798
34.14625
75.96511
25.37822
42.714787
52.40566
53.963867
40.148415
69.74786
52.051216
53.871807
91.70819
39.005146
49.120243
61.61939
53.490498
62.862534
34.99606
100.69335
21.865435
73.503654
38.87142
15.923727
27.141172
13.082989
61.529476
41.12599
80.32515
80.38938
24.444159
20.957153
47.144455
19.850069
64.4614
44.724648
78.03013
18.08367
45.57371
33.52143
43.70991
34.000378
9.999856
41.020348
16.592134
37.964867
13.432209
24.92231
62.17742
52.733868
61.45046
17.118309
36.30453
64.19299
72.8322
56.358444
36.636166
23.840605
42.01318
19.98105
36.391678
18.414856
74.9301
75.03063
74.88057
87.521935
60.465626
49.698395
47.58602
77.33769
74.67127
71.54433
115.907585
72.167595
73.992355
47.952206
41.820236
49.169743
30.144585
16.675367
25.685452
62.290787
20.98988
30.318588
40.617332
27.958828
26.360357
33.618908
69.17463
46.561447
6.649215
21.10016
14.768421
53.08717
49.73385
37.631435
16.034317
16.023748
22.50585
41.973515
18.409803
55.20019
20.07535
34.133274
13.576807
67.17142
17.067146
29.84293
51.162113
43.153717
45.112213
30.550322
15.48038
13.048751
41.74042
10.679446
42.02406
22.825445
9.400926
67.42016
34.78522
31.495285
18.130537
29.505667
22.740602
38.994938
11.920349
28.95234
67.83335
60.583813
27.034313
54.55605
65.80243
107.16677
62.9916
40.25169
21.172617
13.585696
37.65924
27.913294
24.711504
51.941845
29.570045
50.77978
35.826305
41.373657
55.292217
40.615448
61.684742
27.536184
70.85451
54.41473
55.453804
60.21499
36.065544
20.70331
23.423386
32.199223
15.415957
51.257965
81.74544
68.23215
27.309055
31.619255
30.506905
94.65336
100.86671
61.54619
11.839975
41.742523
28.528706
37.32707
53.89378
40.354744
33.158615
19.217123
24.288872
18.107533
75.85611
31.985868
19.234509
14.132522
33.84125
35.728825
39.216995
54.529465
33.337597
38.056564
41.614117
23.470875
68.19241
51.090622
42.70305
32.774426
31.361109
19.364077
8.514834
39.549686
61.558105
21.44676
34.868366
33.33731
19.895372
34.516434
74.8518
56.933582
123.404305
128.29866
110.4452
91.69037
24.912563
12.206562
28.27452
42.65531
24.502615
55.55423
35.821243
27.58102
36.696556
30.836302
28.89511
50.26769
42.0569
72.755066
81.80181
90.07016
94.25976
77.66103
75.039825
93.550156
124.46592
55.611393
60.51802
54.50084
51.481354
43.662163
63.136364
37.253345
27.259361
49.799946
48.918583
16.389135
44.625343
13.190538
16.766048
19.583641
80.310585
71.3316
67.45166
66.639046
56.01354
96.10223
43.779156
26.840548
24.232887
31.096882
34.712433
27.328001
27.923552
58.316883
14.746557
32.98519
51.81325
46.13369
20.851538
31.840435
58.842865
59.937424
27.203346
27.397333
50.805508
32.97667
40.364872
24.04663
15.874799
14.792649
46.05495
23.914804
11.709024
34.51006
60.43019
17.0692
15.836143
65.82009
50.274757
41.68425
37.432514
31.926453
94.30959
54.254013
23.219664
33.920235
22.346046
24.118607
19.048578
33.862522
28.095276
31.062239
73.951614
55.406044
52.25049
24.44138
26.450005
50.46245
21.088789
25.202974
103.913895
74.90207
105.157585
66.54095
71.887115
75.1429
21.220617
47.761646
114.87222
19.326157
54.439922
32.739975
42.26348
37.903473
31.963015
33.3829
30.675364
28.860188
17.092354
14.086368
21.987835
20.92881
29.346033
31.12889
29.043074
31.324331
19.762398
33.354332
46.773983
23.198902
33.342415
58.46974
48.903393
62.64938
21.062048
48.731342
31.165903
16.898544
22.121199
41.897743
23.363586
38.658184
19.658709
10.795121
45.921356
48.777122
42.217773
27.602322
27.374662
50.459545
27.471874
47.481583
23.212387
85.73253
20.11573
30.445759
27.622492
50.730255
58.67243
50.001255
53.325436
75.44063
11.874936
22.63295
22.41011
22.368738
55.932404
59.1332
6.3718886
38.51921
12.137315
43.68215
31.060781
34.443813
31.915491
24.889948
47.821426
69.08316
41.29077
77.31971
38.86131
101.665245
43.610718
8.493214
18.75992
74.09395
22.123877
37.564827
57.847984
50.247417
20.166616
17.092295
10.869063
32.198956
14.624094
51.480816
15.988325
38.62417
50.26796
32.867977
59.873535
96.40188
52.149235
44.777973
26.728333
27.480679
19.75652
52.143288
99.966995
49.939484
82.44394
24.963387
20.495916
53.571354
22.430222
19.163149
31.708208
17.92658
28.869596
39.372467
58.177715
50.19524
40.79563
18.74319
14.987912
26.37133
48.773582
39.31303
51.068096
19.914558
30.222769
25.560146
40.039845
17.521696
40.82513
22.11859
31.160942
27.925537
35.71793
26.736353
22.597126
25.74903
20.954124
36.278305
24.65693
47.01953
31.898596
25.456656
81.864876
26.676548
30.122862
20.163895
41.79565
83.55298
17.880701
27.941639
92.918724
20.045177
52.671528
34.056118
37.80282
29.243752
27.641315
7.8432984
56.58717
63.503555
7.5867243
71.49558
102.702
51.518932
49.471664
31.479212
37.51386
48.040825
22.861008
43.58677
43.07678
92.77606
26.421066
20.145561
46.008297
42.020374
77.882645
41.06704
56.941246
76.0544
67.57756
69.62166
42.867924
56.58813
41.337685
29.66082
56.987892
86.90288
57.089184
54.54079
39.05845
36.04186
27.778353
15.229563
32.511364
26.553858
23.351063
41.34521
41.313553
25.265608
25.00738
24.053566
49.029232
33.67435
35.835392
60.961903
37.501884
16.481182
30.4061
18.907988
29.07481
32.586605
38.048786
77.672676
66.19592
80.53175
30.058012
36.46815
33.35719
72.714134
43.3475
71.64324
80.97103
105.879425
28.924732
45.326733
12.64049
49.374756
26.790504
41.26626
16.3518
12.754306
32.100723
29.727362
15.002292
13.733338
38.056984
34.963085
22.070778
75.34988
30.49
47.866177
35.466724
22.943535
33.26549
33.43985
63.556774
83.89072
32.40729
43.938652
55.01373
26.49755
36.63045
39.73601
17.070478
48.491486
49.473846
63.859165
59.16969
53.009212
30.168161
23.17788
34.084885
31.854193
41.80435
25.67176
23.193247
38.680553
60.23268
34.251007
30.763813
41.188244
44.56813
67.33457
48.844433
43.478172
17.632362
8.388958
31.347075
22.412766
19.841906
51.264347
15.519431
33.109383
37.640064
57.96397
30.243164
17.09918
67.22053
20.136461
17.590734
34.131813
81.24873
77.31356
16.271465
63.30477
23.694958
51.150616
57.035057
44.78444
35.54279
40.590206
68.11174
21.588623
11.184318
14.081753
18.00611
60.367535
57.025047
25.05794
41.899273
14.472102
55.232338
64.55621
42.854923
35.47875
34.118534
24.102058
56.39709
41.871597
29.718704
46.929005
42.016567
47.265255
48.86882
136.15846
45.645218
61.404144
41.046436
44.547974
19.572094
35.968605
38.719852
22.964268
40.363167
44.217052
16.681452
26.068079
35.806244
39.67731
31.684965
37.143063
55.71721
17.907448
15.439515
61.312252
51.344086
31.667559
3.0491073
10.299774
14.40682
41.969208
31.00627
48.514603
55.2573
25.486977
28.61064
21.690607
26.259302
37.797554
47.607513
30.879406
45.7379
12.125903
12.985151
13.098325
29.024431
53.887714
21.918951
19.6517
44.78203
44.1544
25.205185
15.464828
78.95615
62.045147
53.897118
60.049023
54.740524
56.77917
22.687218
20.827621
21.982677
25.6626
60.068863
96.87979
44.16117
14.39312
28.514076
45.67253
16.918325
24.99613
44.70499
30.957159
27.085125
85.18939
13.860553
29.01171
40.794655
37.49668
13.192798
31.04593
12.205178
21.216469
20.269226
93.060455
79.088196
146.9815
34.09087
91.3946
84.195145
66.09563
24.587273
24.13148
47.81616
12.057268
21.703455
20.035994
70.62246
33.762424
45.4556
57.808388
125.86471
75.50539
39.62038
11.970011
49.552193
22.178545
30.626656
29.309952
29.846312
32.3363
27.400993
34.58645
29.324997
69.858925
50.810146
26.961231
29.161867
50.310246
46.00303
55.122807
39.702335
88.177704
29.382353
49.280567
67.154976
23.335142
69.871735
16.525757
50.55294
8.005205
24.340387
75.05643
50.607876
86.83647
21.521458
55.23331
48.2258
16.379658
34.246635
30.907297
30.480728
47.413414
41.36466
35.81383
17.189848
46.302067
74.73133
73.36457
53.40171
55.720387
55.139366
30.290014
12.943255
59.556503
41.67303
91.56118
55.101486
69.76943
64.44461
65.21037
53.689728
68.337616
55.168667
81.35283
23.192528
35.042423
50.95802
64.38432
30.772314
56.33818
11.723412
22.621153
22.960491
53.955616
11.74176
27.648169
33.464054
32.265907
37.63811
40.32622
33.10302
17.885979
55.365253
8.257488
52.778564
39.073353
39.709427
25.209734
51.608448
54.66893
15.830167
25.58475
12.6411705
26.108305
81.06529
51.025253
25.12479
20.455753
36.38103
57.166393
23.148827
33.75381
30.955992
12.464542
28.813845
58.97693
37.01259
30.03042
57.204994
35.641876
51.49513
23.594297
26.071585
26.869167
65.26213
32.829254
38.194744
67.85645
26.393658
30.569242
59.30985
64.64761
46.516014
77.98346
49.882168
121.64443
69.84556
68.648094
127.398094
52.952778
83.78959
26.437218
30.16483
45.16506
33.379505
23.955572
31.166897
33.467903
62.859726
17.38584
28.186028
49.354332
20.189812
41.381596
36.041794
26.653461
27.754454
68.40305
72.95503
48.875854
9.221863
29.719593
27.011059
27.765713
24.031483
47.622868
57.939434
38.46622
42.69669
11.970116
28.369923
27.77051
20.999666
59.03929
35.901814
53.543167
32.53801
36.70723
17.069351
34.959114
33.65176
22.065807
44.14552
7.282253
33.71432
40.11239
25.388988
29.16702
38.293564
5.384358
30.55176
51.480488
21.696709
35.60223
31.767698
36.45494
73.68604
44.08004
58.677406
30.368452
40.92746
28.868559
24.809376
23.526846
27.243382
113.53676
54.67869
69.28881
63.16268
73.78675
61.52978
56.80547
63.760708
16.459208
40.772007
24.998285
25.040964
75.147224
46.270973
12.303929
65.83347
27.5055
8.183573
28.310686
50.209435
21.066626
22.928902
34.653282
41.9209
45.007275
19.162233
38.282867
65.5044
69.587296
86.88438
89.18945
29.506865
34.454384
45.284218
32.58204
35.756016
37.77167
4.6742554
29.568848
26.695734
13.104511
27.934893
25.663643
30.864578
42.3015
8.017699
26.162525
37.88715
56.84825
26.518532
46.7523
59.14539
73.77137
54.44622
46.410965
39.8967
35.977673
22.311558
18.161457
16.04098
27.42798
55.014053
12.160138
58.11536
38.672047
39.561394
69.59438
56.289165
91.98252
46.40972
58.174076
85.176476
38.729298
28.101538
21.15685
106.13369
22.195427
76.70641
106.420715
39.370853
62.37571
31.486639
30.930017
21.20559
9.198722
43.0515
67.09285
38.191547
26.754429
36.047253
36.791225
65.923874
77.172966
37.009693
23.99319
17.497557
22.51936
38.965675
45.786186
25.847862
45.721195
34.886063
38.93298
31.59275
32.992207
26.464262
13.519252
18.676058
28.898788
43.695927
46.13956
39.623398
34.90827
20.80585
32.5392
48.9675
41.841602
87.735374
21.958956
26.211336
29.949001
12.643376
46.88104
17.303272
30.290564
53.66246
21.793232
26.710926
64.73142
59.067616
51.022377
83.14808
25.689167
41.2054
22.51183
57.919678
52.15414
40.714417
55.70489
24.148842
42.885693
24.855528
56.313637
121.37712
16.373707
28.571238
26.394598
35.9178
40.05891
30.909548
43.407032
58.35386
59.52537
28.343906
29.162024
58.95935
33.97967
43.44603
53.961235
12.705395
39.06558
43.088455
47.00676
62.25125
32.158478
31.028692
32.35051
75.58606
77.1772
95.014206
65.059494
58.192085
43.984253
57.378593
81.91419
61.0184
61.481567
61.59876
99.490875
51.24458
58.37947
88.75251
71.543655
58.769726
65.3166
77.42891
69.28726
43.191193
98.02818
61.991016
43.512985
69.83859
94.240295
85.90994
86.28275
101.75164
58.041553
67.265465
61.28807
51.213043
61.644726
56.231888
61.44087
51.796547
45.75893
69.0498
89.34208
72.73009
78.31921
67.53712
56.08695
61.880253
51.37393
53.042774
26.798805
57.77564
21.212013
61.356075
44.258873
22.09852
40.287163
72.77981
100.57053
96.31958
62.50746
60.359097
33.82627
68.04441
22.451607
14.377164
26.366488
16.52415
26.269463
31.01067
34.155712
25.867155
11.033657
57.34413
54.70836
30.4838
32.345726
32.53087
24.611198
57.568985
20.539326
20.755571
26.972918
27.110676
54.96425
30.031134
23.790466
24.75634
12.215681
49.70185
19.529984
65.071365
40.593895
70.44794
48.71895
57.059452
70.323074
30.953293
79.88087
29.197607
54.345947
31.52899
10.569362
22.826069
49.443027
32.537212
33.134296
53.181686
75.80441
88.80735
88.119415
41.418716
14.917944
38.140957
8.667539
25.613619
42.15228
17.914427
31.881872
36.794487
38.591713
52.80591
94.41777
23.999151
29.64544
65.64667
27.106089
17.088749
42.281525
27.138273
33.976513
63.297028
33.267906
38.137463
48.65444
37.867085
58.949898
53.26554
40.04009
72.43683
98.51671
77.5524
12.129613
28.673805
39.391495
29.500029
38.276196
28.288368
35.643375
72.88111
79.82098
59.90278
49.616753
88.36391
34.45957
40.55798
27.597525
19.676353
24.41501
67.982155
78.10856
14.820244
8.587336
19.8145
39.435284
65.80728
57.39978
63.796555
63.23697
48.20824
68.08264
56.795666
57.69448
62.36706
48.171173
122.64499
29.649874
63.414757
80.83021
42.32624
34.85534
69.483665
59.841686
58.675102
13.095167
23.225986
29.624493
63.128696
18.950977
16.774714
50.810257
121.51555
60.44122
15.200223
35.121113
15.647334
44.488354
37.967045
27.216019
33.1511
74.62654
24.01407
58.066074
25.199326
34.550583
25.303022
36.442818
26.116798
62.212746
41.681896
43.92853
44.785336
54.338
52.195724
47.21577
56.624203
69.415726
40.450092
52.22151
51.46217
70.31722
78.071266
71.08196
87.47297
33.748035
25.950457
33.06573
22.449522
66.623436
19.45924
36.919586
18.03528
43.13466
38.426914
28.655651
59.40392
51.501
32.388466
43.06601
62.413055
65.565125
83.939316
52.659145
70.19394
67.62425
90.3555
65.438385
66.064285
50.043648
100.752975
70.50221
27.905151
57.845577
45.945866
46.00416
47.70046
60.530495
43.56893
57.645496
99.814
69.77271
62.825806
95.746346
23.28034
56.58786
44.70892
41.810314
38.08089
53.339344
99.24718
32.004658
30.569643
11.161976
39.723324
21.283867
59.486305
50.24053
48.998447
41.789906
20.539177
22.938732
25.961731
43.851665
29.866148
24.718323
45.581753
60.172596
36.090916
42.523205
52.644962
17.7001
27.35802
55.850258
41.06229
29.200861
16.17506
40.599056
31.242886
22.031565
21.685755
35.90356
39.14187
36.732
43.070488
77.4126
41.63731
53.36113
57.144974
48.485245
61.95621
38.301918
20.63417
21.524342
25.78689
47.53216
22.611677
25.653593
24.10428
36.835194
48.495
55.977364
49.4507
18.213526
21.52311
31.148272
35.245716
65.987404
50.807552
43.543564
100.33825
54.687477
42.87288
16.473923
20.645586
51.48018
28.041609
36.64792
25.483276
15.583282
21.829119
21.084646
24.287037
19.61349
42.766884
24.319382
38.615067
49.768723
80.996346
60.77869
53.07994
33.98424
55.913986
18.52269
65.59671
24.489792
13.919133
34.323463
57.787743
78.27603
22.170444
74.51068
63.962147
21.270376
55.120773
17.003809
19.223536
24.29684
24.410381
70.53713
32.81334
88.98154
98.08003
84.40202
98.189316
43.33006
28.126806
83.72708
19.97618
19.288479
24.4204
24.479935
24.182741
28.962542
34.06748
30.480642
25.7165
14.028955
25.353086
25.274797
32.93959
21.47773
56.60425
36.242256
47.15098
34.5166
32.01869
22.87276
5.441248
32.80719
45.69849
101.76511
51.42679
64.473404
78.29641
63.979473
13.019457
12.996006
29.788874
26.165545
67.38751
73.97804
25.661568
71.97549
43.034267
99.41763
57.57832
55.102997
69.75646
127.72375
92.030304
70.54395
90.086105
56.433495
30.52675
52.78156
67.84719
72.66243
74.155914
30.712278
35.661312
26.153889
35.33377
47.522484
25.858685
76.008545
83.49541
17.324123
39.73656
46.58013
19.438578
29.283459
33.910904
40.695362
31.614153
35.98314
40.424454
30.801155
35.221783
27.643923
12.261858
21.643902
23.670076
20.864292
13.113239
39.410805
41.90852
43.63469
51.937572
55.88498
30.694578
51.95732
44.27103
56.790775
30.610977
33.313286
10.747991
37.485126
59.141624
34.04446
33.05001
61.830276
55.34
48.347538
82.85131
60.514137
29.869888
71.325325
32.77049
41.15398
47.55317
27.508472
10.743468
44.742413
11.953943
27.266914
22.951094
37.877224
23.009678
35.0519
30.961794
8.139214
24.497173
26.733189
36.9753
63.157936
31.564064
22.240925
40.89905
48.537388
64.24604
17.475397
68.70537
103.40378
41.853413
106.69277
61.871407
38.650387
52.327763
64.947136
49.043858
11.569455
26.94089
28.852703
31.14984
56.801758
49.068783
79.64265
102.27578
41.498173
73.528824
80.62604
118.56212
52.265995
56.6339
45.77286
49.567066
26.344553
25.388664
32.470043
45.929153
34.91006
39.684265
52.6156
34.652504
41.96769
9.403056
35.68504
53.617294
45.418137
24.287169
23.916292
21.350157
24.642616
51.177177
33.11835
15.919176
16.54271
26.140718
49.938564
87.55437
43.688404
43.039272
49.694935
23.933914
25.258217
39.57667
47.508335
66.56238
24.943684
26.401878
41.9099
22.188414
17.684546
34.745216
19.301956
19.067497
29.093735
32.628242
89.82899
38.85979
31.630877
75.97044
33.654633
34.23167
7.8845897
14.301942
38.70614
42.311104
43.89813
53.554855
73.98942
29.09639
35.67938
34.612118
53.159412
20.73272
24.677849
93.47732
34.07866
26.563116
53.33333
32.74166
20.64588
27.51585
22.8406
31.568962
74.87334
72.889366
24.512663
21.306635
25.611475
29.111723
42.406883
38.11105
37.87086
44.13321
47.654175
22.344759
30.826485
60.59671
38.215134
20.955637
48.44027
25.549334
44.336708
28.879885
34.25663
79.95232
59.44172
11.795776
44.413578
28.788864
76.00123
19.3623
69.41376
12.50991
23.978525
34.91674
105.391914
55.13872
68.03241
86.27925
63.69701
131.81972
40.500095
38.331226
17.788927
30.536673
31.875645
24.8012
41.23866
29.569609
35.30857
54.028023
56.68246
23.221718
20.725063
26.486818
54.90531
34.515045
39.149036
44.314625
28.476633
32.261116
19.385736
46.39718
29.804695
22.802795
42.384552
59.3858
80.67027
52.909977
28.561733
66.8201
28.22317
51.313263
54.57595
21.909636
28.588076
23.514265
31.305176
24.519072
46.832417
20.8264
26.789167
91.94779
62.491505
23.630322
41.08064
85.37378
55.29415
44.714725
24.403616
56.621613
66.94821
55.5535
55.091217
50.864525
32.451706
30.033056
64.97322
19.581831
31.215757
17.840588
56.549614
31.188105
15.38231
30.239891
19.683939
51.083652
43.34454
72.35341
44.46514
15.049099
62.458637
13.707737
33.111935
20.05398
20.431787
31.228338
35.805817
70.52708
55.40255
36.465836
42.252563
26.64573
22.211145
53.64939
8.797715
40.253162
64.116974
20.090637
95.68128
89.76587
103.61184
35.364544
27.108086
47.857716
15.62101
18.584621
24.915695
32.231155
33.916065
38.787487
20.471588
67.325226
53.782715
49.437496
38.435455
19.27552
39.578896
53.786274
43.871216
59.64784
41.073814
31.076637
27.031404
15.482104
28.143505
39.650234
49.41654
14.80126
60.155888
52.43767
25.0919
34.077015
30.338598
27.324444
83.1436
19.369379
38.783703
61.438496
29.508432
22.962961
61.201942
66.720436
48.543934
28.453938
44.482086
13.41189
20.686108
84.44072
33.103786
8.535912
32.913883
18.83304
25.382454
19.53662
36.60055
16.449505
28.204945
24.537075
22.327444
15.361129
30.026556
27.158419
12.694409
30.107695
43.563946
20.934065
37.50138
26.50207
27.660686
41.35248
47.825893
46.926006
69.320595
47.960503
64.40437
16.288746
26.888891
26.808796
26.782394
28.025887
53.24594
26.46017
67.23936
50.62652
61.128475
58.73477
51.58957
111.41385
22.105015
32.828766
15.345675
34.247044
32.380253
36.997215
54.15104
41.40088
28.054096
25.86626
17.487331
81.23009
65.53998
11.708652
30.647377
41.436703
33.480595
27.832857
41.990726
21.621897
31.420479
50.660694
32.515995
48.19314
21.526524
47.863052
40.3398
15.093904
49.730503
13.369894
30.50982
22.37138
42.4899
10.652957
36.65976
30.260405
37.314648
19.408373
55.742916
38.422268
40.214718
22.759636
37.681274
38.647438
43.6724
56.826244
69.77894
40.952446
40.291866
44.35234
51.65668
64.81971
68.01795
76.28358
16.066946
43.86163
29.261154
46.167885
42.156006
51.68585
48.958775
34.090122
46.141247
11.738652
36.32004
25.081724
37.32294
23.549889
35.383144
38.573803
43.75525
40.949577
47.315163
27.493452
50.684975
25.121614
33.493717
42.94723
36.70673
50.558605
72.559296
34.916508
20.480806
30.410429
40.433933
46.507393
29.108742
24.036095
22.909191
32.65268
23.335857
35.86663
38.938545
31.876831
38.748943
40.075184
47.95539
24.761238
19.145536
11.593834
25.849829
43.793163
53.766636
46.94113
43.55784
52.60543
19.733864
32.50038
60.68143
74.125496
54.621475
85.08924
49.820457
22.774712
37.659492
76.72014
40.667274
57.152035
59.69208
22.981096
34.400047
25.799536
59.054325
17.327843
24.877605
77.69566
55.20184
13.318934
17.864557
48.777607
28.632607
38.819946
56.217453
24.749374
28.715155
37.900494
28.41188
30.445803
33.064606
27.112373
60.295887
40.43841
24.49395
51.096294
41.680775
5.556399
19.79467
40.871162
55.05709
34.476585
27.29906
23.714085
80.38251
70.72755
61.70318
57.609665
51.154087
49.30681
50.57966
14.495323
31.412876
64.82979
34.614822
54.211285
26.728056
40.16307
29.623964
23.71809
22.914175
54.298077
63.354515
78.513626
101.757645
6.9693804
19.306917
45.110985
29.744318
15.254861
19.620667
36.153446
24.32951
21.250938
73.720406
12.726804
43.65271
10.261866
31.731255
23.072754
33.395275
39.03939
36.94657
24.437258
35.667248
58.10033
44.899174
48.28102
15.715886
38.480522
61.277725
82.01502
64.66416
52.98307
84.8472
56.84176
53.78225
34.514896
30.644453
43.0374
32.666763
43.080723
48.81987
39.2005
34.91724
58.93092
77.07623
28.001911
37.725166
52.1213
53.651558
32.409225
27.091213
42.791786
32.075672
69.51241
14.300653
44.78017
29.862812
37.57474
45.14559
31.594824
29.356726
37.659985
47.649403
37.393864
51.0989
61.031635
63.09467
56.723007
58.366592
55.884872
32.97202
73.28134
41.14676
63.64884
62.499687
85.177826
24.38092
10.919582
30.616554
14.068974
18.8504
34.457184
29.707504
16.15239
22.794619
21.953558
55.094986
74.603264
57.6161
29.118416
44.442947
35.10168
10.900782
34.905293
46.85064
48.960186
65.33594
59.661488
10.240928
53.77771
37.89158
52.01857
40.97626
24.567469
14.588483
20.427607
79.07502
34.727627
81.80072
69.19768
28.432335
49.57884
27.87603
52.13825
69.290665
40.51253
40.87887
86.27581
30.51375
21.317026
23.14767
74.58668
19.433874
50.663685
32.944057
31.030115
23.309233
32.042667
89.28464
27.367476
22.185032
42.63895
21.730957
39.574356
32.643692
79.287674
64.09636
62.03203
28.51609
95.65828
50.817295
38.49079
24.576492
23.199158
22.322016
37.409256
41.731308
22.409592
26.486553
11.25715
55.039963
31.553144
27.894363
22.817644
25.378721
48.078503
21.668829
33.983547
37.087173
25.962427
46.282562
33.20167
27.44566
74.00701
34.737988
67.26854
23.92976
37.941563
43.825497
35.101482
54.314255
14.165471
36.59759
22.873524
24.830263
57.463932
37.57955
43.972916
53.63611
74.16025
50.532883
37.245743
78.65905
44.677876
45.56137
22.962069
17.540924
20.439644
6.700661
21.483746
28.852968
22.442837
114.41473
73.460075
5.6269493
34.232487
25.762402
21.953169
21.128952
110.339
18.820282
31.076504
20.82687
40.92384
42.77792
18.271055
64.497025
40.78145
36.192722
24.478968
15.710882
47.90208
53.800785
79.376915
16.890015
24.387985
75.58394
62.869873
35.95098
39.545074
26.781939
18.808992
30.031652
7.730948
22.544565
42.670876
33.943306
36.659035
92.14883
116.14325
38.135605
2.7203314
8.367483
26.256071
34.842743
21.724792
29.79822
34.152153
63.22747
10.656363
37.278503
23.22214
55.92498
38.794003
82.07395
40.264015
156.79745
64.64607
53.586285
48.253155
62.56191
32.500404
33.95944
72.789665
64.18081
49.76561
13.241847
44.51344
58.95863
44.71067
83.81207
63.73472
86.001595
27.479425
54.37632
11.660554
25.907608
31.179842
21.592121
59.224743
50.268745
50.60338
47.550037
95.15678
48.258335
42.173317
35.168255
37.16366
9.071224
29.31943
42.3878
45.157425
48.66874
43.931602
24.577463
34.40091
58.1973
37.498997
17.099283
45.969013
26.224426
18.38574
12.5850525
48.705902
33.704243
18.959608
108.47211
94.17469
29.913925
17.647223
6.798885
39.412216
48.48012
64.674065
14.812571
30.63215
16.852169
42.143322
44.14562
42.52813
27.180357
22.507854
32.999138
26.356474
23.8128
13.917267
34.18169
24.716055
30.994074
23.44648
38.61186
29.534185
21.07459
33.061058
43.423946
42.624744
68.03135
83.955215
65.39147
65.25817
97.7803
86.21808
59.865726
65.450325
77.336914
75.324875
64.24059
60.199623
69.37441
72.01108
57.47875
59.153633
59.975864
27.142097
22.964424
22.182983
31.20916
18.951239
12.563476
52.300987
20.255312
34.18098
30.560837
35.35187
6.2276
45.262135
38.303757
95.70972
30.440296
17.382217
30.043524
63.957275
104.095604
96.637634
127.4071
52.49302
11.656264
12.67781
47.684906
40.62806
50.947777
36.92153
29.447186
62.77755
51.433037
27.742247
25.808819
22.3159
43.016636
21.39248
17.002893
14.094529
36.616505
22.965603
33.38921
27.889187
39.668983
46.359676
37.63739
13.257377
27.019638
15.652674
14.669238
21.190603
7.426215
27.845695
6.6810455
19.57409
30.89378
26.911036
24.570385
27.408545
40.684357
43.681572
81.69141
56.61863
42.690712
41.47804
42.06733
50.235126
48.66249
42.519344
59.467808
58.881416
63.948696
76.74131
57.263138
58.897823
53.42758
35.72836
22.517551
26.263409
62.32982
55.441517
35.972
38.207283
71.89567
40.45428
16.890343
22.499626
9.623253
35.146584
18.366549
48.17297
17.953676
15.769789
50.063465
18.392525
78.68128
26.93721
37.661564
35.682053
43.164165
13.603412
28.74857
58.95183
25.801641
31.70814
7.458156
45.852806
46.18965
50.123234
58.135326
34.076027
28.22983
20.263203
32.723072
32.273304
45.232372
21.531649
31.848577
8.467664
26.990467
45.913555
45.633236
11.82533
28.512642
10.799664
28.571741
16.819506
31.49464
15.450552
33.166836
31.787085
17.450794
28.327707
43.598827
26.849144
37.19268
39.447765
12.520765
49.93609
53.00403
37.73071
37.732845
65.818245
52.785954
41.87217
35.190315
40.1583
25.747139
37.626118
29.156914
58.570137
105.07599
78.47813
39.81142
18.453196
45.868263
31.86906
34.75151
56.597397
29.930475
23.364754
30.888847
81.06004
34.232357
57.427246
36.747467
29.485023
38.364117
33.256832
43.013107
24.084509
43.809868
27.163115
25.365759
35.139015
62.707035
58.553757
7.6731915
43.103287
10.828252
36.6526
49.147007
31.55237
21.697271
12.815635
43.649727
30.981304
39.433884
53.523663
51.111397
22.386158
56.131763
53.48957
34.158974
35.414394
57.77624
45.835175
58.971684
67.6681
87.01274
85.1479
82.8743
101.26964
59.927906
94.11684
79.403595
90.83273
145.22096
48.03711
27.409082
21.63209
31.091291
25.687817
26.285576
28.774273
34.9903
35.616543
25.465477
33.14067
30.806984
37.172386
28.273865
45.993717
46.907227
36.581844
36.499
44.864464
32.644245
34.655487
18.582178
56.501408
73.84315
68.9674
72.60983
72.93425
58.606133
69.876045
38.292423
32.219383
50.546654
35.024822
37.770313
28.97353
29.54269
24.329128
42.222977
27.78971
52.26528
31.93867
49.684532
24.562979
25.633055
73.1855
34.361786
40.12366
74.823784
51.72278
39.099003
54.175385
58.94844
53.331554
51.85543
56.076153
41.270008
56.71975
71.06347
49.426437
56.226284
79.90434
53.978535
51.494366
42.62293
56.8051
43.098927
66.51084
66.92075
57.836533
44.546677
9.320454
65.23002
49.130157
20.820738
42.55682
63.49404
30.0477
101.43326
59.714706
39.903652
35.990326
30.81285
36.39377
30.678823
66.62976
58.805477
75.03435
30.947577
18.134697
36.830307
36.27857
36.631317
32.58006
33.65007
32.220146
31.11286
30.89017
15.264731
18.831085
30.759026
20.510582
28.43384
36.806103
25.462315
18.447607
23.768383
18.670633
19.9571
12.72933
73.29804
7.7660246
21.519001
44.10831
13.691506
27.957396
19.120184
52.483078
90.55601
48.75544
40.104374
37.759964
58.192173
38.95831
48.45382
41.851192
50.621994
41.620567
43.84209
39.128273
51.144894
46.59623
31.640894
26.277039
30.885798
18.03485
15.4274845
20.027996
45.488705
38.294357
22.520031
26.062134
33.717884
64.89583
35.185055
21.503323
16.01306
33.803505
30.125114
32.952843
41.845627
35.14684
43.491833
27.5778
24.051086
37.26541
41.517906
27.904943
68.004616
25.965927
21.736626
33.261234
26.833302
46.69565
32.758427
48.880367
11.263564
22.802439
19.716541
28.371117
32.795128
55.910275
16.233778
23.244139
12.337281
12.620099
32.178947
14.446564
32.829117
18.51582
33.690285
76.306114
11.0978365
29.030495
28.122486
23.135439
57.38137
55.438457
96.328926
15.56921
42.593945
32.51499
41.64937
20.97725
37.523838
8.556484
21.635105
30.646795
41.198868
51.16148
61.127064
31.759161
17.246687
25.349937
34.069004
23.013884
18.384863
9.792037
25.858038
29.060555
23.492918
46.875256
25.826189
27.500217
20.747839
36.418514
40.052475
50.405045
39.206215
14.350263
24.22918
51.08599
72.75177
40.230694
46.603214
6.770654
19.96084
34.655743
19.238993
26.934027
60.582993
56.67414
33.959774
42.0923
55.404327
29.648758
38.370285
16.514538
43.7138
45.21531
12.218378
34.56857
73.67199
30.219816
12.976265
60.21796
33.793674
32.091408
19.283693
24.319769
36.19928
38.67311
30.869835
37.918137
27.354082
58.474564
26.488428
66.78299
50.727764
48.530396
56.97468
27.665031
44.85
15.078385
12.856787
15.429335
21.951658
33.063126
30.860657
33.149498
36.8798
26.950245
42.080658
44.249874
39.82856
36.71056
21.73908
47.76184
77.79171
13.227802
35.969078
123.319405
43.894806
50.54489
123.71115
61.68121
84.9624
110.27113
102.027
48.054234
76.11559
89.0798
77.580734
51.525997
69.978905
47.691174
77.331604
125.78592
46.404064
11.313918
35.18926
22.165293
74.138695
67.966805
21.194328
52.352753
51.664024
16.667517
22.036953
30.835573
26.981726
62.84544
102.171814
62.712025
22.148926
29.849688
71.724915
32.941444
23.596382
47.19392
51.358986
40.103844
35.40533
32.73307
45.44375
65.8289
11.603708
12.251404
37.679806
71.293175
49.60957
33.853256
93.58726
71.61804
41.712757
65.94216
46.79783
66.22596
37.601795
61.274117
66.2827
50.38056
73.43027
55.19599
130.76274
73.15894
47.838745
66.60028
43.025455
46.405766
28.157116
24.457151
31.712168
34.463383
27.630783
59.3855
38.223293
49.767876
90.026985
39.39896
59.914986
46.359493
25.871178
81.710785
21.704824
66.656906
74.36257
38.864056
67.44823
18.045527
31.6209
35.094627
9.536732
35.240673
36.392464
13.868896
78.336784
50.168137
77.59564
56.092995
55.251564
69.991905
90.76747
49.40477
36.99288
34.77723
29.491816
26.480688
16.66621
21.6557
56.898617
38.546764
18.107718
29.017895
55.401943
44.85347
53.53444
53.178886
144.35078
11.74788
45.862587
45.201385
37.0888
51.24585
23.64009
14.291372
43.624912
48.335747
86.394135
31.114931
19.794964
23.262346
52.152695
63.81194
52.442856
57.46186
33.337734
76.51699
30.16844
64.76668
58.888363
58.43541
77.767235
40.426205
39.408276
68.5272
77.4631
40.52063
37.742466
33.379066
36.57173
38.59724
34.96477
27.697826
45.415054
131.9498
15.032252
22.425974
23.388401
41.369102
39.82238
23.414345
32.24269
110.8365
90.49127
49.277344
67.53344
48.89145
51.507004
49.658085
58.70869
51.964092
70.48716
34.77075
59.232613
56.49219
63.24608
89.358536
79.17668
27.026602
23.136326
27.091328
33.556168
37.786175
39.66645
28.03844
18.390535
100.59482
58.93318
50.06365
20.345255
24.945328
23.447046
36.262047
43.919384
36.46547
52.86721
61.1811
32.589733
38.90715
32.498165
38.98689
24.074856
42.781986
22.700922
61.93428
23.328814
23.920513
81.77166
29.57426
52.885902
29.458715
47.46917
65.63522
46.589523
64.56645
29.758163
33.57117
39.53574
87.50535
21.608084
18.592077
31.382324
41.308876
31.306276
53.22665
45.408714
53.08809
60.73827
95.45075
34.722885
25.590513
44.01428
23.312506
32.54459
56.297554
46.91376
53.45666
79.35232
61.794064
64.617165
114.836205
99.744415
98.02623
116.38727
94.35733
118.78909
94.42347
121.41622
53.626205
72.449646
51.425625
124.37148
45.961735
60.82787
36.490955
14.444008
45.95764
26.906042
12.086262
32.791534
37.937523
45.04918
50.158936
71.97449
71.282234
34.995167
11.073062
28.910645
44.82347
36.492477
41.361874
13.176095
32.025055
36.535297
50.406204
46.81726
36.133133
22.783144
39.149406
36.57319
50.632374
28.141542
40.688026
18.514183
25.98638
21.932192
38.07463
37.510048
21.441252
51.164326
18.410515
33.233166
74.87127
61.299023
87.41404
53.197342
48.924522
80.5187
43.75968
73.17161
8.319964
31.880207
16.579754
28.660603
52.098515
50.239796
43.198387
54.209362
77.908455
26.603819
62.3577
17.821968
24.740856
34.563347
20.442152
65.08182
22.905798
29.77024
37.921066
25.294872
34.75142
27.130278
33.45825
31.134445
39.770336
37.336464
42.502617
20.184135
47.456635
23.035408
55.03035
45.273422
32.79835
75.4541
44.805824
99.62424
49.59336
11.251378
48.54318
24.733057
26.615433
27.98551
36.837494
43.625015
63.151413
44.571705
36.1795
40.341
95.91518
57.168568
56.667667
26.264954
7.179036
28.546799
65.70312
32.870045
44.42315
46.197
58.629032
81.19719
8.968437
26.33601
36.326088
51.978615
17.715836
29.569548
27.224556
46.037045
21.06575
22.772358
35.846783
74.58623
86.07196
79.923294
49.861282
37.06692
14.068246
23.351526
21.468006
38.898373
63.694073
25.721498
28.130875
24.368706
6.375963
43.675526
22.855345
48.726162
21.18103
35.9938
62.13417
34.24914
33.345715
30.392946
32.97517
19.492115
40.206585
65.759834
53.76779
61.794468
47.56251
68.15307
30.085045
55.646137
37.440914
37.148865
11.583997
24.278078
17.251097
21.550346
59.150074
79.60745
29.386147
32.39935
42.7141
27.179739
14.291019
10.093074
17.29728
15.909054
22.417349
20.998857
30.188232
19.385193
26.47653
75.44786
13.146782
30.007727
17.59268
7.3693056
19.006649
24.173578
36.114815
40.51609
37.641003
39.93597
30.020481
26.917437
23.95494
13.948669
42.0931
61.853775
66.76793
45.473698
96.63383
48.201622
50.911835
24.311811
28.530499
32.266617
36.88893
18.843624
37.877365
49.2388
28.79056
101.01957
60.44901
98.34755
36.122097
32.483727
20.67243
31.993797
55.242867
60.261906
32.75948
33.90198
36.307106
33.67112
46.89643
45.51067
46.380856
30.688303
52.28611
39.29491
44.959618
32.42493
55.3747
45.280533
91.11904
46.416622
67.18697
45.426006
28.249737
40.359993
28.490591
61.053043
58.38703
54.503223
76.38401
70.56747
77.6686
53.708206
79.90896
88.21519
80.09879
25.133904
42.417774
17.307959
21.210016
54.917305
26.54799
58.48758
7.0587177
27.150915
59.20816
34.52036
37.719124
89.01323
55.470493
87.837395
46.99585
36.764957
43.755245
32.061497
26.969797
40.92428
68.80622
25.834589
49.060333
69.48742
84.602165
79.51501
50.260254
73.94111
58.826115
83.06326
55.18231
46.178165
48.17125
53.12822
62.775578
66.590614
61.17243
87.437256
71.477165
112.45539
82.874374
37.775112
62.872616
47.88622
46.217857
73.600075
80.311485
40.441223
31.92477
42.773125
17.754238
26.544355
28.380621
26.91972
17.524078
22.056118
30.912823
22.315876
46.11782
21.025408
12.080652
48.413254
69.4633
34.741966
49.905884
14.807987
34.14914
15.939671
71.17976
59.32199
30.910261
42.057396
54.801247
19.825481
21.515587
26.63644
27.61037
5.2231183
21.357006
22.911203
35.03168
17.901806
64.225716
35.32496
25.371511
46.449085
18.030418
19.401068
88.88374
54.530224
16.085922
19.908577
26.51343
17.281134
16.35061
25.98169
27.56119
35.616276
47.07523
38.449436
45.937584
29.267588
9.161043
36.97976
55.855186
20.85234
49.70218
21.917831
7.8799562
4.2043276
30.27929
24.950142
27.163181
65.47431
38.877956
45.792862
48.069813
25.546484
28.788109
29.47228
49.58749
40.67605
9.517387
58.992188
29.823362
57.5344
52.833385
50.71721
76.00774
58.50037
53.734695
58.31344
44.478096
75.50215
12.629361
34.27559
29.336916
43.00746
54.48511
24.918499
23.06924
16.595827
38.03682
46.615738
93.581116
58.374336
24.322657
47.241856
11.409893
27.758228
60.418907
15.334814
26.914864
42.618546
41.291245
19.693144
35.884144
57.02501
47.10658
41.52477
52.99531
44.59404
33.88799
37.222286
21.025967
19.904125
33.728573
31.644472
63.136524
36.70925
38.973713
42.316338
39.851627
31.359657
29.696157
33.12358
49.77963
12.797312
41.35237
54.23821
57.329113
54.989037
36.80135
13.046206
58.1032
27.046892
35.694168
26.16014
26.099285
26.777483
28.835798
45.173622
45.167427
28.32651
33.962414
61.87531
64.20421
46.748207
78.24397
63.088085
40.10174
42.40784
23.44109
25.746353
28.047073
47.833744
36.355824
30.740385
63.367897
95.046906
42.812187
24.230366
36.294456
60.495007
52.642914
56.62714
63.000767
31.94532
41.496822
37.029915
45.284203
57.06461
55.151108
42.799366
40.995644
26.443995
44.91019
37.201508
21.601446
38.156166
49.01276
53.65128
48.03887
54.263206
40.826527
15.463293
34.813244
25.234612
51.28781
10.905459
35.843426
44.641483
18.74079
18.475637
23.22039
30.74979
49.210815
16.17754
46.51269
22.615992
35.73641
23.668482
48.64552
30.783535
15.35776
28.295008
47.032677
53.32596
61.753365
58.426968
15.9019785
30.888481
20.510149
47.376175
62.77459
46.240513
41.807297
26.756447
119.566505
25.301569
82.746056
36.439865
50.009647
20.362904
53.396706
69.78729
78.5342
58.064423
19.628128
28.440798
3.666107
22.998512
43.858097
50.466618
47.669796
28.579374
13.652091
53.132923
49.350563
35.479645
40.931812
23.492546
43.182507
18.672798
25.732578
18.51221
14.59458
43.484116
22.291649
34.93657
28.818253
89.994705
21.150047
28.34411
33.739376
60.5202
34.111897
29.732292
36.10372
41.558285
45.674595
30.02349
34.55478
31.601433
49.024994
14.547128
25.288342
53.321064
80.086205
53.09551
35.588097
31.436102
43.87113
15.501322
61.578793
22.71621
21.389473
42.412785
41.38487
18.443995
27.186155
32.702354
55.65983
51.956223
33.34751
41.33154
99.60644
79.53244
67.57241
63.412533
40.873886
94.70072
75.02272
93.07844
74.11133
19.596712
61.09163
28.023758
15.258514
30.347218
42.997173
35.96082
38.407272
29.497072
54.623726
32.97322
27.482538
32.00907
55.454037
48.101295
51.05895
58.073864
46.170456
25.413301
106.09919
48.002342
28.339058
97.59877
40.445133
14.025028
22.742893
29.08516
56.594147
69.56191
32.829742
34.020817
28.588371
30.518415
51.716732
41.199757
20.84264
38.274975
18.460392
22.67166
14.264962
69.13418
19.260862
29.870686
33.226997
28.130348
31.404325
29.974382
37.342453
20.094355
16.6099
19.761189
57.595055
20.800604
72.448235
15.893991
21.150476
22.89188
14.334988
39.368214
54.65754
40.986084
39.098534
77.035934
46.23619
68.611206
36.688625
56.521095
68.53771
86.03211
56.70897
70.87965
47.486298
26.42571
7.0247416
14.254382
58.67411
54.229855
43.476593
27.493328
60.723896
33.70913
29.728409
40.675926
17.590021
39.633286
43.77363
54.655586
32.64629
96.4301
85.46841
80.95366
51.547657
94.35504
77.12164
70.55163
55.6183
64.47079
86.21079
54.629257
50.600185
22.12216
27.6125
33.591618
42.31637
39.256603
44.077118
19.27592
33.78236
36.33376
31.338242
30.72733
31.756912
96.130585
60.083385
38.452076
32.99833
60.108795
40.046333
89.24704
15.198011
29.371227
19.590874
30.870693
62.56414
69.41331
33.516964
34.87209
20.707277
34.01758
36.96762
27.829327
55.414337
78.55291
31.30454
43.049305
38.101425
38.811096
23.421698
33.736874
28.381367
44.16533
63.12858
38.688107
59.460293
33.98998
54.0208
34.221237
36.820606
31.642717
53.28076
11.438661
43.178413
33.61201
26.951303
93.93848
41.376244
30.079031
40.745865
25.09701
42.622906
50.061466
51.574257
25.634968
32.158047
42.846222
46.601845
58.53872
30.521198
39.86633
30.638235
49.531322
14.324008
39.229122
28.334806
33.955696
20.296
34.544666
14.389553
77.6552
11.978802
38.34512
43.347446
27.550539
25.494726
42.728256
39.291138
49.159813
63.74449
14.014893
63.24272
21.817503
41.765167
34.345806
45.162262
4.104924
17.47196
13.29837
23.514135
58.39176
25.893553
60.171986
9.793255
44.83751
70.90885
35.03252
102.632545
39.629246
39.205887
26.101255
61.84966
15.5385685
17.1091
15.949846
43.584328
45.228504
45.31121
57.440765
34.00941
65.36451
60.936337
28.879349
56.46003
50.48603
46.242115
36.151836
12.642793
24.405342
28.082802
31.336586
39.84846
38.54411
25.97577
31.206089
6.542085
19.440044
12.111733
26.204136
24.315685
47.703056
27.170866
24.167933
38.303383
16.083265
20.035635
68.04272
69.76524
54.458546
53.13212
15.8077135
24.447039
22.238884
25.064642
29.036577
11.055653
27.977766
28.871058
40.161083
53.14427
32.665764
39.08801
31.940716
34.659264
17.198105
35.18243
15.674631
31.060766
33.202946
28.359802
32.924522
49.528214
34.986134
33.82245
66.814095
30.094551
39.259464
36.340595
32.66726
49.042118
34.41234
54.788086
39.577526
88.61129
40.772854
32.722984
32.49076
54.1087
49.284
18.678495
36.678635
86.62758
86.42467
63.266163
94.30518
20.998676
48.27964
28.775131
39.826458
39.240204
49.329514
37.213017
38.531612
48.196922
50.17455
82.20825
69.96968
117.86053
118.92056
67.234436
79.310036
37.69802
30.860357
45.539215
20.469969
31.44642
24.533115
10.878559
58.997337
47.615986
32.94604
63.301632
8.842238
43.57001
53.83371
41.45601
45.857334
18.47728
30.498247
40.120453
48.599678
72.37117
38.709007
52.913437
43.16424
8.571722
25.132917
32.718945
14.284931
24.43091
15.976701
25.060345
28.280607
8.493044
30.624512
22.994373
18.148916
49.841103
41.862362
51.19933
63.002438
57.406006
68.33621
32.788033
29.823261
20.537603
34.298187
54.589043
37.910027
48.857124
34.800076
41.056263
41.2684
22.153828
19.607756
23.206894
9.10287
22.319265
28.227331
12.159359
24.743519
44.428795
57.644363
12.713573
25.55317
28.081585
90.65733
72.47784
49.419933
61.643856
64.042404
84.0804
65.16742
79.32115
61.97658
67.36197
59.007324
42.29361
53.313564
57.906788
79.01849
48.820423
35.599255
41.86002
32.13116
15.7795925
22.445103
30.45491
23.910194
23.82209
45.06017
21.507654
28.789597
23.532452
32.407433
11.881336
63.22477
25.341131
73.47556
18.072199
34.04384
57.8376
70.49865
64.30007
51.855816
51.309303
21.219782
63.89028
53.556118
17.362202
22.509312
8.868038
33.38715
32.953068
37.322327
57.32481
69.14666
25.683645
18.530626
10.413025
66.12968
40.050053
28.0495
57.42998
28.453941
48.661484
19.057034
31.149864
25.02186
34.307312
15.880612
31.387486
29.492414
33.443947
18.632627
40.095524
38.40849
30.534729
40.641197
21.16312
42.836773
18.556873
35.528595
11.737225
24.481377
21.243399
26.028112
8.399178
31.563353
45.815536
24.956629
24.58871
12.399088
19.091677
21.717295
19.466639
28.825127
26.794292
20.818558
34.38968
19.28228
32.696682
15.883253
12.7477665
31.561033
23.630972
8.92152
39.34513
15.755233
32.410957
31.89093
3.3780496
51.726383
22.2965
21.3089
21.58673
23.679852
50.743427
45.282368
21.188374
21.599207
42.339077
37.494427
21.75
24.040722
31.951305
24.764559
33.690613
51.14856
15.682334
28.429546
40.12407
50.1355
37.435024
37.77196
23.456371
33.08277
13.90904
45.3834
40.057644
45.835926
40.76285
21.465218
16.112795
29.590027
27.88359
31.221943
62.50338
37.39557
34.041668
64.39393
59.03786
56.713165
67.35003
86.543625
55.97818
34.99718
103.89767
64.17689
39.48872
19.224497
77.4424
21.739967
24.462692
90.66792
25.499565
39.24924
30.672598
28.627598
40.016098
27.180426
25.12078
48.30075
24.642159
45.077354
29.006502
28.490137
25.969881
51.234787
41.475754
26.1558
17.416542
93.17146
103.314804
53.341225
72.025764
56.7011
119.71009
77.33388
33.246563
41.080597
42.771046
53.60191
24.015192
38.99553
28.817726
23.677662
30.841497
29.597124
30.033257
12.576631
31.606104
26.343151
18.045723
33.050655
24.583479
40.178146
33.624195
81.55262
83.64429
25.27272
45.420742
52.153194
43.5884
77.04205
37.587284
66.5281
30.565353
89.28065
36.458073
20.921988
42.190983
89.49729
48.500824
30.77539
9.050451
70.270294
72.95978
17.374395
32.58485
13.783869
31.550564
27.041542
91.76628
51.40828
60.122158
36.322067
22.16284
21.369146
20.967937
37.290897
41.588936
36.19701
20.103586
41.049583
35.713688
28.832077
31.331467
59.539173
62.49583
83.28409
43.59254
40.566895
32.219467
24.569202
68.46669
34.600094
31.107824
44.37418
71.274826
32.983166
66.6247
32.163334
17.159239
35.313488
79.65734
70.848274
41.72972
36.443462
14.29961
42.285507
26.664528
29.885279
35.59175
43.60578
48.12786
50.222733
109.593414
91.450745
80.66955
65.94623
23.68943
73.40114
41.367428
69.470245
16.339788
37.857983
26.3573
39.408306
48.903053
36.397026
22.721045
26.350279
75.92302
74.51713
17.217575
31.012957
23.768915
54.354794
45.91819
32.17297
37.276676
57.961525
13.863034
35.853355
32.79176
26.34669
61.626602
31.938997
34.374695
46.97688
26.381432
16.501999
12.664648
70.58225
35.103825
41.487057
21.06707
64.47093
94.29018
21.329973
30.210257
21.925055
53.495914
12.941217
34.569813
23.30851
16.334505
48.20771
21.27144
39.995262
61.645653
53.42853
60.06456
89.11671
21.94358
72.237175
50.162544
85.00894
31.082642
60.431377
18.949833
35.293877
45.07213
22.368406
28.47502
44.681576
21.427376
25.871372
35.228283
15.946609
47.937008
65.13048
64.29653
80.33153
52.707043
61.955345
34.40999
23.556786
47.40264
111.60297
30.492155
38.114727
44.27591
14.953806
22.54475
78.66123
97.85012
31.951658
34.296543
40.297817
59.34403
42.05765
55.190155
28.184734
50.08212
33.508347
33.523052
39.061752
49.95957
46.947594
37.828587
47.49259
49.72047
64.29602
41.458744
19.571661
25.702751
39.860542
12.913968
32.043594
32.38107
29.000422
38.17886
27.262852
27.079086
30.836721
35.625904
29.17865
27.363262
44.16676
48.40234
34.89804
46.58192
29.498528
44.601444
14.907993
37.01238
49.199078
35.31923
30.785906
62.03864
56.219673
14.836148
15.533892
23.535189
35.326595
28.358723
61.401222
29.4288
23.781082
40.117016
27.368511
28.286945
47.57269
28.72269
27.30731
21.512201
50.995148
26.622948
22.300648
30.467524
25.248884
28.868114
44.289234
59.561714
71.143776
54.13044
76.96912
16.702854
31.58061
31.206318
32.380703
53.740093
39.302414
71.366394
46.32734
28.713406
33.155357
21.197351
28.778078
50.200478
22.784395
38.749516
45.415756
14.086277
29.94779
24.040085
24.128725
13.620517
20.63067
31.189503
34.683205
17.112665
22.797907
15.892339
39.858246
42.279366
33.568363
116.2274
26.705467
62.44604
61.111523
26.931988
51.096363
29.977175
85.363174
14.423632
17.795328
47.18797
58.935535
83.04397
88.22573
79.87764
46.863583
79.96932
62.89622
51.06944
53.554634
55.329967
29.34912
19.958132
34.39683
36.437515
32.39081
111.78777
94.35788
29.98898
41.926918
29.565453
19.955086
68.544235
8.771984
11.352522
29.869864
57.183178
51.729416
54.61061
41.891693
42.54933
6.8588557
43.766884
86.32945
45.570396
69.45831
83.63431
62.42571
58.034367
30.330116
28.964573
44.747524
7.310615
20.525097
27.147316
45.102005
24.931154
49.359787
98.30022
49.187584
32.41861
25.60126
39.392265
39.09367
34.50833
35.116146
40.292286
93.54958
62.721325
61.78457
64.564514
113.40692
43.41446
72.25105
51.765118
56.04946
23.104362
17.682938
25.022669
34.98856
22.710379
48.779278
29.37968
17.116596
57.59574
35.33836
18.61468
58.570457
39.66635
32.15205
37.64382
22.678556
53.371075
84.53014
69.45369
39.68947
6.6336036
71.52202
59.140972
45.852364
90.86785
58.89975
53.065025
76.15917
57.45742
82.48167
75.89246
68.40045
51.967255
81.092354
80.283356
45.77162
88.001686
49.276176
54.462467
28.826227
24.103323
21.730574
44.247066
47.047184
72.24869
44.155174
50.03208
51.953358
72.78342
57.09699
83.4446
33.829666
51.176937
49.085503
74.74867
56.153942
59.745205
54.318382
100.51071
16.679075
22.538986
51.50433
68.490974
48.572113
23.365252
26.918694
24.248865
52.524227
36.854774
30.62339
27.22249
39.36736
73.47409
33.276474
20.883205
85.75873
83.29875
93.38096
79.890724
21.906105
40.984955
21.30624
24.282438
29.073614
41.901173
75.18618
24.802727
15.485247
22.330471
34.379936
44.918053
23.4773
54.34778
24.814766
34.451588
46.655273
39.91195
59.63749
30.707403
25.619867
25.233433
30.701807
35.040752
31.18893
23.786963
47.548813
29.678383
20.73811
37.575134
29.672895
54.53408
28.310207
35.852707
48.515263
55.986115
14.3296995
42.06297
25.280909
22.40352
27.707355
27.919989
34.3612
46.979977
21.71264
18.453602
10.674892
78.55279
10.318609
22.09857
52.236393
45.228535
32.416855
56.641808
32.596886
21.107445
54.39847
55.00213
31.247438
49.331066
92.20473
53.919712
38.208076
44.481033
13.435268
51.65869
73.88956
101.51909
66.362625
57.796124
67.96415
23.015862
38.565502
28.5834
37.071632
38.917347
23.182842
29.74355
20.56149
54.005604
42.041283
34.267216
50.07744
10.461865
40.36034
25.776003
23.399494
35.257957
49.595093
51.35348
17.675192
42.654106
20.253107
21.842384
40.68277
44.22936
65.14482
61.94436
21.855118
21.892544
63.879307
18.435707
52.16996
38.21839
34.17577
47.22206
81.971756
103.68904
48.9216
6.1328545
47.26623
26.602201
63.49181
75.50261
21.71128
47.623314
6.6177406
21.135368
23.67077
35.12327
55.26257
20.304085
23.21792
31.252241
45.40965
34.97302
49.934
20.731596
68.52179
79.180336
55.683388
51.18544
45.151886
48.19657
56.268646
88.45348
17.084547
34.43396
24.926668
35.589745
40.938854
66.28233
40.269638
9.677815
32.33399
95.33494
106.891716
107.55483
55.907005
28.301313
24.030317
60.221703
63.198795
46.081715
36.519802
60.973595
63.828857
66.13289
60.199688
72.11526
68.38629
59.206303
86.16008
59.169254
58.211132
107.570244
57.676468
59.26352
46.87409
76.10073
49.02529
51.90962
45.025337
39.877087
53.69147
57.154694
35.495773
40.432186
58.283184
49.39992
42.626503
45.726086
46.24827
62.706955
53.824265
54.641937
50.64438
58.613388
49.130924
27.03188
42.39476
12.04331
25.823523
24.63915
18.685997
20.836775
61.495625
51.264793
37.477325
12.603829
30.846495
29.348692
28.597479
35.692684
11.9642515
17.046299
37.02736
27.980042
43.769596
23.39569
43.762104
29.524342
26.011621
17.396378
22.21946
33.685963
35.973717
54.016613
61.997902
45.58754
23.736206
36.97971
65.88243
35.762554
23.858652
20.40217
16.49048
22.575603
20.567194
42.561527
23.842003
39.33228
29.430752
28.733631
43.645355
19.48436
17.39704
16.290417
36.13756
24.95742
43.37964
31.48126
69.35819
58.492443
38.933083
74.96628
70.405266
72.77294
48.39955
24.38758
18.048386
21.37521
23.973686
30.925179
26.183874
46.483997
41.698814
53.210358
65.4076
24.649067
29.574856
50.384693
16.40939
65.6533
18.759691
50.89164
35.133236
70.846924
67.8135
47.27848
41.122616
27.037664
15.250445
39.152508
58.15923
30.600258
45.577896
39.877396
29.308064
31.544523
56.497696
50.832474
51.091896
31.88249
47.829887
58.694977
67.71706
41.75267
57.378017
54.49184
59.905777
58.409306
66.24797
13.383524
23.375862
39.132065
17.025192
88.66925
23.411871
33.714237
86.23259
80.4534
63.7502
19.401993
63.874535
33.361443
66.56226
27.758461
76.64323
32.645752
26.486439
37.319733
25.343433
104.7297
68.477455
47.856625
39.66712
48.45714
74.5288
7.044285
69.336136
191.29594
89.755554
103.69703
78.537926
95.46451
92.51372
101.241325
26.614153
30.119944
48.89002
19.171656
24.259842
20.192442
39.434017
28.518835
59.6593
30.05074
33.539158
51.25455
31.797642
43.555553
70.328835
78.5706
11.392547
68.30152
66.56476
62.18471
92.19731
33.238506
19.537134
35.005245
30.264114
37.452618
63.001167
39.157246
87.887184
70.64923
27.615667
35.544357
19.731848
27.59403
50.20405
64.39262
36.93159
28.107876
63.67587
50.90483
31.647144
43.056175
16.45113
31.9702
41.494286
24.230104
18.488607
41.148945
61.72089
75.83244
35.031178
50.360077
34.464455
81.10823
53.825993
75.62924
103.01132
111.09995
87.18202
31.701057
31.158916
68.92903
53.813446
49.916214
14.78085
32.513866
42.570385
30.419933
48.05694
62.164986
55.535297
104.07817
54.70009
47.867046
32.600094
89.95503
18.810822
55.362186
77.00571
82.02246
51.665794
47.11443
81.550575
32.06615
64.71769
29.109953
36.526405
22.268076
25.25954
21.665007
12.137304
40.21081
70.89118
31.574211
36.746635
56.132233
18.237265
27.343622
23.931755
41.797054
41.491123
88.86377
64.63085
20.712133
35.39991
11.687222
68.48872
89.28359
77.17872
63.76617
40.212772
36.345222
26.675117
50.9819
26.58653
27.004578
86.15615
32.489304
109.16982
51.471012
13.847942
41.93671
24.933195
77.998405
18.627579
48.681698
60.021183
23.788826
28.281343
26.24015
67.41988
85.42477
77.78525
101.268425
40.88923
39.689526
34.078957
18.225874
22.571417
25.09781
47.832573
16.954815
42.308125
25.737295
60.46891
36.347935
39.85753
39.41062
37.422874
20.218592
53.93185
64.35747
23.248856
61.537907
70.56465
26.768879
33.581303
65.51117
25.975803
63.90333
47.918102
10.290859
16.256462
37.32134
36.31153
82.27671
26.71448
41.867622
26.527761
52.923046
55.327328
37.329437
50.46282
46.47811
30.463268
43.905846
19.088171
45.7007
25.319004
30.80885
13.765515
37.523106
18.452032
20.892515
18.973671
20.093897
76.17946
53.3866
31.303844
15.302934
24.470879
62.03149
75.80619
34.565624
18.799667
75.54394
32.32738
18.520868
58.58798
23.958763
44.730545
86.3475
40.008358
103.73259
33.025864
7.1485524
38.708176
26.837725
16.902014
39.617092
26.634068
34.03417
38.54973
30.288511
17.1636
33.61798
65.43451
14.641289
16.387438
26.31321
35.198208
35.624
65.751366
36.32811
17.239208
17.723364
36.629307
23.611326
35.660378
21.6277
25.30488
25.001196
23.363426
34.241554
33.68564
64.6154
15.596752
39.72212
35.388683
30.528852
20.898392
27.768644
46.268856
32.806026
20.952913
27.953253
12.35043
30.613325
10.312555
23.867975
27.964329
19.723042
29.926807
34.350285
41.88158
26.84894
27.041458
24.559425
52.778595
16.08714
31.280668
19.852251
24.934458
33.01821
27.284529
19.002237
30.585875
13.478172
20.618284
25.639616
27.464146
30.816677
37.277187
20.810509
19.694496
27.87046
49.745674
48.00898
21.45116
52.54915
27.73236
20.214102
16.64426
34.07358
35.66089
83.2035
21.509876
26.587656
66.04304
29.61976
59.426846
32.274296
20.096571
23.93668
14.671708
15.632613
26.255466
20.09346
37.952717
13.233137
22.224575
55.699886
31.619194
43.480255
73.76279
65.2537
75.304405
69.73533
28.503183
42.52612
44.849754
74.964005
63.953827
49.377533
68.75927
68.02486
38.57034
24.241558
28.481394
57.10841
10.17173
21.209534
78.99987
113.119255
78.63952
88.37241
102.23944
72.57384
46.64781
41.079567
49.630245
61.019985
122.59583
47.8573
52.419777
51.94376
88.8992
52.877686
55.393505
53.00521
64.81638
121.566444
71.165955
48.984898
92.850876
82.296425
60.47553
72.37027
65.522606
51.757076
55.438046
66.34446
105.96762
44.474003
59.65997
91.038666
27.066545
24.62038
50.803047
21.997873
25.265884
35.359737
26.046576
36.75254
31.737766
16.89962
36.450695
59.609653
55.27412
53.82083
56.503452
40.73817
30.652122
27.272205
36.82803
25.47042
45.739674
53.61103
25.412487
16.829805
31.982489
19.198154
79.30398
66.379395
60.370216
66.31851
86.08057
71.14333
44.838425
23.602758
32.011536
14.168574
15.957585
30.168262
47.77958
71.408005
72.753204
48.126896
52.40082
38.558823
37.724323
65.79351
95.44464
27.466179
40.56467
12.147451
25.639648
26.747395
20.741701
20.673637
40.187584
18.035288
51.946358
39.58184
58.24043
66.99307
55.4638
43.026546
42.382248
29.561201
17.602978
52.38691
23.28909
24.366262
23.879255
7.4446745
20.658611
22.301647
41.6121
22.15215
43.080032
19.578312
33.64649
49.91969
82.32144
80.95821
119.975266
104.71853
68.13988
43.76681
42.07806
103.968704
88.425255
104.41784
98.97104
54.73582
61.144375
63.014347
47.834606
41.95926
83.778625
67.8765
36.69429
55.98613
85.91894
64.24047
73.753876
50.4464
68.71123
104.054405
65.97817
42.688065
79.49134
42.170498
49.428032
28.199522
28.845581
67.23959
25.50994
54.18497
83.628494
79.07793
65.35666
48.75677
54.855713
74.83828
66.169235
57.789337
77.95419
20.82049
42.520836
60.82849
65.384
93.608574
39.96211
41.41471
72.956184
59.39626
49.30957
63.91268
25.351381
50.72243
25.030857
41.631847
28.679749
24.743696
42.800095
53.06097
50.924625
16.40587
32.780685
53.213642
54.4734
35.644608
29.084785
33.09637
23.13156
33.069668
35.612335
121.74373
66.57656
53.437115
22.447416
27.099174
17.630363
28.787624
35.54762
83.95846
42.767853
31.61669
63.68199
33.184334
25.316196
26.529116
10.9014015
43.01105
28.83544
9.4491
25.41651
48.11626
32.39762
51.441086
72.98696
43.214725
103.48228
65.09831
93.28576
82.19874
48.284595
44.908173
46.781475
37.86821
37.4207
57.588467
23.234089
64.01224
98.26581
61.078827
70.5961
70.10269
55.39859
34.405453
23.202097
16.373075
8.428134
40.0926
33.386932
63.000565
63.65332
64.67684
59.49311
53.06042
70.743195
40.59616
66.54399
64.413704
71.63609
82.6965
24.370441
33.73109
13.61595
23.208706
37.921448
25.977943
53.33065
35.476463
80.530975
19.000238
62.152775
24.020115
22.278515
32.186623
17.52053
31.090334
31.26463
42.907406
45.556484
64.49092
59.342373
66.24199
41.638027
70.97913
61.494633
49.05156
79.19803
50.605804
70.83599
31.49475
37.144997
39.274494
29.228958
30.74741
31.046825
29.003735
22.142553
70.143425
40.29214
10.7335
36.197025
19.68728
10.204973
39.137623
33.474606
15.85505
46.831173
60.56145
20.878847
38.21253
39.78959
35.594284
45.334213
33.526424
55.79892
37.293278
62.46132
48.27507
63.813107
43.22704
32.17752
31.144846
31.629772
41.22035
38.50856
56.813385
28.486967
19.21378
8.092093
15.179002
21.825771
14.985584
42.438705
28.880644
47.5905
88.85283
109.740234
45.27649
49.376877
73.19462
70.13262
44.844715
60.68958
68.42561
46.917446
17.628983
37.981846
67.99356
69.86373
22.447248
85.25015
30.248163
47.41001
64.08731
28.105131
25.37766
45.52271
32.71419
50.619244
74.93386
61.679367
13.431418
57.63812
48.204136
66.031906
49.841534
80.45027
82.43029
35.46431
123.21
57.075382
43.32987
68.12696
63.12713
58.888233
109.492424
32.71267
34.80683
53.843243
59.411182
67.87539
44.24292
66.236404
36.558746
44.71823
45.181904
63.187675
73.93281
56.591263
62.86297
79.98496
49.72011
52.74561
56.651608
53.93793
57.42042
49.89063
30.299921
25.550371
33.43828
49.97674
37.76215
24.788794
25.491951
69.45694
86.45149
37.35868
29.283552
43.732212
62.682823
37.588287
16.956276
32.057056
31.812376
51.882957
30.213774
7.9218225
72.96158
33.22148
5.725867
26.990128
44.50392
21.771772
32.31676
61.044403
30.691929
16.634392
36.433285
21.051704
36.10815
75.173805
18.46914
40.936703
50.350933
36.587162
42.687275
54.07486
75.265076
38.71183
36.196205
44.55943
61.101772
49.5726
16.531334
41.077568
35.26099
44.279087
28.67151
39.138058
38.806965
28.92949
16.987759
10.768346
25.698032
52.413986
21.14357
22.196018
28.752392
16.005308
44.421406
52.19796
65.04816
49.407085
38.30227
10.167249
18.853956
14.461116
27.462627
26.316631
17.634289
19.829157
33.721676
20.178865
24.350914
29.063747
47.385574
11.659371
39.98899
37.812714
48.843224
32.82408
35.47604
55.615673
61.13248
56.286938
60.96872
56.134068
22.520147
32.095818
33.838924
32.76788
36.470882
45.789062
24.856245
38.82806
30.234854
34.279537
60.18257
20.166553
30.452215
61.232845
27.781336
12.491714
17.268538
25.222021
18.341816
36.817474
29.20317
25.418272
29.16471
61.746323
30.15011
31.986605
34.868633
23.200024
29.085495
22.575373
48.2215
19.425604
23.906065
31.717537
42.442646
14.369238
14.654374
18.365545
29.09571
28.88531
35.635807
37.881702
21.073053
47.92116
42.98279
9.433824
10.823533
17.442518
9.737008
40.007484
38.326527
25.325195
28.231106
18.727928
21.74042
31.521997
42.1247
35.07442
39.182404
37.03014
20.522295
23.011467
14.357168
37.94637
36.804794
28.254934
25.992596
44.65477
18.609617
22.520674
56.38335
46.669205
32.027637
41.411533
42.676857
27.901104
23.685984
29.529333
75.722755
51.88034
58.726437
66.45144
61.123634
43.984673
25.874052
32.224983
20.31637
8.844102
36.13089
70.83109
56.725258
71.33033
69.18711
33.21786
33.340343
34.449425
31.064627
32.365887
10.329289
46.86053
34.53588
27.55801
20.443378
75.61413
97.992424
87.93791
67.291954
78.01841
55.69636
41.544178
43.246895
35.52663
51.321167
76.13682
58.970875
54.45168
30.832205
32.589188
32.35759
57.204453
31.842485
34.810135
33.316765
56.45529
82.4355
84.57482
61.86804
58.06283
60.617054
65.25156
90.55215
66.19655
98.44287
65.840706
55.45239
30.649343
14.105541
73.30695
111.735146
69.67226
46.990334
42.04286
16.120115
73.14611
49.019047
73.66807
54.320034
75.27929
120.88156
8.523574
15.2117
16.019196
71.54566
74.55944
43.511074
67.51617
80.229614
90.04615
48.337975
71.955086
61.236618
136.09618
45.138096
79.58396
28.343016
24.36802
35.73566
90.35511
15.8095875
53.003193
17.755291
23.406479
55.418697
21.726068
25.080254
31.494404
42.427788
29.835415
64.96937
43.206852
47.8498
24.261206
30.709051
18.217762
36.66218
34.889133
49.399345
32.29496
29.238132
32.287544
46.177074
31.528965
17.831453
7.545993
31.834557
16.60194
29.430725
38.208878
42.448296
46.010967
37.34418
62.310757
33.573215
54.59666
33.924686
24.166283
61.06083
60.691208
55.966114
101.193016
89.59316
68.98563
20.631811
30.465063
43.68688
29.915655
34.22168
78.86809
33.126144
18.129192
39.5508
40.28895
27.25941
27.292297
51.96964
17.459122
53.851337
33.38654
36.38428
48.740322
59.997383
55.912354
49.44631
79.27365
66.0683
44.416996
62.970844
58.548553
74.50719
55.51506
59.883778
44.805508
70.08669
122.15635
32.42503
30.60169
24.883116
51.19789
39.403084
21.019608
46.015675
38.281876
29.082172
33.13104
54.197067
18.238415
57.905888
56.35418
53.74533
45.705006
19.182411
21.026392
45.45732
14.536743
33.10957
35.654755
49.548817
48.70954
16.810509
11.314065
18.85571
8.682215
27.516138
17.959034
35.229465
27.791128
24.344267
32.9475
38.711403
43.7756
52.62532
20.196074
16.595705
33.810295
22.59769
35.94476
56.425846
43.480133
33.96518
22.068026
40.30812
59.900955
9.436461
40.669205
22.926506
25.502935
6.0111394
55.840267
50.035145
75.595695
50.67752
24.719246
20.741528
23.240019
36.113636
41.983646
75.96248
34.676437
7.82212
42.123604
48.43875
53.632446
44.53629
28.427143
28.250921
42.95084
60.560654
56.06554
38.440964
42.213158
38.94558
33.38586
19.750595
38.649323
15.948464
57.66293
24.472723
78.7217
44.981323
54.79562
57.462147
53.928936
42.530243
34.756275
48.11975
58.830303
39.310287
35.549324
32.425507
16.358032
25.12036
33.61531
16.81118
27.756708
28.383938
7.330849
60.89751
58.859463
44.059338
61.463417
4.7005987
30.623962
44.486576
96.44329
38.311893
57.12307
21.130152
14.407293
35.876495
86.01447
31.462376
31.429493
55.487415
28.828648
67.21938
60.114952
52.837597
32.552204
29.650946
45.53973
20.648571
49.13255
64.393875
68.223625
57.210567
72.90915
52.37727
58.716244
52.77635
68.51158
93.07046
44.396294
23.397451
29.16697
30.957232
33.55532
74.86645
50.90766
65.2257
50.914112
40.883312
11.655193
27.731123
99.753944
44.081886
26.094885
38.098656
39.21239
26.1728
31.23803
54.09431
58.23512
81.04007
45.773876
82.48417
60.780006
61.88407
34.73921
40.44116
22.086145
66.52562
90.71939
71.8801
80.56119
53.012543
39.1687
56.724037
25.877766
49.699135
36.543446
51.470226
83.01611
80.38012
86.43428
66.55396
80.234276
78.394966
60.82716
55.50429
69.30996
66.15135
82.80881
113.65398
74.33206
57.322556
20.324726
35.187325
29.292
12.344205
37.37537
63.717236
33.541447
36.43273
11.452004
52.894325
61.218693
65.93999
52.159744
58.26043
70.4529
61.953957
56.243553
80.63864
84.43816
60.671856
53.77043
66.58781
30.920588
41.01051
33.272896
76.84868
69.944305
65.98254
92.7561
54.80122
88.29702
64.26905
68.36832
61.05614
76.03428
52.767345
75.78836
47.104023
51.7697
67.63647
15.564029
35.779884
17.5013
46.390884
38.806396
57.299828
81.673325
72.23746
32.130863
20.77518
12.334609
42.899715
10.055992
22.534826
28.357065
28.882153
35.477528
59.570545
70.10606
85.248634
44.027077
47.993744
81.879456
76.58837
52.37006
43.345146
74.589035
66.45933
81.83969
94.35094
58.60332
67.64841
55.866215
72.44342
91.8778
31.57346
54.116787
45.332012
76.72322
94.0512
64.25641
63.974903
63.12246
79.50711
52.965595
76.68629
45.04398
60.850163
33.23581
32.066635
29.910463
16.391909
39.643032
14.428464
23.547813
24.101748
13.74155
17.685617
45.848045
27.92573
29.65979
23.98906
22.729362
21.288908
35.38437
29.25733
28.01094
65.66899
26.30598
10.238721
35.54306
28.128254
35.687447
43.01741
47.714977
24.04311
54.797516
13.333053
14.050263
37.542435
21.210432
57.75222
49.607334
64.105194
49.815727
14.315388
14.810752
17.095068
24.885551
36.806274
52.354984
3.082745
56.987423
15.560233
54.736954
25.919497
20.41542
53.558033
13.753532
17.159601
18.873075
21.289864
10.122858
19.722485
27.474907
71.64874
17.681612
12.048252
9.428222
46.373653
85.366005
67.635284
67.65405
45.61032
51.893517
37.846535
46.459854
31.691217
28.114836
28.291582
48.398426
52.246353
47.32515
26.403887
103.099365
48.482853
27.068813
45.1232
108.61626
39.218098
117.998856
41.705956
71.04704
64.87271
35.58053
60.799507
55.143227
53.21668
53.81208
71.60317
51.43117
79.55587
54.69334
45.713467
63.666855
54.728226
77.48414
89.009056
115.33534
78.17225
26.224747
24.402712
58.623676
84.947815
59.771576
58.628906
38.4605
28.740738
24.644081
51.144287
25.320608
64.7376
55.490883
81.387886
46.59811
51.172905
102.38968
49.774654
62.341114
50.45019
26.752983
44.61525
7.9199467
21.19226
47.50454
19.482294
73.93502
79.176865
34.89061
44.447433
45.29949
26.598137
18.080866
31.80796
20.916204
22.895658
31.70902
44.320488
47.78519
44.328754
42.644653
39.58807
52.64826
56.5448
21.70302
29.200323
28.413977
20.699106
15.5632515
23.58988
22.313992
53.308754
48.655365
68.41533
39.99546
33.817657
25.1194
13.510204
25.966904
57.86098
31.442476
28.786963
20.365658
22.118572
29.873991
39.98546
16.421526
86.62392
28.316256
46.638325
31.64644
60.61571
44.792255
50.436573
72.719
65.50208
113.411804
38.681286
29.63299
34.702744
55.65766
58.61557
46.534927
61.572773
30.09864
18.957838
32.4317
23.173546
31.102417
36.247093
26.861689
29.163504
22.59892
11.475829
41.730244
30.550365
16.138086
41.81595
56.231632
30.085125
68.009
94.489655
50.165283
44.581406
89.21679
102.20625
93.78397
71.60789
25.357922
32.647213
18.232994
28.852554
25.752104
56.86387
43.49363
50.174526
28.199064
49.520714
82.43528
52.221634
33.2761
18.15229
53.969833
42.047516
53.00678
44.308895
27.904058
25.590504
78.93432
32.289997
18.061468
25.835869
33.526314
40.91005
25.666983
20.139122
27.350958
58.824146
25.813108
15.801888
29.330706
16.114466
44.27752
26.391155
42.032303
41.523605
59.10413
68.75882
31.227846
13.847989
69.07998
36.013157
37.736465
20.175356
56.07317
55.170536
35.000927
37.39056
34.39348
46.043827
38.5215
32.454746
65.81025
41.909943
42.719288
25.597342
42.80397
49.311646
59.78415
13.690066
60.09975
79.13438
55.551956
68.40181
159.73784
78.09152
17.927555
17.480188
27.398449
15.722118
28.38342
23.195583
35.949722
14.666277
28.599459
34.818554
53.533966
58.33508
62.647186
46.37214
66.68266
46.401836
43.405384
64.582115
19.0876
60.868217
15.203022
19.135086
52.89248
73.8478
39.029747
76.45156
13.455942
49.62563
63.089645
45.355125
86.64122
25.354826
34.40248
30.653044
79.9251
20.729631
41.10045
45.10948
11.469853
34.876083
31.86235
27.003592
42.64695
19.691786
77.53743
53.904438
57.367847
5.389938
55.76445
36.22826
50.776577
27.17157
36.234554
46.376907
15.257621
41.502617
35.659176
30.273212
68.262215
35.27401
16.187187
58.880547
37.310318
76.555214
112.21262
70.66374
35.184246
20.461517
52.264217
18.76117
40.967613
48.62711
49.81698
30.016891
67.610504
20.42949
10.845619
25.248459
55.789658
31.126528
37.435673
38.94541
71.08959
24.911657
38.192028
29.354788
37.560387
32.300297
57.10746
22.033628
72.49897
32.75325
19.785553
14.430093
25.759085
39.32273
83.94796
54.243755
76.81591
99.989815
99.7297
14.375302
60.95949
48.462387
36.10341
54.6865
47.0179
35.96564
32.902557
61.709885
111.60337
70.78955
41.749393
42.563354
115.707344
88.02592
98.59274
55.32041
54.498135
46.63401
77.772095
105.91958
57.42261
75.23778
75.58763
49.209763
61.267735
42.471275
36.707314
56.807457
32.36575
79.31643
129.38274
70.82296
69.80098
76.945206
38.841908
28.518982
25.958593
53.750328
95.257225
59.886864
59.25665
54.674103
77.77095
56.788605
54.091385
72.99369
23.0007
33.96665
61.831596
33.98557
47.26653
35.272896
23.639378
64.16599
118.13686
49.37111
35.974007
38.470234
49.98524
49.38533
35.150314
37.257557
56.293617
21.814453
52.90841
37.505005
36.984386
43.31583
31.631819
29.40604
49.2305
27.984604
22.974804
31.225113
22.442999
44.46524
57.449654
15.349002
27.033358
67.75305
48.667572
42.579926
95.96034
43.74076
16.556078
7.5002337
28.185854
27.079275
32.84391
19.503033
31.553831
51.95701
41.127567
18.641367
23.445374
25.498938
32.192844
54.36569
59.669643
48.852367
61.43164
53.541317
57.649506
42.10688
8.32519
20.377098
32.784542
54.5359
48.55975
23.38181
16.55515
28.924465
21.547295
15.129289
23.735703
25.824936
29.880325
19.57916
36.500954
40.646355
65.30037
35.3804
12.60882
39.12987
37.04383
83.92558
74.524414
48.4448
64.47574
75.593544
54.132057
67.314964
87.31052
63.067368
70.51879
26.404758
36.555496
34.600384
77.404205
41.53282
35.756763
79.617905
39.453262
41.23347
22.507868
57.78608
36.26853
31.547083
37.158215
20.4154
68.35905
15.547827
71.07486
40.070946
45.716568
66.57541
113.98096
79.96166
58.988327
92.93692
79.197426
84.34921
43.69172
19.918297
53.085026
46.260242
44.399364
18.104721
76.95847
43.18644
29.91967
51.80591
47.33835
44.145287
70.212654
47.44085
55.81729
58.71585
64.38106
101.58664
23.288904
34.37143
44.116135
78.22219
63.00282
71.38715
40.502575
17.4589
73.35576
46.193363
21.69317
69.31378
87.29603
86.29196
59.31264
51.05176
110.64139
56.428062
39.15443
24.291725
17.86943
21.165869
45.960255
35.538395
18.196983
39.710785
67.69848
14.742962
29.286785
84.970955
40.495567
44.78971
26.219412
56.86896
78.00313
49.59875
62.857365
53.471764
21.331743
42.55183
58.99936
61.113964
67.24424
23.930326
29.164888
70.07116
42.62249
45.969032
61.034374
59.03379
48.96113
51.434513
3.8656845
29.616623
53.79531
21.37049
36.378204
31.086958
43.69468
26.314243
46.788517
35.82517
55.302628
61.16624
46.99636
41.899612
46.38605
49.23448
55.96653
34.232914
43.539303
37.36626
19.501926
30.360727
32.907394
52.6087
73.44198
23.603003
39.49611
29.638762
23.51522
31.893482
10.3751955
12.751094
55.274418
49.775078
72.92143
39.120296
23.003408
73.42526
51.627
49.80806
79.08395
56.558086
86.625046
60.27168
69.207466
85.16162
21.51901
38.3591
30.343634
18.589611
49.385235
22.683891
39.938927
32.84398
31.491943
20.87213
16.150604
12.016231
29.65395
35.30225
19.522602
20.32113
64.04565
33.437477
7.490882
36.055443
15.470242
8.791362
45.91171
75.98042
40.410355
52.86897
48.239464
24.1577
43.186966
25.071209
22.374384
30.166048
9.696365
40.23962
34.49901
33.894936
34.626392
17.961914
23.546028
27.72186
19.866575
7.1834354
18.667322
40.35822
33.29884
38.60994
36.49567
30.194847
33.51614
34.258793
25.29656
25.15314
24.477785
32.60636
41.877174
26.986025
42.379128
23.084316
35.66509
55.484432
19.122185
43.95376
18.404678
10.780918
43.23756
45.835274
28.603045
57.40184
17.018578
30.29757
55.30029
25.67583
38.43784
49.88482
92.68557
55.90233
27.386646
13.51813
22.772022
36.17004
59.257484
7.987401
26.706589
28.065752
47.646294
35.45062
31.958792
55.518505
34.414337
27.543169
43.16079
23.539879
41.942474
40.013927
65.32536
22.65817
26.765326
76.0964
97.596344
74.88415
73.7534
32.135765
33.02486
68.93558
17.459906
28.980034
16.702477
38.06401
34.735558
38.122375
42.93542
33.759842
74.295555
16.523514
41.30229
34.656086
51.508892
24.392996
36.138195
28.180218
83.284134
44.48492
23.182766
23.300621
49.15006
39.77604
98.81093
71.53211
122.644745
85.58612
85.52626
57.33036
52.739967
52.04534
50.860462
76.942696
48.89429
88.908455
35.197884
70.34126
40.582836
26.070627
15.246085
17.328754
25.884836
27.951303
17.397799
31.084064
41.25382
48.569824
108.97158
86.66689
56.37714
112.89981
31.679499
43.64589
24.782934
24.661755
61.87095
20.834148
32.75888
38.60838
33.52844
16.244596
35.485287
52.87819
45.717236
29.392685
39.40321
13.715154
23.232214
25.668861
28.269245
42.47559
29.707487
30.076767
24.874605
32.18309
9.502146
35.76173
28.71929
29.918201
43.62958
33.296886
22.043518
25.869358
37.87376
15.736944
40.262688
37.185955
19.594902
107.04813
58.60501
62.5541
92.65636
52.996445
58.46374
104.34921
64.25207
102.58576
69.78194
48.498146
27.906702
51.999855
29.06065
26.580215
68.59156
65.15515
34.4786
46.98798
38.815582
20.589441
19.76405
43.528774
44.17162
31.531853
35.76799
41.93932
35.2733
30.60124
47.97519
18.043457
44.609127
53.7131
18.9692
31.604221
33.016407
25.485683
40.066837
29.594624
23.53193
31.870249
31.374798
32.491318
31.592312
81.26799
70.92652
38.773693
29.778427
20.3939
30.137547
28.82925
53.77599
82.78302
94.272675
119.23187
44.130787
41.339855
82.95048
25.199228
