371.19885
48.827503
103.604065
83.39545
154.89201
78.84964
48.35615
71.747696
44.366966
69.20264
61.182808
47.313133
41.27041
77.9272
85.34648
62.616287
148.10712
66.21127
43.8592
64.52876
50.912315
76.35173
79.47816
53.39857
104.2856
27.686884
56.984997
142.57164
115.403915
103.2241
122.91376
88.03274
60.760223
39.941525
50.710655
17.002083
47.88069
102.08109
77.71884
52.069916
71.86618
36.52862
95.06987
38.093174
71.82838
33.84664
141.70709
97.63172
88.843216
65.57552
97.014694
59.187576
76.55792
76.58176
118.23517
72.77369
116.065895
99.609924
62.990353
74.44001
88.44921
43.950104
93.35296
79.9525
93.25391
80.92081
116.94363
68.084724
62.535072
19.397652
57.933384
35.708115
59.336266
39.541527
100.16351
10.181444
59.389896
71.419304
141.95488
51.48996
110.247665
147.59677
126.89254
45.208694
39.5695
59.592228
114.76649
7.6621227
114.39485
51.72703
36.612976
43.964542
38.495705
53.17
99.393196
51.66861
59.85374
60.85508
131.44687
97.049866
103.81842
70.66414
72.41526
89.42994
153.1196
70.92942
78.48773
98.69061
53.584915
107.32639
68.95064
112.0231
51.66155
127.72585
76.441826
40.60554
68.32271
55.02248
45.460655
50.80157
78.77258
31.839382
54.5614
55.720913
6.4296694
49.58818
8.793278
90.88031
71.32511
31.56977
82.25597
46.73838
66.86943
80.629745
19.127474
104.7245
59.326344
37.837814
64.19131
140.99545
96.65297
86.77122
78.78621
131.13934
113.04008
104.95751
54.824306
67.91891
19.445372
51.86804
43.62894
70.153564
76.095726
37.85032
33.14322
66.1624
46.84354
64.840004
68.09031
77.644905
108.21754
60.38022
79.452225
87.66368
42.84537
73.63121
55.843292
43.25486
35.924168
107.15622
70.45639
88.32311
82.011086
132.49521
45.924107
84.07154
12.893367
103.79848
172.0827
77.254944
96.800285
117.58008
126.96435
50.53538
78.977875
17.005407
33.919666
55.881046
58.638134
52.389805
49.04109
56.0485
62.566727
44.256226
108.48039
58.096203
96.2261
76.729164
67.921524
69.65794
110.05834
75.841225
156.01851
53.517094
66.20228
67.199196
64.71646
128.65656
141.13454
59.740166
90.64926
30.900246
31.508257
26.829485
73.8969
28.538853
65.735054
36.506485
18.256218
55.328434
80.35581
67.19983
21.471495
42.35849
78.5717
34.782394
74.73892
45.319508
68.170784
32.953346
40.9913
71.62614
116.15455
86.58227
38.803425
29.01034
54.435936
7.131267
56.812443
61.96035
102.28164
43.122
52.0616
87.365685
37.418472
68.67146
42.885
121.60914
42.133167
29.12855
50.258003
50.3657
42.81344
58.702404
94.99079
34.368114
47.08582
84.92473
35.18911
68.01944
35.140987
39.480827
114.004074
135.04306
118.692986
72.92333
57.781586
51.8622
58.587364
74.15281
111.962715
39.889553
53.642437
116.17146
99.229385
46.44385
70.53229
80.79268
79.320045
42.617085
61.306828
56.077286
55.798042
106.760895
55.061947
108.5204
99.41312
32.3671
84.905
105.8571
80.44158
104.22883
103.54845
85.7477
68.092766
81.21473
39.237125
64.30106
153.86432
25.57069
54.986866
48.99
63.87835
58.33723
189.68825
78.568695
55.493057
72.84152
60.23301
22.92591
55.16356
14.0199795
85.10896
34.260365
72.6868
17.912205
58.567062
61.094643
49.057304
39.764225
61.594048
78.139656
82.846466
73.49569
75.065254
89.3703
43.321144
67.04967
91.33673
54.259483
73.79929
84.385506
75.41914
17.507215
35.668976
12.218127
34.20993
52.432938
64.97241
35.016014
19.214655
71.50571
45.43625
55.689888
84.463234
50.518612
18.62236
29.204702
84.66255
115.38137
141.76602
62.826115
29.014524
89.44126
30.42661
23.75071
50.64919
64.13303
97.106766
114.30204
58.840874
41.347
110.73766
28.349676
57.501205
26.194021
61.643433
67.719666
77.71707
64.364784
98.12922
94.59992
25.858187
6.852241
37.76806
40.27196
59.140213
25.712082
62.430206
108.94112
79.295555
39.52555
48.249527
103.97947
96.48815
90.42616
75.39124
62.06034
73.492256
35.286236
57.51375
70.475266
119.37057
103.84434
128.01642
56.78338
109.643875
87.4593
93.7498
51.81717
64.51994
38.36565
93.24961
38.36666
48.03676
61.127132
36.302963
75.643326
57.228416
51.7604
79.39385
8.203314
95.535065
17.727987
40.59771
43.45769
47.140167
39.929565
66.077675
62.098576
116.09085
82.70965
104.48667
17.153938
98.849785
65.46922
23.835556
56.5068
40.471073
28.667461
81.33333
97.52484
104.09808
49.4546
14.387265
60.894028
31.184132
109.25515
62.776752
39.632797
88.292366
40.03004
76.90692
95.842636
27.298828
4.225365
11.755415
35.30395
64.86868
10.526828
57.842667
52.796215
37.814808
74.77849
37.281555
110.82353
88.327576
69.37923
83.78771
75.67558
124.16857
56.723263
73.64714
50.90972
31.414185
43.213287
51.554462
132.4274
87.97604
58.84709
98.241486
76.171005
173.10703
39.370205
74.12708
54.810566
52.64109
44.298588
86.60152
80.00552
66.95344
42.86428
30.983543
123.136795
27.781382
52.3438
56.109787
52.135815
49.735497
68.28717
108.51879
35.885887
74.96357
38.560684
62.8615
76.1749
40.90001
31.32307
92.90279
45.023094
51.370193
98.58658
31.438496
72.79553
36.41295
106.990746
48.76251
77.43992
12.370649
58.059624
31.184036
47.15362
57.50818
76.42023
111.6717
99.510704
107.46184
72.944664
117.15452
79.65445
66.82106
14.467454
46.993813
96.63264
94.23693
59.835182
96.41497
117.06352
45.49313
62.74083
52.27649
9.224515
9.596338
71.24268
75.42863
22.719982
107.10882
69.877785
32.605602
91.96862
101.21452
47.918472
64.676476
37.71877
28.782465
84.68831
92.47368
80.11849
79.40478
68.923035
98.72524
94.46773
57.657127
85.84848
98.349785
79.743614
72.86681
129.1376
70.20723
127.71886
100.385605
106.75128
44.847755
43.202587
50.176823
59.050766
106.07903
40.281147
58.571163
108.768875
24.038408
58.586285
64.908714
76.359
36.221092
71.28482
45.164425
39.88598
85.401855
66.711784
51.084248
52.437706
131.64687
63.237675
49.199673
102.97733
10.8510685
66.41137
36.928467
85.70455
108.4541
37.31323
35.943043
50.053036
33.46251
27.56552
88.81057
15.001474
21.15263
83.08548
50.772972
19.235865
54.071533
189.27722
74.61617
91.618095
50.728695
67.263535
96.84995
50.874233
29.118826
69.1633
16.153376
104.05163
14.690866
79.079185
41.889477
120.34012
30.950632
36.11776
90.68617
55.17274
122.25601
40.244186
45.25678
61.99362
98.90635
114.61851
39.915993
148.30823
80.85796
91.443054
137.865
104.10793
68.471214
101.542435
135.2536
61.815163
60.18818
42.591763
72.48138
79.033714
79.23997
49.054672
129.96082
78.69346
77.98655
52.11154
44.60881
109.75901
39.79416
126.92802
22.756655
10.937226
103.40246
95.44844
37.256397
27.42247
55.328556
83.40981
53.971954
18.219812
13.123471
88.53276
46.68187
111.95889
67.904335
89.08019
61.395786
32.11076
97.50562
39.00492
66.30298
69.862274
54.10992
82.07611
61.883846
82.38252
103.80811
54.88647
67.28801
34.1029
144.95612
53.14241
51.582497
62.8935
40.544586
21.254255
30.005817
93.905266
65.252396
34.41333
82.27058
86.6093
100.70795
90.55103
103.773926
100.69846
52.014957
95.53853
29.323797
54.851227
23.953253
53.633278
54.155293
54.07454
39.734814
51.645905
11.942382
15.8214855
37.70207
43.156406
80.61678
80.67472
34.357094
54.0379
63.890724
94.0247
81.51459
77.29249
110.25772
55.33784
103.67003
68.2363
31.615833
84.19215
40.798233
10.139228
67.50754
137.95363
88.83791
58.50759
55.225853
46.129196
64.8695
36.71704
38.292843
48.569527
67.16272
49.421642
34.73639
69.40367
35.686127
73.418625
50.30077
30.555176
62.71723
59.10284
64.99443
39.384293
81.219666
62.93621
12.214839
94.79381
28.046917
53.686363
87.601814
29.67565
29.611858
64.8919
52.928432
54.717022
103.19092
31.335316
35.346207
52.083473
91.41552
62.500553
50.734932
18.867317
96.39161
71.511696
21.17572
42.092182
20.1597
52.530956
47.88049
29.635286
83.45097
23.156391
54.972134
53.807945
18.089521
65.111145
18.031288
70.578285
40.526432
72.83037
81.00129
99.98079
35.295635
18.447077
34.99452
49.261585
31.759241
26.190584
91.033295
51.23773
63.054092
94.86803
49.679787
73.27226
43.024193
64.28516
72.89323
53.26078
59.58588
29.12146
75.07362
70.498856
96.57937
73.42973
22.27687
66.706215
53.81539
40.597176
49.661625
120.93833
115.048515
169.4322
72.04361
99.06579
133.79889
89.94326
207.98927
122.00348
120.2901
85.82088
120.48754
97.41029
106.21949
111.20529
143.39586
120.7942
90.065186
100.956955
126.13811
127.63512
44.778946
36.126415
61.53156
111.465195
77.188995
32.25316
72.02704
61.973755
93.14241
61.89021
103.81563
58.493847
14.375762
66.452774
153.5493
51.1773
131.65869
46.06247
78.137726
56.034977
66.02739
18.013535
57.784737
124.814095
82.17612
74.94593
57.04623
64.124626
64.66624
67.91554
60.357765
126.25333
27.87719
46.195114
35.301506
89.32834
85.5579
21.323336
62.40072
51.652035
93.53823
134.02222
70.83131
27.938526
111.403046
23.200106
51.900005
64.52383
66.92778
39.48484
10.763725
58.473705
90.40833
61.40243
73.21971
54.323013
63.593372
30.281408
46.4971
98.056755
54.20504
57.66033
33.672596
37.242844
70.93333
37.733936
65.86249
57.538376
26.173874
68.4738
72.23101
112.4942
117.10505
42.56297
131.21594
88.45591
57.14027
90.54477
31.894943
55.013268
32.425404
44.78583
55.590076
14.299957
57.75474
114.65025
117.1346
122.83719
74.92202
104.387054
75.05996
17.80456
72.192894
89.05681
64.19985
193.01387
99.05264
119.8993
66.35757
44.80695
72.225
78.27061
73.85397
33.404686
87.481155
9.784016
66.54729
37.732277
23.88295
19.066492
19.732826
84.123184
97.44755
77.47759
85.55086
69.3931
58.83291
89.20423
18.196125
68.512375
15.188441
25.03459
90.80696
68.03127
53.85963
36.107777
92.62986
46.14875
66.2807
11.376605
67.36575
23.677046
8.610063
46.36781
88.01225
50.573483
54.009754
30.340721
40.696205
64.32017
11.044155
64.95793
56.34588
36.50918
63.946224
48.31756
19.110601
33.938183
86.33548
117.47626
140.92903
101.583275
51.52611
47.625664
11.594625
141.93431
98.38172
165.0578
86.13647
83.5657
111.23037
57.91212
46.193516
53.337036
96.39145
62.675655
82.885544
94.98723
48.9348
59.6979
41.09052
67.1726
53.89602
85.30126
113.34322
58.02332
24.542202
68.18603
12.024878
42.85824
31.060265
59.17964
46.76689
92.66776
59.909767
83.72535
159.63423
160.26707
53.948097
39.013824
91.2395
43.425438
56.90546
41.676723
75.73859
42.14709
45.870018
83.06983
67.60321
42.34066
75.77155
88.73988
85.23208
162.51346
87.60453
45.184658
76.11786
37.90579
49.847523
72.304
99.18399
83.93412
99.667404
42.87493
34.601994
78.63838
44.390736
56.94355
125.39116
18.078596
74.29296
86.755226
85.07393
75.997375
33.08615
112.293396
112.99162
45.975513
40.37971
100.734726
90.66897
68.72766
6.339403
70.642136
51.064083
74.228165
81.560486
118.29239
76.03107
120.484344
57.689434
56.874477
26.999378
55.486084
38.92807
34.420563
55.227802
39.351364
30.684242
69.67295
43.3512
83.61242
112.470566
110.40387
18.630363
75.44318
59.119667
72.21464
86.3946
31.523602
82.557755
8.131742
14.979214
51.5267
35.67963
29.31877
93.914345
174.62695
24.766428
155.84637
48.883713
51.500103
59.43056
179.33075
54.648956
92.96634
39.86149
23.919292
110.627235
50.812057
27.047436
9.624817
29.43771
16.067568
83.048386
111.03899
59.084885
72.04534
57.15439
88.57471
56.189674
55.895546
8.713533
107.809006
127.33297
42.076817
24.285828
37.52504
25.572308
129.3038
25.681816
80.981735
95.59
51.437817
98.41351
142.94673
18.413658
105.51813
40.533817
86.5123
48.166016
57.569077
101.686356
47.109043
43.950607
30.277472
107.143265
101.26521
134.69809
90.49917
128.94069
59.100765
72.07129
74.211205
67.06729
116.31504
35.831905
79.89651
9.953752
39.96188
60.99269
43.31708
17.314058
111.47432
83.11244
58.226055
76.61409
61.203102
76.3842
151.83098
68.8301
66.804756
40.641865
37.14408
70.40917
36.21079
49.530846
76.88278
20.349428
36.212677
51.876293
66.47611
69.049614
66.45426
35.831944
25.650917
52.123287
63.335934
114.02176
73.52808
85.86005
192.59328
60.96312
34.78714
42.29632
56.311714
16.71836
55.18916
69.10888
32.978413
58.849644
117.40454
19.177496
49.769535
37.019836
46.42202
61.337093
85.34753
73.238914
35.101048
22.601555
38.066917
31.46465
67.90258
49.759678
32.298065
85.643654
27.04865
25.099464
113.35075
56.5693
12.153154
64.34092
55.124374
39.727943
34.629723
107.924324
88.75299
41.947372
51.470997
30.462086
101.88408
119.59561
111.28066
82.60696
68.36606
76.31792
93.02563
124.37869
91.72338
106.06499
100.070244
99.9464
186.08585
72.68637
124.65627
91.06465
52.706043
31.698044
88.32081
70.918724
55.66717
34.975567
12.767217
103.5559
50.468224
88.272804
37.613293
57.245605
55.22116
41.42904
40.903275
67.25808
49.544765
71.912636
79.34082
20.737864
72.761116
88.16824
48.77956
61.64187
58.737747
85.05053
20.29298
62.378246
30.500742
81.984924
115.882645
53.214054
100.01204
72.96694
90.3952
118.853714
37.87855
57.874874
84.148674
86.78591
49.67726
125.36033
50.078094
17.267025
40.540226
93.81735
111.49261
39.794144
121.48435
47.61773
110.48096
88.48298
56.969097
104.99915
53.17986
18.77451
26.358335
56.441196
35.871502
36.451385
50.84933
36.99127
33.775352
20.094233
74.86944
129.03674
156.98344
30.673252
44.78975
35.147957
34.740494
40.958717
39.650326
43.28064
131.50653
91.9147
74.48101
76.71356
112.01251
53.288063
40.53567
81.23339
118.250496
23.677858
79.00596
21.25865
48.22238
50.98079
72.62389
16.862804
71.631996
85.48294
91.773544
210.25574
55.483746
60.635952
115.90868
51.193966
69.504425
107.20634
61.862217
137.79514
64.509514
49.475407
68.80639
59.916
63.345776
89.59502
31.289309
14.780242
5.3101444
85.75172
56.832993
27.348156
43.685005
49.68251
34.437973
84.83242
97.721886
63.09999
133.35223
72.97437
58.71802
172.26996
70.60291
105.46153
71.608635
71.88666
15.066908
23.171955
45.016777
55.136307
98.13284
49.7383
78.927185
114.79489
34.825504
85.14276
136.22653
81.48808
33.285744
85.27582
32.292824
80.03611
60.32375
68.77182
50.42134
71.00271
51.570267
56.73403
51.036972
103.10318
45.251293
38.060368
33.85213
31.554737
73.425606
96.93497
81.45177
70.314674
41.57157
43.956158
85.09589
26.636631
61.39765
65.190094
8.939334
69.647675
45.55505
37.72246
79.555305
83.27877
78.600716
81.5535
80.74328
63.39748
56.058544
64.5929
121.82925
86.4278
13.960842
36.089455
30.836721
87.45275
48.078934
10.698099
79.42352
25.401724
47.34746
87.450066
72.10991
81.141335
40.125904
50.46512
94.462845
72.73912
102.988144
38.525948
89.517715
39.748886
58.675343
7.128059
53.10836
76.94042
112.168
59.238247
64.99333
16.625343
58.695534
37.422855
56.35841
102.22035
132.5399
82.15556
70.34995
54.52534
54.887997
118.87573
132.19792
33.18734
75.120575
66.190155
5.894098
75.961105
17.875156
46.75154
61.60369
63.72438
74.528275
69.19879
15.836928
9.708037
107.7063
13.124787
81.14979
92.9023
54.439938
70.9106
94.84876
20.097292
108.01049
46.546703
27.903725
31.47619
65.80948
69.82466
34.76851
4.564001
49.27768
10.719311
9.424756
125.25055
11.45386
100.02167
50.312412
68.402756
41.110085
39.13393
52.998253
62.636806
101.00876
57.612583
70.91826
12.596587
68.22771
55.23621
53.71585
53.72168
60.737633
24.46672
43.457375
26.496773
75.6697
54.72419
36.402363
9.098077
85.02148
59.791992
10.829878
48.90278
78.47
122.51167
52.48044
79.49045
127.29678
77.91942
104.41735
29.18027
25.177017
17.481953
88.17009
49.61154
65.34784
82.39082
66.93547
103.32708
73.607765
16.252264
27.575596
68.883316
96.04167
58.2844
42.031578
101.40681
101.26447
53.7791
59.875565
30.639542
52.024513
10.590172
60.10529
58.653797
12.311077
77.65368
42.979122
51.243603
112.10851
110.30663
78.42586
37.206764
17.656113
47.81088
74.26274
65.995384
51.916092
68.92091
84.849266
56.580917
12.275217
36.78418
63.908237
11.766725
42.8759
94.49016
59.495766
172.70576
49.246788
61.60659
134.5135
73.959114
35.259647
35.546215
66.01548
55.499718
84.69618
102.30204
71.222824
13.790123
127.066605
136.57036
38.217785
94.49469
100.77674
102.963104
109.65485
90.54799
88.88142
110.0618
83.17205
123.5535
114.83255
86.08292
19.441004
41.003616
88.75889
51.770233
45.530888
27.228384
114.66442
54.284603
92.28877
41.244694
18.58047
24.00993
63.764374
97.03124
98.3871
90.6484
73.23365
61.606808
120.05992
24.255877
67.9806
118.10229
70.83627
78.64201
80.029274
81.30414
55.67978
70.26353
66.88797
91.60996
59.26079
41.100266
89.99188
103.55749
73.14651
41.631718
43.03986
60.76018
88.408035
68.32541
81.97083
52.104805
69.47635
65.02837
58.582138
129.0488
18.174036
67.66152
37.551098
117.63389
120.35799
91.15618
48.067562
115.488396
93.462654
159.07886
27.920918
52.809986
137.61577
62.796444
33.071014
58.371876
68.99592
47.94524
8.666651
52.477
50.588566
111.54699
32.959
71.3342
66.79706
60.381084
49.490368
51.883686
83.86711
128.54854
27.72046
65.6439
37.877007
101.31258
63.80478
95.84084
64.92527
70.817856
141.46904
61.458725
61.277557
37.6045
47.48246
63.16319
100.73131
17.324657
84.87026
63.791603
88.89718
58.29149
49.161484
83.35511
58.206512
43.76234
46.328136
75.212814
83.695465
103.442314
58.167526
48.538364
14.047955
58.42792
55.566425
82.230995
104.34508
67.727234
32.10575
130.75546
2.2654119
49.673973
32.489445
80.6467
85.43733
35.939106
92.20993
35.244194
25.621939
32.96905
55.976513
54.946564
47.963642
17.888042
114.83834
46.22954
52.299385
166.94997
37.62279
107.23464
15.956073
56.155468
45.43792
77.33151
69.80871
17.868872
49.762012
45.27455
35.43862
146.33777
36.469963
49.732166
77.843445
40.330902
43.58972
68.56952
51.668777
60.7493
33.184174
56.31056
49.737705
56.64089
61.27849
14.882608
50.55526
66.76071
26.224321
43.59708
35.51583
88.45674
118.95686
100.62632
73.49152
164.96713
64.18605
63.517437
87.99644
54.83411
89.641075
88.96339
65.97513
63.53727
93.402664
27.46357
29.084139
38.62419
38.29085
88.173935
33.23275
43.86503
54.02412
75.14674
80.53595
73.964035
56.485893
15.779834
38.121517
34.53566
8.581698
19.545435
95.70914
17.285105
36.04617
30.023315
46.862404
48.02125
51.507687
31.351187
78.009254
99.0275
68.29377
137.7374
66.84643
33.91385
25.572254
101.94138
4.9448476
92.63016
126.52246
53.53516
48.44299
76.99987
43.25363
40.944645
53.28941
81.82926
49.829845
75.84897
24.387829
75.94012
41.46229
118.44475
76.93776
91.30466
36.763336
51.39591
87.02985
80.805534
92.82477
58.934525
41.460487
28.661345
41.348595
59.012325
105.680916
115.055664
59.048847
35.56007
52.096767
50.267654
42.918633
50.36865
86.6173
61.108192
6.316953
21.033497
29.06473
10.798154
35.61346
41.49629
28.494545
58.89064
55.983116
50.60081
95.449326
57.314255
124.81474
126.98365
60.457348
78.07755
82.926025
34.1502
110.03438
97.71829
104.741425
131.9912
29.569082
61.725338
70.8846
71.4336
45.395493
30.264944
80.65036
73.644615
10.717163
73.12862
47.646088
7.551181
62.791187
112.357704
84.49645
81.561165
12.312904
68.404045
62.202232
26.903025
75.30885
65.48269
50.689518
74.316925
34.537716
51.622753
81.45004
57.88058
81.90046
51.228462
83.63944
65.9094
56.2741
62.12945
17.57019
38.582523
42.47643
50.659874
37.513493
53.743042
83.11875
45.40133
41.377262
87.76197
68.35924
89.829025
56.271996
58.855934
43.688324
67.61204
97.52194
119.973656
60.856415
66.600784
112.6964
66.71481
103.03429
175.4003
90.5552
55.62338
29.565596
14.240631
134.82088
28.647575
40.450523
21.830324
53.3946
58.185013
75.27298
106.03171
81.28409
119.04615
104.32672
75.23794
60.031567
33.275345
69.08106
108.13243
77.95388
58.552944
14.867754
81.48827
61.461075
105.15036
74.727455
112.25118
47.80464
52.435566
105.18459
96.93081
39.59594
90.00036
95.38106
60.47613
87.35519
67.77695
95.20038
50.642475
4.4044566
123.09871
15.463854
46.836937
122.34671
101.52749
62.826786
64.93044
145.7571
69.35832
8.801201
28.9244
16.154274
43.158745
67.58505
23.313377
64.03082
17.265789
39.803665
56.348354
41.016254
8.771804
67.09545
111.35403
101.99199
106.195175
117.11608
132.67822
99.2435
148.73505
74.39752
47.1788
97.58611
44.93112
51.344173
81.469
66.58808
44.99958
130.98712
22.403845
85.02133
18.482025
68.82322
89.55099
41.306206
61.852814
128.44379
29.401604
23.777363
59.196342
44.175358
24.752163
36.442204
65.12249
64.59104
25.49251
94.48679
52.345547
62.640995
45.958534
51.348995
88.561134
56.212215
81.38548
65.384796
31.88567
17.639498
12.820953
42.237423
38.33589
72.707344
91.10914
74.076294
53.846214
31.232246
37.191364
32.766396
57.638256
26.751196
94.89618
127.5255
85.64045
167.42587
96.948204
131.33397
58.667694
100.610344
69.80546
80.378784
126.31344
10.793208
44.540295
70.45458
22.086487
38.09253
73.71157
36.69361
40.257057
47.409077
82.60773
17.436003
71.74408
54.169952
70.14828
30.00517
93.4413
132.64577
27.892628
24.58519
43.27804
54.51774
51.601017
59.13362
23.807358
38.055435
34.27517
111.74141
30.229588
20.070854
62.282173
60.224598
56.901005
48.53927
76.9594
16.83816
61.188824
43.28251
68.87556
30.057627
126.9569
118.98711
55.05528
91.15872
124.32327
70.048454
119.747444
58.181007
35.65595
38.23075
90.88945
94.03185
52.347725
60.29761
42.60304
79.47222
78.16382
65.36341
3.1273234
22.132849
29.768364
125.073
90.819885
96.22272
80.71979
116.616035
123.57965
45.873833
61.112415
74.60047
5.4375134
80.38233
21.32603
6.102138
43.020992
114.74226
1.6594157
29.554289
46.717148
41.236115
60.18891
92.4725
48.898296
59.733242
69.83121
46.215294
63.10458
64.7532
70.926544
67.24691
16.386152
18.177473
59.137592
20.081047
36.399826
80.21391
14.606121
59.61862
26.30651
32.39547
66.96994
9.28825
81.84752
45.517826
60.020718
42.66008
33.405018
113.182976
7.2927732
59.95682
15.195437
44.984634
32.352108
18.62381
44.827484
59.093994
80.838585
65.67057
63.94781
111.76877
138.57867
98.65605
43.904713
86.17112
114.67425
73.450935
10.879894
35.37203
46.25455
71.488945
38.413383
71.35854
50.841797
49.99365
57.04763
45.461422
86.042274
97.18222
72.26511
9.1516695
39.166233
103.61641
18.647387
39.05786
32.753353
22.812744
46.92618
42.055737
66.038734
36.39052
142.06544
59.78404
44.819653
53.070396
63.293663
149.66449
145.812
33.519863
121.611984
73.75533
91.199036
28.004622
54.800503
97.35949
125.04786
17.603354
135.77396
83.92837
32.318287
59.651676
37.127552
47.794697
137.7804
54.764774
23.01744
41.72269
72.80281
63.362183
109.277214
81.73859
21.49327
17.441822
30.949661
47.680187
30.686174
53.16309
9.481297
74.87595
60.229015
26.078089
42.153618
36.25434
85.322296
44.978676
16.9529
76.18857
71.61462
78.803246
124.24085
7.8588467
10.101871
42.09108
59.791405
43.970245
16.281105
11.157755
18.450396
16.737242
63.06747
70.78923
42.07694
158.12466
94.95658
33.744904
39.84568
81.16487
85.01737
34.430138
82.448875
34.23738
50.96946
27.100548
20.998404
45.922665
96.65852
56.24999
56.229748
36.25997
85.99962
61.1819
88.51483
43.433067
113.879944
97.896286
34.77668
44.045303
87.73782
47.081543
22.315367
11.596719
48.502354
8.300269
66.944885
58.36515
36.142033
44.085114
56.05326
98.73818
36.906784
132.34804
71.161606
160.67375
60.60453
60.3911
156.03748
71.77674
75.62836
85.31333
84.783455
11.691185
37.92528
82.394684
55.431793
52.11075
97.7815
39.949142
57.05669
24.345379
74.34668
50.49103
109.20708
97.197014
92.38622
101.1557
84.26783
59.95011
60.503098
44.494015
87.859505
80.84293
139.4951
36.576466
52.012882
23.535145
47.7872
74.67758
43.197113
24.422792
69.583664
78.00899
57.717567
50.214554
16.299335
10.689607
54.741123
36.352062
34.122585
35.064507
38.73021
67.426735
97.15823
60.86372
78.93417
113.28267
92.74715
67.2341
58.425873
63.843063
30.54213
84.28578
18.298138
16.240938
87.05466
109.70163
44.51704
95.89338
110.04239
37.262714
3.2685943
62.562233
153.43478
75.996086
22.792227
34.653748
59.806637
33.37321
28.668144
80.088005
82.70589
139.07114
95.402214
66.986176
94.084564
51.993896
51.358456
23.00727
39.0671
68.01483
93.41776
143.20203
41.486393
74.40805
87.96907
31.105398
42.321274
38.383453
70.62564
53.159855
64.95451
130.02998
69.17396
60.10964
65.87121
128.88165
54.050884
69.91383
26.897636
89.000984
93.69925
112.42818
79.10423
98.79265
64.00869
130.54085
111.961975
26.53352
49.889214
149.08575
132.30888
72.89773
133.86447
198.03769
68.913284
103.35209
103.99076
148.4096
107.07044
128.65721
155.6334
31.398094
57.08615
114.424805
85.54908
63.601395
57.0462
77.99191
80.628685
91.73726
80.66775
76.47376
34.732437
128.33788
53.753
69.41608
115.67571
119.77372
80.1283
124.62806
61.600693
101.44864
78.5924
133.00107
158.26407
167.23203
101.8584
145.54375
50.345413
95.78501
64.8749
27.01992
104.118935
71.84237
99.90497
76.23843
62.614304
62.51527
55.815914
85.32322
27.191574
33.368874
75.69804
64.60853
102.50935
75.09901
40.255035
42.968857
78.18868
100.636345
148.19441
140.38994
167.56743
85.34243
64.34792
150.41179
85.53288
91.326035
85.892044
117.12626
95.56191
154.12648
129.86333
78.63082
79.00815
128.8617
85.196175
41.773373
84.201866
34.623573
25.289597
179.65875
53.64502
52.297382
86.98717
71.216125
142.20016
45.17951
95.09992
176.59564
116.17921
36.627243
49.779995
124.91577
60.97825
89.391174
52.40972
69.021706
144.83362
37.840504
41.424355
57.102737
90.91814
38.179543
88.05292
60.78933
117.92605
124.48661
46.77147
34.01722
78.82142
35.09401
32.63594
42.515
53.440052
114.00723
29.532644
49.4225
45.76616
15.072186
65.35328
23.757627
11.038397
54.910156
71.54057
94.57456
25.487438
55.412945
110.21498
85.75729
98.291084
40.260162
16.165512
166.21182
70.92201
35.244335
48.322456
88.24801
58.52433
45.649742
48.159843
18.64652
61.033115
116.89024
86.87091
109.56899
82.11327
74.91072
86.51425
146.82684
123.99872
233.39857
100.58708
67.13141
110.94687
81.43855
196.91985
77.961685
58.515316
51.205757
229.77266
103.388176
77.13349
62.222237
37.342236
36.944637
83.08817
91.512764
109.886475
105.94836
80.33428
83.65334
60.15636
85.615555
48.41819
172.34904
33.597687
144.37334
109.57203
75.57932
117.177155
66.25489
85.75967
84.445984
93.382225
95.98011
151.5777
159.28485
126.66246
66.56077
125.8574
125.49127
67.315346
46.055233
8.88943
60.79397
102.33748
131.68204
108.06047
74.31191
116.09841
107.77706
60.924034
82.17471
102.51462
55.832382
37.925922
35.416214
201.389
69.81292
68.91861
72.8597
108.53293
61.154285
101.46797
101.67302
66.13699
65.98793
92.68531
91.6044
31.878807
118.10418
94.696175
70.24757
29.044146
75.62693
39.588436
132.11075
85.06065
96.18498
105.762344
207.33511
21.855568
82.79938
104.023125
84.80491
110.21136
147.29355
31.141602
84.44907
153.21294
87.95297
59.629715
132.6955
104.689804
71.33445
25.717318
65.47543
84.79716
64.681564
63.321198
67.782295
158.82854
158.95569
91.71968
75.62154
164.07338
67.17621
120.22226
47.312885
61.830044
36.583897
138.8092
38.494965
55.48586
104.16497
132.28651
67.86191
71.93112
118.57224
66.899284
54.1441
37.68452
36.251045
124.13609
125.452126
101.58789
84.896416
107.83053
83.975
53.744667
75.944305
93.25868
16.105433
59.68591
44.459396
64.099396
79.48057
63.249256
53.407627
87.51639
60.617744
56.57826
80.98176
169.19403
92.70073
170.86484
59.33622
49.41469
130.18964
58.591156
163.14832
139.32465
107.58267
110.091545
126.57367
62.19746
70.35527
94.02937
44.724464
72.547134
134.1991
75.19524
141.19579
75.18827
78.378075
118.144684
29.17353
95.14116
49.599674
123.43142
37.878555
88.837685
42.47627
116.13863
39.646957
44.16938
130.78908
70.82858
62.10969
101.71233
97.23242
12.653486
53.633163
55.28682
131.04459
225.01514
83.12012
112.958984
112.16791
94.25185
12.544368
87.750626
148.54079
92.566414
191.22647
81.696686
107.538536
83.96571
100.30632
71.05611
140.21973
56.96239
63.822174
63.590454
55.77738
83.17041
78.914474
109.87469
42.03027
80.775185
57.25288
103.87586
84.7834
133.65509
68.37031
73.83157
27.550844
103.45214
146.97862
83.94656
60.41762
111.32889
77.29209
45.283863
133.12816
9.885525
106.10854
35.1496
128.32751
109.08036
125.7989
91.054
117.38404
78.80789
104.630516
61.386124
35.797802
84.79379
148.25545
118.70364
93.682724
87.21675
61.67815
72.07754
87.00538
39.518055
83.89222
115.27341
123.07468
56.33345
129.58606
83.054886
81.8033
100.900314
61.518875
103.29472
42.145817
75.40654
28.558035
72.254456
82.56729
75.236046
168.93173
58.68713
104.135544
79.18252
79.09211
137.68863
12.8295145
48.495083
71.90459
67.64177
11.961307
60.662354
164.4997
139.55853
158.31367
146.51186
110.79512
110.62427
27.915728
107.55771
55.696186
101.03386
77.09465
105.827835
60.93962
70.445114
66.04791
70.50975
110.69296
40.726383
138.17078
48.15281
108.258575
131.81464
109.62136
50.521187
185.70995
119.97776
111.07714
105.03735
89.8712
39.462624
89.13776
86.658936
149.27051
72.82625
101.33427
155.87872
116.339745
133.69424
81.80182
46.07195
66.94272
55.40526
64.48278
97.91846
101.87229
139.79964
75.90502
43.233437
82.13645
75.509636
63.610924
63.45102
31.291937
144.29037
86.01729
124.46616
55.227867
114.1248
89.3473
65.443054
45.406994
95.92506
214.10588
93.53839
78.17412
101.107346
92.59004
72.16973
174.0577
61.79227
142.43347
55.049232
51.264786
90.79645
84.0988
126.208244
94.469025
106.71231
41.0404
29.077234
49.089333
85.0888
125.90855
57.969337
253.01744
113.266396
68.612465
80.94282
54.91783
55.516792
61.406876
42.77872
69.2808
81.16203
96.24606
45.04624
20.467424
111.711075
35.382824
30.111967
62.63796
108.98071
157.66977
54.800922
80.0525
49.2866
58.479626
130.57
269.72556
255.18082
152.98874
41.938187
84.83511
59.734127
63.704445
66.640076
94.76713
70.33418
47.138844
48.661327
126.937836
105.51577
93.173004
47.528065
76.630066
99.36464
19.129654
88.66944
80.37026
96.53258
84.80988
68.348976
130.61324
100.95588
62.723354
38.886375
138.17122
86.13901
78.44974
70.1354
89.827644
7.410189
9.41654
10.0487
62.290176
139.96829
59.287846
101.092865
169.75543
109.03168
160.21947
68.592224
33.605152
9.138025
109.12227
119.87883
42.35566
102.76744
62.025707
48.261696
54.30169
160.8466
84.906906
167.33504
99.825584
98.82419
208.12651
201.60326
91.1294
61.654076
54.292248
49.75621
81.447464
117.539505
36.315445
36.893456
97.48958
162.6712
95.99237
47.98028
37.74145
36.297245
103.52772
243.11696
85.77957
107.98133
188.04327
44.49698
83.70395
26.890461
83.66147
9.58955
105.4526
29.18778
57.82992
62.734882
101.59002
105.41524
60.093662
83.08455
58.67166
89.07858
7.039865
103.70209
156.2836
73.9497
78.13934
14.969555
68.92572
53.459415
30.444695
40.46648
105.708954
83.362625
105.12914
117.43432
17.810537
50.456654
195.70813
34.163876
120.73041
56.862938
137.37056
84.7362
86.33747
82.59195
9.455554
124.199196
72.07067
86.10927
144.5333
49.634365
102.42309
79.563446
71.10024
92.294945
87.943985
86.535126
164.00099
63.10711
77.90298
49.833214
92.669044
83.001465
176.54543
140.20665
113.31689
84.517235
71.80022
118.10086
41.182983
132.58934
133.64099
83.28742
116.22946
110.54234
135.85518
188.66869
125.38943
84.69371
90.78098
61.37695
92.13766
121.56316
145.89061
73.594086
207.56117
149.03648
86.27089
119.86905
59.844727
73.24001
76.321495
71.75348
33.828846
133.21664
39.30552
112.91339
85.31736
139.7769
175.61961
58.51235
99.970566
62.35465
152.47664
95.18941
83.4342
94.09347
76.676605
252.73485
151.5342
66.258766
122.426575
67.195145
57.344883
122.63441
191.21193
10.90526
139.8123
153.88615
64.14844
101.418045
110.068214
11.174743
137.74803
36.061058
116.79712
35.68577
106.986015
159.787
78.26677
69.63307
73.11871
62.33294
23.461548
51.31111
98.67215
63.97677
123.81941
85.06637
85.238815
111.1813
50.232132
42.721146
115.48657
55.551636
69.397064
45.639084
55.011246
70.560715
108.045654
143.5212
100.26082
51.54944
255.25406
69.4329
112.315285
124.0903
182.54324
33.72621
17.12593
116.56808
82.93936
130.4001
81.01604
55.722904
46.22102
52.726917
67.630035
130.41913
68.92733
62.701157
152.88438
76.54254
125.43139
124.13699
109.26144
89.605804
28.323406
155.51122
108.51565
128.70157
197.05254
138.96298
40.33571
64.05918
55.659008
95.65685
84.21181
105.36521
60.253387
173.45921
175.29372
69.89225
35.242332
64.052704
114.93851
18.719965
62.110645
79.595795
40.381012
84.87793
81.6774
106.48044
82.28529
101.06694
44.43963
34.008087
75.70465
130.5694
67.19128
22.880836
70.9291
114.971115
31.396868
59.626007
71.60254
70.97828
67.69464
38.737904
188.58545
57.019253
194.45319
30.807545
52.107124
48.530384
115.30491
117.50566
65.75049
34.089954
48.956593
29.456182
96.32241
146.78687
7.565591
127.14246
82.871475
102.34658
191.70897
37.17855
79.583145
63.570107
80.15663
78.02028
64.808754
91.12403
117.061676
85.535324
108.70228
107.89192
9.696912
122.76054
40.74832
57.807793
58.225845
178.14021
76.918365
76.803246
108.47661
57.633423
148.8294
108.56723
114.021164
145.40878
87.84574
38.632076
161.6309
108.84365
20.646196
104.13798
52.862396
155.11725
66.670166
55.258522
54.270508
81.8721
81.58525
145.23083
87.67911
60.29176
18.046873
77.436584
171.69609
63.194336
130.71222
150.34575
82.7595
59.55439
50.92411
40.176926
193.4684
22.810732
141.00464
27.215387
89.92876
111.27835
63.249268
212.19739
21.805273
43.201294
78.43127
63.078125
76.74713
154.00122
50.593086
86.93297
85.014656
68.1766
92.85793
104.99016
132.25838
108.09427
29.1929
43.2606
50.205666
136.76033
60.514805
68.08513
68.88894
75.59815
65.33029
29.958729
32.617855
56.772385
111.141075
132.91386
60.28258
151.29619
166.84883
86.58216
70.574394
81.38586
84.79234
104.842415
37.553894
93.586426
79.16037
89.44121
18.395807
89.32119
166.81332
80.97383
131.3151
86.652695
28.862642
84.989426
103.513535
109.11828
104.64562
83.64645
82.51035
136.0198
88.28569
188.1884
117.2943
111.756195
36.13753
55.023556
35.842228
96.39656
118.30482
83.88198
10.587994
73.06931
108.08559
43.0327
55.198456
129.80179
121.74662
84.98004
115.665276
136.50397
187.18323
131.43425
153.42998
140.10991
108.570694
125.922966
147.14963
88.9442
90.803986
79.784836
132.09694
85.285965
14.172947
65.972916
19.015087
132.56328
58.17664
26.242382
60.793114
169.74377
160.47906
173.35338
106.026535
143.60985
117.75832
128.14935
86.03394
50.73275
81.51061
96.32604
67.87324
108.43584
140.4671
62.525623
102.99565
53.18801
43.847515
178.05309
103.7381
78.40629
70.08183
76.15535
59.565605
128.77838
108.73105
69.80655
35.84204
77.07499
129.19106
88.07784
35.703186
97.98601
49.25724
102.849724
65.26183
177.93103
128.25812
59.41956
61.18479
70.95517
100.04485
136.4856
110.6289
67.744705
72.95933
116.39014
136.20457
92.49338
155.11174
143.4619
118.96471
78.44377
59.624218
183.9442
64.45848
55.326347
104.40664
80.015465
75.57283
117.15854
32.534863
84.24512
213.4068
81.40422
163.00005
89.39353
45.38245
117.85756
108.001396
89.728096
41.572613
56.23459
43.65789
121.20404
154.2083
53.48663
32.689793
126.01067
79.522
81.06583
27.959839
136.04694
102.5367
100.72795
141.72899
114.15665
93.99533
19.856909
81.383896
66.573395
68.36732
74.54976
4.017436
120.42778
58.013813
147.18437
72.40314
75.966644
81.866776
90.18397
126.86683
152.65515
55.658745
84.211464
48.983593
33.5411
161.81024
194.33292
64.67417
57.770645
113.83388
145.60136
83.0197
64.00184
97.8491
153.54323
126.81114
36.287243
74.74352
114.59998
80.938225
113.00736
98.24959
60.16783
122.06104
117.85747
76.78597
173.9951
51.829765
30.61078
28.056494
19.956938
60.490646
75.652725
92.36559
193.56354
38.81988
107.32694
59.644318
113.20229
119.85549
73.45176
59.98943
54.049747
81.21593
85.23217
31.556374
89.8944
111.51919
94.19307
33.798214
62.197964
144.64476
63.988224
111.68836
8.030641
85.844505
130.66223
55.594097
80.05054
70.965645
119.368866
60.05417
91.185165
96.26666
142.97285
76.224365
59.324867
101.84748
41.793358
144.7581
96.33798
82.9071
74.83753
76.08088
95.04596
25.321335
153.86037
37.3629
53.53895
135.92165
163.53284
89.98026
222.72049
85.086006
107.063095
59.05734
67.841705
84.19917
9.392517
92.749695
63.08486
63.00199
75.402626
107.47192
152.42451
132.61937
63.73199
101.414444
53.69864
103.3199
84.97619
53.47572
97.35481
65.58491
123.6605
86.05442
61.911327
179.39343
140.50423
140.56197
61.126957
45.907787
85.81044
76.90462
105.26329
15.105249
9.921287
171.56284
101.503845
153.0055
118.684746
60.995533
84.65244
38.430504
160.78726
36.66934
55.47815
111.41453
95.84399
87.65026
104.56959
185.64026
54.02258
103.42705
128.51845
113.51011
100.92501
50.013725
79.476395
95.44145
30.964052
134.25574
18.42374
64.205986
100.55266
83.735214
22.246536
97.7937
21.675592
36.546883
87.14838
149.51498
128.76393
145.48116
132.13234
80.41041
178.35379
151.69115
193.2746
157.90303
125.74194
64.998276
125.06917
134.44296
84.39502
120.31291
18.756462
74.8037
65.58586
74.432274
131.84946
36.52916
91.58166
25.903767
42.175186
45.334843
57.203445
30.880255
73.08042
40.584427
95.516335
101.629906
131.33215
129.59148
70.67966
166.51723
75.624626
90.265076
54.084698
62.34325
56.62996
150.18817
95.19559
122.76832
78.06631
229.42029
140.09673
102.73103
129.99052
35.433098
139.95851
79.65727
56.878696
100.87808
67.0503
85.40274
51.24539
109.030945
53.318058
27.688309
41.449272
81.55879
162.87509
147.16069
58.886353
72.61665
89.40471
83.61543
76.64104
114.72976
60.16349
59.228477
25.935408
56.370216
70.89047
112.97003
118.27672
85.3113
76.026276
40.61264
53.299755
101.32557
91.29324
80.207855
111.84207
54.113758
81.13985
63.258976
38.147938
77.61979
106.071625
74.66747
31.319317
7.301609
76.09114
95.41918
87.775505
52.067924
136.79707
102.184364
20.666048
71.90659
128.06758
60.114227
99.3615
132.75916
78.94623
120.026115
97.103096
58.86766
129.47572
91.37886
93.27829
83.66453
60.25366
144.76727
108.70579
97.958176
197.14783
46.47368
118.46325
88.90883
105.22495
90.19256
127.904655
30.679714
100.11506
53.846703
62.55408
162.7909
157.15582
94.3519
47.352745
63.59985
11.169081
80.69143
143.00932
110.85507
48.6238
151.3603
107.22886
117.10619
79.807365
143.38272
66.396515
77.82276
94.65019
16.69129
45.109013
95.79965
96.25957
139.0976
83.79443
128.3498
130.0174
90.85675
55.693905
98.92812
28.091892
17.671011
54.50211
147.12578
137.87933
10.807012
82.54055
51.83991
138.4825
57.58685
88.904495
94.098206
134.10162
113.51224
10.896193
57.40648
165.4797
112.597565
117.54832
65.32274
98.85227
61.32207
72.82144
142.78131
63.956165
118.92142
115.306076
59.55395
213.83078
59.41077
95.298904
69.28178
23.864222
16.84003
107.206474
30.775505
12.679447
95.89505
143.78966
58.42605
146.8685
165.6902
73.78755
40.077126
122.877
51.34492
53.31717
23.380833
28.053204
38.915226
116.74958
113.516594
70.53686
73.53052
95.85207
83.21815
122.6398
114.02548
110.791046
36.785522
114.53711
83.56704
114.04532
109.12412
104.6413
156.59485
52.51082
8.777929
31.544418
162.5936
55.356323
126.055595
94.55914
84.35806
68.09674
105.6056
137.4817
135.71193
142.26955
56.15881
114.97253
122.831436
104.22352
61.571423
65.05012
68.153435
47.59668
64.72563
137.12991
115.34254
72.17257
44.09241
73.68182
94.94604
92.01999
54.7274
85.59161
135.2018
103.928665
91.55121
155.12102
83.03553
72.482445
40.85564
58.98083
120.73741
147.44434
145.31876
107.99362
196.74158
89.18095
140.81996
76.20267
208.9626
117.642975
14.787362
119.26718
82.38657
29.437868
45.983986
135.13704
149.28047
161.11923
86.70914
122.37835
60.522507
35.616207
77.59151
68.496574
116.191956
80.14244
135.47202
46.55756
31.578682
70.88176
35.32349
164.70276
66.95915
86.70069
95.17039
102.42168
103.373146
114.11162
35.94278
55.55715
97.802826
48.177906
57.757248
102.35755
80.206215
2.3620906
101.54789
27.928074
61.310635
77.344986
70.5137
146.8776
56.317696
66.65041
55.914932
43.689457
87.57812
130.17545
59.601925
17.76191
64.65281
38.773685
93.72985
126.21321
41.60032
99.21094
89.94126
102.14853
35.01189
67.8611
94.414406
127.99043
107.48814
82.3213
26.743235
20.01758
127.10698
45.476322
79.89562
89.83437
49.393974
59.893646
165.70662
141.21416
60.235645
119.29832
16.53754
73.526306
70.362305
47.17454
122.281876
30.32676
109.180115
28.204084
58.483448
77.83141
60.58607
40.61179
89.27172
35.67141
37.99228
44.102608
48.276615
112.21358
56.575626
66.88896
59.936752
87.455986
108.38302
28.296326
65.66542
29.23265
121.62287
160.38937
145.89534
122.145935
214.78322
196.53848
144.28848
119.996796
139.61107
182.65103
122.66784
89.7214
56.26085
68.0356
99.04373
125.711174
92.49664
83.650276
99.54954
126.779236
16.420052
74.32048
66.283875
52.616436
56.196983
111.51583
114.24564
84.7654
23.680326
161.57025
86.20683
79.82451
43.061615
50.447277
95.76664
65.467415
179.74783
155.12349
76.67647
70.05879
94.15649
31.792953
128.57057
70.37772
105.59526
49.217216
89.61941
71.59749
87.27404
105.85415
61.142128
80.671486
150.13734
95.85724
79.23593
68.25252
7.9447813
107.63621
79.34809
78.84646
99.05625
180.73805
132.8503
33.193314
172.96214
67.842995
155.37767
89.655914
98.87438
122.30231
202.53165
89.15545
34.145924
125.17458
67.37588
167.91273
48.20652
116.54561
144.311
124.964485
44.32749
86.846825
75.55523
65.107925
142.20126
82.1011
9.82996
5.9558244
173.03683
98.70767
45.653366
56.91545
66.01457
92.22401
67.91087
81.448074
54.41408
74.199
180.53699
28.399858
5.9772797
116.050156
71.69635
59.718266
90.20803
51.807358
49.375534
146.0579
36.31825
59.055
63.234074
147.58379
216.26013
178.82005
88.94381
152.66843
84.94239
43.5963
73.28439
72.30911
75.07189
131.44823
148.49619
73.940155
31.28978
28.852442
29.597322
84.816696
44.24336
53.49834
78.78242
92.50416
62.47915
141.03517
77.682304
45.08526
8.5751
151.20493
109.71984
102.80754
82.385506
106.68813
36.479614
171.70166
84.89931
116.44327
30.800154
152.6312
43.65998
103.316086
90.67537
118.76636
128.10176
39.28964
45.230423
37.4372
56.55362
57.16398
90.62828
167.48407
103.70373
90.88164
147.88214
84.55129
9.431885
57.211308
96.83186
125.96
98.51772
141.9483
111.81115
56.297413
87.0655
36.476913
132.26117
10.180314
54.035015
53.78919
104.23448
37.068977
45.32726
54.83864
150.55118
32.600693
36.99003
34.106388
46.782623
47.6364
83.68129
88.71512
83.79499
77.67464
84.68655
133.9297
82.36266
73.523254
151.23074
116.8273
73.66147
35.17584
137.639
80.80719
115.49033
89.01486
157.56764
115.25795
69.87421
150.47264
39.52153
117.97011
27.167076
88.69707
101.083405
127.210945
90.42599
65.05001
84.36938
74.26905
71.989685
123.96213
116.03349
98.364456
96.24788
60.96491
124.90192
115.13397
118.63184
155.94577
95.49689
75.53161
65.27823
113.865814
126.12612
137.70135
99.95992
198.47461
159.27823
142.98141
96.276985
68.567764
54.55451
97.11671
203.63681
85.99114
85.94478
82.78047
80.23502
73.7581
42.923782
133.61751
70.06875
64.29462
44.214245
59.913353
36.3758
108.51886
108.93648
113.756355
91.47113
130.52676
76.621056
93.15733
182.46594
84.557396
81.0755
88.50723
79.30036
45.67827
86.25404
144.81894
55.34917
95.320694
116.66869
101.30297
143.61795
61.286423
145.63943
126.55912
64.62871
43.934868
97.27114
34.2712
60.66757
86.24026
80.09156
41.108665
141.03615
141.42303
38.271637
38.916924
84.84419
82.00071
120.05435
178.73778
92.50131
46.3396
81.88127
117.257195
72.93904
137.65607
93.37789
79.428406
60.91269
104.55093
37.96755
81.31213
137.98096
72.4825
30.99706
75.90113
115.46442
59.72966
79.93915
75.2288
98.78731
73.561844
51.9918
84.314064
140.26134
66.7143
69.580574
89.37558
104.94423
151.98227
162.82375
103.0975
206.01059
81.43626
120.5356
27.29126
59.389294
29.905884
84.50681
57.784847
33.01896
11.472762
45.791393
118.56474
115.5912
55.93274
91.42227
79.3048
87.93014
124.46417
47.856167
110.55598
151.00748
126.31805
59.77147
53.46425
106.11943
105.778046
142.82036
95.33451
153.59195
72.88875
104.599396
123.813835
41.04641
56.119404
82.37667
112.331955
106.79875
121.09259
149.27742
66.62612
109.62412
36.357067
51.772167
75.678406
98.36496
110.63553
77.02633
57.9187
54.508804
35.95916
192.21783
81.23353
96.16374
52.210434
71.27531
57.680523
86.908295
80.55585
90.70273
104.13214
66.69458
136.67221
129.8764
128.8205
56.367794
94.23544
90.33845
63.701298
106.81488
16.330006
83.201355
52.195236
43.545826
61.80623
159.13165
84.818054
56.982914
101.69698
64.131996
108.253075
60.09881
173.94623
41.76742
83.8851
61.872593
152.3352
12.286091
10.665802
43.438065
94.19516
71.30811
110.34088
107.34528
38.21965
105.06966
161.54985
106.66245
134.91133
71.82171
117.59552
177.23793
94.76356
93.22036
40.836155
125.78626
9.625393
6.907774
60.23371
41.95238
56.309174
145.82335
84.86667
61.077618
104.51964
69.71916
102.04384
90.68575
135.43785
34.060158
35.11483
114.01532
71.41811
61.270897
139.414
151.8693
139.54897
149.0932
160.52582
90.229
68.02049
24.433617
118.68455
110.39736
150.65117
122.04146
114.19887
29.683332
114.94961
162.94812
186.59117
96.16343
120.54257
145.8777
98.3976
102.43318
46.63112
128.84102
104.17491
13.595343
107.687874
55.697132
91.9449
64.81389
48.293335
95.8471
130.04735
32.297344
67.48159
151.77492
111.732864
144.29745
133.49525
119.47263
72.68255
126.018105
40.232517
57.31032
60.206665
64.08364
53.238316
74.61173
102.635925
94.41278
148.25778
170.53143
133.0587
140.04385
140.85406
156.1464
121.808586
80.69981
95.841545
54.478184
78.32093
64.10979
100.83443
92.99087
62.03378
79.78797
97.29314
127.243454
112.33882
37.895992
61.082573
153.98297
196.30171
186.15686
65.88975
135.50319
100.87455
66.24258
57.096603
51.39687
62.101
100.51839
34.67315
103.64175
147.5142
106.817894
135.12724
111.96475
86.47823
127.52661
78.960335
108.67724
29.191381
64.13714
67.013336
58.91594
88.20713
63.244583
38.80851
170.23834
95.34247
89.12257
169.0167
115.48242
68.42618
87.20989
91.16292
113.80853
90.68816
125.3764
72.02512
132.8545
73.73011
27.63182
35.28785
103.815636
49.757084
102.11801
161.96022
48.511818
86.48829
91.58018
143.65756
83.14876
168.80412
142.25493
74.93219
88.5582
141.91078
113.53005
93.545685
78.518234
164.67523
72.34592
163.463
69.01048
63.03997
66.29978
154.03879
108.50112
115.33915
12.833075
65.56088
105.69672
83.14506
58.810513
87.33911
98.11087
57.92606
135.91737
139.73993
24.411047
33.55981
100.274124
22.342707
47.654194
73.4754
103.23074
32.296253
115.540634
77.5258
30.538275
37.116104
186.84772
138.8283
59.5167
154.1638
67.0645
98.75552
128.71814
173.13713
137.59206
102.555
179.53604
15.35467
8.804494
87.952
154.77841
172.41643
113.962746
146.61528
137.89816
57.130516
56.061478
65.82878
36.308403
76.439644
64.601135
130.22905
141.50981
41.313488
83.94068
55.442467
63.439346
91.44992
136.94202
79.2814
64.833496
165.83473
105.596054
112.65451
95.14325
124.32881
104.83747
128.15068
113.39051
64.9911
97.20978
94.41926
62.54311
74.826126
64.83945
103.25584
160.99586
139.39236
120.15664
69.25224
84.1589
31.423979
63.43297
69.0389
110.90251
81.777214
165.84726
86.73013
21.916502
94.245735
116.56184
74.19821
98.898056
148.06111
89.22827
89.175026
106.125175
104.172516
84.06526
111.23917
92.46338
139.58643
110.666534
63.06871
86.68868
84.42937
87.49749
37.313976
116.07533
30.506777
136.39171
30.587214
102.36925
13.1224985
170.24841
106.34859
26.998325
72.644684
150.20813
136.3128
89.60713
160.82184
59.963608
149.63873
73.61331
35.40852
52.894585
94.18969
43.445717
67.30444
114.36544
110.588875
55.15521
58.774174
102.09496
197.61272
80.05713
120.120155
76.40458
65.4918
84.338066
57.311886
103.64973
97.59267
119.2141
56.33604
115.58596
153.65204
57.261562
107.41762
94.06282
94.32644
104.43557
168.30365
53.316338
46.765244
85.69629
54.43009
146.95612
36.058304
41.87129
117.62968
67.79345
133.13515
26.387075
181.55624
137.32307
156.31636
126.70993
83.38809
89.86973
112.23364
147.28873
130.52388
34.153404
82.10861
82.40969
41.41722
40.058163
144.84122
36.57155
57.075974
72.61008
79.13271
80.773285
35.353825
87.00215
73.42882
94.70187
27.00869
62.28263
85.1169
83.662796
16.477726
134.5327
58.347393
195.03267
72.88283
206.34683
109.66461
83.691414
78.86116
113.0205
86.79273
65.294075
113.50509
95.26912
69.460976
66.84724
122.48254
94.4159
56.34412
85.13088
136.72546
116.10556
84.025085
179.21893
125.100105
117.69646
33.739323
118.09885
75.59213
41.51714
36.59317
54.723072
103.07286
96.72624
8.52799
77.14585
54.48152
67.39697
62.251415
124.33454
47.991158
49.61885
33.5527
60.41415
29.890326
94.57669
59.171124
38.720848
81.72844
33.678017
44.71669
139.4234
91.418106
118.63748
40.51897
132.7982
54.09399
86.38867
100.00121
61.343925
46.656063
80.94365
92.1865
82.91727
88.61126
123.94738
110.21324
121.369
143.54762
16.6857
67.657196
40.07345
147.61037
103.18282
41.473927
138.97205
113.5054
49.87695
39.290386
126.69514
37.5613
103.6476
127.99467
81.632126
40.232826
59.31088
87.11903
15.527816
89.50334
106.26513
66.26638
97.84243
10.061569
99.273796
120.72538
36.392937
124.46311
4.0424757
100.51044
196.00354
129.59923
109.2787
101.05118
145.16815
82.94186
136.0638
107.02822
28.841816
104.1971
112.4733
143.31674
77.65435
75.30042
29.14419
84.08486
78.017654
124.42081
56.102676
77.68981
120.02065
84.47711
53.180122
5.18379
130.84673
42.691372
59.02073
93.84909
170.00432
21.636375
90.6738
80.07131
99.33175
135.07289
153.49875
18.999062
114.65185
81.13881
128.63528
87.5419
139.37971
72.48761
80.63765
64.25381
33.873177
189.38596
105.31853
85.59798
35.47069
17.615232
123.76331
160.1688
49.502132
22.510086
32.094173
191.14995
65.095184
107.36404
45.789307
120.421165
75.34707
62.769775
31.542524
71.04406
56.480377
55.041527
69.75348
56.5188
100.22873
91.43066
103.402794
131.7153
70.21234
112.89499
67.73969
154.3213
89.59173
65.20872
125.65049
81.035545
138.98474
118.295784
106.81746
192.86226
83.00283
108.15692
63.430058
141.49268
112.034935
54.193398
32.80931
143.5862
111.694786
97.27791
115.450096
113.59751
95.85461
62.121193
44.15806
161.96553
75.066925
23.392717
36.05939
40.73741
35.17099
57.807533
41.270123
15.564977
29.185575
116.39202
100.60049
31.54278
114.083694
39.499027
136.5463
84.93561
88.52229
32.528816
63.75075
60.980957
60.967743
103.829094
52.207237
124.03484
85.16577
61.871902
53.01719
43.577755
67.16393
72.88762
50.17362
116.97019
64.172356
72.78835
74.87238
130.23622
92.61823
56.117153
81.927246
73.55064
21.850431
138.7659
68.51654
43.019814
103.279655
56.399914
89.316986
139.82266
74.91312
84.16368
92.67505
47.874264
83.89945
56.324486
59.775005
79.50443
152.80199
34.337143
58.020123
31.494854
77.55232
155.08421
39.477753
79.44936
144.20146
52.774498
61.45376
95.66484
78.654884
106.44693
134.23862
65.365486
81.03044
13.645858
19.23273
79.01721
44.68344
109.70735
127.12109
97.95552
138.10007
181.64081
103.53201
43.666225
109.7852
173.928
85.49473
34.37516
108.70834
171.19344
75.399734
116.351654
104.170235
91.31121
97.472305
82.60732
85.32151
64.83963
127.76754
134.27528
29.428389
25.046284
69.855
80.827896
86.85543
13.179383
68.149704
56.854794
57.584976
106.784775
150.36441
129.52205
91.46997
88.26206
57.556
88.75962
129.22873
81.054
72.261185
87.80826
66.705055
90.896935
40.07019
155.17621
84.00291
115.620224
111.953575
158.58002
159.54298
103.10585
38.130478
142.64296
129.2996
34.936325
23.987812
50.68143
88.08733
144.02158
70.22118
37.60421
57.665714
110.83609
134.4024
114.81589
135.80994
60.711422
5.735768
34.52098
78.27857
46.358047
66.1727
58.45693
97.35975
77.17273
71.73967
88.73545
102.81529
85.311874
86.47859
127.96171
115.93583
66.24074
120.33248
69.7354
33.787663
66.21903
87.05445
46.206783
109.99237
68.86543
33.300003
84.988235
60.974552
99.58349
80.4052
80.89111
104.131454
45.097424
82.59191
102.73164
71.98725
88.7142
187.28307
93.54388
29.529228
103.73613
62.113514
173.0545
52.252563
83.55914
59.352856
93.536446
88.595314
34.22166
76.696236
162.65556
56.16438
111.11985
153.858
78.11326
67.55579
74.66107
91.91783
44.158325
104.771416
139.01256
91.68698
59.82402
130.79376
116.54479
92.56715
100.761604
117.27053
71.319824
64.073326
79.89024
85.50629
76.6888
81.94092
101.70839
181.07874
114.078606
93.37649
126.23734
125.16876
174.26193
60.900665
62.017357
99.98382
83.73026
63.395077
23.32205
101.561615
112.97033
121.59996
147.12552
87.37309
54.603764
100.897804
149.96106
65.09774
27.090918
61.99578
96.267166
107.13274
86.014046
104.696976
63.808975
113.42005
125.02933
103.309525
57.272873
14.454369
14.38946
51.079887
79.19441
101.32045
67.415985
89.36793
97.440506
23.04729
88.180374
81.82838
88.34877
150.91286
112.95627
159.37767
78.08843
25.79099
35.294876
88.244804
128.01132
50.896774
43.811646
7.930184
57.67424
109.186966
109.193756
6.900816
86.1842
197.34059
131.95273
64.05353
66.24994
51.889618
97.12344
80.086815
139.58826
76.15572
79.59664
76.53601
113.213684
161.45268
52.766075
119.08991
170.21101
63.55999
61.08627
90.56087
30.924866
146.40521
35.00262
66.13321
33.417973
93.32831
156.46225
136.25218
46.482895
131.68765
127.58915
138.61902
107.15396
92.69882
78.53458
54.55613
82.017845
169.46242
187.76276
116.87412
65.3392
65.286995
95.05585
55.33894
82.21766
104.80273
145.75858
75.868164
140.63394
89.10458
94.930115
36.650925
106.23939
33.132927
40.86053
85.78458
51.106113
64.05766
104.76828
67.69327
49.75294
106.41384
62.75568
64.03317
167.18575
62.10794
81.93631
57.65021
94.5286
153.64464
42.431995
87.20137
37.20387
140.65825
80.41013
8.349309
35.445595
104.193596
121.48928
56.92855
120.332855
36.956066
106.83374
160.30869
130.98544
130.21306
81.02544
72.2356
18.567026
68.53536
36.233105
165.24277
5.7307024
75.7793
181.40108
131.47789
62.513603
59.4589
84.19585
51.534443
65.90462
75.13797
19.45422
128.34297
59.89302
85.50642
104.83545
95.872406
91.132385
96.329765
34.713715
139.339
70.1716
82.6929
121.77293
100.59184
90.75398
152.87503
102.22462
79.79085
61.972275
70.36088
44.130768
136.17503
37.96659
56.6571
42.538315
171.68344
91.56241
55.988625
150.51222
93.22125
43.67086
70.20169
170.84279
136.69574
79.01014
83.81924
187.06622
123.323654
70.27407
100.81167
145.11559
74.48403
80.29028
137.14902
57.892147
103.99668
112.34891
222.5814
97.84961
41.646088
122.118515
121.39625
56.317215
58.641857
35.578175
120.39477
133.47826
147.90016
134.39172
43.813633
169.82117
56.513462
88.90894
149.13855
150.64441
162.00635
152.97867
82.68819
56.851387
150.93289
101.63281
92.61293
70.92415
99.84909
111.85704
85.93283
119.16705
31.094795
152.42517
59.07907
85.19538
94.35809
41.99313
65.103455
77.45518
104.91019
116.23337
44.874477
38.35726
164.50125
26.511742
36.36256
120.6162
35.02348
90.268585
93.789925
41.84947
80.37301
122.77191
87.661125
120.75749
65.5492
125.34548
115.13172
83.87154
67.57538
63.32856
87.19007
175.1984
113.17689
128.39235
134.34843
65.827194
18.223866
71.60279
40.119865
58.327484
109.06463
124.95201
64.723816
61.02755
54.527622
115.90589
64.66491
66.6434
88.49523
66.35043
48.266735
68.54359
32.686695
107.34086
78.978
112.460686
85.23556
32.637764
44.72203
110.494804
30.647333
53.280865
68.12156
108.37442
75.7882
66.78909
151.12738
47.52721
108.88288
29.284126
87.919716
141.67488
86.29185
124.88518
62.651363
30.425999
42.094814
49.116383
58.238224
71.29021
94.46454
69.362015
198.51201
100.832306
86.67443
110.29755
127.69136
93.5933
106.57562
108.93652
107.6022
127.50832
109.88115
80.891975
184.10912
161.73035
155.69409
150.16974
133.34778
124.862625
120.15339
217.3451
177.87743
90.48563
50.727955
119.05612
72.262726
64.37559
71.92278
144.16171
37.553585
184.45396
90.37323
124.81214
90.49539
12.015441
38.886395
104.57719
33.84578
98.128525
85.31424
98.088234
73.21191
51.660866
54.295555
55.955532
53.53718
68.20842
88.73734
144.57315
75.46114
63.65477
131.46014
56.643482
118.27514
142.92705
98.91318
96.38723
55.018604
81.43127
132.16266
98.40539
75.06914
107.14459
41.486935
62.79917
44.836063
97.70339
61.55146
109.80727
138.42072
67.59668
91.50031
98.6739
189.16588
91.68868
118.14046
50.73988
110.151024
54.22444
43.87167
62.709476
40.5795
119.11484
59.15593
65.09876
90.48797
168.36755
62.180016
92.75408
50.304127
31.77807
115.952156
108.84424
58.890133
30.289228
145.82658
58.321587
153.90863
43.852116
49.115334
88.332306
113.162186
44.728626
59.29377
65.96145
162.59283
89.43517
77.95645
78.149765
37.070545
230.43016
63.77548
79.21702
125.539406
81.441956
24.532995
85.85771
23.907288
56.55048
143.70952
144.2186
116.97783
208.21619
115.74623
169.34422
87.398926
43.445404
96.59448
103.94973
79.82529
57.27091
92.277695
157.06485
84.4674
121.470566
209.79785
123.67975
127.39589
193.4497
151.81648
85.52341
65.13765
47.46109
96.16103
168.67436
126.8683
102.820274
127.19152
142.67017
154.1571
99.80715
60.43675
215.2912
119.863174
65.71188
98.761986
17.16911
91.652824
114.818756
79.758606
135.8428
81.421844
69.993675
102.875916
193.55685
113.760635
106.848816
56.901436
89.71323
199.18944
97.82122
86.91606
119.33573
156.23163
93.91759
19.003046
23.517838
64.03104
139.03749
131.05893
84.81676
103.555176
133.62973
59.021294
112.13623
92.1431
37.869514
125.22981
57.68713
133.1205
61.612255
21.918507
63.416153
104.954445
85.22623
54.85097
123.42954
129.01347
129.05588
93.58916
166.9017
158.34619
80.40739
46.603027
64.41775
55.48879
44.97197
41.29251
99.10403
60.548874
75.91997
112.024055
57.40608
53.440636
34.56231
38.048306
34.847244
37.143383
22.273638
57.35336
72.465836
47.380947
115.971436
109.56264
126.94548
105.83461
69.33078
104.99698
96.20082
125.963196
123.751076
81.82502
88.82524
73.56875
79.14134
131.88097
36.242264
135.08826
108.36346
81.77843
34.34233
40.61174
66.24207
122.08078
146.93283
119.7012
34.479977
99.804054
30.159216
91.85059
146.39511
107.26996
67.92413
62.11435
102.34863
126.55291
61.755394
85.69054
87.68728
102.3381
90.68603
81.46554
132.1841
33.0133
83.07248
33.888668
149.89674
151.99266
152.0877
47.819435
102.12007
64.722404
8.805292
85.82253
73.460106
97.79563
104.68558
77.417206
58.618587
44.04649
34.10855
215.63434
145.13852
38.717815
99.5933
35.629566
69.35332
83.97185
109.27362
41.08331
49.45773
124.51588
52.530014
9.855495
62.69455
67.05637
116.89456
65.4514
102.25984
102.029495
68.889404
118.41187
99.02873
75.96391
170.31711
130.52147
61.86509
76.66163
71.291336
50.749203
64.46795
69.297844
42.677757
97.40445
66.12471
54.429447
60.55261
60.734894
32.05927
101.533035
83.35826
91.104866
27.586758
124.259834
18.972889
36.84451
32.656532
58.660187
97.61814
51.88923
80.35153
14.040601
102.126396
68.497765
62.46866
86.4437
56.89058
114.485374
37.59187
85.2916
52.516983
49.407543
185.16658
78.61641
12.88872
38.904938
56.746937
54.01041
16.096323
57.040043
28.028925
17.115095
35.082935
97.73811
75.652084
38.236553
98.39397
108.80536
66.88066
73.38677
162.99973
102.07003
93.15248
118.98633
112.50115
58.194733
102.17565
157.74066
154.54086
139.33798
60.64033
75.758644
64.41107
153.33162
125.85044
108.556465
41.99875
27.84153
113.150566
89.94995
179.00027
45.889786
186.44722
60.48676
37.152954
8.311256
79.357445
95.77115
166.92123
130.49092
155.76007
38.742813
39.271465
130.60774
111.84934
61.76695
70.61749
57.593674
102.541725
23.77092
153.63255
51.556076
160.36533
64.10253
92.50653
86.15835
80.986305
109.23386
65.62837
93.22555
135.70454
123.13902
84.76761
47.649036
118.375336
99.02168
76.93625
87.48034
55.342094
34.66484
75.08025
121.53166
118.872215
135.26576
110.885254
105.67701
113.414856
34.12937
186.19168
26.297276
74.576584
84.22707
59.652958
94.320145
109.571434
128.82141
105.33517
32.72007
114.80844
100.30344
129.50659
97.82144
63.141407
102.257835
114.445656
21.512392
14.373907
49.583702
6.9075527
100.66463
74.86658
56.747402
126.98308
98.144356
31.478664
74.69651
144.1098
114.66193
68.01979
171.51518
85.56232
61.52279
82.16668
16.793507
131.04794
122.888115
22.0797
53.310986
96.4317
113.20724
57.396244
80.29902
88.989944
156.7799
167.8229
15.327721
44.82066
5.964903
8.911038
74.821175
99.429
119.41918
112.803894
156.58891
89.59628
153.6295
56.50521
62.06167
120.082565
165.15918
109.275345
47.47602
28.515284
151.33167
67.49576
158.19969
156.02118
129.08842
220.43933
55.086376
97.10333
55.911877
91.83005
52.12326
68.741974
67.32334
11.066437
75.10953
62.50676
86.08887
90.52756
44.57134
112.11854
70.32688
68.7403
64.58928
35.90655
82.055725
107.08108
96.38727
57.109474
187.28864
121.7125
188.49854
47.589844
67.814766
92.79356
61.260574
68.25352
153.3069
60.780323
85.61453
95.11018
63.4446
48.678185
39.13205
25.422117
90.85396
66.66167
65.46686
44.314465
55.12884
106.600655
23.618818
126.94469
144.62799
134.37201
55.970474
80.04429
153.3821
63.901104
78.58243
101.04694
91.4806
38.444965
56.235107
144.65909
139.51889
88.74876
138.21584
81.252625
76.49795
36.81816
126.34979
69.29736
73.34755
130.48285
118.801094
35.472054
89.55879
94.20981
98.80669
54.97752
57.820293
85.63603
37.601337
76.23961
63.960323
101.8239
54.416622
79.55871
109.08776
58.69276
106.00025
90.44745
146.09758
84.05466
80.159035
42.59275
101.096016
55.51813
62.62859
81.14866
72.407135
61.5161
51.850723
111.04056
86.23322
19.171734
94.48993
162.49905
7.108948
18.862309
35.526234
96.5537
162.79955
74.28204
66.10842
37.851368
114.962395
178.3042
35.41353
100.703545
20.711536
63.680264
86.0033
97.59512
88.526855
88.381386
108.03515
59.346645
70.07252
33.530666
138.34465
40.34958
52.223618
97.43796
78.481575
45.510696
53.266613
115.53607
182.88994
66.283356
55.692055
112.27957
125.735695
253.67451
27.919262
106.985565
80.417915
38.642033
97.28553
116.40946
154.97728
115.14725
93.16503
208.33156
150.44525
126.809944
114.65384
94.59484
197.13963
57.784664
73.07775
55.09912
84.84369
62.331398
120.314064
139.93976
198.82741
77.999626
101.212166
160.73073
160.38336
40.743156
101.61572
120.15785
60.712265
77.692215
136.6647
109.16009
93.37452
146.9372
159.21779
132.16803
103.22203
63.646538
196.43604
40.11434
61.84895
86.00186
97.82311
89.160774
107.400604
88.746895
23.541065
37.1947
39.673058
126.429344
130.0164
50.084263
40.386024
51.81255
103.468636
100.99495
83.150856
116.46207
33.433735
34.210255
58.98643
150.68364
87.1362
92.98452
162.62932
27.072762
104.77983
65.86169
15.618504
79.962585
84.700966
60.642773
50.10495
92.25715
125.71867
45.12497
87.62529
38.70163
97.61655
70.1102
87.64013
40.027653
156.60608
128.28731
52.011986
90.250374
116.689545
92.138855
154.56062
40.089985
85.35666
55.86974
68.27196
38.78308
98.34167
81.23496
123.508514
60.982544
87.190605
107.210075
101.70232
16.241693
41.7824
73.049095
148.8627
112.86363
40.763206
106.59186
92.64516
132.56369
153.01321
23.88986
106.39792
199.97455
58.823223
15.253665
119.76303
76.48998
91.91598
127.00866
66.41027
138.74417
183.26753
116.506935
33.378586
112.25735
30.863438
54.8399
163.33669
116.86126
79.19531
69.90342
84.37966
71.90657
74.58382
150.40271
123.58725
61.808784
35.566074
40.782547
128.97336
110.18291
40.093243
66.199524
85.39024
122.70595
91.64986
56.103844
111.7281
63.74622
76.282074
61.05982
89.85935
137.48499
110.7852
77.91811
64.73817
118.03494
62.980186
119.38962
19.129786
118.64384
131.06712
62.651424
46.567184
139.07405
139.30959
56.88834
130.09958
70.48456
153.69167
114.544876
82.65195
109.99922
112.96569
106.943954
44.742416
65.955734
74.44283
88.51352
116.429306
69.97966
172.12341
153.27144
111.10906
64.81641
69.28269
167.30118
99.90453
61.388927
77.58102
67.04561
124.900764
162.9493
80.07247
130.80307
38.755554
120.421036
33.743176
148.68434
47.919086
87.34326
76.829506
84.39679
131.27441
61.17949
119.64839
196.67221
149.4995
15.986317
65.637375
115.60705
63.194725
88.617035
63.059525
67.0206
98.01053
56.74158
41.590206
97.27271
52.085392
105.17225
153.20209
25.85056
40.369675
98.2333
88.47078
61.69898
100.96593
17.254889
91.88636
137.30893
74.31933
63.95293
41.442883
161.28658
56.191017
62.14614
23.737818
97.9893
34.378983
143.91595
68.64013
119.339134
122.59376
134.69228
16.438866
105.41346
165.47273
35.762287
36.80573
83.93034
83.29898
60.1066
56.432964
64.92666
77.88085
122.4073
122.49565
70.56306
88.92743
182.44649
141.38838
190.26021
55.69286
64.91936
109.67323
52.843563
41.74519
106.09316
32.43767
87.9794
73.30729
91.22552
95.42827
92.13379
137.40172
163.05511
54.193058
71.62579
74.04768
181.0104
72.620674
56.823017
121.72977
87.653435
78.15587
111.46848
122.91296
134.75343
138.74695
130.64168
110.66275
104.50432
101.34266
122.819405
58.42123
86.71808
36.944427
141.02238
41.962032
172.39977
39.021423
36.880627
124.07677
106.857605
139.39333
97.782616
76.565216
69.206085
133.61421
10.005923
79.020935
57.482243
67.62429
61.571632
61.058563
128.16785
129.4748
73.487785
218.35005
160.43683
117.74228
143.77386
114.42314
33.817066
98.81162
76.0668
118.33353
61.75221
45.843647
105.881935
90.62502
157.4454
79.23696
80.13138
30.02661
110.543205
254.49985
163.3391
83.238846
115.99148
68.788185
32.290936
196.99344
71.68566
75.2005
137.3987
93.01385
175.17488
111.58853
53.14667
136.26291
31.0094
65.762985
98.22796
81.5879
91.54572
85.53998
120.05484
118.36482
83.793396
67.75932
74.86546
110.945206
123.07969
32.605595
131.19373
113.612885
65.17612
171.91782
94.83991
31.126291
134.50098
113.41074
122.39745
90.96589
93.0375
16.054213
108.928154
104.599815
73.55483
90.9358
138.5763
60.858727
124.50178
85.99001
103.69183
224.48338
116.54428
66.817894
125.2039
61.296177
103.72885
150.57935
124.938515
166.1917
138.32394
63.22336
168.87375
37.157562
46.285805
20.563572
127.07939
18.117264
135.42099
49.85952
65.58548
71.8493
76.61657
110.56121
115.90167
130.43196
109.542404
142.7954
144.08311
163.1338
40.702805
202.30237
67.659744
129.5185
70.946144
87.31219
65.05715
44.2734
89.84598
117.88784
120.64002
113.037506
53.389923
88.39672
53.92123
99.11269
44.121426
103.7935
73.450584
113.703094
120.800285
69.79763
146.03168
80.102005
13.054466
10.828399
35.112774
111.33837
76.67119
65.23625
46.045395
124.0939
90.19764
71.32863
106.40406
195.9175
119.196915
40.137257
42.667126
63.4522
120.77769
143.58014
112.82456
84.05813
133.94171
123.208954
52.56021
88.13972
101.933136
45.979877
58.6904
55.035965
48.535225
43.726517
120.66616
15.311283
119.06613
81.09272
86.992325
70.42731
115.72669
76.75043
116.673935
105.280266
109.47286
11.4936695
84.64543
127.304665
24.978182
167.80998
72.041756
53.067284
126.22883
12.941828
91.970764
107.03912
41.803833
134.04086
65.45946
94.665955
16.277897
103.064095
73.37018
87.3196
43.153778
133.33537
208.74728
136.40083
74.260925
65.77783
110.829895
136.50177
197.67438
62.3231
111.13439
77.62727
49.25928
53.250877
105.991844
106.246056
134.6539
74.19267
81.98427
150.78452
138.82155
150.5094
74.02081
79.141754
94.95575
96.790184
61.697773
122.88138
115.950226
90.96272
135.92705
90.02731
20.345135
125.9314
64.51179
45.329945
20.897364
43.60379
131.86612
80.78982
69.59405
132.46245
63.569523
107.3436
87.30411
64.70599
32.01114
155.95067
56.786076
34.73675
106.35225
105.89487
72.08303
75.87201
133.46759
61.709015
25.61782
79.21831
122.282936
106.60307
60.77456
90.85951
99.23004
44.54437
120.53994
91.74013
76.79014
14.319263
103.58731
47.92838
94.85375
98.179306
140.69923
79.97677
84.76346
93.01542
128.69118
60.614487
116.20444
30.810398
36.850918
56.254013
151.28859
119.82413
130.14758
97.17474
156.58261
86.23041
76.14483
161.46571
109.48598
28.56281
79.67008
173.12486
59.16062
90.7314
102.337715
62.78794
57.584805
107.58594
58.11653
43.930416
78.376755
52.26912
85.21059
100.12609
85.446976
101.80602
123.79462
169.48402
38.646336
45.531357
137.77386
70.88242
29.001432
21.201113
168.42642
55.568626
72.68123
57.430122
20.025684
182.70244
67.56382
131.52899
77.942314
34.931828
71.71978
40.35398
157.04425
67.89435
108.63106
97.45395
192.53343
118.21797
149.68271
36.81478
86.18284
144.4236
78.83184
39.010765
65.283905
93.40788
52.040962
52.13374
137.47926
68.36952
85.80749
110.847694
200.21303
119.998215
89.8884
82.826065
151.57132
34.61334
133.37875
109.65462
46.232613
25.060757
204.38684
79.32217
117.19172
99.064316
33.465267
78.60721
84.54978
50.575703
68.34357
37.72847
70.26722
132.18423
42.980644
52.017067
39.95323
101.91888
114.584114
256.01587
132.98659
68.34378
74.95245
89.02537
88.47097
54.754593
57.714542
121.28005
84.40883
75.376015
41.960014
87.7057
124.793526
61.470055
113.393654
64.54083
120.86
110.35532
109.848694
56.37474
64.40646
71.20598
87.58303
116.5363
38.683052
3.45351
40.8375
139.66388
59.513653
161.67148
116.4263
125.971794
79.86758
51.788483
97.70654
76.26754
142.81105
159.8404
117.45742
94.260574
146.90279
35.781216
67.359634
28.764145
50.49634
238.9154
130.7161
66.838104
39.987038
55.322617
201.32054
135.70667
153.62433
31.92213
29.697664
62.029945
160.23076
31.873447
49.587105
63.725132
54.644012
44.71075
127.42529
35.68875
110.26585
124.65418
149.32904
43.26181
87.7374
38.616188
97.844
101.51722
85.89785
113.904495
104.36561
101.43287
134.25616
92.17422
80.89534
29.726099
62.77166
67.687645
109.05064
75.56497
51.745323
20.702093
40.514088
41.834198
38.74086
124.78497
52.01619
62.14796
63.15991
3.434543
122.25467
45.800148
37.44571
68.254745
60.250683
156.59502
168.23933
59.694035
52.55185
158.66353
38.28719
86.25581
57.95027
39.313477
71.504745
81.15506
43.758736
50.053448
81.00289
110.69331
80.409966
40.72729
12.078063
117.05553
74.531075
111.50034
75.56856
99.56704
121.18851
142.53224
101.15581
61.223022
107.52239
38.79832
69.85462
21.179144
30.472195
106.069626
148.99483
113.772995
142.6063
42.877445
75.92063
77.35245
60.752632
105.62016
12.494721
120.772766
134.69342
71.33312
102.30252
61.57036
103.87173
72.82759
185.8399
95.41539
44.995483
75.58342
53.35672
140.59636
58.542656
65.067085
69.96872
29.234718
147.96646
204.46051
98.138435
73.12743
85.09275
154.59106
4.540287
119.26262
42.77975
27.65971
57.434853
59.59793
44.691532
113.70137
118.21143
85.24682
74.03116
58.707443
113.11734
57.227768
35.591194
103.19269
72.80209
108.11806
62.38566
122.673485
113.72774
116.83053
84.18287
44.855953
190.45193
41.944225
61.67163
111.37929
64.37571
66.53288
76.95647
174.8959
46.40416
108.919846
27.558725
62.70888
17.606562
61.966976
100.61486
40.893112
118.443886
45.093037
49.60568
30.933619
57.904537
109.78491
109.2733
94.962166
46.329117
75.35615
116.22729
141.72786
102.97869
51.940285
56.43579
108.53311
39.60948
79.90539
126.423195
63.57176
31.054316
44.549965
153.64395
101.09334
35.498447
92.038826
103.34587
187.58823
9.887909
141.16402
100.92027
107.89383
125.52106
122.76117
203.02762
112.05186
118.23155
114.71725
83.123955
42.069576
93.64755
56.273613
75.92895
89.63637
174.76103
104.44498
32.08213
149.71956
150.26018
104.551506
43.025284
175.7715
65.0087
177.30717
97.32395
158.59354
67.14888
84.98315
54.28912
156.71173
107.45037
121.05227
63.978477
123.13218
82.80887
178.70244
154.6921
130.48979
140.83755
110.45743
159.074
159.26173
94.96463
69.90266
33.20435
66.42776
95.47391
134.61871
97.831436
113.33377
57.969627
49.013683
71.18704
83.85017
31.867805
41.53497
62.961315
112.062874
78.43748
32.516098
99.261475
107.221436
69.43729
84.67216
51.69632
111.30098
89.30412
79.33261
91.93285
73.83642
100.49306
122.16798
106.03149
87.72345
63.79441
117.175674
43.791702
46.205
77.5318
80.936325
102.11533
85.65398
35.492355
28.843376
53.412235
57.705765
43.653885
41.2825
189.37723
32.657196
126.81818
89.179016
58.483658
22.5504
49.570435
175.96312
199.69171
83.36409
62.40472
115.60401
162.34799
63.17029
69.86326
48.51094
106.52839
129.05824
71.80418
114.043915
107.30714
161.673
63.844555
189.05093
128.69594
96.21209
55.187008
184.8876
100.07484
83.39679
130.53734
35.196228
91.34796
82.01438
56.612118
140.8501
110.91344
64.04406
54.622124
96.28832
89.20752
65.924416
71.664696
116.45953
100.86472
100.061615
109.560455
108.29075
185.85883
60.62096
79.41625
71.04676
149.05228
44.54004
83.316185
122.75832
63.129337
93.66048
85.25454
83.56448
201.05261
32.93787
70.25956
134.97833
104.069336
128.2579
63.83613
58.784714
152.8185
121.01524
89.29485
40.19372
48.66146
92.79983
123.73468
89.828766
53.982697
180.88736
139.57034
146.57301
124.131454
113.37021
60.04907
92.09979
52.526535
45.728043
58.966564
62.12516
158.37387
71.42033
82.253815
68.181526
56.92209
114.90193
107.692116
38.61878
74.79477
45.87409
108.28065
87.23171
22.11429
45.304886
70.46236
304.62085
80.2624
106.88388
45.095802
39.701614
106.89146
103.49661
15.119369
93.68147
95.59451
81.792755
102.69171
127.06087
30.344316
238.81732
76.25079
132.66286
77.47172
88.22254
59.060463
119.20994
73.58494
92.757126
61.27062
126.35232
91.15007
104.28837
81.39858
112.84311
114.61635
130.88202
48.233643
35.515026
30.13021
65.94626
98.625534
142.62944
84.9513
107.62218
119.44587
103.20274
47.987915
61.736675
143.41191
94.41172
47.7407
61.556164
76.878586
62.17948
75.48414
123.42882
100.858055
28.942585
108.43764
66.40466
135.14154
38.085262
75.96222
143.25896
68.85687
117.7039
150.59024
103.875244
185.1061
209.07594
35.04676
87.365364
185.87662
50.18882
66.39986
80.043335
74.63217
122.93512
91.71433
38.272797
88.48819
26.820574
60.92616
13.342534
106.45545
64.06225
103.52064
111.77965
70.882935
59.159855
37.306328
118.45401
46.980343
172.57555
19.932909
15.601554
135.63733
65.76594
80.6789
66.41811
90.08448
4.755863
66.78049
80.994774
111.271996
196.91158
127.76639
29.441814
57.691685
66.24804
64.02034
74.55592
29.681213
134.31094
137.87761
115.09285
44.518795
58.368793
75.12524
100.62587
96.40078
63.40874
137.15965
44.82061
11.999554
40.639713
179.64685
56.962803
104.021164
115.36943
72.59035
73.980934
85.62525
64.033875
87.63529
153.08473
57.264206
34.975956
58.803833
67.88381
71.8779
91.212296
7.147112
95.54126
105.725525
123.486176
81.55091
91.209854
154.11295
81.377
41.822086
91.87977
20.344484
48.14144
38.07933
78.84924
79.94276
66.138176
64.0492
128.00932
43.250893
151.60327
127.62311
77.22463
35.704514
150.01837
58.248974
20.934443
104.33176
95.75899
112.89055
15.595236
43.924423
50.623978
63.300716
96.97582
29.16912
65.63909
142.314
86.61339
33.70754
122.58373
38.169025
56.30219
19.529596
27.628773
90.25307
36.918262
49.02822
82.12793
92.23632
105.64909
72.59251
93.44722
111.964806
104.94658
29.887606
72.09539
70.149284
93.05419
91.735245
110.944275
134.42207
43.235596
37.60514
57.490093
80.36777
64.250404
126.09786
141.3382
90.02357
59.546444
50.363068
85.613914
50.320557
51.589863
34.86543
40.379025
115.48075
33.152603
48.040108
35.22874
11.895918
60.842915
69.08663
24.954082
51.04635
134.30933
77.10194
119.92642
84.04962
74.13012
103.80947
157.61931
86.11231
105.078964
20.441666
26.72039
22.634472
76.65852
91.05433
89.64175
115.829414
131.7278
87.46229
65.29336
25.056276
57.80847
106.34449
96.96634
59.15806
97.99623
92.30358
105.71058
97.73611
118.42921
80.77123
98.75336
53.501644
23.372665
32.104565
76.47774
61.56959
64.56412
20.204716
84.35652
91.36011
62.898197
36.741894
45.59083
18.339024
39.175
87.53862
40.41143
101.46013
84.33308
63.042534
43.777744
66.17001
68.35199
62.54756
67.4855
23.276365
111.458534
21.189827
36.53532
70.43082
15.072702
68.692604
8.058198
49.439632
57.585293
99.136955
101.26387
10.387463
63.17807
58.407158
125.93772
93.92867
36.472496
45.769653
40.823624
147.02084
80.911964
90.70441
68.22519
92.59976
57.216053
130.6245
153.38863
165.22218
74.94138
61.845535
101.171005
52.629814
29.239222
65.26445
86.139435
74.13904
79.3208
62.501137
63.30394
78.871254
132.86012
83.09267
111.85126
32.612186
129.8784
87.61063
116.36437
37.32884
83.772
81.081696
78.80422
41.57385
81.352905
55.92148
126.05578
88.345276
111.07268
48.31813
61.818623
31.718206
104.522644
83.89613
160.77216
56.56457
57.207047
131.15414
103.153496
88.43179
116.43467
86.422745
18.28722
14.749718
72.41148
162.97766
79.61051
59.645885
150.07838
6.6087217
80.62527
164.6479
65.918365
57.818897
113.99309
39.46695
85.537384
81.026375
36.7558
41.79044
27.64719
64.69082
121.6274
73.72469
104.398415
74.18495
42.801075
78.87271
62.861805
65.35271
69.187546
56.038105
49.67437
69.86916
63.896343
84.08468
31.702509
111.2652
95.78711
114.20284
32.397247
74.15504
106.14353
60.136463
121.23256
63.656384
91.94052
92.05623
145.30833
163.78847
169.12878
109.30128
107.14118
85.32739
122.764786
99.41473
35.549675
149.26851
104.8075
60.012386
86.398575
71.112595
35.63753
29.261042
71.652245
57.922432
89.26988
63.71877
42.491913
89.371826
91.6479
62.597652
93.15865
92.77502
20.92901
38.007286
86.86601
56.79686
117.64125
70.017395
79.86875
148.26016
53.10381
111.23878
125.81572
60.718094
95.118484
75.51506
175.30875
118.95685
103.9875
95.44913
114.9794
113.76201
123.57851
37.88933
100.67658
113.526054
106.89244
135.99123
214.35248
145.6787
95.122284
82.56001
81.319725
115.64761
101.85143
41.536556
134.94524
77.51277
119.83734
83.34717
30.23688
68.49854
73.95275
45.45441
83.57641
134.82193
137.96695
74.75038
37.08813
116.882416
166.66125
168.50772
97.72476
112.88645
87.94703
58.27037
71.409
73.55335
54.9743
76.409
34.90885
62.310562
79.17722
93.66751
34.927036
115.23724
148.8184
56.672047
113.62705
33.187443
116.32722
67.6093
154.79607
63.760685
64.97198
102.188515
139.60257
126.26668
127.916954
131.02463
103.36751
100.42149
50.409374
104.36448
21.74189
106.29994
21.968098
67.67922
111.5452
223.59064
114.56602
65.88697
80.46782
97.77626
120.04506
121.56759
132.59378
85.32848
118.86465
35.670166
278.91913
141.2992
67.45422
89.31628
41.216015
118.89344
128.5604
88.83548
100.692825
40.23785
41.44358
119.73158
125.683556
144.53923
67.20796
116.532326
63.588123
49.912148
146.41403
162.89041
66.24047
179.22385
102.50078
112.18205
64.34165
229.45241
45.408825
37.559696
61.811558
56.207676
97.14331
109.68049
8.120528
79.31012
73.90933
149.99117
77.84054
40.33573
137.3875
39.784657
54.347496
90.53482
143.85309
144.83386
84.002396
42.299206
124.1987
104.13435
114.994804
177.02469
98.263504
95.36615
115.07331
282.31192
69.358116
108.21684
69.615875
39.236553
124.546974
70.53677
51.824005
80.27548
99.55123
74.61224
129.6506
85.01413
82.824715
103.45865
162.06154
54.606125
72.35302
135.10754
64.68923
62.250404
109.14397
55.138676
33.70252
103.36289
51.593407
84.123924
104.18224
52.74472
49.710274
124.24417
106.28355
62.281593
81.40073
97.559395
41.550606
71.310524
115.25373
41.06948
85.03189
68.52587
58.818096
74.942345
61.17034
103.75292
163.66417
69.544205
57.485207
37.32538
65.2614
52.412193
132.41685
157.52199
126.24048
133.22583
71.17744
102.3306
73.471405
103.77226
71.21365
63.408035
115.56766
118.47334
82.97534
113.37107
44.868454
61.413406
84.397285
82.08509
59.60725
152.79138
133.09842
51.456074
19.080433
100.96456
80.58631
139.58331
150.33324
105.59459
100.1701
62.896084
94.96757
89.651726
132.7939
162.26888
183.96632
130.31569
182.49811
148.73093
126.91852
92.07153
58.366356
99.05263
55.605988
82.92956
147.29916
71.75776
80.98819
162.74152
171.55739
85.87501
112.27667
98.67325
97.900276
62.067333
136.5367
43.850143
169.17975
79.346535
88.2322
62.556934
136.2714
131.41673
119.34073
47.525272
80.18365
125.472
109.49871
107.86256
113.02079
59.922256
140.50069
32.19936
126.1377
31.402039
116.28858
150.1051
99.572716
42.069096
52.778614
117.78452
36.785065
98.95846
104.37471
92.31477
124.53775
108.10424
53.12068
58.742462
63.49335
192.9442
88.53313
16.800852
120.34672
96.66168
73.468254
110.276344
160.66664
90.77932
165.9341
114.15907
139.54817
106.592926
129.39954
78.20076
38.25799
141.38051
131.06883
61.23498
78.136314
89.707634
112.56676
22.420874
39.418648
91.64452
55.766647
43.95675
39.943645
34.940014
54.443283
94.34499
140.10602
165.53691
12.348567
56.808784
54.60419
189.86761
92.04379
49.67426
176.30685
130.14355
115.703766
68.80008
55.959904
75.321144
38.05514
213.53319
108.92682
69.61133
211.1768
100.615616
103.86428
76.24736
136.55705
65.30727
215.8245
152.2502
108.098236
155.23541
33.021507
70.89718
143.32881
30.721289
71.61706
34.837524
63.299374
70.59523
107.68344
81.935104
78.490715
41.58485
87.71142
102.65936
86.812004
35.94471
48.977676
78.96806
100.28926
46.129917
89.669044
103.359314
187.89262
31.78541
46.738094
16.392267
43.32594
82.39759
90.23395
156.52072
40.065945
114.8266
21.883623
16.765692
122.91871
109.83536
168.84877
82.2057
74.27947
52.348267
54.78727
76.91906
68.27176
103.65375
36.659447
64.435486
94.1304
118.496445
103.675964
9.965161
110.51259
60.541573
98.62361
138.02405
16.139505
105.76974
8.942853
73.51548
162.53307
135.12251
158.06775
48.805225
81.17582
95.85474
155.47934
86.68906
103.398544
107.21694
92.08791
76.85177
106.02121
106.99741
87.41049
81.183556
81.54247
142.53049
68.42996
134.8816
101.60948
132.24632
39.73112
63.605835
90.79443
104.2965
31.762886
77.7113
168.21852
55.19495
58.079567
86.20016
97.01493
100.86721
123.77517
84.01513
35.209652
70.71396
188.17381
28.200972
56.903584
42.690968
115.54258
86.60686
93.50789
109.83622
94.11223
34.733395
57.303864
66.41524
113.17649
99.983444
88.21979
95.60237
64.88742
70.33037
69.27473
79.114265
36.252506
31.734167
69.731964
130.83704
121.7941
40.3929
72.79688
42.823536
86.35839
44.917545
158.43895
88.803856
117.8055
134.71803
86.18161
80.172676
142.85182
158.68474
100.27309
45.948154
184.29227
82.69245
144.00703
126.70694
95.29691
113.493256
71.35007
57.96287
82.0047
117.53442
98.89021
164.1546
43.80162
77.31001
108.24811
52.010586
81.92446
112.9825
73.74985
83.03101
118.95058
69.30719
137.34778
67.7437
169.94757
98.77397
151.43626
78.9682
94.54293
105.366035
45.99539
150.53731
40.23925
99.99006
17.989414
68.78222
91.61255
62.487934
86.72897
58.11056
76.59177
144.3996
74.95378
63.361122
22.415966
34.936123
74.85161
146.73445
128.31583
142.7328
141.79756
164.44022
87.837204
79.915054
116.8417
79.28232
127.139915
102.27379
63.81859
115.86128
84.37577
94.8886
34.341217
30.616508
9.220447
85.62096
78.161194
129.2301
108.23608
108.89049
179.58426
178.4652
90.41319
113.7784
66.72814
82.58139
143.614
68.71721
125.707
84.577576
89.39694
153.05684
68.66183
75.004295
67.96863
87.18541
16.616224
26.88976
42.992794
112.775925
72.38937
67.58764
54.858673
57.982243
44.292706
104.48569
76.640656
93.958046
37.652897
31.89547
49.722668
42.779003
37.569714
112.304756
120.193825
132.79948
149.62038
91.04269
86.027405
89.02243
60.61549
69.05654
108.39531
77.94802
123.787605
149.26707
107.08581
84.07585
88.37051
48.738457
73.72901
43.43363
60.712467
59.051727
136.61485
85.23082
74.92427
91.69333
45.600903
106.663506
85.57398
82.87942
250.99324
8.62207
79.63775
83.208405
139.81122
105.91704
19.063145
73.3688
82.07823
82.392914
160.7837
108.9941
127.3123
90.60665
60.993584
72.435524
82.13556
84.262634
103.631355
146.65532
22.769415
56.458553
85.355354
156.8885
175.78236
95.28254
106.124306
133.57022
34.24609
74.98688
97.15098
134.75029
94.08102
84.12071
116.07815
123.11516
133.21057
104.27727
78.08234
75.45842
79.92398
74.604225
167.54414
48.05541
36.505993
15.974837
87.72704
82.415
72.445404
40.668915
168.5862
92.827415
92.56064
113.14907
58.18344
61.20649
41.14635
89.871086
64.8372
59.641727
151.02304
136.7298
41.28547
97.00653
100.72916
29.734148
164.75804
82.05263
60.214664
112.40029
82.19185
67.24732
108.33476
120.742455
98.696144
180.93854
119.8655
65.661224
99.196594
57.240044
128.26941
137.41766
41.61276
148.42064
85.63397
58.8429
117.77413
35.702126
88.89799
74.415695
63.643658
94.22661
89.83259
117.68461
116.52219
129.57677
53.581425
80.67326
66.39613
135.61867
55.73312
41.947227
138.31094
41.434174
65.2794
69.17685
86.92128
24.00895
112.90422
39.1342
39.562374
99.432594
136.91321
86.4383
15.4524145
115.73109
111.48464
67.95478
56.110268
30.51926
39.850163
104.89802
58.78542
156.18271
82.08771
122.70193
26.805208
100.37817
66.24685
217.88115
55.807667
35.563896
78.53727
39.725864
85.33716
79.98575
150.5922
41.12531
136.63165
10.235891
134.30234
12.032729
62.63797
82.11656
68.46147
139.08717
109.07227
107.58816
108.91203
112.03209
34.215416
17.82662
67.38381
113.293
57.40725
73.400635
118.61863
112.29373
37.256405
129.28224
127.98111
116.02952
123.935234
102.07752
85.97768
34.580704
103.12673
97.69259
103.38364
126.15281
193.54282
115.41138
89.87914
106.888176
116.58733
98.285645
100.499176
118.944824
67.71159
85.55315
46.20177
38.80054
106.443115
133.49063
182.64935
90.13667
46.212364
36.27382
155.26675
92.56887
158.52896
80.54658
164.57666
101.44897
97.57688
118.45948
5.49074
160.7967
133.23767
116.608284
83.02651
137.3803
181.88304
55.7254
113.459564
62.79104
42.42128
53.796375
67.36044
82.37144
76.20522
101.49633
98.842285
135.11963
59.40444
111.843796
77.71938
87.43032
120.48325
92.464905
71.488014
164.5826
65.15338
65.35601
36.076836
59.676357
60.959564
149.6596
79.03314
91.687004
88.4025
118.24916
62.04576
107.52606
69.35576
152.11081
71.62336
84.314705
81.17598
128.85556
154.36932
31.670357
81.49568
106.423584
78.36155
61.188213
174.50745
98.048454
83.50317
63.539795
54.14482
37.614304
176.35248
80.99357
66.65617
96.982635
151.34737
33.48608
127.36899
120.23891
10.1275835
68.072685
82.24514
36.86402
98.46443
139.02415
42.39456
71.12103
55.967384
64.44719
50.488297
42.8004
35.17617
82.84434
40.625614
109.50486
93.94473
57.510708
137.50507
63.55007
106.911064
36.45701
147.12947
42.48621
103.46848
124.157234
59.300533
67.46884
79.71772
5.5743384
45.479538
63.112705
170.21045
99.06258
89.963905
154.7317
68.3914
109.40828
91.98221
75.10398
40.457497
102.23197
85.00257
181.50891
141.15474
117.03948
91.88588
124.2942
115.54954
56.152645
108.17667
90.49725
210.85742
69.06767
81.28321
95.55738
107.71973
93.60635
68.70426
95.84078
151.08986
35.45821
68.013084
122.77964
139.64018
105.60344
97.75226
95.06515
67.51554
68.29677
14.15822
167.63576
113.16697
44.84916
87.151794
100.492096
87.33636
146.00832
41.61557
23.893871
36.324482
29.83992
84.99609
127.518555
78.56143
63.590443
63.78369
42.738636
52.055885
99.7582
68.74864
16.917835
61.444412
73.86422
98.47109
84.78267
113.16982
113.57865
69.05464
130.56372
106.808945
134.88667
112.714005
149.6616
172.70844
118.3598
71.672005
73.712944
39.585907
144.18925
104.545074
70.027985
50.188755
71.1117
155.2222
54.811733
75.06088
62.784912
142.20917
94.184875
112.556015
36.475967
36.68966
92.08081
97.5866
68.47667
108.90709
135.93378
61.805363
102.577644
146.586
113.269226
15.44197
180.35269
67.653206
81.7877
69.92064
59.939526
47.567432
57.6849
68.16909
154.15398
95.17801
92.317
57.811867
144.6552
60.882694
126.99668
109.59794
113.58183
100.18293
70.237595
218.1273
20.060383
16.96828
93.46051
58.785233
139.33527
75.22995
38.842175
58.609634
73.902565
106.03822
174.17354
112.692665
68.68569
94.824104
108.49221
108.412285
80.7588
87.5206
52.128307
52.264893
40.459015
162.16641
72.42029
226.43285
132.48416
117.037636
66.84796
107.68118
62.894463
84.782295
145.45287
115.03124
9.410806
65.813255
96.179306
81.02924
85.6986
140.43187
104.04711
27.089025
59.989166
81.19152
97.868416
99.22186
140.89502
58.365955
44.31955
127.26134
46.80704
47.967773
80.92749
109.09016
47.612015
70.0117
13.241092
158.24632
55.516293
66.26962
32.356895
64.75174
85.025635
77.498024
70.16202
124.129364
51.919086
200.16885
27.446507
35.742916
70.06088
63.36323
145.31517
64.37135
49.707104
115.59846
125.72841
113.34343
65.908745
159.87233
155.93999
103.5148
79.70761
183.70262
96.36251
76.639275
76.114044
97.15192
94.23691
50.455215
54.42012
112.897156
32.32925
38.236614
95.476204
8.549626
44.94155
122.720634
34.858444
101.72683
93.81244
31.9232
55.321712
91.12919
76.818504
64.83109
117.77514
55.626747
87.90959
99.0642
61.769062
56.531105
78.98031
71.672066
125.257965
43.545433
98.51126
255.79752
142.00174
61.077423
32.807457
58.480114
125.15325
54.687393
46.31606
106.907845
182.40353
157.93344
60.907177
123.81139
110.924
155.3499
97.63044
61.838486
43.404106
77.385445
107.85401
113.58566
94.659355
35.8564
29.212103
36.37067
85.69332
131.35513
76.857254
73.99745
44.803883
126.870804
62.559937
141.1104
159.28761
57.10063
169.90257
35.285126
111.403625
162.84955
71.12232
90.114716
125.57453
126.703255
60.787613
132.64859
114.15696
80.9887
87.58628
86.76516
36.11047
68.705925
87.44766
114.17569
15.092659
186.44356
45.158524
39.32382
46.204365
82.78044
51.778584
29.587217
191.11856
54.31654
69.066414
149.80736
41.271137
84.851494
29.330162
72.89615
108.20826
112.26914
124.06057
36.956844
122.349785
225.93968
94.28356
99.42427
157.39142
108.88958
65.57672
166.37263
105.68617
64.532196
63.935986
105.6788
23.939959
36.182728
129.59578
86.33876
110.8064
123.89362
80.96375
80.06679
79.35638
123.37924
90.18653
42.221058
36.975983
84.79163
109.45483
75.00945
37.078876
140.86795
76.96898
100.38005
166.7994
82.21622
40.596752
138.30188
56.309853
90.83422
76.412125
23.767073
88.56382
198.21922
134.96329
179.85933
68.776634
158.77448
118.38279
25.07536
46.444813
77.01215
130.59776
66.70875
41.001568
133.52902
53.006474
29.178694
68.87438
103.91948
71.48381
79.56622
94.27748
187.50479
70.862015
32.419205
104.49842
80.35255
38.258347
116.48529
49.564632
57.941704
185.81189
180.80763
126.26685
81.55569
76.5096
1.3860257
75.04904
82.582245
105.21136
116.03996
158.38008
85.50572
59.78528
86.541214
113.354294
70.66123
97.88633
125.39268
145.29477
170.81593
138.69847
62.681427
35.461884
108.19486
58.696888
91.77301
86.995674
106.431046
77.35203
80.043755
108.76685
62.894974
53.318813
88.06408
18.98054
55.693336
109.133865
85.16047
6.861782
93.75252
54.745583
29.177149
33.12543
81.482254
141.72188
9.358583
87.329254
96.97134
100.21464
23.569752
113.398094
127.973625
49.304512
43.144463
86.442116
102.31031
132.48598
67.95119
95.88388
63.669334
163.85693
135.37341
124.15039
87.93014
90.97137
98.93952
80.112175
112.693504
50.78913
82.936485
88.70385
98.834564
83.22297
89.18782
60.578575
37.952457
136.9411
53.408424
116.58532
113.055695
40.819996
110.08817
130.5014
70.09684
101.019424
88.94415
62.804153
124.45494
188.89458
107.86124
63.6066
105.82644
86.37051
60.19833
179.18074
149.29854
68.4886
56.361973
29.221312
101.94357
59.801956
54.56337
28.67995
91.32451
95.416145
71.876015
132.32086
91.74408
50.502445
67.353226
112.65204
58.838234
153.59364
110.50777
124.49578
157.3897
154.85834
121.025665
105.83528
63.718067
62.94861
14.812004
86.50188
45.948208
66.38759
85.55872
71.55396
43.43216
64.41514
83.27845
105.031044
84.66069
60.700806
96.16204
77.4472
49.341984
147.33017
142.043
89.891815
14.801923
83.35831
120.86026
29.253363
75.940636
69.510864
111.81285
130.3921
15.515299
64.73903
98.289154
28.188723
104.674385
44.44373
36.099224
43.849037
103.73409
55.94162
57.177853
38.126373
80.31526
135.83183
131.89044
35.56981
59.107864
83.82322
116.00771
138.24873
104.50325
68.75252
35.18181
19.592875
43.532578
27.74727
104.221535
16.372793
111.418594
25.92715
22.035955
97.373604
4.418417
134.281
40.883385
68.84697
145.95956
39.292274
172.2971
97.15946
75.54045
83.77852
77.58391
79.73379
54.448597
25.47229
87.02943
29.726496
59.640274
13.789257
87.303894
77.455215
52.370293
50.546806
108.32034
111.56592
55.028877
34.90629
158.98366
174.3148
86.934715
143.4816
67.64894
65.05582
69.78192
57.49364
55.799232
150.83136
43.13591
60.294155
155.53441
99.536995
115.602264
158.28816
121.74229
91.241776
190.33055
96.63417
102.99629
99.46101
127.00984
182.34325
95.25858
69.17755
88.04007
54.38408
83.156715
49.316177
139.63339
165.26581
125.518906
60.603256
103.70205
80.57488
101.00803
77.231705
104.39386
97.801155
30.518047
115.360565
59.10545
43.157204
91.10446
91.87541
103.26541
154.05049
113.203064
40.71641
16.791073
89.254395
28.002634
59.62195
90.360695
56.36924
78.539246
87.6335
53.617115
97.400665
69.1247
70.33211
20.561348
107.94796
60.961044
35.285465
134.4837
34.107243
76.472916
54.284927
36.281757
83.69915
77.26146
81.397514
109.10476
194.84973
121.63417
66.94129
116.96999
129.04816
117.45659
89.66262
103.91445
13.789448
74.521385
21.499706
55.899784
36.669693
43.77207
27.497473
12.587886
32.817326
92.89473
22.291079
34.945004
39.8497
67.84975
44.108063
58.488136
37.752594
69.966965
11.404479
38.34755
88.16355
137.13516
119.75214
93.19414
72.88631
97.27792
58.53409
99.223816
55.487617
98.96087
89.89168
107.42582
81.368034
72.02894
98.9108
74.314766
52.20072
37.30347
62.808056
83.58642
85.5868
97.4276
116.94133
121.14637
96.340256
67.63061
81.507225
92.69396
95.63505
38.274303
91.04026
151.84482
77.25728
100.52432
39.8891
197.37477
53.97513
97.222626
109.84742
67.73081
83.133644
92.83702
88.383255
113.8456
113.590324
48.71938
109.0986
43.879913
75.62157
124.63481
82.90356
190.7659
146.42348
54.99529
58.412807
147.50948
34.284
88.34563
52.710518
31.92784
71.75981
120.500206
88.45599
91.641045
153.3539
67.195045
63.962402
107.587585
65.14979
32.47253
105.23263
18.234526
92.288284
205.26762
54.12103
2.9107842
105.071884
36.257572
65.85691
72.88011
67.396736
60.294846
53.947636
113.14489
77.19839
77.62499
40.949284
107.48027
88.86488
116.24405
134.96016
111.17032
126.82593
117.11147
126.216034
65.87553
186.73268
35.581913
40.643547
61.335236
11.25455
99.906494
50.629234
48.821556
57.804897
162.59909
141.23259
53.428764
115.324974
135.05086
101.941185
113.67344
131.48068
152.1174
64.09825
200.50612
216.4944
35.201283
81.096405
88.7316
99.57652
56.100986
86.797226
64.06667
143.02597
109.82576
100.803024
83.14491
12.609162
53.384377
4.9653606
75.67851
97.2196
134.25723
114.21719
120.11447
165.24545
62.99662
48.08709
82.43467
78.164825
94.030235
64.83414
108.49808
40.51146
153.26762
62.30503
127.71218
128.6332
88.700195
11.227109
95.30979
88.17183
150.77193
63.668476
132.44438
156.41115
182.27586
126.81575
155.3416
68.355354
75.57444
57.762264
31.189734
31.555742
87.90048
88.499374
33.092907
39.96349
52.379894
64.119095
44.294903
4.2549944
23.328686
80.99376
29.563848
69.70748
51.257023
76.92956
79.314
90.2641
66.139084
53.62786
38.24618
59.438175
42.84962
163.89586
124.76802
82.50059
42.160614
88.63833
159.76472
104.458405
125.35414
59.438686
85.19494
61.482143
97.624435
40.92077
48.789284
40.204998
74.11821
131.03127
81.29476
20.824701
12.195735
79.554184
79.748146
103.92683
33.869995
76.55097
94.37662
83.36247
52.25221
117.00421
32.470078
78.119804
135.71198
190.75061
113.92947
149.8473
68.90127
78.52537
186.03496
106.35876
131.50778
85.63571
65.80121
121.51493
67.47716
51.15282
144.91632
64.49301
206.86656
129.39302
102.62367
145.33798
85.91054
75.65372
84.62138
75.9283
152.609
169.3987
63.750355
115.09123
95.23627
111.201065
53.374218
69.50418
56.367306
229.73334
37.83914
71.5356
18.20474
87.735344
70.8961
65.76091
129.27106
154.0228
114.38221
122.84612
36.283463
83.84761
131.69446
92.298195
75.59826
29.154463
97.55844
91.98635
35.535572
147.08319
88.1576
37.58703
112.723
86.97217
142.1778
62.90632
153.4436
121.540695
2.090729
33.798042
35.672832
53.620377
39.502785
80.22158
48.883736
109.95547
135.19142
30.272669
104.20881
58.075916
84.81494
70.97451
11.954535
106.57796
47.04652
135.61456
103.1794
117.88868
56.417458
14.2294
72.035645
32.24317
103.81163
85.12829
54.86187
195.23508
95.16187
71.583626
42.852856
22.086834
105.14869
41.451786
114.861916
85.881935
153.694
147.18379
70.59092
39.19299
98.983215
58.00663
149.42856
146.66742
66.19337
105.33457
116.863976
113.184875
57.71926
74.24336
106.45103
37.66824
65.38001
60.107407
115.3976
56.98397
36.380363
83.52064
39.29625
157.43285
100.52236
68.11265
127.844025
131.1849
98.70291
93.13748
110.706085
140.108
111.77882
55.706318
127.63239
59.842823
32.850674
59.055485
150.62955
43.28877
145.62642
43.24499
47.85748
33.565067
107.19658
109.070564
139.36224
74.403915
62.176136
140.3487
184.81987
108.934044
29.329336
106.22178
59.969063
72.42507
40.361084
46.368965
115.92666
57.37824
66.87768
60.185635
62.116993
59.50596
50.716743
76.83715
177.46455
69.380295
58.374954
85.58203
51.563847
77.37115
73.694244
97.97085
42.244854
102.519844
84.78183
63.330425
138.37682
110.48036
115.51527
65.54463
129.4561
26.717627
73.86538
57.12655
46.154606
34.541855
24.983984
63.613213
116.10021
139.22264
176.95377
57.948036
112.35239
123.508675
120.35624
38.105946
115.37737
83.6303
61.047432
157.23438
129.90248
56.93148
63.277393
130.41766
51.01337
27.121223
59.764893
126.264755
98.3456
114.63431
153.98505
61.55615
73.54827
97.45073
63.61005
121.7567
130.95816
176.51102
145.30777
113.89949
60.29251
55.056774
91.075905
89.58579
6.4901824
103.235374
30.165367
35.8253
94.253174
95.21433
40.775265
111.093636
71.930756
55.260113
37.682083
48.779106
47.7117
58.06329
97.070755
23.228788
127.206184
35.919098
37.632065
79.85085
126.73993
122.7408
45.139706
18.31331
115.64512
140.4702
98.30255
73.6289
142.31314
151.05904
100.971565
157.19069
103.859055
101.82416
61.0948
91.85916
100.376526
59.61831
108.70723
57.367764
39.25997
78.23267
57.478836
60.00386
88.01416
112.45494
71.187805
58.682404
65.05077
135.9705
61.221046
106.06037
92.58715
59.628746
70.25123
84.14958
97.0052
89.89373
90.096886
53.655533
57.59542
88.761116
87.382835
155.62677
96.710945
75.00204
301.83737
157.54657
128.69571
203.92754
103.380585
90.910255
105.023605
196.86142
91.82437
87.9666
112.60638
21.222397
106.11083
94.28216
70.62016
93.913826
64.03732
63.55961
27.754612
86.30144
67.049706
84.72141
91.51301
82.54483
47.88705
75.84702
96.85789
125.69541
101.94932
138.11653
172.83942
124.03205
69.44482
140.82938
127.6705
121.27936
88.320404
60.25319
40.11588
24.470192
40.683857
79.486015
156.11876
59.944233
147.87624
154.0558
88.04474
83.703255
55.889328
56.714756
107.4057
71.52525
21.21146
54.42417
52.035545
76.26194
59.12358
52.848133
81.05531
52.333603
60.02664
87.88878
48.782085
137.13899
64.128746
57.56574
84.78443
74.715675
205.95174
105.923645
44.11209
93.09672
62.615067
37.628254
126.07328
145.3294
86.14459
67.64318
115.25022
82.17435
101.56955
43.935917
80.42837
82.625374
42.234287
150.55904
133.80907
36.16242
95.35776
82.46954
152.3184
62.595337
36.516354
107.91298
73.88642
111.02133
78.59776
104.16637
68.98942
91.46759
47.484665
124.56675
65.586716
76.52701
87.87196
14.212652
88.49345
276.5944
43.53272
54.966644
80.271065
65.42635
86.468575
119.626755
167.09068
105.72832
130.87875
73.2504
159.24979
105.77979
104.59789
65.44672
11.881693
99.33461
39.795555
52.333675
37.629646
80.05796
93.733154
84.257256
113.01363
46.506004
45.6064
100.75115
48.113834
64.487404
98.70442
40.76363
47.820576
54.609135
82.24371
73.405
28.695223
98.433464
88.992775
173.76526
99.83703
36.157894
41.988457
80.558914
132.42159
100.91162
95.03586
114.32548
