549.84534
69.75443
15.021167
19.613445
15.674656
38.544624
22.717371
25.859285
19.15268
46.079025
23.733315
60.852142
56.487812
13.167891
30.698338
13.418576
33.414566
29.090681
39.625954
21.762867
57.860794
51.561928
19.994228
28.805954
33.49938
32.030373
12.53146
12.8878145
35.75706
28.057428
32.872227
17.138304
21.885435
20.86398
23.81344
24.876953
18.320614
33.403877
32.99275
35.277367
50.01887
21.295244
69.689804
8.171305
23.715448
23.141071
14.044901
89.36123
19.201906
32.015865
30.890556
18.418259
42.718372
67.68279
70.09697
66.094536
60.341747
43.90353
32.983368
17.694553
16.926874
13.862652
42.930645
24.11376
26.691002
16.06556
27.44847
24.971357
21.82633
23.344925
30.4646
37.39852
47.621395
43.14207
43.55533
61.753624
38.973576
43.83999
43.0031
52.413666
23.785355
32.223835
30.842262
11.493922
25.24896
27.196838
54.17718
50.107445
47.4262
63.009575
59.043358
30.34226
32.001038
12.911807
57.393852
20.827723
34.55084
11.812208
63.48394
17.960276
28.769981
23.00366
30.918161
61.88206
23.822657
76.606995
18.634428
32.99294
42.54323
35.56296
19.215845
32.38184
11.842393
20.925688
44.564144
31.929316
62.245045
38.37356
46.938797
60.037266
64.603386
43.369995
46.075493
17.201502
24.740112
14.911621
11.392073
47.963123
45.53967
29.621454
42.003212
20.067665
1.4615805
22.252823
21.939566
31.44024
13.92644
76.680046
35.92925
37.492195
14.058832
37.949512
23.467968
30.198565
52.54334
14.022953
23.64686
34.521637
29.956488
34.50889
14.184095
16.29112
20.445866
36.90352
57.051773
25.249632
15.566811
16.548382
22.85623
35.5756
35.159775
17.762989
47.338696
64.43967
18.719036
17.435043
24.31013
41.454105
28.202177
33.230145
43.96844
38.200977
46.558212
60.857044
5.936658
31.531363
14.866136
19.671171
35.765186
11.722511
9.465075
25.501863
44.63927
12.66474
27.138018
14.022884
21.523785
22.226631
49.09345
29.62044
17.991753
46.538376
21.938076
20.262032
14.549536
25.979214
19.329088
24.210918
49.388927
48.62678
48.73539
39.793602
47.556717
28.55874
19.30163
29.762224
40.348568
58.53711
23.686426
61.473248
56.93235
39.194424
22.341843
31.732178
51.770382
42.44933
36.481007
21.14862
42.124897
17.269112
51.792305
31.193266
46.645
49.466465
74.91788
45.455006
1.5725299
31.826008
46.860504
45.901176
19.91009
21.81598
32.147728
8.893869
20.220907
48.62533
56.92295
102.630135
48.811314
61.753563
56.172573
55.728912
17.344376
28.28799
42.65144
13.096409
22.62992
43.477734
22.512117
39.488205
26.22258
32.270893
41.486637
24.780054
48.2138
51.62067
45.0242
14.240784
12.853702
35.510693
31.043406
34.359745
28.05434
34.196453
59.198208
19.07479
20.246126
42.689278
16.210493
5.6730747
13.023186
15.105703
62.07473
39.04597
34.586205
41.000484
39.798965
16.528524
13.19697
16.043571
21.217463
37.33558
38.27821
21.515266
57.95464
33.575565
35.06964
25.734726
35.680916
28.648489
37.61262
37.77314
64.27204
49.98467
19.328867
33.18842
33.24235
17.043083
36.8438
27.967064
34.223038
34.72428
38.4539
19.555456
31.769592
22.896814
38.96142
34.747204
16.800081
14.527563
47.008472
22.43346
33.31365
28.465405
48.817223
37.08312
39.46006
33.626972
45.571163
23.837526
17.978798
32.474197
28.636074
16.92405
48.5618
43.911503
55.53647
37.75686
55.024403
78.35255
22.087404
25.83661
24.740192
24.215355
26.646702
38.455948
43.502266
43.729847
57.7771
44.410202
44.580112
18.443596
19.169718
19.160378
28.328331
19.276413
18.48869
13.360471
12.531548
21.853632
34.710712
82.41808
34.72288
29.256243
19.890753
18.437056
29.57044
25.893625
50.202057
17.851477
24.004498
29.330524
29.577612
13.101288
58.84659
45.840668
22.632235
25.807632
19.731478
33.374218
18.504341
12.332634
15.169663
41.041225
29.437616
30.433962
61.522915
19.761778
20.548077
10.172665
20.626413
67.13252
27.197021
30.992834
37.733814
20.654804
47.341908
52.926205
19.779879
19.132404
32.85596
24.483799
21.460152
16.13831
33.722446
20.487417
33.801865
36.78462
19.281956
9.923063
27.820219
19.093111
46.04243
49.55204
46.212418
22.93966
33.857403
39.639553
46.12315
50.230488
71.35227
15.405929
15.913525
51.855034
35.60316
24.150606
29.522114
44.097244
19.436321
17.882166
17.904163
21.632177
23.91536
8.194424
44.03167
42.44462
34.07425
24.120813
23.220007
40.396698
54.606876
77.84355
54.45935
48.768116
33.332355
39.159515
20.971796
24.367586
30.833477
47.265068
41.54731
45.514164
39.951725
42.240135
56.996246
27.246922
27.191519
13.462355
23.065235
33.14857
23.800137
27.10526
29.13142
29.027292
16.659115
15.3671
32.982292
45.02098
41.352707
51.691273
37.825535
24.545036
19.165611
10.077353
29.370455
17.552551
13.725625
26.482817
29.219833
26.195328
31.895147
25.246754
13.212647
27.700665
53.2402
56.21648
32.1087
40.872166
43.756382
2.1766908
23.148962
19.467674
48.42752
25.060541
25.968113
47.88292
45.95366
17.075708
28.79486
23.210773
58.15573
28.900305
32.090405
24.039087
56.302258
13.16115
16.366117
38.68957
32.321606
25.211557
20.5631
44.788563
37.30328
7.446137
27.525108
19.091402
11.585336
24.875618
30.842285
31.496367
18.64806
47.891556
29.861061
34.22853
26.07502
31.574411
54.652103
18.834759
19.191278
27.847923
16.367165
33.952545
65.08692
35.06896
46.519188
44.356934
32.305412
85.39097
50.48765
54.73928
57.8802
36.26099
47.34807
42.311718
60.559288
49.07422
36.493847
53.764393
25.741035
58.038944
16.879248
20.50737
18.853521
30.02755
24.654734
28.579565
18.0946
31.225536
47.9713
49.7749
24.497757
9.256819
10.803036
26.060095
15.2671995
19.436152
19.472658
17.586033
6.216823
49.623756
11.161774
21.993023
13.10478
16.349468
20.653965
26.577507
24.530523
18.547575
12.348947
33.51979
32.860313
17.457487
28.780113
19.230846
43.491913
31.797192
23.111404
63.279633
38.53859
15.996321
61.816452
49.51739
35.734097
27.106848
42.764076
30.547274
29.261448
28.532242
34.995632
30.723028
23.483706
55.16581
54.909042
47.98817
41.779423
32.610733
55.737595
16.903637
26.509085
15.833326
28.132624
34.551216
18.906773
29.561602
21.439032
9.796371
10.763287
20.909578
39.077885
33.04799
24.385635
45.282852
12.570376
9.901746
51.664764
41.453712
17.48154
19.593653
47.473255
51.51925
22.434639
20.297037
46.13192
20.740303
33.77228
33.38007
60.542152
15.97942
10.676876
40.840958
16.934212
53.50556
20.240894
35.461926
9.070902
66.50838
64.39215
44.76474
15.339947
28.640644
15.081517
34.67154
48.240265
21.116543
25.651934
24.341003
23.324274
36.88846
18.319252
11.46583
19.200216
29.707947
9.536286
28.08742
46.68664
27.262407
13.089269
18.159447
35.30902
23.800665
31.99143
33.675392
12.058271
8.309719
31.640793
42.524506
20.152102
18.615545
21.929304
33.130142
57.191544
60.837025
16.748507
13.860895
23.611168
60.92502
51.669415
46.53085
34.23219
60.467247
47.40485
30.373938
48.320908
40.259624
24.047165
38.577072
30.521145
29.218882
17.760994
36.50773
31.80316
12.197995
32.900425
25.19593
4.7506013
20.886269
37.567265
15.666357
53.448765
49.278275
42.211273
41.67832
36.59783
48.70119
91.27798
76.91657
49.90423
50.333847
44.383366
61.626915
54.117607
59.489506
26.663054
33.93772
27.45323
39.92273
44.12577
35.652943
47.94819
30.182972
42.265026
29.77839
63.827957
83.54209
23.089033
34.746716
53.846367
39.958755
25.710472
13.688777
15.434714
32.240746
18.754341
34.790627
22.55012
31.838142
33.94296
58.89898
29.731749
57.718807
19.44562
16.860594
20.523037
38.184177
13.107438
45.745186
31.595043
28.050861
11.662724
22.522732
54.601334
39.76095
59.108154
23.345098
53.188656
21.34336
17.974403
52.121742
27.324038
22.710999
33.1684
8.255749
24.595766
38.26852
50.252167
11.84562
37.203163
26.992569
12.857479
34.463707
26.906109
14.653681
9.049492
27.585684
21.347092
17.293163
20.16229
27.314964
14.056419
17.60037
19.252611
24.91313
33.08521
30.291521
13.924165
30.77073
50.993126
23.37702
14.087755
14.306125
34.502678
47.818314
18.936455
27.002232
30.353592
34.7128
61.743908
37.071594
30.412392
18.520561
53.096333
24.494326
30.547422
21.040327
36.274117
39.233322
10.48761
23.477938
44.492588
51.22836
77.729706
60.159943
49.0739
63.169907
41.00709
16.481134
15.179148
25.0111
7.4840593
22.687183
31.40222
38.784252
45.827965
57.47605
46.901493
34.438267
34.13032
29.791658
13.901443
43.692783
16.86995
47.588593
40.637764
28.132963
33.956596
29.939497
8.28107
28.495554
13.93528
33.363724
27.752827
33.346798
30.714628
49.880093
40.402832
45.48262
25.556162
22.717863
8.06814
12.347036
33.844845
15.924094
19.568321
23.191597
61.00945
32.200817
27.727993
39.29626
40.33645
29.542664
23.444414
31.372957
46.58735
55.806396
88.25644
60.777306
53.410675
46.185394
56.131237
54.847034
31.795347
15.90248
34.411354
16.39999
14.939231
26.225079
28.350437
22.086641
14.029006
33.41796
45.482914
29.815649
31.776941
15.792903
31.004889
6.8294063
9.950184
28.708027
16.838837
20.664068
29.227018
21.718164
31.382353
24.495926
42.962925
22.562473
21.612757
14.094044
24.656723
14.223922
12.992356
40.54379
38.08068
25.647799
35.87418
20.84272
16.759056
30.325506
30.691303
33.29253
34.75885
18.326578
27.65734
60.98776
16.41695
77.12016
52.0925
50.175446
57.62303
33.124233
47.07284
34.489117
47.171444
17.21361
20.304527
22.237541
37.74445
45.227577
62.985348
39.40906
57.790283
52.839794
52.587833
60.089523
52.526417
39.71952
21.758324
20.676477
23.99603
16.893503
26.609411
60.446163
26.616753
44.720646
24.200584
27.271755
47.129833
20.940422
26.587837
34.202816
13.517216
36.974686
33.944958
18.46041
17.236029
21.400024
34.262894
50.150448
53.04999
32.42202
70.76844
29.718739
41.76792
22.172884
71.159645
19.861296
24.64494
13.541285
39.40309
31.771198
42.653893
50.770214
54.421803
39.53805
64.45353
89.67999
39.946278
36.667892
45.033897
47.71008
48.804806
37.123337
40.90841
36.613472
37.02214
44.57342
79.15039
34.609966
17.808151
22.908873
20.769947
21.39891
33.449783
11.704071
12.859624
30.848827
18.615318
19.508028
38.45403
13.724041
40.20671
52.951084
77.65371
97.47223
82.68421
80.556816
37.199863
32.20892
55.23647
57.45709
63.929893
90.18071
44.307953
15.81984
15.5078335
4.0954876
29.412487
27.257002
25.817791
25.792469
17.289932
17.767597
34.699493
27.970903
47.0001
18.512653
31.099863
22.819225
37.351707
14.155962
29.98269
22.876585
26.239836
24.050926
12.606305
47.29753
18.679996
32.54806
40.907825
25.748093
38.797253
32.766956
12.649995
27.498634
35.327568
22.525442
50.65518
29.813604
25.61147
21.93483
25.447853
14.540147
38.80098
52.63579
9.879116
16.803234
47.982372
29.957188
15.70829
21.59734
28.01986
25.976221
29.367058
45.72601
37.78075
17.500858
26.495844
23.970049
21.289698
66.137474
31.360455
22.563387
47.315697
15.3308935
29.809109
22.733747
37.447277
48.95721
25.211435
16.544525
33.009274
28.247402
31.787876
32.7165
36.1143
16.220558
28.332947
47.91458
49.865448
28.262402
18.033524
20.505352
13.210235
73.325645
68.35469
33.51272
58.21952
4.707613
12.259052
27.150349
30.922625
11.35808
25.168293
18.462715
38.425713
21.262428
17.247269
30.247269
21.19404
17.434523
17.289368
42.23619
12.444444
66.82881
18.70562
23.590168
21.650633
47.91294
19.209776
4.9616585
47.25441
24.936342
37.33198
36.98833
6.418146
34.189705
20.592262
65.37429
14.89313
30.732664
26.838737
22.717592
17.118307
21.21916
35.170135
34.24479
33.329185
35.51668
54.042126
21.026222
49.541
37.876526
6.6550684
35.725807
23.250391
22.302876
33.00951
18.765007
47.51632
32.343174
34.14011
14.493486
21.106333
53.329296
29.239277
27.4819
18.508759
28.61397
24.78698
25.269348
28.02938
36.907063
31.69827
61.93608
41.647095
49.926426
35.500015
60.570038
55.446877
43.59042
67.788475
34.55216
38.3233
28.795727
39.573086
47.57494
52.063488
77.16716
54.634384
78.97515
75.626595
79.93486
41.466427
42.63342
68.21926
52.558
47.00908
51.87889
85.10849
83.409
26.25406
67.05975
14.478633
33.594833
35.495407
30.785572
48.278984
18.390297
23.756277
16.165037
31.05557
37.125847
22.840876
14.083174
42.381348
11.989362
26.227757
46.64334
51.410404
30.349215
12.483955
17.403208
34.164967
32.112316
17.40332
30.224445
38.420517
17.884815
42.06855
31.62511
26.284792
25.342445
39.405052
31.186691
31.7446
7.9562473
5.6900287
40.9511
9.588601
5.50027
20.86858
21.70057
29.436655
35.11448
36.891754
15.021981
15.445592
31.994514
15.384391
19.593456
20.935923
36.585392
19.982847
27.156502
57.086517
22.115576
21.643337
35.677208
18.056261
37.197803
33.702103
43.1428
48.845192
45.34707
47.810028
44.632492
32.48159
59.258842
42.014057
57.463375
37.554443
51.817055
47.07431
31.534147
57.696278
64.54776
25.23204
35.982555
34.61069
20.928064
17.850533
64.38187
52.26672
58.893017
68.8834
73.32099
60.43816
43.489357
57.827198
42.67611
40.999542
11.2944565
51.298264
58.422916
19.513815
59.941784
19.295052
36.330692
34.595997
20.434288
54.50809
24.720781
26.570606
42.691196
27.529264
20.658836
30.870205
21.921055
37.815895
68.191414
32.218895
31.511072
29.076267
38.725826
22.237726
36.04401
35.05813
32.075497
41.939262
47.797344
28.736046
56.08959
22.86554
20.397228
36.336082
14.698608
21.54829
17.586742
17.335527
34.369183
20.872454
22.427864
24.414637
32.869698
58.121307
25.86004
46.597916
30.779991
30.373035
33.493275
25.753607
30.162842
38.636242
41.578945
46.34522
41.47391
48.512962
43.013927
56.3275
61.063034
15.547978
27.388716
32.806087
27.513742
39.16065
46.409073
53.645756
48.624954
62.609562
20.707876
34.01421
32.904667
55.63239
25.720713
30.185574
44.370373
44.44122
53.194527
38.927273
30.346355
21.956097
24.132227
60.989067
53.49946
72.203804
57.401493
80.87182
73.25238
72.96062
48.930984
45.383373
77.67898
55.942993
64.09918
42.6707
66.99967
52.65968
35.860596
61.355526
57.395153
40.111874
54.969917
36.326447
35.995987
38.277218
40.066803
43.618725
52.403755
38.930252
49.54869
18.472664
21.094353
11.278574
23.241228
40.341568
45.002697
44.49029
18.607683
31.289621
31.132286
30.063126
32.978798
37.330765
34.420258
33.737553
18.762922
16.379662
10.765948
16.967262
20.291435
44.761208
30.577566
33.443092
25.474781
24.742653
12.473353
21.78174
28.331717
17.799969
16.810637
74.240906
23.480507
12.349156
71.964935
50.029564
34.09001
39.30628
58.768967
8.782782
17.849394
21.764124
17.60066
19.183603
24.57083
43.005394
22.587612
12.721945
21.671663
40.033035
27.226885
63.221397
20.662195
20.136696
22.260786
10.832955
7.9818745
44.08079
49.787846
47.610714
50.604
75.237465
22.935057
38.280872
38.28759
5.380958
37.46903
17.758919
37.94434
80.950134
46.957096
57.87877
30.257475
11.008239
26.765406
95.806755
26.323889
9.763145
11.862196
22.043657
21.048098
22.043432
26.637367
40.7208
12.648635
7.364273
24.597837
42.520435
10.538731
17.475027
23.22616
20.964954
35.991543
27.77125
46.255142
12.920101
10.231793
17.594332
22.744358
50.19469
28.754824
39.316322
40.098763
20.69603
29.578135
24.932667
32.697777
30.072315
25.443104
14.259773
23.433548
34.672703
39.07949
65.17028
64.84395
50.57165
45.762184
68.205154
47.71797
65.46611
83.023834
90.41083
141.71413
81.265335
29.521729
24.663124
21.905832
28.017017
76.4255
76.66039
49.362625
35.429047
87.18592
48.131588
27.814175
53.09437
25.75893
41.055504
16.698881
30.672087
31.096558
21.726665
19.772408
21.282764
13.880704
20.370935
15.527872
31.031328
22.340166
14.098323
14.405887
18.11469
20.864553
16.323563
17.127598
19.194124
15.507171
14.175333
28.278265
25.819883
18.802195
27.24155
17.37243
14.439814
9.473644
9.880993
8.153695
25.11791
13.198518
4.4919095
34.862587
5.9079256
16.496653
4.6444073
33.940487
61.61299
51.03073
15.807073
20.276392
2.0918915
16.042658
10.686297
15.28274
11.393402
39.68013
14.350312
16.8492
46.034523
40.53653
15.56896
15.501822
18.73017
19.293013
14.586897
15.343646
17.192139
14.540132
17.168121
10.232952
27.3165
30.276527
14.203931
29.006554
8.487222
18.851683
10.947992
2.6187966
11.828048
14.65221
10.356686
26.606386
18.47129
26.333948
35.85827
25.07499
37.66971
14.124451
11.373078
22.70432
17.013653
12.975678
2.9029098
15.469221
6.300866
10.538056
15.751121
22.338747
27.760876
32.164326
5.392938
3.8042965
12.572546
11.87303
9.84904
22.237097
3.9701242
24.269659
17.13868
14.778511
17.890966
8.411967
23.930845
16.73023
27.880413
24.04276
20.639128
27.235184
6.399672
19.512005
13.216009
7.708662
22.005991
28.59135
25.107439
26.068005
16.354328
20.276722
15.830197
15.611924
15.810259
13.665591
7.16279
35.86197
5.500484
35.263763
11.360337
29.584377
11.462006
20.486143
17.910406
19.91407
35.52229
32.034733
42.324074
16.582357
27.937145
44.074146
43.115257
28.80604
62.0321
5.339155
4.1092772
22.847984
19.789848
12.065046
18.307182
25.384739
12.173456
45.145863
36.761063
28.304722
5.5580416
20.855242
39.927383
24.620674
37.89566
34.501705
35.145557
36.077137
36.647694
33.79981
29.668482
35.002453
22.170408
41.814518
27.262
18.760805
17.138456
11.026667
9.199896
18.217
10.695388
3.6932786
11.270068
19.864914
27.905556
23.060143
23.081799
18.329353
12.941986
24.042849
22.407776
42.546707
25.155624
39.36652
27.241554
14.030714
15.218413
6.7923546
8.518771
4.0591455
10.703202
10.451197
14.471349
18.70751
29.348852
12.66148
12.647455
7.1191545
17.345768
14.772582
13.663178
8.247338
11.985954
17.08594
25.140417
6.9111285
9.863672
25.902586
30.42545
18.49858
14.901791
14.416499
11.358539
5.1843896
30.354641
27.674894
8.768891
17.461845
15.209564
21.92599
12.307661
18.716286
7.505225
13.458888
10.498976
19.23528
24.743757
17.049017
19.560535
18.209877
23.17389
14.890597
10.107865
3.4283373
28.284008
10.570566
12.486608
4.969229
7.4750767
21.254072
6.959624
12.409777
21.167559
2.137147
18.757715
37.38005
61.229237
52.547134
52.362896
71.65412
24.492363
33.724384
29.107378
14.4096775
26.043402
62.24988
31.907942
17.00676
16.248188
28.826122
14.39616
17.05061
15.2459755
13.34529
9.035827
7.631568
6.7169323
7.2717743
20.772236
19.140135
17.190195
18.738617
17.568956
19.001842
49.281483
27.519238
9.576071
3.521988
22.010674
15.933785
14.393269
43.275333
18.33871
9.39075
16.352222
7.2112083
18.512554
9.836464
18.494553
18.074343
22.983706
48.422977
9.641946
12.389865
36.548214
9.85357
14.059251
20.29347
13.373526
6.351199
8.766569
18.586716
17.728731
24.281277
18.232777
6.3582845
10.043334
13.991699
9.9688425
14.864951
21.173935
9.469639
20.456875
19.348593
29.175392
12.639209
11.735366
14.814864
16.841438
14.493365
29.77573
16.631767
14.860247
16.011131
1.2775384
13.396467
19.660866
16.337393
16.228392
8.972121
25.498219
6.278287
41.375053
13.119372
13.31222
20.664637
12.9269495
23.125212
34.680714
7.796861
10.567998
17.496178
6.671262
15.940551
10.955578
15.463823
5.8861485
15.15938
15.136452
42.701305
21.50945
11.745466
9.185247
18.774164
2.35568
14.035569
13.047763
40.753944
34.107536
34.0204
9.673952
29.26755
16.10096
10.0233555
20.875742
13.594958
11.793903
6.028284
17.159418
6.126488
9.217688
5.6793733
10.831687
8.797897
15.372097
9.868272
25.455515
4.866277
17.28007
13.891526
15.389632
19.96103
9.278845
9.934737
15.65481
18.76844
34.00667
16.674454
30.89544
22.48651
26.599993
11.16354
10.831194
24.722292
12.5433235
8.172186
2.67042
16.427832
26.45365
11.885981
9.571452
5.546835
21.306952
23.141863
9.779438
2.488223
16.831726
13.356714
5.410654
1.9572438
17.0317
11.187396
12.832403
7.5455346
15.868256
13.297839
31.25299
35.1775
28.881536
10.224317
14.281574
9.649649
11.008468
3.2086163
18.574366
28.590065
18.672493
21.231909
26.88785
30.854258
24.683872
21.772429
21.337513
13.306352
7.0976567
25.192131
16.122961
22.04446
18.72691
21.071186
8.583556
6.0916805
8.13586
30.889439
17.340364
12.675245
14.318399
53.171295
19.43569
15.766113
10.071807
6.317036
26.893242
29.65981
44.119152
3.770086
13.33425
15.147195
11.508389
19.920504
8.380945
13.98265
21.280485
18.119576
7.281535
9.300421
30.03314
14.848743
14.440721
15.943904
10.570558
6.5428224
12.321294
15.267957
24.060286
9.000075
14.294617
30.808784
25.003355
17.07529
21.689674
16.659966
32.087646
28.404112
30.769133
7.854261
14.547555
15.800632
11.585094
7.9408092
9.384812
12.3276615
8.86435
13.0887575
29.555561
23.879986
6.8939147
8.373387
5.6345882
10.551294
7.830793
13.315103
21.206526
11.48718
28.03178
6.876523
17.940475
21.920826
9.2404995
19.551023
22.093977
10.974644
25.964954
20.829636
14.990223
28.134699
26.462698
8.701319
16.566359
24.813383
42.477203
4.3664384
11.151581
9.641903
13.476413
25.824263
24.399832
20.653807
6.5696964
57.102013
19.104189
6.6030836
7.7968807
7.279382
14.112168
4.950693
10.034214
3.1875427
2.9885378
18.029583
17.95341
5.8439054
12.701491
24.773169
13.954563
12.515577
27.999779
11.275536
24.171494
19.49148
13.728233
4.1464734
19.22448
19.037535
13.742517
59.125267
9.640837
16.31108
11.112759
21.122412
29.01831
52.383076
52.42447
46.500942
68.93972
41.745865
41.274048
43.626434
6.8731713
47.99405
13.816571
16.53576
12.827468
12.173292
16.74286
8.459441
18.96451
5.487448
15.450837
19.074629
28.8385
13.700321
10.795515
11.969574
14.61417
28.49372
9.4140835
8.805003
18.96086
11.112796
28.52406
8.8294935
31.567411
23.425625
75.23945
19.016129
19.000305
9.011451
14.441266
21.47738
9.379892
15.5491085
13.041483
65.99688
32.713696
37.56981
39.562668
27.108614
6.1803565
9.684391
12.538685
9.542507
38.985504
4.708872
17.95784
14.261094
20.304174
43.941357
12.907417
21.410015
19.709747
21.564224
39.124855
50.06398
39.20893
59.586315
51.2973
54.85817
32.795364
28.552513
26.376978
32.800446
33.20905
17.812809
23.864876
38.35162
49.06047
7.8833604
14.450194
9.478925
5.4212
16.936993
15.875469
5.8535075
14.316751
26.251413
6.005411
20.731712
17.607435
10.299946
10.735599
16.469563
15.458375
22.80313
29.728203
14.126952
11.292455
13.550271
21.710793
25.464693
27.999779
18.926678
13.22862
10.3667555
13.915017
11.149162
21.058338
13.373493
12.23714
7.76283
32.03039
31.044521
28.423784
23.540668
27.876438
24.8175
25.472305
41.82464
20.750286
7.1892323
3.680422
20.31792
23.9015
8.536144
30.767323
10.599876
16.403517
16.533918
19.88098
6.9824567
14.564888
6.2221622
15.527652
6.5015774
27.367485
11.46626
21.366915
22.419487
30.017256
14.604654
16.05877
11.033658
31.453465
14.1132555
25.763079
16.191895
10.677857
36.549633
50.177216
15.83407
27.819475
15.806049
9.397074
18.405102
25.817574
29.255465
5.734293
5.4894533
13.85088
23.572449
31.342108
15.697986
10.484715
20.648767
26.265038
17.050777
22.075308
10.557451
28.729666
35.22589
35.10858
42.15893
38.473198
37.11437
36.681087
36.70179
48.338413
30.06141
32.541195
31.19609
29.975117
20.07711
39.651543
46.335926
40.304497
39.655773
20.150894
16.220388
11.032019
13.176771
25.017498
32.122005
13.932125
26.323574
11.17369
13.963656
16.323242
8.50128
4.430717
8.5706835
18.244362
11.945988
22.961977
16.58808
28.426792
16.27399
18.062101
3.0889966
8.30332
32.902924
9.255896
4.866196
7.951273
20.44046
29.851778
5.7784505
8.691539
9.317946
9.475151
19.082739
33.045986
12.148914
24.3102
28.507883
10.845577
12.882892
12.469261
19.47008
8.341984
12.655425
22.883413
12.445965
17.320242
5.1494856
27.450891
9.335335
23.341555
10.128166
34.90718
28.97265
22.608824
43.144215
14.434768
17.383173
10.948424
26.75614
15.576596
12.633884
11.758274
19.325785
25.389832
15.233934
8.346938
14.918931
12.1457615
21.300442
21.915998
23.933348
16.791569
17.280338
18.36131
39.777767
11.103192
15.065156
24.378838
23.89808
9.896938
23.397655
15.597451
14.558386
14.234921
12.039577
9.525958
4.139559
26.748655
18.222775
36.871265
21.220798
24.502234
19.026283
11.413514
26.657167
26.848415
8.752632
32.556717
9.569308
16.097902
13.181167
19.115683
11.073248
12.249578
11.435369
6.5597715
17.666592
15.178079
3.4519918
26.095047
15.556592
27.402729
16.509874
14.034205
13.291956
38.30738
7.1522913
21.283825
6.6831994
3.256607
26.091597
20.445747
17.76932
20.3127
12.384753
22.260008
8.288267
15.471853
4.866481
19.26818
32.433342
31.28562
8.020603
39.507095
12.995178
26.26689
29.580069
14.067019
11.027365
10.084707
13.213012
21.259747
16.722116
9.413259
7.6789746
8.814206
6.411262
24.54718
8.462831
20.959438
31.884987
36.846302
14.822614
29.62774
29.98595
7.4250355
16.371832
43.945503
2.742576
10.958405
13.6283
9.359465
20.720392
30.75652
15.695083
12.042719
7.8631115
26.469969
12.648118
14.431108
11.876591
30.885952
15.866147
15.262752
45.11492
14.75857
5.6868377
17.63397
35.198452
18.436083
11.822492
18.879492
5.2014546
25.156889
39.821095
33.319267
39.93466
26.118454
24.205557
29.287247
22.954554
29.92769
41.8749
27.089401
5.059988
16.328545
24.710865
17.100565
11.927794
12.286416
10.812267
11.593514
23.324438
31.092712
12.029281
14.816322
33.241325
19.437284
22.119678
13.613647
20.650244
14.464277
5.5772114
33.369328
24.459131
7.057595
17.062517
14.810315
18.645973
19.130249
12.751135
15.791793
24.585508
19.142443
10.717364
2.0157232
16.088263
10.639037
21.525957
13.544516
18.408897
16.774012
15.87012
19.287056
7.078262
12.03572
18.801716
8.753422
21.537458
30.278233
30.20713
18.487938
16.693733
8.147399
24.90325
28.358215
24.81397
19.567293
5.9240046
13.941516
18.646751
11.135589
12.785746
13.0226555
17.881556
20.866783
9.147148
12.02186
7.644363
24.147606
18.774319
15.804797
13.355557
15.312283
23.74053
13.365614
12.1173935
18.189611
11.656689
9.730442
12.204351
7.2759438
24.906239
18.138117
22.220392
13.69384
27.350246
22.737434
13.998327
30.64031
12.983831
17.46323
13.1072445
6.8520875
11.397574
28.10185
12.574374
14.769888
48.21632
15.248955
26.082644
11.658535
20.18415
19.562613
14.429261
21.966152
14.195243
10.864109
18.213434
23.02694
17.62317
15.338706
22.23407
26.618874
9.9504385
30.595757
59.90833
11.451444
25.322039
21.46198
24.276016
18.065933
20.615969
34.032658
24.044628
32.94872
31.212273
10.679464
12.305743
9.767599
17.101992
19.721407
7.0252924
17.919489
15.915161
12.53346
15.079491
2.7964103
24.452751
9.35444
24.009764
14.452709
25.11424
19.276226
18.411074
20.969416
6.191459
22.47697
24.246117
16.707096
20.294369
8.709714
11.520171
7.852119
21.28846
13.759457
3.9311433
11.495173
31.01836
27.701502
18.611212
11.231934
5.385153
21.094929
3.878889
7.2900767
9.886888
30.197786
15.713321
30.953264
8.445687
10.999646
23.69756
13.147938
13.9141445
49.980045
34.24502
14.00517
17.495249
15.386282
15.347703
37.030266
11.917703
8.436135
16.359911
11.42825
22.600441
12.127388
17.179388
23.847546
26.382221
27.4272
16.232817
33.766773
31.452774
45.62863
6.414892
10.032077
5.5341573
43.99105
50.675922
10.875885
21.786219
14.828173
7.1163573
19.890076
19.826675
12.829608
16.961775
39.64381
20.696692
13.092756
27.342157
18.45093
4.6753263
9.582533
8.822339
9.671256
13.788252
5.8187923
12.550943
12.913709
12.858692
16.408089
14.068855
11.013733
12.350995
9.675614
15.633556
15.146614
6.270491
11.190954
32.25587
18.356594
19.43893
21.026009
18.599236
27.987228
14.285087
13.239562
29.213787
23.961533
17.63847
4.8293014
18.588991
30.053125
5.638421
16.407583
12.346471
18.030184
31.33188
16.287046
7.22016
9.003742
12.602178
22.507837
13.804669
27.27212
60.98023
12.757404
20.335663
15.582048
9.684667
2.5649602
13.250636
11.306389
13.459576
15.094531
14.601406
17.492613
15.320238
8.487636
22.244167
11.684108
17.27367
7.083432
13.804729
14.131037
9.257557
15.873362
10.3150425
18.233889
9.9637575
12.562935
27.216286
32.085358
6.2613344
13.921243
9.542086
12.460008
17.25518
17.57741
18.250645
28.30951
20.541079
23.324
21.10836
17.62893
12.210278
35.327553
26.710793
25.158197
25.375847
11.328135
9.078809
4.7927384
13.889301
15.855369
22.755705
19.144737
32.87258
15.438359
28.626814
42.281265
13.007102
7.4537435
12.681377
11.772606
9.443009
6.791352
8.529551
13.009841
38.196117
22.25328
7.6766453
6.9259205
5.6940155
16.021914
9.851369
16.671083
30.942429
8.438901
6.316225
22.555218
7.375706
9.539881
9.063762
12.799753
12.931283
18.49672
40.190353
28.593277
12.638165
16.705204
10.900616
21.864658
7.761599
16.420307
11.709138
13.624826
12.444313
12.490426
16.525837
38.966515
25.332798
6.453389
14.790362
20.75837
14.939208
12.128903
17.347471
12.441351
15.574963
8.965542
20.12127
27.012663
21.492966
31.377886
23.723118
13.584124
12.806158
5.400227
11.524786
22.487076
16.442907
22.386127
10.919634
33.96585
11.895805
8.884926
22.141273
7.9382625
17.877892
12.010302
7.065488
12.329094
31.132324
17.00718
8.3597145
21.144814
24.47888
26.980501
40.9797
25.190716
15.81232
23.726074
16.153511
17.381323
54.939186
20.590303
10.567801
19.36726
9.547042
12.633781
6.800827
11.658255
38.506737
26.715662
28.44115
31.631176
39.09282
40.06654
29.016342
19.976622
17.352295
31.203379
10.711715
32.233097
18.76544
31.631742
21.41874
20.980135
5.4181385
24.663546
20.926752
7.955586
20.487059
21.171186
18.465273
27.649355
15.464683
16.335663
15.649591
10.547527
20.013664
7.793644
15.457414
6.640353
3.6600883
6.861994
32.39392
10.8898
5.5048437
61.943214
55.742207
8.059102
23.884714
19.718155
14.098784
16.17291
44.78772
25.441652
19.869707
13.114974
15.392217
5.6416225
33.985077
18.145718
10.624927
10.0351305
15.49444
12.621481
11.775115
15.838231
28.242136
16.478508
22.278767
26.148787
23.192066
17.521595
31.034096
11.856925
13.574488
18.38215
5.250481
16.385405
13.159093
7.6792407
18.137047
30.540007
68.6992
3.3153217
10.498675
11.790916
16.554476
16.686926
19.780512
9.039912
12.959574
6.6593165
10.3500805
20.62243
8.60974
24.056875
15.954604
17.83435
6.6846094
10.351945
12.993356
24.424166
25.75081
13.574169
10.192711
17.701035
2.048446
5.2319384
8.443945
7.4947896
6.2875023
13.321953
11.832806
33.712784
13.376874
25.125011
7.294046
16.991772
16.804556
14.563677
24.250017
14.698334
10.009165
39.21702
28.213446
16.214811
13.20138
25.377907
29.50374
6.2822566
23.356445
8.505908
25.920649
16.196478
28.932451
8.243248
12.438767
24.295547
13.472024
11.897056
13.805689
23.753036
7.4975667
12.246573
11.390359
5.9189143
6.9573154
17.686796
15.84975
13.481912
18.880903
15.706082
21.957024
20.704714
21.521482
15.562221
14.474024
10.384616
18.182106
18.157055
20.540442
17.81204
18.40677
17.063751
17.286064
17.193811
12.064946
14.854714
9.296392
13.8601
9.152536
8.228067
18.638588
21.01852
13.721597
16.074177
10.696469
28.002068
24.797815
13.740016
16.140028
11.393968
11.044384
12.374297
18.008844
38.22683
18.436
6.812371
15.709894
31.176975
14.71323
22.327272
16.000689
12.65679
9.099524
12.348698
18.216127
18.998222
31.914827
22.653929
30.905085
23.908754
22.576475
18.86616
11.603593
22.79473
21.90696
14.998715
18.792906
21.169958
14.078809
20.680182
12.911755
16.596342
7.446222
14.188211
39.71318
31.316607
20.915071
27.983912
6.938193
33.263947
10.421516
19.12956
15.68396
39.438984
22.237347
4.420083
12.151477
10.554849
29.614935
16.945599
27.136625
13.599186
10.308804
13.153317
8.278626
33.807747
16.377073
5.784528
13.028889
12.584759
32.090355
38.27484
32.763412
34.12895
31.372637
30.033087
32.088974
46.02518
75.94371
14.34441
12.551977
14.126295
17.466944
9.9638195
25.03507
13.0053835
11.334777
26.231636
24.412683
19.422989
6.387484
26.576199
7.536469
6.0446763
10.471295
15.356612
12.789299
11.212179
17.156895
13.066048
9.8067665
10.611996
12.306493
9.372131
19.994719
9.176404
17.85522
19.645365
13.914663
21.392702
15.4927225
19.684217
12.745256
16.828873
23.37764
16.287037
6.901175
8.79615
21.883316
36.920162
18.826601
22.952765
32.610977
50.623707
26.351109
47.696667
30.221085
18.781507
6.975772
26.5068
23.364325
45.32112
29.004766
16.635172
48.75569
6.4980407
30.846045
15.421277
9.3755455
32.45798
8.287036
5.2149873
19.146238
47.540062
19.766481
13.190726
12.997098
2.2614868
24.850828
24.010632
15.066895
24.728045
5.1002865
9.10265
18.496199
3.860042
5.9786406
9.84849
5.6852655
25.988113
13.275199
33.964554
50.536278
26.032028
36.489178
29.23686
30.148306
43.669388
47.17995
29.03043
27.979591
23.891193
40.206398
29.022095
24.640953
40.273937
49.147682
13.855454
22.00166
21.76443
5.6343107
9.76381
16.050224
4.8802648
15.472043
19.196472
24.550901
4.340312
24.36018
21.624178
18.22636
16.870481
10.065925
15.141108
25.535847
18.32832
16.16631
15.971082
25.7299
18.35739
14.34251
20.234188
23.008448
8.39501
18.67996
10.1842985
21.668564
13.180151
19.084929
15.7596
12.632929
23.229849
19.024548
31.335064
24.903105
16.334595
42.84513
11.063752
31.872175
9.618778
3.0270495
11.524005
29.021845
28.037048
39.303635
34.139977
32.685802
17.966385
33.504467
27.75049
11.143081
12.596685
6.9474797
6.446842
18.041512
17.891901
17.34614
41.930893
8.463241
8.372753
21.663382
26.186579
17.07032
10.649859
10.287644
9.09869
11.373538
17.55285
9.946334
24.912914
15.509968
8.462923
21.976616
10.015875
30.719406
12.987411
13.315286
15.452222
19.914965
21.376858
19.59259
17.468702
24.044172
42.348995
47.366634
46.75458
41.522507
43.23796
31.64323
42.328144
24.322798
22.719566
32.680065
18.59737
37.61288
13.55031
17.678886
22.047165
2.59585
12.22386
20.933613
16.63497
6.5884914
8.302483
30.43234
16.844814
14.182513
33.426434
13.48302
26.614119
6.6939487
11.266689
8.548432
15.028984
21.486248
10.20313
6.2844353
18.610212
11.304325
10.321556
6.983894
8.259286
16.410894
29.080334
34.194973
19.86729
10.448425
15.05396
11.879967
21.194656
11.199492
14.393271
16.881329
23.46009
14.318579
17.931747
22.195656
18.263653
17.38401
13.649727
29.63316
13.630586
23.874111
18.96329
15.539801
8.0613985
20.183401
11.738625
30.220732
13.3418
21.605486
22.349665
26.367832
25.717932
30.237864
21.255548
13.054169
13.950947
17.012558
20.382439
29.564714
13.690585
10.988975
15.65135
16.728102
7.2584243
8.239955
21.172832
21.046673
13.439513
18.319527
26.51531
9.366329
7.619991
17.362759
6.641545
4.772617
2.376951
3.456725
1.8918104
10.225397
17.498955
14.00268
20.782011
9.451439
7.1644135
4.354541
8.864643
17.518475
15.353499
23.61961
16.941477
10.530495
32.122772
11.571123
13.280806
23.623825
6.8430934
5.478754
11.49808
48.098648
30.25129
18.929934
10.004478
9.709052
13.820403
29.363008
43.401215
22.012651
13.203758
20.105843
35.557774
38.124954
23.721157
5.427868
11.078514
9.642687
7.874803
41.91887
16.527185
17.801723
4.2846913
8.999735
11.640651
11.367908
28.397842
17.439001
19.250904
15.895047
32.77112
12.944545
49.942333
8.188405
6.042831
19.398632
32.94169
14.451913
14.678659
5.403503
8.322537
25.519121
26.199043
5.219337
30.034836
17.26728
11.01849
20.115343
20.280535
10.323111
9.255676
24.588678
7.3590603
14.3912
10.836386
11.302094
20.351007
17.738188
10.758419
22.742548
13.350359
16.916868
11.527192
6.5258765
18.269129
15.973313
15.146609
45.127098
17.582447
19.562729
9.305468
12.450688
16.313618
5.919538
17.8815
15.224962
14.782631
7.2049327
8.224551
24.11301
6.0017147
14.170509
6.2109003
10.009784
19.068748
7.189863
15.600349
12.8701515
11.692776
3.5905094
19.900663
12.897478
14.305973
8.056908
15.4558115
20.665949
17.10078
38.48206
4.2453523
11.361555
24.183609
12.019922
23.020813
16.202015
12.164209
4.328072
7.4893494
5.474269
13.901872
8.1313
7.0944905
14.783944
15.458865
24.578032
13.253385
20.399218
17.815084
39.227856
29.410488
21.709772
10.118678
28.051184
44.027763
38.78563
34.801586
14.780112
5.9438415
19.028236
15.276119
6.0874705
12.068385
18.71756
16.516485
24.440334
26.91899
35.945778
34.309536
40.46867
20.929096
44.54391
9.340601
11.16843
21.601734
18.43235
16.582745
16.343513
22.91341
31.060785
16.474983
8.739644
9.032239
14.813257
12.567645
25.163427
13.393774
23.680988
24.642183
8.065935
33.70977
33.0476
28.80126
11.823582
8.689548
7.592717
9.266291
9.739551
17.911108
22.474321
25.426023
7.793479
11.365591
14.959624
10.341701
10.820568
26.978949
23.766941
8.13969
13.096214
28.014189
3.789321
13.137368
42.445908
59.603863
14.232831
13.740155
14.442294
9.484551
19.8916
11.267418
17.559273
13.61178
23.928911
24.699202
15.990656
23.281626
12.03972
7.389647
12.458314
3.675259
13.4362545
16.63959
21.305208
14.229055
6.792471
19.032381
30.022985
18.545774
17.685135
20.781893
15.604688
10.005499
3.6390693
10.966262
4.745649
12.207842
7.487575
44.627636
29.041222
27.204449
26.312685
31.497242
23.485577
38.92856
25.541906
41.770683
20.051668
13.840388
18.304127
10.896406
38.00564
2.4519143
8.817964
23.37489
20.828907
4.3274198
13.845548
5.595268
22.375067
20.25572
35.96495
48.539413
45.71303
40.754635
32.30887
11.442592
21.288288
12.919955
32.44374
10.999905
17.392458
15.059793
20.124907
13.980325
16.98526
17.292091
5.11237
26.581228
37.3621
8.420142
26.430174
33.238182
12.8736925
32.120678
14.3010645
10.7246895
27.143156
22.831488
6.234625
8.797752
20.970669
7.4261417
33.36366
42.294697
11.430633
17.074392
11.180301
7.2302446
21.256908
7.1936893
11.270161
7.306802
10.333665
17.019392
33.277164
17.576899
14.243919
13.049168
18.447142
15.927814
25.02705
6.618723
16.3743
16.639956
10.5703745
18.976301
13.116079
21.34834
8.412887
17.858614
29.656384
46.059288
33.870724
38.700897
30.165298
29.06781
34.201744
41.418434
55.066185
50.435356
41.939034
9.959617
19.54808
5.6199803
19.324099
18.28195
17.664377
30.412205
16.317234
13.834661
50.898327
20.323168
43.982056
50.44856
34.17963
33.248657
34.145958
32.166897
32.20607
43.48934
33.23665
13.624375
11.409002
9.194369
27.583067
22.008911
4.924186
5.7866335
14.66813
19.475662
37.373264
28.522161
19.312199
7.0848927
19.000513
17.196144
14.269803
11.880063
10.159453
11.998833
8.159137
16.59391
21.816368
7.800646
13.38698
27.89807
8.256518
8.916746
13.218767
8.992027
17.73205
23.85016
10.624432
14.206433
14.42415
25.3598
12.768116
25.994751
15.212031
4.6493025
30.696777
36.295807
37.296707
32.18851
9.624036
10.344644
15.767586
11.602571
16.555658
11.969731
15.65585
14.684968
26.641273
36.68718
14.005967
22.867554
27.665232
56.50079
19.2184
4.8073735
21.234253
21.902327
14.989623
11.229917
21.279627
12.010804
14.517434
18.025238
14.773782
16.072992
18.568687
37.72734
18.487717
13.991354
46.73424
60.26887
55.82682
55.69648
9.278301
11.840625
16.810999
15.737179
20.678537
15.1289425
9.544236
9.189129
27.695307
37.292576
20.864155
8.283181
11.637838
12.966425
4.1859965
12.014605
12.502255
18.024702
11.045392
23.679188
28.486467
31.33598
13.252708
13.128465
25.81591
15.048802
6.2020674
17.658268
19.85778
7.109523
16.952265
6.500345
6.696306
17.815636
14.662322
22.197973
47.15067
36.020855
45.523537
17.45709
17.078655
28.126549
27.384499
23.926792
4.909436
5.084017
9.864875
11.638437
13.060852
28.359228
17.183573
6.508515
22.303755
8.481124
20.170418
23.756586
12.508319
10.594895
11.20376
59.479458
9.545711
15.6599245
31.001867
4.7715335
9.5758915
23.307802
40.938404
9.313452
5.7565684
7.6732335
18.269997
11.578422
5.479864
22.45438
9.256303
29.74742
15.536812
13.905355
21.463194
21.542356
22.858315
12.495663
12.778866
3.9660735
11.758662
32.102062
5.2294
8.372675
15.331953
22.039019
31.137625
7.6096673
8.830802
30.018206
45.429306
8.911766
7.280845
14.179017
17.627209
21.84245
18.349228
11.413303
10.965246
23.018972
5.2465253
19.402067
19.1699
13.623103
12.673279
26.35402
18.21305
13.045818
6.160472
21.109709
16.56095
22.924301
5.3283496
31.334341
22.035784
29.200201
17.190865
18.41579
29.598982
12.271309
24.584122
31.244009
26.88655
31.99905
15.677595
7.360419
9.561444
13.656591
13.241168
8.867755
17.491768
11.95918
13.645343
15.792882
25.707813
8.403802
26.014534
17.486141
25.238209
27.385105
15.38429
10.478982
38.146397
27.703337
11.352017
7.9777083
36.753498
50.056488
10.547807
12.51339
16.833582
7.3619967
67.17484
23.478775
30.740751
39.345123
38.355675
39.242317
34.084923
50.67012
36.559044
19.626415
29.302845
25.60942
12.773726
6.081872
17.544998
6.497075
11.3364525
27.076487
27.17061
3.4645464
11.9552145
18.082842
17.136084
9.231939
21.902678
28.103106
17.738434
17.252861
13.5248375
10.525277
14.266179
36.991135
29.838718
8.975073
21.431797
7.1465044
2.8301892
12.1625395
13.232014
16.758238
9.769805
32.61942
31.32594
19.280096
38.847153
17.569952
13.797874
4.5251436
20.516333
11.205693
22.538416
5.4101605
21.470453
21.590445
18.137415
23.033457
48.70247
41.40379
7.6111317
8.512019
7.666049
12.591999
23.62977
9.74828
17.711046
9.631428
6.787
10.546442
20.630033
13.4113655
5.548691
13.093466
10.024186
15.116262
6.1995068
20.695627
41.76425
31.782383
14.607648
18.7187
23.394365
8.554262
4.829343
9.477104
16.236244
16.483477
3.398533
15.28823
8.040964
7.7882676
27.27247
32.755543
10.097001
10.976409
7.8408465
10.137287
13.363523
16.76593
19.46108
19.643442
18.156624
16.189207
12.724615
19.92738
6.1939287
21.335117
16.605474
14.850417
17.07464
11.650273
7.1046205
9.539385
24.03277
9.962961
12.376056
30.756498
29.410969
10.715145
22.72924
33.358707
16.79469
29.28904
5.195401
19.055069
5.680241
14.160938
12.469902
22.888329
6.7117934
14.978585
23.765049
16.296701
32.875675
19.020277
18.287868
23.384455
13.257463
11.87159
10.916396
15.900149
14.916391
14.342852
12.109929
31.601568
5.116076
29.624748
27.771996
15.532069
19.29322
17.154781
17.991787
20.83274
10.7908745
21.83717
16.53506
9.723594
22.941843
14.052435
6.189337
14.585998
5.7153816
12.193423
15.522491
18.38993
11.826909
10.317645
22.577131
13.7674265
11.124952
19.360153
16.907795
9.5530405
10.370565
13.7457
25.332521
7.28922
12.714485
20.283733
6.283593
7.9934278
15.066479
22.423994
10.801819
29.434076
20.682344
14.408631
20.863455
31.53444
15.909463
49.318756
56.17725
20.926826
40.86931
11.210027
20.067896
35.931652
15.014923
8.588344
12.516759
31.910925
32.63047
28.135042
29.726229
42.192142
27.809586
24.91503
27.913216
31.590958
27.782673
33.629898
26.595657
27.539865
62.919346
51.48821
46.058437
34.42242
45.73722
22.083618
18.475609
13.551189
10.038635
26.511292
18.441713
20.099857
50.560936
40.637177
16.471125
11.196443
14.751344
16.87121
16.03232
21.8124
6.3009353
17.552658
19.074606
10.609414
27.013584
25.848656
19.34112
13.322353
10.652216
16.545921
25.758295
11.454375
16.71036
12.393786
7.6350164
15.8124275
12.965992
12.584838
21.285036
48.111027
56.569775
24.630127
15.607674
9.315247
8.399073
17.073492
14.053348
11.019282
17.892458
13.223624
13.369148
10.545858
10.296237
25.707169
16.873924
25.08006
12.42232
17.676842
27.534206
14.300468
8.477102
34.74638
33.254856
18.804697
19.704605
10.033214
13.347979
26.897816
14.663396
14.027989
13.770398
9.291693
65.98958
24.791977
39.22298
42.028988
41.816376
33.377525
25.61212
6.8584466
26.30027
10.425953
29.790188
28.480005
9.430472
31.547346
12.816074
17.116377
3.9340022
7.605098
14.791215
19.300585
16.934921
18.240559
13.439186
10.745793
8.213775
22.511665
21.557981
17.117792
13.0690975
30.012548
32.832
16.416222
47.94861
8.079797
28.548376
4.541991
16.89654
13.453962
11.52257
11.979595
7.340951
19.386425
8.26466
13.366534
15.324185
22.437054
30.572145
26.101328
51.610577
27.08606
23.06659
74.0456
17.151335
8.340387
15.033949
10.538933
14.394989
7.8548794
12.6946945
22.48577
11.908117
15.6919155
20.52445
32.269997
17.73865
16.006868
29.913366
11.038147
60.083954
56.738937
15.817161
25.62536
18.182117
10.926509
18.377333
14.510471
5.5000844
19.097458
32.41481
25.947634
15.269678
12.435627
9.699342
24.302515
11.615748
11.433965
6.913562
8.432762
13.331229
25.876022
21.843313
30.91436
22.022486
28.63183
16.437208
24.993393
31.153025
17.156929
23.18053
17.436457
12.619755
6.8500853
11.289076
6.559787
15.555791
7.7460036
25.538324
33.30068
20.620277
15.7315855
11.901081
30.125778
9.861265
28.989851
14.628475
19.19475
3.4912815
14.2759695
15.648982
10.522846
29.980293
11.16281
11.824747
14.037562
5.1479845
15.168299
27.523079
15.660404
10.837666
22.83082
43.510666
6.141095
17.465841
22.967737
27.819805
6.9429502
8.331903
17.045275
34.69666
18.33279
32.72545
5.923272
14.223325
14.892513
34.091278
42.26417
14.000523
10.377246
18.466763
13.754621
19.261253
14.691559
28.403725
12.430468
18.579285
19.046314
8.943047
19.917
25.262184
25.14006
17.14652
23.644968
31.158813
7.4003797
19.112148
21.955442
48.25004
5.793298
7.63717
17.349026
24.230242
24.309559
24.534409
14.876975
11.534371
22.247808
13.717996
19.345686
18.12282
41.431427
25.10328
33.72679
48.091995
34.205677
34.15215
17.197237
34.493595
50.604923
38.332027
49.330986
29.832287
10.912566
15.359476
16.44388
18.998447
27.317131
23.701912
13.250813
7.788805
13.885289
5.7741857
3.5096338
16.151766
9.924332
26.39148
12.118521
13.909922
17.318087
20.694014
10.156083
5.935455
28.480276
17.008648
6.433859
18.832064
7.063636
8.758965
15.710018
28.054157
25.05265
21.072826
35.998287
33.943146
45.492245
10.220038
4.3910995
14.664425
17.648453
19.624666
14.251434
10.317212
33.070496
22.714966
12.017694
9.324762
16.841654
30.258232
1.8714683
22.179571
11.146898
9.941431
27.998543
13.084057
7.9270005
18.102188
13.743196
21.71513
40.508835
12.115705
22.424578
26.765959
17.802702
13.539657
20.6785
25.710789
26.827593
17.22056
9.6201935
12.827824
12.831055
21.988264
6.3808007
12.013871
6.409609
8.219177
14.379699
23.3572
7.7046857
19.505274
21.776928
3.8996677
7.6545258
14.824215
13.674866
12.091094
27.776762
21.378958
5.359137
15.748523
13.305847
10.14076
6.909341
2.3425677
16.856287
12.462822
23.147635
27.662607
21.763596
13.260812
14.128293
10.205746
8.472857
15.130104
20.709856
21.159344
15.014408
13.559627
25.111616
53.92981
25.189207
20.245888
18.650827
13.121891
10.268296
8.060605
6.383807
10.562758
6.455401
16.23004
13.807742
27.292017
9.281449
17.720766
10.826402
21.095875
35.0643
17.682356
13.046399
26.228504
10.016219
16.552174
22.161291
30.19381
12.717986
7.884348
19.056736
6.131252
14.367756
22.447168
16.350147
32.352562
25.288887
12.1845455
20.445904
9.915852
22.128706
20.157951
22.253977
8.804314
15.656214
5.56629
20.96724
63.84262
42.36345
2.6842759
13.68546
21.17688
9.990152
8.670739
13.359478
22.552073
8.864372
11.035027
11.5822115
15.721174
25.340265
23.747622
7.6200056
20.466408
16.193285
6.5080414
7.5714912
15.018903
13.592666
8.310376
15.581708
16.690514
6.583833
18.595678
16.614614
23.876518
18.952896
11.640655
21.689146
18.202734
10.439281
12.054303
22.02232
33.373608
6.8371
24.578953
27.549192
35.48563
10.186834
12.549413
14.869106
28.058498
11.59096
16.276075
8.887755
6.2223744
32.42516
19.537766
9.853902
17.402409
10.571355
9.474623
16.411978
34.30607
23.679193
16.6105
20.1465
27.070148
24.460066
20.16082
19.800774
32.83516
11.95782
5.7385798
7.6943264
9.269419
12.392555
5.1433506
17.66335
7.7066107
25.873833
18.688776
12.907926
14.589451
14.543209
3.541112
30.974236
58.17735
8.590507
9.500967
16.58543
27.598988
10.68843
14.728067
16.559088
36.38825
19.728325
13.214704
11.934222
19.827978
11.152504
6.400816
7.047934
19.066145
3.0774636
16.970701
7.7609076
7.6867547
22.296284
11.179055
19.978867
14.015765
22.79438
14.555006
10.238025
11.650723
14.351422
33.00092
8.889062
5.1404595
14.610531
10.059806
28.633682
6.2133904
12.066148
19.829844
25.21514
17.639057
19.98238
19.926044
2.8528051
13.502484
13.879477
8.57689
8.620987
39.675194
27.036833
29.300383
20.803377
7.4393225
14.586827
7.1018715
44.43161
34.267956
2.5009186
8.413675
22.181147
12.632023
6.3683376
16.976358
12.673331
16.984154
11.42609
17.09808
2.5546937
5.902083
23.598694
13.097172
13.348438
2.5340421
7.9865217
20.159843
9.09242
8.591532
14.551818
10.867946
24.995434
22.958366
21.722641
27.403128
21.170788
14.748713
16.169083
13.605371
24.457247
6.6220202
9.734576
9.609023
11.25643
9.304431
23.307062
11.8438835
12.821189
18.166376
18.063288
33.176727
4.446905
27.72795
11.945987
23.04526
31.42247
29.524395
27.931007
13.976541
11.588584
14.688428
20.601553
15.915685
13.144179
10.21877
9.989721
12.475816
18.714697
10.241119
23.125042
12.946268
44.809467
16.067127
7.0323353
26.768156
12.845454
10.737493
37.822506
14.647382
5.9016438
8.648179
7.7234917
24.449823
21.959124
9.127495
23.46502
15.767245
12.0778475
12.429773
11.465277
10.226364
18.10981
16.47218
13.5397415
15.23186
24.85313
11.4086075
22.823786
34.113174
9.909569
16.764406
14.982592
10.847529
7.3552556
17.441761
9.168575
7.893749
6.881659
22.029913
3.5833101
29.607378
14.819418
25.717476
19.534475
20.313545
20.099096
10.907522
37.08422
25.120747
13.269188
15.445187
13.975326
12.622262
13.658893
18.184595
19.95192
11.567538
35.087128
20.44349
25.649927
12.583379
10.171925
24.213842
7.7468195
7.87786
19.38219
12.797866
22.277443
37.717133
17.302305
25.842686
18.464148
21.440882
31.22316
2.4356613
12.142631
12.336479
11.8370495
13.89243
20.336815
8.298648
23.627647
13.412765
26.94185
33.00414
28.841875
27.34643
16.194324
18.999605
17.80095
9.02214
7.072712
15.058822
10.971347
15.398153
13.646621
24.031878
17.089815
13.987916
19.054258
12.179072
10.159132
22.62642
11.464431
15.856778
15.843143
16.72725
9.190478
28.817713
7.906723
20.57781
12.254975
18.806988
18.66083
15.216412
41.88543
58.15928
44.242275
40.93933
29.631863
23.437002
39.260845
35.296997
33.485058
25.688698
23.578785
28.988726
10.920872
13.849735
13.119401
21.874487
11.98563
10.0733385
28.923391
18.929222
22.19008
20.122105
21.629612
21.193396
4.778625
11.577118
22.575764
3.6974444
18.202026
17.897198
2.6536465
10.909246
18.419035
29.363503
18.294598
24.472942
17.844671
16.865843
21.740013
22.485876
11.09782
23.350523
10.017935
12.080997
8.588565
19.49844
15.46454
10.316565
23.659962
26.390165
10.139097
9.623936
16.35705
25.964294
13.69161
12.655337
3.1045768
15.017292
7.565475
6.8737197
9.985241
12.494558
25.485266
53.394882
30.348581
36.62943
17.272839
28.643034
17.427578
18.562109
16.046158
13.5397005
17.7882
22.249548
4.6972713
2.5708597
16.09275
13.479784
14.105564
5.655289
13.696105
23.127758
6.0560894
9.657213
9.041947
6.1407237
12.18495
12.382954
12.7997875
9.69064
14.316348
23.45642
30.79527
15.81641
48.384674
10.836456
7.4779773
16.984995
23.364277
19.783148
21.604647
10.385143
22.66652
10.537349
14.635857
11.037743
17.890047
28.025402
18.099598
29.121885
26.068071
14.580205
18.108814
8.273447
20.877083
14.985927
19.599722
13.935001
9.648942
11.071661
14.0360775
7.4914913
23.964825
31.51659
29.360838
25.431036
20.90296
6.016905
10.931901
43.85332
25.083519
3.9519196
19.48537
8.876103
17.707268
14.480265
26.209238
19.57662
19.96618
11.714624
23.399857
35.395836
30.712242
28.472692
23.489958
39.81302
17.13772
40.40622
16.90685
15.301871
2.1793106
5.8089476
10.923126
12.487408
2.6088347
7.20449
14.838129
17.695824
12.940793
6.375633
58.786633
9.852578
7.901784
13.825434
12.805796
22.49644
16.407701
27.718067
32.50819
29.814968
12.2597685
3.2634606
10.243669
20.658836
17.281954
11.7133045
20.317345
17.285427
4.6078467
14.518476
8.497246
34.2294
35.07208
34.27014
15.258193
36.428787
8.439528
8.968793
12.253692
19.066559
21.69531
11.375335
27.275608
19.47778
18.025528
19.640781
18.45403
7.157217
17.18727
8.711476
16.166815
37.813667
35.083797
16.80854
14.983181
23.699305
21.092802
18.590803
11.117592
12.255058
20.813755
33.56939
15.425638
25.33088
27.166222
35.874817
38.395756
49.75699
47.998043
28.846933
29.650923
19.911121
18.841503
10.354405
15.508908
10.092472
31.86927
22.212202
15.595781
16.46031
13.893327
22.21963
21.93016
20.491095
5.2405868
16.335106
11.63515
16.276802
19.58774
9.398656
9.984704
16.715452
9.083634
21.32624
12.706891
42.914307
30.764595
39.95156
22.205843
28.303604
31.20739
25.211557
26.434721
42.29381
21.343145
21.445175
16.033812
12.116097
27.539635
20.580551
13.591857
26.25048
18.3474
2.421218
7.4099607
9.7683
11.469156
16.102606
15.861826
19.280128
6.427342
10.153045
8.323064
16.468761
5.441809
12.550784
13.324943
16.653723
18.294968
12.425128
14.721979
13.473215
20.923359
18.255993
13.314914
12.507011
14.787359
7.3030324
10.835132
19.11527
17.180202
17.916393
65.55059
35.471195
50.524254
46.455048
59.76554
26.069902
31.807964
31.823444
11.321887
30.86337
18.829851
15.972516
19.909756
8.66986
15.380955
14.2619095
7.549327
16.220596
5.2425694
26.02749
23.963737
24.505438
23.430891
18.423622
23.19561
21.787817
17.246101
29.614695
24.244217
7.906265
12.542456
19.66414
5.963171
21.887032
31.71583
21.224062
23.848696
17.317924
25.6126
18.845379
9.045254
15.404183
3.7417102
10.652157
3.2135262
9.405909
33.354115
31.027617
3.6722746
10.488445
18.51576
17.458616
11.638993
14.218222
23.83987
20.085915
11.623771
15.674599
30.029087
22.61074
14.375868
14.518436
14.118036
32.548916
20.481993
4.705832
26.501005
12.541705
30.529165
24.896748
11.769437
9.580903
24.461067
15.735449
19.594095
28.53144
13.59303
14.124238
15.585784
14.09193
5.9800572
3.7590811
23.626335
42.56295
49.44538
12.5996065
17.834942
26.466192
21.254892
30.380085
13.139221
21.41373
15.995001
26.52833
35.651108
7.198195
17.090374
6.8899565
10.709221
4.493106
15.201712
12.634635
17.508766
28.066822
5.2599907
22.569632
39.275642
28.589317
15.593771
13.7469015
8.774295
15.120378
12.004969
16.15882
20.028645
35.84545
14.353307
14.674603
20.754461
20.862967
24.370451
14.733572
10.012089
18.883392
11.967936
19.522594
16.51151
23.631416
29.45095
11.30357
24.29683
13.666276
20.102615
15.378611
8.449742
19.898436
25.19882
11.782673
9.741784
17.41934
12.656203
28.589767
14.388022
8.526069
22.680645
28.015322
7.744854
14.223335
20.070724
27.158136
20.617891
7.334808
20.921795
27.05956
13.32673
10.754905
12.006112
11.831778
11.5647135
11.651358
10.903021
10.629831
18.417248
10.36203
28.338268
31.4403
15.593811
13.885889
4.5579557
4.381174
8.244187
5.764742
13.273768
25.949936
18.631275
32.884377
4.707723
10.5214405
13.047624
11.326136
18.445051
28.773933
26.707209
10.548995
13.497761
20.050304
27.654732
23.403637
21.849758
21.071478
22.527521
15.432096
34.148727
26.420025
39.327076
41.879005
41.48634
27.41009
41.0089
27.89338
13.064084
17.619226
7.4748034
3.5921936
7.54493
12.874365
7.724178
17.106007
27.615068
7.556743
7.0982294
6.564033
9.278491
8.389707
17.917747
7.8197975
25.00558
6.697092
14.047588
16.01974
5.0917144
41.58737
8.98897
17.60221
14.24194
10.609622
30.40332
31.98967
12.425089
13.044049
13.739298
30.378027
14.492075
30.77766
24.086655
19.881582
36.65028
8.995544
15.8720455
31.942926
14.087373
27.63349
9.469995
9.596628
4.6149416
14.819904
5.152572
9.01914
16.098223
11.459409
4.928134
14.214822
13.740519
14.743871
10.823726
21.916328
19.82532
19.8886
4.8946214
12.040372
12.213971
18.513573
36.722485
8.688487
16.940607
25.342407
12.030558
24.715591
4.484273
28.702198
19.452944
19.21808
9.4136715
10.381801
7.3121605
13.618082
28.99519
13.754504
13.928123
20.326744
19.408192
21.072477
16.364824
13.95483
29.136347
22.647749
44.35141
24.993196
5.127394
12.198546
19.408272
9.135532
20.969934
9.181446
10.854892
23.471182
19.346228
18.34529
6.7177587
8.725765
12.676177
13.6700535
12.717463
11.247392
16.751328
16.375479
8.959276
17.339064
12.819718
15.50051
24.850431
13.625606
21.234447
20.624912
55.479942
5.635696
5.5084577
11.863045
20.703764
4.729039
8.214176
28.463203
13.8375635
19.529863
8.240661
27.546026
33.04745
13.071272
9.969694
10.698607
33.431442
12.051104
15.605729
44.678066
19.338263
16.669495
23.124958
8.787259
3.7588553
7.114967
20.547737
22.748508
9.451418
24.413818
9.955367
26.465794
9.508781
14.7285595
19.918686
19.643566
14.584051
39.48861
56.07313
10.133438
14.129556
9.3060055
27.27423
14.11245
21.1852
21.11687
20.390532
11.56358
28.479565
13.309932
15.660365
13.760826
31.353722
33.18493
25.86342
21.070946
9.948549
32.23642
12.489557
13.179898
8.139355
19.232256
17.930592
11.098152
4.0699725
10.101743
44.893578
27.139194
32.599823
40.018047
34.69291
48.223442
47.703114
38.61008
29.272978
37.519386
33.096497
34.89897
34.890007
34.71349
54.687267
8.243601
8.251834
7.529884
19.130339
4.2457476
12.381946
10.438081
4.39097
26.770864
19.899708
9.785697
21.95144
13.761501
19.378254
18.281963
10.85889
25.328602
11.622166
14.545871
5.7715917
14.882446
24.209923
15.411203
22.442589
12.265756
20.613201
10.820715
3.7921731
20.46236
21.178457
12.715221
21.277163
19.400627
14.140733
20.861046
17.74829
14.879669
42.70025
50.800713
64.46292
58.15154
26.55957
10.064646
7.3834324
22.7096
19.525616
21.089687
14.970833
26.654566
15.137478
11.822362
16.769743
8.456853
9.787996
25.29156
11.83864
15.727575
11.164334
19.467064
15.347568
14.350873
32.013943
21.022564
13.719448
14.681489
19.297663
14.561418
21.601068
16.150358
8.156644
42.75077
17.048765
6.7328825
22.736422
17.18345
14.019554
13.222759
9.603838
29.675556
28.019703
10.592182
15.243731
10.859243
25.565804
13.093439
41.664642
10.21329
18.775751
19.05098
6.983786
30.984411
15.585845
11.859034
13.092476
22.730337
20.513966
17.234749
2.8622549
12.974396
25.450073
12.280615
17.590784
7.7365522
30.039234
12.242851
11.344566
15.664407
6.2905836
14.857345
10.245295
6.8383307
20.17446
9.068581
5.9302745
19.037386
14.3813305
8.286367
21.504173
6.5466986
6.8639293
26.571585
8.978922
18.303484
11.529769
27.632298
27.570103
21.173555
14.164311
9.668573
18.697512
8.518276
19.825191
4.457386
4.1905217
9.961448
13.44842
13.931422
7.4614215
8.858264
19.373812
19.66194
12.815765
22.493652
37.353233
12.4351635
14.580034
24.017899
12.356978
21.724304
26.590384
12.84558
17.64612
23.361523
12.224157
12.791321
18.177929
13.384838
11.37358
7.4435277
16.956528
7.9464836
35.135666
13.96473
14.771843
14.001771
4.3919287
13.345812
10.903333
15.765524
21.066677
26.96618
6.5161114
18.66142
19.100788
10.412459
26.769043
38.667747
7.1231318
14.537444
13.788662
29.732384
18.298613
9.053215
17.737421
9.8599825
39.629406
34.017128
8.167104
9.980213
12.753739
27.829185
12.2241125
19.598282
12.864319
14.442949
15.342979
19.477839
14.441633
14.117836
4.0137563
29.25757
28.584589
27.671436
7.5512953
14.6640625
8.371056
21.117542
34.661354
9.047566
13.838623
19.05474
40.872654
40.355698
35.47813
21.335312
26.327517
31.801043
33.606735
35.4821
28.75512
27.182178
42.621517
23.697361
15.57767
14.437461
5.100092
25.107822
6.4659715
16.213778
11.646311
9.953775
9.829774
6.12927
20.481932
8.882855
9.755393
17.37571
33.416492
17.013317
15.012037
41.755474
4.4596944
11.810604
4.133246
30.5454
47.806236
12.683433
20.648352
19.015343
14.951554
45.46551
34.20663
15.410566
13.073611
9.331423
24.785704
2.9816353
9.729869
23.380337
7.1013393
17.271395
28.952614
16.84894
19.693342
23.075201
16.384214
11.754557
27.725164
38.844273
4.0548625
26.926723
22.766243
14.081281
30.338242
36.210083
18.690672
32.980907
33.316235
15.829471
9.277878
6.3476925
18.871712
14.743278
18.38404
9.543472
26.000654
9.553079
25.101465
12.4748535
35.029373
13.976436
19.153898
9.869292
11.911003
14.838387
21.317087
28.507559
11.343566
20.985125
21.851892
34.151646
37.9722
9.194904
26.23882
8.269917
7.9824986
8.275388
18.769934
22.580591
13.1016655
17.531944
19.889553
10.927804
13.438272
7.8897157
16.983221
14.373638
14.766083
21.812881
33.061928
23.920986
20.379461
5.733426
9.864965
11.008186
19.60505
8.294814
4.6601105
23.439644
24.370024
8.757336
8.811387
15.818713
10.149963
14.627071
24.71444
24.541672
26.843662
17.964302
12.740521
28.346367
20.200403
43.758125
12.130459
12.938643
13.000527
11.8336935
40.38885
5.6233463
9.064518
7.0329647
4.352591
10.3498955
8.920916
20.337854
16.08301
21.697927
32.52352
19.988514
28.039335
13.169181
27.082588
31.464022
32.449173
17.716656
10.577171
24.24871
33.371204
23.724861
13.3166895
10.292048
20.898819
20.296032
11.211283
10.011853
11.289667
5.5247283
28.769419
28.058706
32.073986
24.738218
28.330572
25.361216
16.6942
21.090317
14.119504
21.588516
9.339823
25.001747
33.970264
27.693604
15.587794
22.498116
5.646029
9.368205
20.978449
25.21121
21.021255
13.195487
21.495506
14.488533
21.621893
25.53408
11.089739
13.632582
51.00629
10.223088
7.225981
19.152473
10.325797
8.561369
18.041046
23.426947
20.276258
7.0245304
19.00603
21.06482
9.324392
28.221289
21.10744
15.769181
9.309151
9.568491
7.9720483
12.403891
10.1546755
17.896088
28.39936
11.421653
36.271435
4.8865876
24.827509
9.3281975
12.562779
42.776608
7.6651134
30.225096
28.592966
13.179885
9.592232
4.947661
19.115124
10.856634
12.399683
17.159204
22.843985
14.175283
14.104449
29.880169
15.096724
2.067698
22.020672
35.398685
53.326004
16.763254
14.525743
27.04873
26.304014
1.767687
8.807828
5.53151
22.000969
16.347412
13.183449
21.071209
12.464591
17.378868
33.54796
47.13734
20.540037
29.684216
21.982367
27.3533
26.658047
34.459
12.0444
9.176591
15.011687
12.830048
10.197003
38.90246
30.26892
17.306065
11.663923
3.558365
16.290548
17.655432
5.442369
6.958951
7.3260393
11.404815
23.238798
11.256632
21.598011
17.968159
5.345832
12.613391
15.176108
10.926711
3.0303342
16.402058
25.050406
40.742664
16.316542
15.106977
14.297895
36.545536
9.215354
7.432165
42.447983
13.972055
5.9553304
9.703671
19.418642
8.261841
18.274038
11.5133
16.051193
11.162481
3.401389
26.864826
60.92948
10.698849
14.615492
12.668165
10.671948
7.324883
6.946134
11.667608
33.64193
50.15419
25.779053
7.371324
18.500092
13.392494
36.505173
8.850769
16.71682
31.28699
28.483513
23.927393
33.767548
14.86723
22.001577
5.417225
37.29382
40.986786
13.796412
32.306355
18.99032
9.589177
20.91974
44.878403
36.831966
9.050237
12.305138
5.629791
4.7517967
14.08954
14.508628
10.657865
8.984743
17.189243
2.0511749
23.460777
11.998446
14.78759
9.693839
38.03439
29.060486
10.910602
22.538149
5.772182
5.5772862
9.944523
10.705545
6.8705025
19.548662
26.851564
48.849247
43.285736
33.889698
32.653942
38.044376
13.526959
15.328324
21.633154
33.443012
41.129044
19.170513
12.117649
14.605624
13.650164
27.232428
10.620653
12.200796
36.471058
8.500866
16.752222
12.922324
17.900864
20.276907
9.098456
20.840374
39.507767
5.2929277
19.020344
27.793736
16.069588
14.729443
20.949553
14.872265
22.28733
17.178202
15.8168
28.237907
18.325243
12.429082
17.003681
20.854946
12.558951
19.54
27.366552
13.076293
32.25314
23.796053
39.92058
12.891277
18.392967
18.831966
17.016151
17.451538
40.53401
20.35751
15.989121
13.579321
20.938038
23.964083
13.62937
19.905928
24.594013
36.811108
13.784323
11.421483
21.160538
5.1398726
18.876318
11.70697
11.443153
7.47294
7.2096863
7.637225
17.4561
13.402479
17.96197
12.931297
30.819696
19.396341
7.7594366
9.925886
12.357639
17.105188
12.892326
15.464441
13.656529
17.095055
1.9595046
14.819988
25.184187
5.673784
10.255246
21.494312
19.561987
13.809523
17.126513
19.937096
12.695442
20.839651
12.859445
31.413174
13.154785
2.643124
15.0478325
9.24417
6.3979497
9.666725
18.522715
38.58965
10.461963
33.004948
15.953627
6.0880737
51.437973
20.072056
10.775016
20.730242
6.76534
8.232837
17.519863
18.125822
15.034679
3.4688494
7.919689
9.504156
6.875303
18.349848
10.38337
11.960222
24.405079
27.219715
10.3581705
23.384066
21.30288
15.208142
6.1801906
12.605213
40.437775
8.507688
16.191818
12.680288
10.954253
4.8608975
17.814484
21.198158
10.978296
19.065323
26.520723
16.044188
9.248152
18.949364
22.490826
12.796059
19.63569
7.548409
18.419098
16.399027
15.911073
14.36149
14.872157
13.552125
20.218237
18.646517
19.973106
46.225903
10.43076
12.628468
7.556764
11.260682
19.993708
15.656289
33.318424
26.665335
14.856148
21.997137
20.937857
3.003083
15.008777
12.755684
2.920582
16.835651
28.222458
11.114752
13.215296
26.237514
13.119275
11.291251
16.399775
20.427347
21.991205
15.977287
44.007816
17.56955
26.096428
33.375977
11.020158
4.7070312
12.794347
17.550373
12.587666
14.5844755
34.906925
26.295723
22.883425
44.845512
33.277225
30.023071
28.238981
19.217247
46.272038
8.639983
3.2413054
21.83419
9.182186
22.707561
15.71459
10.551565
26.986687
34.547085
26.111439
28.423674
28.871916
8.392683
15.70444
6.343209
19.17864
7.083595
9.428529
13.543759
12.03194
14.911823
16.225365
28.48636
9.066353
13.179039
15.877015
11.500918
10.801824
7.8500166
6.005504
11.043399
6.810628
33.005325
11.31197
17.151789
21.285688
37.62842
32.189407
15.414419
11.975625
18.27577
7.0104313
15.241077
24.605309
10.047297
12.07024
12.141759
13.263172
19.987568
20.26867
25.009216
5.5162706
14.594623
17.45319
13.668736
44.7221
31.649494
13.715093
19.47898
19.23084
8.190429
18.725887
15.142726
10.576678
6.3663774
9.083139
18.5846
17.354767
32.3602
7.4493127
10.995648
18.521202
20.58587
13.967018
21.158787
11.059888
14.991023
12.362556
14.650649
12.3103285
22.781506
9.414541
19.29853
10.991093
25.454165
16.81615
6.8593993
6.6102643
15.873853
23.315533
23.394863
17.334133
15.96437
18.865055
45.72034
41.64708
33.192665
42.159473
40.695988
31.815296
29.282282
30.333715
47.687504
31.802011
25.706982
25.971216
26.770021
26.15687
13.267286
12.140738
17.86391
20.641033
7.3164864
15.457309
14.735758
16.49051
23.42173
20.3548
22.88846
17.47196
40.483612
8.720913
30.938797
9.414687
8.734337
18.282873
18.260504
13.007075
8.738172
24.196861
36.129864
22.142805
14.477006
29.811975
3.8166816
10.294631
19.164688
15.109491
6.3367596
14.298923
18.12055
6.1899757
15.156751
12.262713
11.502541
10.675057
34.272594
3.9223423
13.396634
26.102741
10.609074
16.191795
11.108186
17.668848
18.12638
19.340536
25.261528
20.95512
34.064087
13.280205
10.855613
13.700435
23.574017
25.071531
17.481823
6.461694
15.9703245
21.054052
16.987167
26.131842
27.027246
39.241425
15.313586
25.078602
22.216917
11.77475
28.466625
17.775461
15.160693
22.310783
9.622473
11.77203
17.01248
13.852024
11.726087
6.1670094
14.376665
19.955996
4.8491836
15.45568
23.187342
9.958802
11.589521
16.582294
29.089472
10.546506
21.441217
45.440872
6.381891
8.346515
12.0862875
5.8246856
9.398999
15.16691
3.999063
24.273073
16.316767
17.064638
9.542506
7.575487
19.892971
44.494137
32.83986
18.103096
22.958233
26.130972
14.148632
8.677087
18.344269
20.50257
19.36189
17.76284
30.008455
24.663635
12.3397255
30.125267
28.668062
13.304194
29.182549
8.057138
7.7331157
28.774864
17.23046
21.320168
18.427673
30.050316
33.64954
19.465044
20.629204
19.108562
18.445766
21.203733
19.688467
13.2682495
25.621119
21.297058
26.984629
38.464798
42.313065
16.84046
28.44881
22.675173
25.078465
27.466393
13.268394
20.522512
17.449858
33.44057
15.39646
14.139502
15.159143
10.919774
14.965588
2.8128097
39.262115
31.14053
3.0829644
7.6730256
13.549102
14.060742
4.5744762
5.086873
16.27721
50.716236
14.562636
23.026583
7.0089746
10.409689
22.323261
10.779291
7.697521
15.957424
31.882046
15.872883
12.684103
10.154606
6.272481
8.600551
10.280165
11.20851
7.823615
18.328901
30.603619
26.564077
22.404348
16.815273
15.975896
11.615526
13.503452
8.221809
10.757998
8.412765
18.289213
19.536142
9.602176
6.364319
9.122467
29.36473
13.392381
12.152682
6.9613686
14.720334
7.3726134
11.464526
26.913593
9.91544
15.223813
11.823509
17.513636
57.51711
26.45861
21.573156
18.185598
17.776217
16.320656
11.560897
21.128052
27.417953
18.741907
8.507057
12.1676235
11.492479
16.22626
10.071873
17.862879
11.34929
13.401438
14.833065
22.334557
26.123938
7.5749726
15.610196
17.928
18.447966
12.247074
13.255528
12.276742
19.956573
9.618536
6.282619
38.42554
5.6895585
22.524092
6.702146
21.941265
8.028225
6.3511024
9.357704
11.306354
13.015725
13.508179
26.166298
18.862642
19.620388
20.472704
19.964401
12.214195
33.968185
7.744071
17.708662
8.404803
19.727583
19.895292
38.42589
50.325855
1.6141467
20.128874
24.076809
9.378496
6.518774
27.370422
9.909495
30.08033
16.130774
25.18968
8.052777
18.788147
22.888664
3.4475064
13.401982
18.317627
4.149901
19.907343
15.540287
21.689537
5.277206
22.816946
8.783168
13.227489
14.832821
22.325777
25.98739
4.943365
22.772633
16.32992
14.107047
20.289259
34.09867
5.6136847
8.123941
20.760159
23.772635
16.232275
18.700216
13.775534
9.246648
30.249094
16.854733
17.004396
14.579458
18.505037
8.222146
16.18153
8.875093
15.81593
13.969081
23.072954
18.741493
13.304007
25.444433
11.564802
9.823119
15.3265085
15.238316
14.86813
15.368361
18.107473
17.314144
3.2876742
13.17898
12.644975
7.6929874
13.197758
4.2656507
6.2685566
6.518215
7.0318303
5.806133
15.750671
29.883059
7.795731
8.7303915
16.384869
9.48379
3.4962547
26.791859
8.191995
22.471582
11.184809
5.864812
12.629376
8.131662
12.864476
11.996416
13.580767
14.8506
20.936968
12.139917
16.252142
17.822132
22.693653
15.506667
9.116756
7.384828
10.443648
23.153244
24.519093
12.424631
10.459625
28.29444
10.91269
13.160828
14.616772
4.6802735
10.397623
51.33003
25.6925
60.16117
35.852036
31.818167
36.36589
28.674688
22.31658
24.501348
30.548437
23.89783
28.606167
25.834034
28.809782
20.930595
21.593412
25.889765
30.114056
29.436306
69.417564
5.346919
10.205236
34.806686
19.971159
47.708946
4.6884413
6.4705143
29.906818
37.828392
25.92322
11.92931
14.207262
25.122717
18.46659
10.834695
16.748278
14.016301
16.700312
6.545916
12.908893
20.214708
42.212193
25.021479
14.455127
8.389894
13.368107
52.609165
69.961815
20.558594
27.76812
12.566677
14.85002
18.851627
21.510094
6.939278
22.863289
21.065859
12.7353
17.491417
6.9150195
19.067066
13.598064
15.963706
27.219175
20.54895
32.133465
40.8036
14.792586
2.2756774
10.960767
24.95528
12.063628
15.450722
19.64846
22.231909
12.934766
24.964317
10.543954
28.850117
29.604082
3.3642902
20.410992
31.173529
21.637768
68.63243
35.89991
23.159012
33.16264
17.353968
15.824188
40.513206
20.037844
17.065496
12.231166
16.09321
11.770344
20.980274
11.936845
15.132245
12.144232
11.003754
14.487136
14.843773
10.477967
20.786283
67.34732
15.009595
16.516394
16.204063
23.481722
29.879648
32.0352
11.967339
12.321319
6.804214
14.627581
49.99653
14.7253
5.0129137
33.42889
24.173317
28.7506
40.14745
21.068708
21.412514
18.177502
52.570324
26.057283
17.248022
36.165733
32.5944
23.942783
30.488972
21.41995
28.343534
20.120516
20.811514
23.296581
22.857735
15.365523
16.765223
18.771715
24.409866
15.408723
29.208162
9.389523
15.287573
27.40177
28.794184
18.768417
4.7999096
5.298124
25.131414
13.652691
20.88041
8.655113
15.136759
25.08573
5.4999757
1.7950336
23.774143
34.126926
15.157088
9.072552
18.135805
24.078363
17.141521
27.393112
29.840998
9.706403
6.3833594
13.149335
11.366878
32.20381
28.652569
14.952205
12.056143
21.843725
20.197105
9.548374
33.22445
47.957783
44.325897
27.644077
35.71104
28.79378
11.4615135
15.957737
26.349375
14.129634
19.476278
20.055147
14.26361
16.979277
35.78688
28.088255
16.712545
45.453323
12.136825
8.2209635
10.534852
19.090748
8.715005
11.916867
11.5796385
8.768009
9.01403
14.336644
27.385523
9.649911
11.927817
25.23656
17.73282
6.855791
48.866627
20.544277
14.172263
14.66936
13.592616
20.630459
14.221415
24.697441
20.366814
9.214596
9.277792
15.132721
14.551652
24.932262
22.812841
13.708919
13.830056
21.841524
15.685212
11.209186
24.65829
25.269808
34.128593
14.554225
8.660118
12.114963
16.919088
8.665518
17.173477
48.457985
10.590462
19.015903
14.529712
27.911594
13.958141
10.385978
20.801624
4.214354
7.8071423
23.372717
11.359938
7.347929
6.989137
20.986284
25.44504
6.8711743
26.268257
25.388796
32.556904
25.091124
9.305969
10.467951
17.521566
13.004465
23.876534
5.7577825
15.0446005
16.647041
13.837979
14.820448
22.988657
11.91513
10.623837
30.324121
15.06567
31.294767
17.55515
20.109343
19.745054
32.435635
19.322752
14.317107
17.857603
22.430326
3.628589
9.796134
16.379992
5.8561835
6.42037
20.562151
8.641131
9.238533
17.839937
23.725159
13.245456
21.31447
4.5213094
60.319878
12.051548
18.274225
24.186916
13.036629
26.715876
16.338963
10.816532
20.613777
17.492006
37.267323
11.305621
22.463812
5.241126
9.192219
2.853265
9.671049
12.454133
29.566246
21.357622
39.788273
9.028889
22.772356
24.00987
12.955279
31.923218
19.741982
20.844284
15.678358
38.121918
31.436209
38.383846
37.9128
45.62204
31.880493
29.40185
36.304745
14.786254
11.082383
6.8736677
6.2953496
4.25696
6.858069
15.114721
10.518398
16.45623
16.746838
10.743207
14.642036
22.843843
21.637688
13.711087
91.31787
30.477486
23.93385
4.0231795
17.781544
16.354078
8.026252
8.505902
12.863918
9.439403
23.220747
9.697699
34.93004
36.46754
32.02158
11.798267
10.556004
14.5771675
17.89438
8.019838
31.63792
22.49414
14.268582
11.413161
19.384981
3.9764326
16.335035
12.830131
17.224213
26.091238
26.359543
15.666758
38.984386
20.461765
18.40733
10.721222
13.594929
6.5218782
13.804783
3.707886
39.0404
35.241425
37.42132
19.152908
15.853469
49.961193
27.446344
30.138653
17.812927
4.2819295
18.00862
6.4454823
35.271145
3.012718
8.304568
18.70572
21.759077
12.627175
9.7844925
27.923805
40.005116
37.346733
33.425243
22.437471
20.359705
32.0093
28.949404
31.142744
28.59812
50.381554
49.46915
47.106026
14.780922
12.574702
13.699027
6.055045
24.520638
15.405539
9.992021
10.806488
11.763786
9.469682
17.285002
6.107523
8.973283
9.913377
18.536003
10.709272
13.723127
11.074632
10.521092
9.842213
22.510544
8.56766
23.254517
14.871965
28.522211
37.66446
11.133784
18.055805
23.40716
62.840343
54.425102
51.70359
16.930405
21.598312
10.407628
21.703829
9.437534
8.401386
14.016065
20.25805
32.798195
10.447519
13.845946
25.731567
18.324694
29.3063
13.288125
10.929587
21.746971
28.129358
18.075941
17.456
7.451896
30.940544
14.235638
30.483397
15.328988
31.126476
14.764
24.862844
24.655676
10.864009
7.038609
12.8028965
11.635686
12.805059
7.3718896
44.04993
35.212128
41.267677
33.691048
41.08601
9.469397
14.228735
10.777389
21.941526
27.512505
21.195175
21.190323
15.312649
8.818554
19.958382
29.115149
29.774359
33.01867
25.450756
28.923687
29.970337
19.30114
16.794573
12.082329
20.67765
18.905249
15.301103
25.216997
10.964292
16.044308
16.171394
30.677298
12.621355
11.138359
21.119072
13.389973
11.319288
36.34991
30.935013
18.71976
13.716031
14.004444
14.249966
44.693592
45.875435
31.35929
21.835478
12.495037
11.892919
27.470081
9.386982
4.716431
9.390738
23.770885
24.152328
22.605553
18.542923
19.452267
26.750494
30.005651
39.188927
39.579136
20.354576
24.749584
8.667913
15.039783
20.9373
13.200761
11.28034
6.6678853
7.2758703
16.15475
28.735666
21.056128
21.8849
24.49319
14.871054
11.004948
5.4142623
14.057023
16.814625
35.465187
34.813404
43.122665
20.659468
5.428635
22.952232
19.599352
25.341702
30.542683
8.084645
29.474848
11.144452
15.164088
18.39992
21.64864
19.305286
6.364873
6.1109724
9.286027
27.589426
15.724352
14.853323
12.845746
13.397618
10.297742
12.7422905
6.5300136
16.661358
13.404721
15.729598
18.58043
52.44409
47.653423
43.764313
12.440438
24.235666
18.601063
9.882763
11.598706
13.496067
7.911394
25.413063
23.506016
19.774849
11.0077505
15.489694
5.853391
12.816053
13.402785
15.740133
11.497765
10.466122
16.313936
12.511872
20.640406
11.1319895
15.977276
19.684753
14.064969
32.162277
28.697622
18.796349
29.215282
11.000559
6.909655
18.79586
24.413128
12.020444
23.630764
11.3643055
13.293116
20.567678
16.580294
15.114084
21.079811
14.838976
12.174784
14.740749
12.622058
14.965127
23.43053
7.127492
15.178171
20.590742
11.321434
9.301266
21.660715
20.529907
11.409776
12.010092
7.9167566
10.908963
9.727155
18.34558
23.959436
12.515733
5.6405134
21.743101
12.0659485
7.705046
18.744526
7.204797
43.19535
6.6838384
5.1239486
12.491985
28.045332
17.801592
13.550084
17.366169
22.850723
23.524075
38.531075
19.7118
7.458103
24.920944
24.213259
32.776356
3.318497
7.7535167
26.659203
15.876751
22.38723
26.246302
19.159119
32.304638
8.382396
6.4883623
14.517146
18.369444
9.536204
27.251274
15.094897
19.114124
17.829168
4.8964043
2.5494237
10.957451
4.347888
17.926476
3.9819677
10.478205
38.427284
34.04524
8.454587
6.7285933
9.820506
15.882944
13.654885
31.0363
37.62253
13.350324
25.316214
31.741589
25.704014
29.84993
16.699352
3.9136553
14.271584
15.0132
12.514727
10.617851
21.438286
21.827095
12.663159
12.424382
6.156515
15.334476
18.416845
16.411104
42.218765
33.29892
14.181463
16.860094
13.60315
22.670847
16.67011
11.163028
8.010351
38.213593
33.936935
4.9107914
21.433771
14.660811
25.842802
26.33004
13.470921
8.202843
26.704912
23.685032
43.488346
5.8138423
11.197174
16.772015
11.377102
16.947357
6.8828263
19.334938
35.68379
7.9352827
27.000965
10.277919
16.152695
8.9589815
16.614103
21.359825
11.810713
18.877827
18.317451
15.510222
24.086643
21.614529
30.537598
9.194405
9.776936
12.693472
8.295619
10.99958
23.158709
17.335892
17.756872
9.077008
14.971504
24.766523
6.615025
19.65405
8.21153
23.282063
17.632967
23.31979
6.733337
10.241922
2.6619782
16.443693
40.26869
44.991356
11.10244
31.474155
21.057007
15.999371
21.00424
14.920385
20.276085
20.798765
18.2819
9.529256
19.078045
8.726058
9.839779
19.798487
34.01666
18.12063
22.713707
43.35912
15.644457
12.298392
17.912924
17.755058
23.32625
10.405931
15.126676
20.936852
7.841694
10.615944
5.9255605
19.660118
22.09954
20.95358
13.037772
67.37504
40.516117
4.436283
12.892508
6.872558
17.049376
16.027464
12.319724
10.254286
16.167639
10.671997
10.433605
18.443928
24.668676
2.5825646
12.626256
20.175404
15.452563
25.237375
22.50949
45.660435
12.719648
11.787067
12.757647
22.888855
6.931369
24.4019
21.301216
14.138573
11.727117
7.2557178
6.576509
17.156824
24.082397
39.80116
18.522774
18.966106
14.757539
16.507751
18.724953
22.37201
18.56753
15.21976
5.763332
7.6438203
9.69604
26.921503
10.837955
5.3707347
9.708712
18.591951
14.055961
10.327732
19.827065
18.537853
10.896497
15.236553
41.2511
25.25918
38.37721
31.793007
28.895987
27.535978
23.215704
36.657196
33.68415
22.735481
27.889694
37.762947
35.471115
11.611106
9.031979
20.225811
19.59607
21.131363
11.231719
20.76506
31.669949
17.180695
16.55571
11.882145
12.4180565
22.096384
11.86885
10.876174
24.073364
16.295107
10.109183
6.266482
12.452716
18.50039
15.356695
6.3925037
7.092834
7.953182
10.899135
14.409719
20.852606
15.472168
25.380781
16.941889
12.530635
6.811729
17.690674
18.07753
7.9220705
13.40089
10.108428
13.170982
19.298609
14.724842
16.788403
19.87428
30.714808
15.605088
17.2764
22.784443
12.626252
14.402627
14.582751
9.558857
7.5881877
17.704008
15.266687
14.283649
13.591669
26.079636
8.981332
6.8602223
13.854656
9.493452
13.460411
13.59406
13.643743
9.976294
38.02269
12.924183
26.337124
9.842705
8.466507
12.732439
20.222706
6.3527837
48.869713
29.680584
4.0779805
24.932117
14.769798
6.491788
3.9701908
12.783385
10.810119
14.102484
12.538945
20.604406
16.049782
8.433715
15.358794
2.048872
15.123435
19.62412
16.638561
10.58068
7.3852563
12.331082
8.030888
38.122433
33.053913
8.949208
15.485968
7.0611515
21.33914
25.692348
14.987131
9.865792
10.498473
9.55161
27.960312
6.5784817
4.2921844
14.627167
12.749835
13.031412
22.116062
41.292496
3.5454164
18.518871
24.183
13.629314
21.896275
15.416727
20.609352
19.695005
15.02336
10.0721855
11.565748
50.00024
8.910204
29.488459
18.797815
20.468151
3.6387033
12.051382
8.887445
29.163952
34.760666
15.899459
18.690586
34.339752
18.428377
12.308408
8.024842
14.420821
24.232376
13.332353
18.70802
21.439121
27.076023
6.6963277
13.160958
8.411021
34.70814
11.004852
7.7001696
21.018032
11.940138
18.38167
22.281977
10.800176
12.84246
6.828573
27.337017
24.709316
26.989008
21.519464
42.372177
42.20245
19.587065
17.959871
20.763134
19.199495
3.542762
51.176258
6.5363255
13.276295
6.3280907
32.272995
11.56052
33.899128
6.9382863
10.26004
6.295838
5.495592
13.039233
9.791238
16.288565
20.228403
25.696012
21.910748
3.9014046
6.3177094
29.238873
33.121563
12.034161
25.213432
44.03272
31.133677
21.847334
46.71178
35.122658
11.420283
15.293898
16.213047
11.222674
14.710182
19.474669
19.49273
16.049158
12.164816
32.099743
37.661137
39.746845
43.244087
34.332306
54.111732
42.474728
48.1324
35.21447
32.30273
27.253584
14.395398
29.75578
26.961359
64.00705
44.250565
25.446482
11.309903
14.956561
13.4953785
19.18686
18.77336
18.583876
7.1943884
10.472103
17.29027
17.219831
14.35007
16.14234
11.021214
8.142201
13.457301
7.139225
14.976991
12.74896
14.744458
29.019386
18.682364
11.839962
8.143061
33.476685
15.875574
10.568784
6.621587
18.712019
6.5547066
29.661139
31.613611
13.701041
11.12731
13.939711
10.250807
11.797578
8.755889
22.925373
7.292434
18.022558
19.885788
9.3924
12.191706
12.843457
25.481518
3.0132499
30.103994
43.497887
31.889717
20.732616
20.989561
21.141035
13.035286
3.5794032
23.740068
13.622034
17.69198
14.542044
18.596985
10.660196
16.352045
13.477705
9.8202505
16.82365
5.456599
19.089758
10.328344
19.963352
23.49283
6.8209267
15.692151
11.872625
14.365201
10.514987
51.20325
36.332745
22.14473
31.47745
33.423252
30.65609
22.660591
12.652003
10.703935
13.015155
14.081483
13.322918
12.162484
16.520264
12.582174
13.467917
13.964912
15.124348
6.330056
12.257163
14.296352
12.891266
3.6587205
22.681683
18.540312
21.896845
10.227713
28.546412
11.443996
26.592663
10.908861
7.2693677
23.088007
12.09008
6.0796566
12.848495
3.7510607
9.331881
12.788235
7.1084633
16.492281
28.410454
15.9824295
90.188255
24.737123
25.064854
13.010687
26.01905
13.885316
32.57065
7.592788
7.698606
9.512543
14.19481
28.672596
20.346962
27.214365
47.20126
21.348394
17.697002
15.2487
11.517911
19.018711
23.69644
15.063288
5.953584
9.758476
15.505041
15.561565
27.945026
9.195037
25.738928
9.961861
15.54854
20.34759
68.10265
19.693188
10.535392
27.71509
16.443422
3.6685047
8.409818
13.994233
26.891346
31.9744
41.742325
45.325733
25.744953
24.989048
17.76468
18.930855
13.071467
11.465035
29.092243
8.328067
10.511997
10.950928
34.847633
9.812286
28.634722
7.4791737
22.064556
10.874121
43.349476
16.79275
20.341646
8.848664
22.963219
6.472035
12.126714
7.127735
12.701033
14.891837
14.050009
17.135048
20.97044
11.921108
15.665579
17.426233
8.191576
17.555859
2.047601
23.109943
17.46496
19.34295
37.426895
22.110254
16.943127
20.007282
9.648234
7.9106
7.4560814
21.280916
18.283087
8.67194
20.327808
15.4497795
12.870867
22.362877
10.343567
25.490932
16.44343
17.147446
4.7625318
12.058937
20.162888
10.244986
16.7236
9.388983
26.447039
19.239382
28.732729
14.516149
15.380915
16.749632
5.378885
16.253897
16.361217
28.12414
23.973522
7.119102
15.621851
25.092361
19.018557
21.257675
23.135775
35.76428
29.643032
27.094858
55.75689
50.501694
22.926542
20.154547
22.399036
9.732264
10.942579
15.20565
17.483854
37.111313
18.777884
7.427385
12.368569
21.205812
11.803429
19.330608
17.561148
18.21773
16.05687
16.172016
20.329958
20.141996
29.780127
22.613092
15.615266
11.44022
8.452551
31.215227
5.8758626
20.571589
13.181811
14.557447
33.053192
26.447851
19.959345
30.22058
30.360197
15.300267
18.539114
24.137514
10.376522
5.8678474
13.439968
8.998072
9.320385
22.139338
57.0391
43.44516
51.25976
10.234682
34.803993
37.064342
41.7454
8.575246
20.600552
10.538166
10.565164
10.413623
29.700136
16.741478
9.667312
14.857264
9.6361885
25.903797
16.892157
19.479942
16.123837
11.020704
12.661608
12.436041
9.509538
24.022367
14.550187
19.854416
15.364041
11.932735
3.55513
20.19989
18.07836
27.797695
18.375713
16.19231
8.923439
15.645922
11.474379
11.075056
25.795984
22.141687
49.610073
4.565562
10.619262
22.996328
24.036348
23.633276
16.111473
10.561459
18.597359
10.079225
12.921786
6.424756
10.265073
19.236935
7.6636567
10.644811
9.5505295
27.224472
6.5890903
19.425901
16.88342
13.256505
19.41719
13.946816
36.229237
31.439323
5.264149
19.676899
9.284603
16.361261
7.7700605
14.33238
22.863663
30.252558
30.640127
47.908737
24.207932
14.526859
16.67934
20.168062
8.292082
39.78999
20.86507
7.614704
29.31235
34.307934
28.5834
32.027027
39.526085
32.082584
5.38356
17.004768
44.287792
7.6075172
10.365405
17.823608
30.837025
9.260048
28.108477
35.172436
3.6926453
14.59815
29.435688
15.81814
12.255135
12.580277
9.092197
8.182951
8.566095
11.882717
15.262782
18.824198
41.925705
20.58832
20.301928
41.20489
12.044314
12.334034
15.176631
39.845577
33.552853
6.2684727
34.826866
18.45981
22.16372
14.875214
15.926095
17.036053
15.502802
22.487425
12.25599
15.6872225
49.63054
22.331694
30.55869
23.4176
42.419037
19.15451
36.236713
3.9489532
9.320106
15.173939
10.785589
26.612238
29.009798
12.317284
10.2787895
8.662275
31.00973
4.5474534
24.161766
18.075172
27.58312
5.730008
11.5371275
11.482802
36.394848
20.753368
16.221264
12.638961
30.039116
13.034289
9.10592
16.382416
16.721167
5.179738
15.203577
24.230877
33.272804
33.766823
6.95508
5.2495894
9.849485
19.056707
22.691628
16.421322
16.564194
24.476368
12.564431
7.566718
6.1290846
12.6505995
14.554568
20.055077
22.747581
39.898235
29.468504
48.99128
31.676918
36.23913
21.304043
26.094376
24.832094
27.889158
47.99569
61.185738
44.472443
25.20875
23.015575
25.850435
12.672162
31.309753
36.887638
9.258954
11.765016
13.356251
27.909372
3.995878
15.433678
23.244492
22.529364
16.1802
18.544357
30.329906
18.883535
23.834414
12.887025
12.543851
16.133698
15.064459
13.577229
8.539059
19.422441
18.976627
13.3793955
15.39751
28.573528
29.235859
30.451784
10.355383
12.683203
5.957023
18.792892
10.218866
9.29339
12.931989
37.21415
35.5547
32.064358
40.739723
9.452466
7.81909
17.297256
6.3967223
11.115054
17.896683
10.277937
16.510923
18.444155
6.2990522
8.794192
17.213278
43.869904
5.0317636
29.698105
5.615346
9.495323
16.887537
46.653255
55.521206
55.044666
59.738594
10.045578
19.058664
27.21438
26.89695
8.6215725
48.526833
17.731804
20.93109
21.272991
30.025738
41.187897
37.691544
22.565659
11.8754835
10.555792
42.082924
26.796577
34.27321
15.7489
18.555687
18.80112
12.7005625
17.27649
13.1813135
13.121555
23.367088
27.212759
6.0637813
5.2266364
17.675564
24.134008
19.360588
32.413517
25.447222
24.14196
19.342327
20.488186
12.329711
11.489409
27.532192
17.10141
18.095675
26.803604
19.231056
12.145014
23.143574
21.065273
17.454554
15.512627
9.548198
22.607395
27.728462
18.59074
19.36531
27.32115
19.159788
10.652287
8.327304
20.093643
10.874065
1.7732189
4.2402287
11.940868
14.885266
15.880144
10.903477
23.496958
18.821697
16.3273
11.549446
15.581544
18.70493
5.879264
26.12219
7.4139957
9.508836
14.634557
23.47691
22.184423
18.136625
21.742268
39.03819
15.888845
41.57798
20.728342
21.953857
33.025043
19.731098
18.994442
14.816434
14.346794
22.562983
20.699549
22.726389
14.756658
30.076365
13.3436775
24.399204
36.50207
44.485374
27.200085
7.503231
24.562649
30.93067
13.215131
11.305123
11.603995
15.6029005
8.071117
15.910763
15.475487
33.28402
18.310541
22.699953
35.965744
38.538822
28.334417
23.865593
19.697775
26.990131
30.54124
29.615381
25.39713
27.197405
35.368553
48.20009
13.459381
14.241194
31.479168
10.907945
4.559173
53.23218
12.798517
25.796352
22.414173
5.1355596
32.457077
22.510704
17.93608
16.20731
17.531477
20.363472
15.077297
13.433109
19.523388
15.64125
25.837784
37.94586
29.992773
43.892235
38.14656
39.763992
58.655487
46.72654
34.156
18.144493
17.579897
18.71135
26.300406
26.662329
33.566658
24.113026
23.788418
4.2713203
13.15519
12.213988
27.41006
16.148432
20.966457
24.505554
8.614868
6.9959188
12.620391
22.034801
48.739098
38.999775
45.973843
11.713631
8.461788
10.342526
16.819128
9.622527
8.432655
8.059405
12.679836
5.6619005
7.6479855
25.493757
13.823459
12.693625
20.51876
6.597226
16.742569
3.5533643
35.214207
45.61464
2.7485898
20.551752
8.527
22.920105
12.837892
14.385268
16.741522
12.873022
14.324236
8.475018
11.714007
16.494781
15.329248
28.110117
9.200086
16.81814
27.330095
17.26217
19.5276
5.8782496
8.553213
18.950804
32.077126
27.636745
30.227205
35.248398
27.205673
24.749096
16.55141
6.6886306
17.116997
13.529922
11.932995
10.481768
14.65458
9.92199
16.72761
20.23429
13.577498
6.618518
22.649836
20.857973
23.306824
7.9043565
20.717705
7.289193
16.82146
14.633334
17.307228
22.599888
14.06321
12.797218
9.347406
18.004726
29.416677
24.168411
41.24846
37.94597
24.143805
18.542519
10.847712
33.85063
26.552017
8.728473
10.921903
13.373011
20.704811
6.8041224
20.999819
7.5975466
19.133728
8.573871
30.46035
17.876076
9.273401
15.746882
21.859827
22.30512
18.714645
21.461458
12.055424
19.703512
13.455113
15.912993
19.168598
24.88079
21.912392
6.038756
19.334349
20.904112
20.734865
18.71836
27.604647
19.78751
18.016815
8.225047
11.898568
8.561714
13.676711
15.817796
8.739654
19.993692
26.592955
17.340755
23.90124
10.178405
3.2699096
15.918204
49.647213
36.16355
7.3984547
7.3709745
18.91562
8.6678505
11.775708
18.889542
14.710697
6.2087917
12.118364
28.225803
26.429226
33.97976
9.586605
20.343079
10.106929
19.711876
14.245149
12.926469
3.3299525
18.13771
26.40373
17.141981
17.765095
6.32031
17.150932
15.033886
5.460717
27.400791
39.329147
23.68847
20.697098
27.63353
22.031555
5.8628774
22.1835
15.265805
14.380903
15.135969
17.818039
13.563275
15.9224415
29.91102
8.785721
14.479781
7.5717797
7.530212
40.481846
15.007995
19.127802
29.343735
30.050148
21.889273
36.19435
18.23072
13.531066
23.584492
23.24866
30.255056
3.927387
9.012103
23.48906
6.621468
11.0424385
21.065346
15.319191
11.466928
24.305635
2.8151133
9.502347
5.785862
21.386621
19.65479
9.9546995
30.131275
10.207749
2.5073986
18.60296
3.3058774
26.59299
16.662748
46.161396
13.853039
7.6748786
5.759168
12.730687
11.598815
14.248679
17.901653
18.494923
32.225883
28.79525
40.897953
12.746934
14.7352085
17.443104
11.67875
17.307768
32.607044
63.362816
19.502304
21.247303
12.23897
11.310835
33.043682
16.353748
26.619333
22.308516
37.884624
33.088703
28.888767
25.01723
25.764183
10.792677
13.3364525
5.945812
16.527882
21.68402
36.77051
27.900904
19.252697
12.6252775
27.595459
3.857159
9.239001
6.1294103
21.593605
17.563868
10.763141
15.042446
24.76345
20.65979
13.807886
15.613064
8.819821
9.083312
12.999186
19.512928
10.947897
26.859535
10.196458
17.970896
14.354767
6.6155176
7.807205
10.961423
17.311638
34.816154
29.009336
7.2089024
32.188187
30.875748
48.08278
45.144917
45.04231
21.348875
20.580656
25.520552
27.474642
2.3908186
23.818577
32.71865
42.199467
15.748551
9.717713
17.502586
19.278042
25.630547
23.394245
5.4760604
9.6005745
18.16441
14.928698
15.789306
11.323849
9.39489
13.652621
13.650967
5.562613
17.325216
13.396217
18.693687
18.574638
9.19331
20.840937
14.390821
13.414234
14.163185
24.768763
10.593908
19.731255
11.246687
14.056526
8.577238
24.007395
20.084879
16.261745
19.892818
31.115755
19.178997
8.719493
29.718878
4.0315523
15.609222
13.902304
11.399912
14.421798
18.628225
40.005383
47.511406
35.866554
11.752685
10.598589
11.338299
23.907166
10.698697
29.173735
21.171799
30.034157
20.111834
30.092197
41.105247
12.33475
24.216917
36.700058
17.090355
24.542994
12.815686
18.15181
10.84852
15.220219
21.738245
13.356678
21.060215
10.556096
10.100291
17.582012
14.070204
25.487408
26.35804
66.91815
95.49996
55.919437
30.631529
29.733288
31.090984
3.7454607
15.542636
9.120457
13.034642
15.186239
34.734207
13.290872
40.60611
32.311253
44.15704
34.433704
5.742193
14.49892
22.736528
41.25801
8.712097
24.376406
12.440505
21.420012
28.833164
24.480131
30.320908
21.990982
12.438616
13.060685
13.93707
14.247307
6.3175826
11.673265
12.268482
21.3225
17.00662
18.366726
24.987076
33.666637
18.558952
31.567646
21.017595
26.464272
13.389575
19.600674
20.392841
11.080775
33.965977
13.633212
15.178193
14.047757
17.457214
31.80439
20.496414
29.913471
19.52325
19.389624
34.265427
11.814602
7.495608
20.253925
12.785954
19.069504
9.861295
13.785275
27.494156
8.712118
18.739021
11.492389
26.124056
9.709892
15.367497
14.395901
12.359444
15.20642
32.49031
10.226823
35.199562
11.472232
24.294262
7.487436
32.90211
14.208853
5.591382
34.209476
24.812351
17.453228
11.323071
26.161222
7.609275
6.806762
13.998706
36.27616
16.849413
18.071272
8.486029
22.553862
14.684139
27.674118
28.64033
18.11857
7.0333204
6.343144
26.31163
15.425124
20.243706
18.280659
13.515831
21.450972
5.0658345
3.0791519
16.33696
39.969383
30.39589
31.773958
27.201181
31.062702
47.245502
42.559757
55.83064
29.619741
15.503047
34.91799
30.31952
27.155523
46.109955
29.48236
45.97341
31.474155
17.108723
15.638314
12.483772
6.546018
11.95238
11.157953
9.55212
3.6424942
7.5683136
24.273638
17.810808
45.086044
18.852924
8.76752
25.983492
6.9954114
10.802396
17.137075
28.321367
3.037043
12.766056
23.986204
7.8026533
5.030618
13.846183
12.234576
14.108983
17.851625
13.641557
28.651237
21.091019
37.89723
52.291084
40.541008
46.570415
5.7826667
6.314571
7.1829443
13.556872
18.85612
11.497707
23.309109
19.159794
20.5395
11.004755
10.554966
12.792367
17.635311
7.1617274
18.542418
3.9417696
20.738531
7.54325
15.565732
16.973763
4.2896295
20.003386
18.899908
5.7185163
21.46602
14.040335
18.664326
20.15382
22.060993
15.198339
22.720688
26.301254
22.142176
13.2889595
15.580769
16.265217
26.32537
8.052842
12.365779
23.85621
15.814531
11.640765
5.700213
19.931631
15.879169
12.124844
8.233681
9.272126
20.773699
13.346982
11.3027
18.40583
15.809956
12.470731
6.9545913
10.820229
17.590513
6.605475
23.467352
18.96126
13.439725
11.949198
20.551085
14.934727
8.098944
27.941204
9.712118
10.524156
9.555812
17.110207
1.9056696
13.808534
11.084062
26.016653
26.964079
15.70947
16.841516
26.961155
24.216103
19.707342
15.89359
10.146131
47.58245
20.857153
19.94399
20.155146
19.888958
2.0637417
11.855598
4.066324
17.44078
14.963082
22.421148
16.911911
19.215988
9.482302
12.116028
18.395573
26.000452
13.99565
17.369207
15.840117
11.103712
10.894064
11.801441
12.910279
19.335693
20.70489
20.426992
29.539278
12.305808
14.034986
7.909805
17.808859
9.252393
30.351591
18.071032
21.483095
16.869349
38.88429
14.103913
14.62149
11.124065
17.10531
14.529816
16.157293
18.454256
12.6401005
6.309946
23.344738
12.975992
5.7106767
12.898943
22.643345
28.629114
18.545132
7.0734315
9.105213
18.490677
16.69212
22.317505
48.95648
31.094563
30.694221
27.650284
6.855571
11.590113
8.483605
21.099348
16.651619
5.970323
21.471386
24.575794
31.394085
24.08359
8.381584
25.124956
13.144859
8.84978
7.82476
7.82413
10.128408
39.25041
8.664408
15.682049
32.741974
12.337747
11.791989
13.175963
12.8014
14.548981
8.959688
11.208552
13.463273
11.591515
13.773485
26.23093
5.9822054
32.565525
16.636108
3.6842563
13.471322
10.390273
24.267029
22.482466
18.016764
12.527566
24.503456
19.799156
12.988114
12.976062
10.047588
11.204903
5.46608
9.4052
5.647357
15.368468
5.8386097
15.195954
23.44389
41.59228
25.080835
10.74756
15.733382
19.668907
6.6217265
13.054815
11.773917
16.706182
12.67896
22.162138
18.497906
17.571667
20.050713
35.986877
40.575573
38.058853
41.43227
37.660614
28.925213
25.05284
49.62263
53.386837
36.174362
47.95853
68.13983
45.104336
41.655396
8.338813
7.515726
24.28452
7.938213
6.722111
14.918754
34.037262
31.650965
36.088238
31.855722
43.784245
40.072395
2.6530576
13.032877
4.523082
28.55078
10.810042
20.425467
9.962311
22.492966
16.367542
16.625883
33.412453
25.788773
10.896322
15.766187
21.905083
19.925152
14.427688
22.762444
24.129028
22.825054
23.10193
18.27946
8.020968
34.192837
8.650463
12.421143
33.27325
11.759575
14.92041
25.043297
18.642632
28.809902
6.8895
36.91521
8.252704
11.157493
22.788914
13.807218
10.142962
9.245594
11.869354
22.71227
48.29022
9.531335
14.082431
20.025946
31.301048
33.677013
16.290098
24.407726
20.666895
15.0013895
10.742001
13.718837
30.463144
17.382114
13.976219
17.550877
32.528458
6.3638964
5.9057746
18.244417
8.894648
8.6240835
14.853596
17.821682
21.839788
36.745754
7.1950684
18.481617
24.690876
29.224388
29.002268
43.397896
37.130737
22.041399
2.9713702
11.322879
17.811384
6.55024
26.26241
25.28001
15.914896
8.492578
15.085833
16.724508
10.706935
19.622902
23.640512
14.038324
28.777193
13.058075
10.322017
15.298407
33.924217
19.25434
20.525497
34.809895
15.509424
13.778382
13.76933
24.411598
6.0957055
18.635141
7.232784
31.641
17.804907
14.812443
27.349983
20.417849
21.340322
10.021055
15.502495
15.556579
16.868889
14.416598
6.8565006
20.199528
10.631569
6.223025
4.510606
10.153576
37.98252
37.943558
16.462412
30.118166
28.309267
33.384445
41.79314
32.469322
20.834126
5.632763
8.799014
7.911094
22.910198
36.19327
17.34145
7.8546968
10.600393
4.512475
21.305548
17.703259
13.966666
6.975895
14.740382
16.830784
13.918241
16.536263
2.8770869
8.778232
19.853388
2.7223294
22.86044
5.759115
18.718983
8.776926
13.328876
5.199252
18.45306
18.273653
25.237465
26.757473
5.69136
9.048139
11.715717
27.175241
20.216578
11.657824
21.95896
16.779203
16.774559
18.518955
15.2912
19.352917
10.760944
19.160582
10.875814
34.457417
7.2671423
15.05655
15.713975
7.1444826
9.989652
9.610032
21.977715
13.713314
14.077911
3.43125
16.700495
17.094444
8.461194
6.6949377
17.661297
17.359234
26.599174
19.568678
13.7329855
15.875028
15.086388
10.108168
16.828962
13.373211
13.399113
22.074533
20.800056
18.083593
21.66259
34.01685
44.007347
3.7769501
8.350214
20.617222
12.701951
18.463993
9.689108
10.123419
29.184319
18.74854
26.178267
14.065464
24.917706
23.058247
28.229734
20.621954
13.806789
5.3505497
24.816046
28.898151
16.174887
7.566957
19.395441
16.603193
22.093298
20.579689
30.931568
38.249893
19.968134
43.571445
37.21131
37.88374
38.12029
63.658897
80.31393
45.65607
29.968447
11.063124
13.834412
25.875002
11.285267
19.40136
17.264091
5.7543297
7.4673333
33.0153
53.000954
37.200993
16.238462
32.726845
18.735577
5.1313844
7.9596186
21.945324
15.274799
18.839636
26.896997
20.083685
13.454349
26.874197
21.157595
13.512055
18.775358
10.056979
9.757074
13.374071
14.274619
18.560923
17.932415
12.631115
25.130022
31.511797
53.70462
31.651968
13.621193
26.893492
9.4480095
17.0506
15.756248
26.427197
6.5149646
12.804364
6.2354383
4.952467
3.9114199
15.819945
17.581057
22.331287
33.739384
32.061184
39.27218
56.07352
58.20764
10.207338
6.363368
8.345554
17.009306
15.432664
13.380834
56.27224
31.250782
36.794613
32.477768
25.140053
29.396885
34.91129
49.554058
39.219322
34.175026
17.650871
25.150747
6.846921
15.74397
21.80842
20.36854
6.369849
8.239558
7.6185822
13.287195
9.931813
26.114124
3.8990252
28.410515
27.199356
18.622387
14.031054
23.89167
19.523487
22.025362
27.06952
22.116663
14.098956
18.386469
7.2296505
22.734098
10.753885
3.3602679
9.596304
18.301208
9.899337
9.895001
13.392821
16.492447
12.856555
7.063647
13.1648655
11.320945
3.8711605
19.34344
17.33107
9.894517
3.2398486
6.779333
14.331635
10.548886
2.7116723
15.089386
34.47189
22.014973
30.109068
15.613821
21.958864
52.741913
55.049793
45.687046
48.231503
38.982822
24.90393
28.312407
30.388409
30.064903
11.198077
9.40313
20.461357
16.556107
10.313625
12.726236
15.585732
16.41421
33.33921
5.531305
27.491613
18.15749
11.190841
28.127708
15.732761
9.868554
3.8166819
38.036877
32.93449
34.138042
35.45939
23.736061
14.338315
16.240885
31.881392
26.89782
19.739557
30.36663
26.307453
36.928333
31.815218
4.9300985
14.982134
17.215675
32.7874
15.993167
7.5346437
16.493975
33.32886
43.094063
29.641846
33.946865
23.245352
13.380937
16.265162
15.170338
11.331476
11.429108
24.428247
17.099699
19.355898
13.608249
26.07358
16.345917
20.217947
12.823917
32.336624
18.052666
12.26213
28.75334
10.343362
10.911367
16.944954
24.787905
13.791813
10.411861
16.095121
8.668413
23.30396
12.395764
13.083382
8.841516
15.847906
7.4959974
5.6452
10.504522
21.882109
12.766448
8.532648
7.271264
6.071537
32.815914
8.345168
10.872836
42.117695
8.377906
16.050913
32.220066
16.12922
10.102743
17.483723
13.348458
3.416843
14.374526
17.836645
30.093882
28.075384
12.063687
10.522287
14.632429
7.859571
