482.50452
105.99348
73.430275
58.992588
67.93893
84.34582
51.32039
39.58645
67.30504
76.90533
54.593807
51.392147
85.9058
104.3464
46.75795
71.16088
35.471783
82.705505
44.21908
91.459435
105.245605
111.56399
124.65284
86.20463
120.5812
49.04239
128.32185
52.84996
42.212093
42.44772
71.306076
30.450275
45.68123
23.988697
59.331223
102.30673
80.845406
79.31983
126.12096
107.151985
87.163086
51.832462
41.32678
151.20245
55.06333
33.152092
21.927124
72.94856
75.174385
57.442173
46.95694
58.64189
47.027985
45.434418
96.84646
91.30249
93.16128
40.502888
44.76398
29.885595
44.234425
55.44442
93.867584
3.2257316
40.50057
68.36206
37.927948
56.083084
87.43013
47.49123
88.54123
104.05929
91.54523
50.17967
141.42482
39.669132
55.519215
55.52483
96.440186
50.491222
55.43121
77.286736
90.1717
70.482956
84.37044
61.010685
112.58838
89.23398
103.96742
24.485802
52.345882
83.24574
90.163994
118.58096
58.192265
39.376133
41.05974
76.394745
21.685549
23.112926
45.61344
46.04836
70.22416
28.709496
90.00437
52.267956
161.53964
137.46094
101.00383
93.41869
96.218636
124.30639
128.83041
87.00847
45.217697
78.80452
111.34993
103.82645
24.618288
59.059906
46.281578
49.78862
72.03232
120.02941
24.486156
53.103657
60.022045
81.18587
114.6957
66.47628
64.61643
56.79337
68.58494
32.031345
37.714085
53.129196
86.25717
43.064205
136.03609
97.61812
66.289505
36.42507
91.207146
74.26912
78.7866
102.88993
89.14084
73.22399
51.354767
47.362106
142.10144
113.28279
133.54416
88.75973
38.834103
71.62546
22.85655
137.2305
159.79964
38.464767
71.13023
105.17075
107.273346
90.432365
134.1763
87.319626
83.94214
26.423803
90.06306
71.19036
38.851574
76.63299
15.212647
64.57403
130.32155
77.947815
15.174106
71.36188
53.841152
59.60729
53.391945
122.8192
34.861015
62.76468
93.238556
95.93078
64.63109
55.37392
45.60149
77.735825
52.70912
58.902225
78.21389
36.163822
78.4197
32.310623
68.06776
110.05689
79.436424
48.307144
68.93425
58.918213
17.839891
75.12238
39.6844
35.91783
98.16663
144.47481
66.089455
138.45511
28.457504
79.51901
70.37906
47.985985
29.36427
68.46043
41.19721
30.306456
114.01691
58.83127
94.05715
28.408947
36.36393
49.77654
53.07208
133.65298
129.31007
27.907227
123.83117
53.89811
80.476
66.133766
59.153423
32.506317
109.23803
127.60875
78.38845
68.5868
63.46784
59.76731
60.544743
30.240196
74.6449
64.493835
53.426804
51.981014
41.62263
45.82574
64.27827
74.747375
37.605392
14.25855
77.23119
69.25271
87.4369
82.09546
55.681973
145.34215
82.50662
94.732574
56.81217
72.563416
66.28561
69.74754
58.706497
79.209465
82.31333
103.50624
39.200333
127.45477
64.90239
54.676376
111.33918
171.7099
91.39468
140.6695
76.487465
40.267765
47.84919
38.970795
75.1726
74.12356
82.161896
61.60299
67.88669
28.225296
90.26738
117.97188
130.36928
51.105362
70.97238
80.08059
120.17511
45.62217
59.04163
54.71857
69.85542
51.73809
75.271515
35.61665
70.3887
39.859657
70.91848
89.750725
103.84927
30.148247
23.568748
48.835106
48.720375
60.76101
96.016914
33.04801
53.78054
20.241802
86.82151
69.708855
37.209995
93.12469
40.939163
61.10976
59.050297
69.45514
45.099422
32.97669
34.812847
64.08027
73.50406
45.77665
70.143585
40.462364
75.13982
47.25837
60.689144
47.210426
21.375435
27.992311
56.73646
87.68044
12.563368
20.809944
88.728615
123.49544
155.15802
22.315823
111.68916
51.001156
63.658848
71.71628
51.89607
64.464714
18.43834
75.37977
42.730114
104.494804
73.65272
113.39899
106.199875
31.381563
72.08942
77.63895
75.54977
44.194843
72.05942
61.23014
68.99344
74.636505
89.28583
69.80699
96.601746
69.55401
93.317116
27.60639
133.30147
40.669224
133.68633
76.17554
113.270096
69.65462
41.385666
118.934296
13.967413
41.70886
76.613884
99.72894
89.66782
71.25511
56.052647
105.193665
68.260994
63.89002
40.74662
16.034857
33.275265
97.03377
32.024994
98.820145
98.79691
66.442184
52.96205
34.281006
65.371864
68.600746
52.531025
90.90139
98.26479
80.45051
85.91253
91.74956
26.014282
66.93466
44.257755
51.339283
51.119694
32.672546
10.857915
59.181866
29.466059
25.522388
51.929073
43.55502
36.174213
53.51143
48.834457
39.33986
32.36884
31.558914
86.1594
31.3196
39.38272
68.03928
96.7576
141.67793
34.86189
67.87307
94.4699
85.29984
43.80566
62.161137
79.266365
42.061493
45.746532
115.08956
104.57984
192.97202
57.72581
90.631454
135.72324
57.300278
33.994484
15.995193
43.75349
57.93932
40.593197
24.51957
63.09962
115.94967
30.12696
47.448475
40.22333
21.31493
45.79013
82.53227
52.782562
40.71185
131.36104
98.2992
76.856926
40.587875
70.475
84.83884
19.515972
83.83929
154.87627
68.5386
62.228462
78.2328
127.55992
113.693085
53.82786
67.76386
104.88286
62.270313
120.082375
113.69469
106.40873
111.841484
135.15445
128.59369
82.385254
119.06797
48.640167
47.365936
141.09819
147.4041
47.086124
90.63982
68.11756
51.759567
51.34131
133.65466
103.569786
55.939407
87.6644
60.967384
90.02071
94.060684
69.96843
54.348145
31.822832
22.973095
37.339428
26.533009
87.43806
95.69144
24.331335
78.686066
99.19856
51.60917
65.6481
27.100353
43.695347
69.46677
55.858593
74.656136
66.395096
65.9548
69.37251
89.46017
80.463615
69.46072
40.019257
32.27097
46.27468
111.94715
88.49634
80.78354
41.329727
96.71633
113.39639
52.53618
72.11869
53.27161
113.65549
40.489147
101.260284
78.3103
42.9918
57.95787
74.91868
53.852154
97.0315
86.953224
58.729717
104.44217
74.431274
50.61825
82.4441
113.017914
152.37225
47.215996
55.473907
71.66145
33.306374
49.37257
8.018836
80.147804
55.073708
74.50079
69.242905
35.770878
75.2754
58.15311
12.685206
80.30801
62.681076
32.25943
58.569927
130.6568
72.785576
80.35524
107.9645
34.190826
93.894325
66.89433
135.14859
35.86034
49.753265
118.028465
90.57436
73.94243
50.9931
59.812496
120.91828
114.9262
72.65916
51.482197
114.56206
110.937035
91.33897
104.63487
87.230705
109.31407
110.123474
171.43596
85.71951
97.72315
66.67143
92.56563
59.093563
106.17738
61.869137
111.239334
111.09723
64.35489
118.94542
139.48956
46.638676
15.8047495
39.709164
144.02219
87.752686
69.75476
75.70985
68.55508
44.92712
94.455215
71.01734
57.195072
88.07855
60.439938
107.98228
21.611866
37.51513
101.34126
61.62206
30.68533
62.941776
42.092476
54.89852
75.75938
119.39822
12.316767
69.69354
69.63183
71.4203
24.136562
91.39659
47.954784
121.37518
96.239845
33.173214
58.7025
68.012596
62.420666
65.38076
72.01128
80.59519
22.988056
121.94699
14.105513
72.975266
49.51057
28.792896
35.128883
89.24936
62.153774
90.68402
8.338957
122.08262
104.06174
87.935486
29.864504
66.57104
35.134613
53.57073
36.481434
61.30349
21.313396
45.476673
25.082695
14.083046
50.098545
45.655376
116.22601
69.07319
101.93813
137.39671
41.48589
25.629026
140.86717
134.43524
77.152054
61.67908
69.379005
57.724964
59.50698
25.02739
54.83191
41.684853
20.350666
77.03035
43.102894
47.55554
63.986008
54.100807
30.817085
50.616737
44.87053
80.10896
68.810455
21.572023
31.552588
75.56873
50.033207
122.13275
47.956455
47.72963
36.295116
49.574047
61.33042
50.492523
89.439415
29.358034
41.18161
56.49971
70.65265
35.031742
75.52017
57.517612
88.52776
82.95285
56.36621
66.88503
103.239296
93.865036
107.51738
46.078922
40.578636
15.8059435
39.62013
63.044575
43.83147
37.243027
118.08161
69.3857
72.80474
21.96667
96.605354
64.16453
64.84706
81.546715
64.35538
57.919994
6.8117356
27.495756
55.033783
40.841263
47.82007
83.76915
75.04253
60.888805
82.46904
32.894352
50.95829
12.124738
80.13131
71.65687
21.480837
33.580563
95.10776
42.160995
34.36687
135.20781
81.64984
41.655323
21.95338
55.866924
27.835178
25.54106
87.79006
133.24915
52.762695
63.52764
40.931576
41.556835
59.40885
16.131409
86.145
65.566696
75.74816
99.373085
23.752144
28.357288
97.99598
79.888245
62.070446
97.52305
77.44782
55.841198
48.16788
70.21876
49.162243
48.14528
70.59277
98.3856
78.63771
112.22385
34.054916
83.31221
42.654457
68.28006
86.04379
39.703354
123.18788
153.23213
91.409744
102.45747
87.74961
95.8209
50.451828
35.95544
79.3768
91.543495
52.009834
91.74661
57.687313
54.18428
30.782585
48.67918
21.69116
63.42314
37.01613
63.40826
63.77146
77.9894
40.79713
44.566525
36.259674
66.69768
29.350185
47.169464
73.6588
65.63713
89.09055
55.724766
45.620182
50.00213
47.7019
51.443886
24.419615
52.066532
86.480316
51.145992
31.841944
67.4366
61.134735
45.16347
76.83
60.25443
147.08679
126.87504
53.49382
49.160156
32.947308
104.028275
62.430756
74.05896
33.714207
91.154564
40.569263
85.23528
59.595016
56.407646
29.956995
31.889898
63.851215
31.19292
38.81872
82.17115
94.54722
59.9988
47.362755
42.423058
47.991035
59.66635
44.597374
77.11208
87.90296
69.98716
104.50552
52.47508
68.74993
34.55879
72.17316
52.66982
70.75195
74.618065
53.727066
43.214584
55.253277
67.17514
89.55506
78.23479
98.102776
47.339497
49.669697
64.2536
99.344925
90.09599
120.265564
107.39653
133.99144
77.24211
40.607162
38.080353
37.751785
17.36824
36.84802
36.11628
60.75335
66.31589
17.192413
50.13892
77.244125
46.552208
69.98904
66.97177
91.59689
117.76392
19.355751
83.41011
88.52993
160.91495
68.376724
128.41206
101.51019
90.66937
52.056885
64.32018
71.422035
51.791847
51.25311
34.93066
67.765785
50.63796
96.04541
31.351225
115.46451
20.384312
105.291824
59.60317
69.15712
39.1763
67.39556
40.959393
125.73824
61.9638
13.761555
66.31446
55.893177
29.251795
56.379444
77.1554
106.41493
94.817276
66.69806
41.63561
65.70428
114.04894
86.98989
89.128006
52.008896
99.005264
44.33853
82.9284
29.536003
23.354443
59.489548
90.58028
59.950825
108.97889
54.01767
68.31162
104.69794
69.45226
70.022064
49.541004
148.07985
91.995605
51.61292
41.484684
22.408945
54.250546
67.37012
85.67618
25.486994
56.5074
65.130005
48.358273
25.719698
94.05613
68.99016
54.697124
60.851425
45.041172
47.598667
73.06599
60.505436
85.86576
71.903656
53.282684
96.85522
30.36797
26.089285
91.99929
69.41763
55.872433
49.419903
102.096054
37.752003
26.938887
104.82573
116.868195
63.425415
77.795265
56.722057
55.22576
44.26747
40.426254
167.81555
120.20934
71.43021
36.702774
80.40669
55.551205
123.347145
28.451797
47.380848
86.414696
14.27777
38.44059
43.01107
40.55863
60.243484
64.58322
69.778076
108.57208
21.91555
70.75081
60.676167
33.071762
55.166348
92.30747
103.77319
175.51512
105.76884
119.79755
58.74371
60.09989
79.017395
133.11797
45.574326
73.37743
109.968155
101.07224
22.268955
61.042824
103.867874
59.33707
24.081253
38.503696
106.857574
97.492195
99.78796
108.28565
111.40534
74.021805
41.721928
70.776115
144.65608
156.04309
89.651215
32.51013
180.23436
26.712566
29.927952
90.03865
119.48717
113.54604
75.767685
105.55677
134.97765
61.512707
44.74454
45.270233
107.37932
33.327095
54.897675
36.792007
37.755283
52.454697
100.055595
53.695343
76.34556
32.12881
87.19841
33.22154
148.04475
117.8212
64.268265
52.639767
95.00174
86.40757
54.84527
33.619797
63.747696
104.94769
187.68768
40.476
115.20027
100.62709
105.59333
156.64804
157.39697
100.497215
73.220314
60.939293
71.13837
117.17919
44.99883
69.798454
85.42188
16.917883
71.716286
101.16926
91.843864
79.255936
136.66882
155.95877
77.31955
64.96435
43.92547
77.78858
71.47832
78.37133
109.67585
70.93737
32.35344
49.50572
77.09577
99.51835
75.367134
82.92979
84.27486
72.85025
73.45017
50.083344
97.509544
85.112335
97.310814
57.123016
47.90493
91.287155
88.87939
130.9993
121.79331
51.60666
121.881
30.475798
67.40839
88.0479
93.836716
64.258385
61.573185
55.55368
103.339935
51.292545
64.196144
122.317406
69.92783
87.41133
61.878036
31.008614
68.60841
46.901512
89.903564
124.18252
83.11213
105.314
105.80747
49.209816
100.51591
109.71174
98.80391
69.529396
35.50782
158.7386
79.75132
56.258026
100.34289
66.64823
47.69436
111.52236
44.472687
67.464005
50.727806
64.06764
105.83046
67.61887
145.03159
146.56631
33.80519
53.505898
85.4382
33.29624
34.895355
45.18839
80.62887
125.23879
31.680231
99.30669
81.32189
85.522575
90.08082
60.04856
60.969486
7.1062098
61.526836
63.04201
74.04084
123.9856
86.872986
134.5518
52.26111
97.627014
163.63873
180.32382
129.08203
112.91182
146.6941
137.71054
105.15839
126.11562
103.66815
134.06613
109.74355
92.1591
66.71354
57.411583
84.82341
37.370255
159.78284
112.72551
83.0393
44.504658
122.67125
153.6804
160.40387
86.20381
37.784935
20.210323
87.91438
24.37625
94.115105
58.524487
23.519865
67.27746
65.244576
109.73797
46.870464
67.137344
81.79174
72.57826
39.00197
94.703445
58.6978
49.439842
96.66319
100.924034
94.77734
61.536697
40.430363
72.80414
130.23401
67.17752
67.06027
162.07779
161.0744
63.010063
93.48255
103.10164
98.53977
27.807547
59.227474
123.59518
68.13793
21.172722
47.266514
55.556396
83.805664
76.90781
190.00795
112.8662
68.19484
32.023342
64.94106
59.303936
74.39357
80.943375
130.99622
57.690166
112.30548
102.57534
62.75537
73.391716
71.4354
77.77149
153.4619
93.10915
18.720135
85.89645
36.062027
55.786148
21.480982
42.77583
75.4042
63.329178
46.603046
43.10729
61.60286
134.4182
23.593645
56.776466
67.74355
78.37367
44.557076
86.37227
40.326324
41.325947
33.874363
114.23375
100.477264
85.31624
102.516136
92.16689
36.36616
36.951073
111.861176
97.67767
59.752148
109.77807
196.95494
39.370453
33.93099
22.436436
80.49185
59.62579
74.81661
120.07467
159.01599
78.54543
109.54999
44.83249
104.31257
28.459284
59.975258
62.68022
71.53006
113.58591
138.54575
82.00548
67.6229
49.765926
185.11098
119.856224
81.28693
115.90726
79.49569
42.694584
51.830902
83.01094
80.87717
57.989227
44.29846
121.16239
94.77882
56.718925
88.82656
71.97437
48.712772
96.04907
70.733284
57.994415
41.451607
48.85829
83.154785
81.245224
92.52925
81.405266
56.11986
79.91465
69.59591
111.993805
66.54751
45.130337
13.685785
87.40729
49.279495
133.35205
90.04381
94.43681
66.98898
43.05479
150.25665
132.45946
55.78507
184.35567
107.28401
32.923756
105.53183
51.49114
39.641922
56.77642
125.71456
111.28567
72.37779
74.93857
31.820745
53.613853
93.17041
36.89287
61.458775
88.573555
42.89725
85.36471
60.618073
105.63347
58.71024
170.5438
60.754745
45.02435
96.220695
69.77773
32.240116
105.871735
84.52954
47.376415
122.28669
62.10306
73.57737
75.5256
49.655727
98.28739
113.359055
71.85086
18.384958
90.57227
87.2638
70.95737
105.80806
92.82986
25.992687
138.05318
46.999523
18.401316
43.156193
38.211815
56.311924
53.139538
51.24794
59.93964
61.557755
36.100716
83.66917
111.74252
59.147877
82.84463
64.452736
188.97438
140.2791
67.21827
30.030586
72.93411
42.50493
81.96163
91.16347
76.26457
92.7613
55.4517
74.07712
26.520586
96.77061
84.39182
60.072094
91.52619
93.48106
75.03162
65.04552
83.91184
39.45815
62.567017
68.107254
116.87124
40.472645
35.152237
39.15089
68.26811
21.900568
36.475513
24.941128
32.60177
87.720146
52.146034
99.17835
147.09694
79.33676
32.587402
67.44502
73.09658
77.34151
155.73444
105.05475
66.27416
80.53982
67.12498
137.19481
36.20376
70.494385
101.024
57.90193
76.60852
16.01739
58.657528
121.07626
42.46476
154.87416
58.890987
153.07121
35.579666
26.273315
128.56105
55.941315
41.697
78.364914
104.662506
107.58001
45.59319
3.7303283
66.30967
83.97202
46.076122
70.81192
59.263683
138.91655
113.85631
173.5026
113.1831
86.089455
99.60607
65.4203
77.24903
87.79117
135.52829
48.550323
125.74153
125.504395
114.56865
32.85018
64.811775
25.894714
46.95471
77.35457
89.18914
98.017426
44.645016
150.3838
126.29929
109.58726
138.4064
121.647804
49.337715
12.461364
57.587704
86.16946
117.33174
60.1064
62.865894
95.70801
34.073788
91.84953
129.28943
53.00089
72.69594
35.250088
81.57114
72.836655
64.419525
78.30881
35.2131
111.78857
76.887215
41.668854
98.980286
62.56797
110.79835
99.55577
73.09598
45.10571
136.5468
116.73203
96.73707
16.865324
68.75408
63.438705
165.33221
54.29216
97.28858
90.57808
53.418114
34.027824
87.75289
56.403854
58.707794
68.687584
50.431446
157.31158
66.837845
84.94788
82.71456
66.828575
67.493774
44.005848
61.33948
67.21263
131.14964
62.816914
38.936596
60.14992
27.749165
37.06379
69.30593
104.29368
58.29376
74.65765
71.65833
81.15732
118.819725
54.763382
104.86286
88.81216
57.476578
87.70296
85.64711
77.532104
80.276505
65.60412
123.853966
60.63456
90.56941
130.95192
70.01293
46.93104
61.684677
58.03174
97.809814
114.14473
69.04669
89.138855
138.07333
39.70455
112.93294
71.505104
100.03032
148.33833
67.055275
134.91911
144.9547
85.7017
53.21509
28.852425
35.973335
44.307877
20.394604
102.137215
108.4376
76.77536
89.35386
78.61706
57.020718
75.558136
120.68271
62.543503
174.90164
115.008224
71.9909
100.38962
45.699295
41.79981
76.15481
89.06591
74.94597
74.65091
95.451805
37.25195
89.97969
73.10297
108.776054
88.63704
75.258354
59.202335
69.55464
29.480179
138.4619
62.934025
101.85913
111.49903
5.8193855
51.731792
169.67206
29.427402
29.791405
75.7274
78.37091
88.62081
29.35845
69.39755
94.26113
65.582214
70.92941
60.84958
101.14494
54.219677
103.56706
67.56673
147.1343
47.389915
101.39953
62.7262
37.781193
62.478916
143.90785
16.809715
61.530968
52.186928
78.383484
90.07735
110.18779
71.11409
43.16779
46.73472
53.315617
88.33124
108.77839
65.69985
69.734146
146.931
105.04021
53.42547
37.09088
102.08712
73.96566
157.70128
20.80713
49.393555
120.57768
43.08557
73.98514
83.264854
27.018017
8.709136
99.356064
55.617466
80.42897
90.894066
133.89005
89.935486
34.332237
40.93543
76.91513
48.08634
109.66766
69.7004
94.551605
108.27774
39.361053
80.03689
58.245155
89.31469
77.08288
101.87904
95.249016
74.79014
39.155956
113.60146
61.145596
107.76011
57.71367
140.57152
29.646591
77.04346
126.856384
97.818634
124.803314
72.927605
91.424324
101.73092
28.597763
79.22986
73.046555
34.913395
37.114204
67.76554
104.759026
73.728035
47.36903
62.453144
81.66918
49.998253
135.98767
157.28897
110.76665
121.69
74.18016
66.65371
138.6042
61.383045
114.66988
66.51854
78.69737
175.59029
121.28314
51.77642
131.2583
127.167435
106.77266
198.05518
85.7508
83.55242
97.75774
51.900204
39.8534
141.40907
80.27225
69.373055
77.41284
135.28137
119.425
192.07959
77.39444
88.112526
34.62095
170.82611
72.48782
76.33612
123.79457
134.8514
148.47774
45.581345
44.59403
107.16099
45.828556
149.68361
31.638494
53.655197
112.318924
131.76251
95.11144
91.03268
145.25623
156.71962
117.24792
190.08842
142.165
142.5409
155.37538
168.70248
133.72977
80.19196
38.199127
62.871628
157.23354
121.93938
122.60063
55.16242
52.5203
101.528015
110.5148
126.5801
75.9027
65.45144
67.85644
45.219673
97.275185
37.360226
59.5293
56.13843
40.00859
76.29284
75.677216
52.145355
120.70819
82.44871
32.9187
120.64287
83.58364
103.031395
93.9759
59.423233
100.61056
117.3665
23.06354
50.61809
80.24774
57.17587
62.069126
79.10027
97.69836
60.53003
143.71889
48.49911
47.44521
147.40312
111.85127
102.82604
154.29259
170.03348
87.12266
34.306435
53.37783
92.1904
106.35797
14.143795
75.6578
21.569836
52.70124
79.13898
101.26624
46.18844
37.710983
91.617195
104.05573
41.795536
74.88648
42.43715
34.502296
89.70451
18.426378
114.25815
94.582
42.936943
35.859524
41.855648
64.34
80.16907
65.59141
42.597515
97.62187
74.19954
22.435036
61.591427
96.06474
117.058525
86.03848
75.12583
91.73041
89.961716
66.56884
87.31061
153.5013
171.14034
67.63502
77.20561
127.09366
125.97768
80.65289
117.20745
47.459843
121.44291
103.738495
65.542076
70.692184
32.962784
38.20588
38.521698
79.66323
110.182686
53.656628
59.655834
112.43687
16.193184
49.53021
55.940483
65.14683
79.56278
54.783253
73.704544
98.78979
74.07375
67.6624
126.17722
74.04026
130.42963
17.24007
151.48209
163.23637
69.62141
61.01592
111.60254
60.26428
43.613052
43.809566
139.66579
61.655865
75.553154
168.7731
161.08783
107.55712
93.429436
57.254135
64.86235
116.10111
48.12113
132.35117
39.062077
32.239532
153.05983
106.621956
144.37238
48.376705
106.121
62.53034
68.96365
49.517567
56.85859
190.7438
97.93338
103.53904
165.43333
105.911285
58.683563
58.506744
59.19871
102.452385
63.371666
99.79401
97.19413
172.97935
57.38517
53.74974
41.589745
99.289
104.75064
46.118305
77.145226
72.02523
85.51702
96.902725
57.10674
50.988438
65.34472
21.452044
75.54776
109.36648
97.896034
74.14742
70.67154
87.08368
71.38169
55.958996
82.57442
83.99534
63.988895
85.6595
140.50986
62.269554
85.499374
46.945553
113.11275
66.45282
79.66533
55.57391
72.00388
23.397158
74.135124
68.45599
102.67309
64.35644
83.47709
90.59498
70.32087
73.26963
101.38658
20.046736
108.44705
112.541374
187.35529
48.927567
30.725561
164.72609
63.549408
17.689024
89.80682
71.39187
55.907436
71.35597
65.364525
113.19916
15.824934
31.263422
83.752205
24.964182
52.939327
75.53549
73.32546
70.18177
67.40268
76.38336
59.500526
63.942364
107.25613
73.42669
110.12571
75.10366
37.04469
48.359093
40.10401
90.01471
125.82404
46.29135
110.88459
54.138153
20.99627
90.60937
93.46899
102.24778
44.768436
50.381763
45.480957
133.37157
144.402
26.955376
104.13657
75.95964
79.0123
62.353046
186.23344
106.00083
82.198074
80.21333
104.582375
167.22372
105.49572
96.78527
100.37768
101.61386
168.892
84.141975
48.53889
15.307909
100.371735
82.70003
60.83172
75.051575
106.30169
106.99619
62.894135
56.499165
85.68379
40.6154
35.86129
87.46784
81.94447
65.16568
57.01963
73.77039
156.1492
52.84712
42.963
56.48374
51.471573
95.354034
87.13334
116.5698
101.73932
126.37381
41.41724
94.74043
18.531548
48.29462
85.59666
58.03634
70.58656
166.0633
114.10004
108.79475
84.685196
69.40577
80.11092
33.47095
46.288013
122.806595
81.38144
84.0292
94.02232
146.70041
44.872875
48.44813
33.37036
135.63124
63.463642
35.689087
61.594463
82.47314
52.773216
65.10752
37.195446
44.053654
94.65619
75.18264
72.26393
100.43519
87.859375
82.975586
18.705076
141.20168
33.271767
133.7399
85.43014
109.53872
81.5232
76.84616
95.550224
98.39789
65.04434
52.863754
23.324621
157.13556
81.389946
81.84816
90.599724
78.33462
126.51266
75.02725
167.95094
122.586075
109.843506
35.791622
67.3175
33.2768
123.32419
155.8354
101.1002
27.445202
119.00941
82.85806
78.34191
79.14816
57.42043
61.752647
73.522575
60.63381
66.072586
68.375656
124.82681
64.335526
87.55203
113.266335
75.461624
59.680912
73.417
103.59919
76.81404
88.01263
24.026796
92.29768
91.84437
63.78291
135.43988
53.24625
66.235634
76.90916
165.88287
16.515055
68.56396
91.17173
76.187386
82.672775
115.37096
99.57382
53.689262
39.56273
67.25481
76.49699
75.322174
108.099335
66.45295
95.36889
112.08915
20.19235
67.78616
50.92402
76.23275
131.58672
89.952995
80.330734
73.36679
93.44984
72.74936
78.897705
72.61683
49.346523
85.06156
46.016064
91.76022
50.70775
141.28516
158.62222
87.5412
151.42723
67.51953
54.971874
68.16577
36.85523
179.62383
75.97881
71.84381
55.46549
94.15877
112.57154
110.48309
121.15806
103.19482
30.538435
55.84619
68.96524
68.90495
64.38318
33.139923
68.45719
69.34704
56.759174
92.700325
62.363808
19.571352
13.559331
64.7369
50.325573
52.02138
32.37983
59.18956
70.10771
73.91807
29.856884
170.94652
125.92619
43.369904
42.523193
46.391056
58.908714
80.1276
107.15725
41.184586
47.836864
143.15752
71.99321
99.79988
55.36129
60.763184
87.44891
58.828407
65.50162
116.088684
58.255917
47.716488
66.31096
144.31458
63.466984
115.07171
57.11905
73.02798
62.876694
37.063595
48.533005
106.08132
45.110146
63.782997
22.882229
31.160503
55.787586
98.58669
97.20758
130.60614
56.90048
130.96289
76.253426
43.191395
71.64536
115.1754
147.09282
142.18237
161.50085
175.23407
153.96158
142.29707
74.408356
33.477062
66.309425
111.04555
61.64326
93.57726
32.283253
79.03145
90.97496
1.0662838
77.8861
37.446007
116.96631
48.10913
68.496925
68.24011
50.763668
61.998768
48.91104
39.903584
83.78989
80.973045
13.112453
80.51132
90.5846
102.66009
107.29922
112.853905
72.18434
154.84488
107.71145
43.96145
98.09319
80.65149
25.849966
41.3367
39.86426
80.26258
44.25073
66.223366
41.10421
78.68939
44.924915
98.031204
76.89786
61.29455
150.64752
130.54626
61.209023
97.71338
59.244972
60.77951
34.649452
57.773346
137.76141
153.59729
112.755066
75.370964
51.125423
82.68203
125.63805
44.148876
83.54901
102.411476
163.03105
69.0482
96.73793
41.67637
15.120797
46.29127
100.65936
86.924446
61.930225
94.43375
131.07869
41.52475
33.85312
100.035645
69.33928
74.193825
71.28147
109.07191
103.491165
115.158
43.3783
83.75547
35.328724
73.84524
87.82247
32.198723
43.268375
115.94103
58.94915
128.15593
112.149345
88.348785
53.080116
71.789154
76.64991
116.11655
99.40017
8.187774
85.64333
134.23859
57.517075
38.67731
78.62559
149.40662
58.030655
76.569176
62.18802
67.2781
86.121895
130.42455
135.82932
77.0952
66.64686
71.5537
71.76801
103.5055
104.65495
110.82318
50.050186
73.20176
88.3835
44.886387
56.03437
67.257195
87.6756
88.78367
81.28779
137.75186
52.559513
78.74786
37.282448
158.23753
53.00701
90.17103
19.162355
81.36153
65.839035
147.96301
115.95837
74.499504
79.04128
57.106544
49.175957
52.18289
94.81607
44.01079
38.238716
69.14075
60.986607
71.8605
16.948969
42.064552
51.35243
52.686203
162.31998
58.141735
109.65999
71.08992
22.358528
118.28449
63.456142
73.694885
79.34141
87.11913
143.55273
56.511837
101.88169
107.29307
95.79429
56.735878
72.391426
111.99199
86.345184
199.26228
109.50607
80.7336
52.96791
107.768654
121.07551
129.68109
113.40409
67.46475
116.64694
127.576004
91.08833
150.63968
76.332794
8.686767
58.876556
81.00662
63.218292
9.74957
88.27868
29.450258
61.720776
31.161785
62.510117
50.496613
56.921898
89.84145
59.116486
69.01194
174.0982
129.36082
38.414192
65.93948
42.814865
53.888134
72.117096
121.01555
91.90867
151.81181
76.698364
23.834314
67.45817
53.716232
50.964474
72.05379
38.724525
42.11524
17.399878
56.366356
126.00684
21.505013
95.81263
92.158585
74.60048
63.355083
88.36033
77.13026
47.86506
71.71626
24.735735
69.86943
54.076263
98.561424
63.256
42.118607
42.30478
12.533383
109.20215
96.30107
68.51012
75.09248
46.448586
95.46754
37.50554
78.247314
69.48206
40.159657
79.94152
126.292305
90.147156
50.790775
55.60857
44.359867
93.810974
56.835793
63.20394
42.45945
79.19676
48.068424
81.07846
79.806816
106.311806
31.31065
66.07123
165.96594
68.96156
158.06541
125.02457
174.86398
180.25368
129.93726
69.18953
74.51733
100.753944
111.32295
90.32467
74.75414
46.05811
76.79709
85.85519
33.15993
94.96861
105.12726
56.482548
123.960205
151.34488
179.45262
112.53267
98.158455
40.465343
64.74822
81.98967
68.29235
106.627464
45.78284
88.73923
58.86283
79.03908
69.016335
69.51167
57.291336
105.39104
101.67218
159.6435
81.744514
70.39246
58.785225
81.3889
98.46667
56.15563
69.731735
159.8279
67.76389
38.637684
112.09873
42.814842
43.56239
63.798374
29.019905
38.21182
42.988617
66.78027
97.94163
132.10527
88.16815
90.09662
63.96913
45.968872
22.098396
114.10739
26.201336
76.65605
94.21417
83.82901
81.32077
145.97339
91.50913
44.99717
41.14164
55.693066
118.202675
89.315
92.102684
78.30374
86.513824
97.14002
43.976143
90.57593
47.421333
84.67221
27.850107
106.142914
143.53764
85.959496
116.87172
112.47994
89.256805
94.750946
105.03991
45.11325
43.231213
92.880196
58.314247
31.224953
81.25352
47.947723
58.972294
85.15002
99.27156
68.83978
83.64169
97.35438
196.49345
141.62242
90.53052
96.25506
103.50896
72.95751
94.91937
129.67845
74.8344
58.732563
116.19042
99.336876
96.18881
81.65142
63.314137
89.3391
91.42546
105.19707
52.740997
91.76764
68.516174
51.418076
90.781105
61.046314
36.16855
64.90744
38.350746
70.39438
89.739006
116.42771
44.56478
27.156485
69.94832
59.659595
60.77216
86.26019
50.134052
88.60127
55.907196
29.962053
78.06412
85.31363
43.886055
85.393906
50.622486
62.48673
55.27902
67.745
172.49033
124.91733
69.802956
142.61508
38.161774
135.0365
38.729607
37.457115
88.19318
114.19713
11.589843
47.953144
91.688934
108.007225
60.981567
67.12485
47.421646
20.19078
62.572403
67.22779
77.285286
47.005596
22.712978
100.58478
103.232
117.289825
92.98769
58.82646
160.72308
76.50798
42.877758
76.615585
59.33011
62.898636
109.471466
5.560774
51.3563
10.603457
142.34721
130.57271
157.14317
46.92213
104.111015
90.34343
40.774734
33.917507
155.41544
118.273865
131.3745
57.41565
67.76065
66.19391
43.378853
65.13273
82.96401
43.708805
40.17616
126.6794
107.834885
36.885918
50.637928
82.31592
113.322205
89.909225
54.65268
59.139248
51.156162
45.5533
63.85301
75.576584
67.81867
98.17523
11.062386
142.94801
52.546402
113.11967
181.2915
133.7754
52.694714
31.45211
104.64986
35.21761
71.67363
23.761646
64.31139
64.38479
119.07872
107.50657
137.31392
68.55536
51.06191
46.80603
64.20031
52.454746
72.86102
134.37366
109.29043
37.43201
29.733625
60.059315
87.312386
51.72888
37.240643
49.96906
33.31715
57.961502
106.441444
46.851185
45.070812
146.18706
150.91829
106.45129
124.963135
79.61142
64.58348
42.39516
71.39271
42.181606
43.55415
63.890015
55.477394
75.93265
33.45501
101.94917
81.91617
79.30248
141.22408
44.896015
67.32163
70.10103
44.854507
60.077744
99.359436
49.11918
40.270912
65.55688
43.151432
73.50135
43.09225
73.97096
69.95629
77.7764
63.089165
64.426094
119.89993
33.3027
70.53724
47.23582
76.65273
54.10231
67.394485
40.816242
85.703026
81.36479
56.85296
58.52349
13.319824
69.67907
53.76956
76.99102
79.611565
34.494022
93.40984
105.92408
17.823801
28.41198
41.321808
84.340706
33.84268
66.32779
47.995255
102.6843
29.284678
66.87173
72.56251
24.713568
79.49259
89.62901
104.74643
51.442825
85.42641
79.82972
55.56857
91.3293
36.782356
71.004524
33.645058
80.80173
58.186066
32.611
25.849417
98.95995
39.67323
57.727806
90.85607
109.524925
60.240322
119.88016
58.409584
64.221436
128.00366
107.75322
99.420975
60.244316
94.40126
56.34114
50.337807
46.856495
72.32914
54.410545
11.066296
82.42251
28.478575
92.47028
34.861027
49.119194
32.55187
103.037
85.76831
78.51943
80.08303
55.21013
45.040123
43.383533
56.370117
88.80912
104.20382
117.23552
87.22845
61.11064
103.57544
91.9422
63.571274
61.887585
37.899033
54.94447
72.32051
58.599438
117.58181
86.272736
80.66831
106.76588
32.86883
15.516592
87.14294
106.58467
100.51331
109.373436
37.515118
20.921602
64.148926
98.25404
65.810745
56.93092
144.52872
102.71764
32.4233
26.031387
77.49905
66.2702
171.81552
91.45041
87.662704
68.557785
34.91042
117.141556
29.966728
61.4498
48.807182
79.72449
108.446
51.076122
72.389175
54.536022
65.78467
65.48214
106.851364
122.54185
66.27613
110.040596
24.989569
106.54843
54.295826
79.100975
44.19326
72.72273
69.78621
61.971745
102.02281
75.03005
67.501816
70.00607
42.24382
48.67278
43.09174
27.252304
119.18231
39.917553
88.79826
49.282494
60.904522
127.7808
125.08764
62.1422
44.352783
47.043568
20.997732
135.2093
173.33061
25.482733
64.56086
58.041203
116.970184
131.75731
146.02472
58.9495
29.288435
58.08965
57.548973
76.24629
44.176437
87.42317
55.84687
116.102234
94.74741
69.00759
47.561783
85.89787
89.19037
104.97962
64.11448
48.24845
35.489456
87.82382
48.343704
40.2904
46.122337
57.34797
96.310585
43.961876
19.864483
185.41646
44.01366
73.587814
122.16894
99.13323
178.3432
94.111664
71.78718
46.325363
118.78253
68.62112
76.570786
35.286453
83.57838
90.47596
67.40547
65.32681
126.27923
40.020832
108.1296
48.964565
70.47916
76.90165
91.73463
39.979618
32.77611
47.24569
69.2077
68.616
62.794292
47.166714
71.4281
61.31733
58.391705
70.653244
47.412857
62.90304
41.590084
80.122086
43.423813
26.774084
69.89682
53.74573
90.632225
84.54596
41.455883
103.52109
35.113285
6.712993
29.52116
128.63197
81.90613
122.55075
44.002007
65.758675
115.78208
79.46379
52.237236
111.27861
43.47622
89.47542
50.172306
95.42515
55.39287
46.520805
85.00742
81.70122
63.198563
83.65014
101.08645
65.3998
7.657464
57.36415
95.03833
54.31336
34.980297
74.23195
45.92805
50.557343
54.01848
118.47486
118.78533
47.247547
95.78728
65.780975
37.91764
137.24063
36.790897
51.0148
55.85071
19.699028
99.75262
54.98355
73.15334
62.09736
31.215704
88.057594
103.44723
74.98014
69.249054
121.31906
63.09772
103.23507
48.526337
131.51224
50.296432
74.78101
91.151794
79.17491
116.86377
27.821165
43.723667
107.88199
138.3324
102.76307
86.67879
102.93185
62.365215
33.00576
62.42327
33.01563
89.537865
108.5229
47.349472
59.59529
73.52081
57.53716
122.12247
169.49252
77.50454
141.9911
40.642532
63.00772
81.43417
55.24352
47.040962
105.98293
81.46959
157.02516
50.276623
72.43165
22.102646
59.627945
45.59553
73.88193
45.64831
58.05697
31.860828
123.41147
88.81411
67.910675
85.3676
97.76183
35.288055
57.09146
30.496214
49.9295
103.78116
49.977707
50.104008
42.08104
45.779068
177.92564
55.534565
73.153854
31.555386
60.228416
75.86341
89.3522
25.19377
86.9028
66.73764
112.11336
92.679016
109.15867
64.10757
45.465057
35.01776
99.531876
46.480553
89.248085
59.992603
28.813728
89.01461
79.31467
60.29504
103.86042
37.178738
33.8765
122.66126
112.117584
53.17301
51.97879
72.26141
68.62853
64.03549
36.02193
203.05092
95.557434
94.918846
50.474125
27.9775
38.980026
32.014973
17.171246
54.540928
70.5401
114.91029
191.88513
43.277657
89.73326
107.75449
56.43293
97.381065
54.032154
73.54458
69.43649
57.73242
67.72919
52.553345
34.489296
33.515934
108.50831
39.2818
49.29926
36.831722
101.945496
72.72217
55.37542
74.532005
60.272545
105.97939
54.063488
27.711023
55.72444
123.44681
62.94897
45.68115
120.14078
114.51297
119.3454
56.095963
94.12567
48.028145
37.895252
97.547874
164.1139
62.789806
28.990435
62.967148
32.99459
62.119247
75.99591
35.215527
47.022045
51.776283
129.88745
40.072075
70.54159
71.262474
59.276993
67.114685
142.55931
101.803955
106.6837
92.38884
123.82413
93.6816
46.92327
51.697823
60.007484
30.907522
60.738087
52.20283
48.146603
86.58984
102.45009
73.777695
47.26971
54.77021
55.539536
79.69694
83.04692
89.58272
68.38266
23.04689
84.465935
56.235615
14.760998
65.38206
60.18841
80.29669
76.17935
31.632917
53.81464
13.557612
18.01313
25.26074
77.81488
104.7477
14.669272
57.764828
15.537304
37.716866
42.918476
13.631927
27.643948
112.94381
109.70125
52.876415
26.339184
93.55975
79.99935
78.070724
118.93548
46.5811
105.344765
58.453415
120.04573
86.08352
40.68754
96.14091
88.95179
72.87332
30.651457
109.871826
106.31195
80.1632
70.75264
43.06058
112.11737
68.86984
46.26244
36.772896
81.147675
83.179276
80.02654
71.77791
94.77745
47.361904
50.174805
111.73449
146.727
56.41269
45.70313
79.19608
46.38258
62.246117
35.06966
76.76
99.59868
62.756676
130.94673
83.833
42.297836
55.610855
82.37602
101.8608
107.678734
113.43435
62.38501
27.978603
79.96725
69.30471
84.645584
47.19329
177.12677
58.788124
53.613686
103.962814
79.32642
61.841854
67.05726
56.166702
62.10531
99.47504
66.22452
53.84101
109.134705
55.923336
67.97849
152.8907
40.330997
112.316696
108.98068
100.88124
99.412315
73.991554
102.11453
86.75763
68.953514
48.566666
103.453636
118.42804
85.63256
109.19852
71.2784
44.797134
89.7504
51.340057
70.05167
84.89078
86.18589
74.86215
69.232376
215.3952
107.616806
55.819958
93.37251
85.26669
81.37091
41.177372
77.35839
124.902336
91.7838
109.06591
94.96182
132.77129
118.036964
79.44959
73.64588
32.178387
145.32954
44.213158
58.527096
70.6119
40.761192
29.834234
87.95458
82.23452
44.10285
58.9056
86.21878
58.669388
60.42123
47.65491
118.367455
80.14215
47.384712
50.183483
29.488894
160.32779
27.784328
43.344532
86.94015
65.09393
32.94988
74.62871
105.533485
84.90283
59.738823
66.3315
111.952126
43.81841
62.561047
96.0482
62.8859
70.80638
73.40033
59.188534
29.374117
58.644165
41.454174
106.959984
73.52363
45.184525
54.26698
77.48436
38.272564
99.57581
76.75717
82.29845
103.815285
85.48708
41.705788
40.45047
75.34274
81.81705
100.94506
76.88338
64.54844
78.33353
26.660542
98.567665
166.5957
54.27922
54.947697
71.26224
28.990576
72.08475
28.833887
140.18306
67.56083
14.780438
78.65697
68.12369
60.81867
53.812897
79.68182
94.92056
71.80578
110.60794
65.90509
40.29404
57.443825
44.227055
69.33895
37.065144
14.1099825
60.957333
66.03488
109.538574
104.70445
72.86454
88.810135
52.438267
72.832825
83.06969
116.60913
68.391975
60.921947
120.6048
77.61584
72.93204
43.57718
69.61081
34.889084
104.675606
104.77479
36.39391
41.78057
94.61126
55.756958
58.042656
49.575825
49.294785
40.247803
170.98305
47.734604
88.180595
91.191475
54.56968
100.00719
79.49925
60.078262
88.40046
53.82162
69.01155
43.472977
80.06805
97.656456
74.58816
104.16403
76.942566
55.55575
54.93998
44.799805
48.17958
53.386036
42.513447
110.38411
7.550896
67.17502
41.108788
70.349945
60.501766
104.71773
124.250275
71.52198
66.36791
80.98838
83.079254
68.778244
37.789032
98.65792
92.546364
76.34651
86.10132
181.07986
59.73656
37.334274
55.112938
112.58437
55.150303
67.84573
70.27123
70.76699
64.21941
90.370926
88.902824
73.1903
128.22571
19.427088
94.45295
91.460754
82.92087
77.67519
83.96006
45.755585
133.87434
229.32066
132.54549
12.331878
43.47677
101.8522
76.853775
96.24633
72.367775
96.55357
51.358803
89.671906
98.85269
40.143898
136.99957
106.88539
56.59616
21.553537
32.269737
100.9149
90.84846
91.432396
67.99134
24.773918
159.56628
75.11459
40.101933
91.35626
92.55196
71.695015
46.027122
48.907394
19.975708
72.40376
76.81251
135.65344
73.94526
105.12902
103.39925
44.06886
41.11304
17.348875
31.81595
53.902206
53.346558
30.81854
68.02222
109.94452
111.278496
93.97645
219.58424
66.42607
27.100073
62.37347
55.037167
75.71937
28.820227
96.83194
12.867448
48.884754
70.61671
88.73043
40.31915
35.409393
47.81749
54.030872
93.6508
53.56684
22.41793
51.92346
22.574663
106.45577
98.88948
77.08288
52.756813
117.13075
56.897083
60.405716
124.533936
40.57541
14.566
16.743176
61.11721
73.47036
81.706825
46.137554
62.627785
51.451454
92.34756
105.194786
21.21941
60.113144
89.91999
100.27138
84.96869
45.421436
87.99641
33.724564
32.71157
149.69505
38.952465
22.51067
92.75295
16.38485
103.07714
28.798042
31.0803
96.28079
22.737843
64.22652
79.47812
62.939125
110.41204
64.36394
50.2902
44.693153
146.26094
57.37925
28.541916
127.003136
43.227432
55.91956
80.94893
81.81731
113.942276
52.464653
68.80517
52.539295
28.113132
85.77138
80.292885
69.42764
37.505287
76.51783
55.214996
55.308224
43.310123
52.22827
97.39576
66.038704
76.08535
96.72237
41.502365
109.06373
80.82378
87.509415
27.2195
82.468216
61.998722
67.16246
85.15479
82.406395
98.345116
57.93251
41.688316
48.08076
47.216637
136.68602
107.79929
39.337215
105.38818
108.48918
21.918785
81.29045
49.36749
57.64157
45.227283
69.75512
92.26602
71.778046
18.307766
85.5111
104.65325
102.40706
82.392845
160.94815
69.476845
54.27438
26.33089
127.37222
123.59909
57.35228
78.34645
75.911285
56.484932
94.07695
80.25085
91.52034
131.7492
65.57829
62.445732
84.541084
31.3846
53.89421
86.781845
60.097748
117.86746
97.1373
54.364716
70.40078
48.936546
70.14169
95.390045
30.404787
53.31725
95.506805
31.140148
106.70239
41.990868
93.391525
91.356926
63.197628
60.75586
143.22495
67.98251
117.00746
33.990913
100.43535
109.53401
36.14781
61.634903
69.4718
148.32776
188.93497
48.399174
120.57599
61.253624
101.27962
70.64365
148.13457
66.77426
59.42712
66.78963
160.6463
48.656113
160.71663
59.454105
127.00843
80.63205
77.49687
111.770226
77.04971
89.470726
68.85023
129.98808
125.06149
70.64998
61.108295
84.969
56.657337
83.60951
115.48065
28.188189
100.4933
88.73981
62.34119
59.673107
91.92265
103.61069
66.773224
51.136707
10.968523
42.698532
217.88406
52.362736
132.18149
91.763435
41.330273
54.07821
29.37561
115.818115
93.40691
92.14899
40.306385
38.362514
106.47371
65.5514
111.10159
88.679016
75.67862
94.292206
112.85128
99.4267
106.25876
49.720074
18.088194
61.912857
41.163857
103.90146
63.637325
129.87
79.748184
111.94623
28.132698
70.04373
32.414963
101.2053
109.91704
64.86256
26.976526
103.035164
40.65572
44.105865
78.72842
76.971565
140.67908
103.002304
127.5767
168.1035
119.355774
59.945484
83.742325
141.91797
96.409874
24.231867
31.96087
118.37358
89.59156
41.82579
75.79955
125.92758
48.734703
108.55252
122.85835
54.27455
129.208
60.531376
51.680004
106.703964
59.411205
157.17046
76.127
62.035576
59.691563
90.57491
130.46437
53.908478
53.09473
54.67006
90.46851
63.060177
89.09273
94.591736
30.920382
42.823963
73.12986
150.2353
152.60156
70.77713
68.28376
85.396065
37.11249
64.789154
53.789825
137.05432
158.96556
56.27271
77.398285
134.92982
112.09285
93.74082
64.11516
53.302208
156.71742
132.18199
114.58882
153.57808
96.099266
47.687912
105.01166
127.5866
62.181812
84.976875
72.75554
97.290436
103.563126
129.69571
75.040016
56.46373
49.84471
34.788296
31.792292
62.463696
25.086033
59.579136
65.68701
136.8201
120.67086
70.863495
96.75482
40.06461
137.01596
221.99315
105.34287
190.21625
85.202995
43.259956
61.337616
79.2603
88.276115
93.96562
30.004253
56.288193
50.086685
75.10061
137.28525
125.44642
135.84865
114.23455
85.09828
85.046486
41.970097
123.09682
122.3017
147.99489
119.702126
57.267323
66.866974
98.91636
147.35762
23.055592
177.2348
177.26875
130.81374
45.458622
61.84211
40.61012
158.3598
177.26144
77.993034
141.74957
118.58531
95.76005
107.83611
65.148926
93.13024
27.151762
74.61463
65.449524
57.740707
84.21788
95.310104
126.91807
83.76363
60.527687
37.708336
81.51543
79.05224
46.728867
104.462685
87.320175
109.71675
66.61996
76.59911
89.37569
74.11732
99.17306
8.145671
63.936344
33.95641
105.90367
67.01683
162.6715
176.55096
146.53113
119.22433
133.5657
57.1667
16.84881
16.941954
123.91619
48.489952
62.514748
48.25338
127.40614
43.008865
76.45114
64.743576
34.306038
65.18416
24.544127
91.666016
48.319897
83.77484
103.90451
112.14182
101.62288
113.06354
104.24527
88.54286
37.771313
15.163104
62.84527
92.302
87.01694
29.835608
116.222015
3.2602496
113.682556
28.22999
67.056
96.8668
86.56731
80.98068
89.87148
107.110565
59.73514
36.667095
158.39886
116.761154
33.771866
32.672523
97.77127
66.25467
54.66189
20.868616
77.606575
59.344696
72.441246
111.726974
86.997375
98.99966
100.3354
91.73362
79.84334
136.98387
99.1906
134.31111
79.654976
114.55522
66.084915
95.31369
73.840454
72.47744
96.5959
101.16846
72.3852
29.666294
69.073166
70.410995
35.801723
97.71513
35.006176
55.350353
107.22143
56.719097
40.4162
97.76265
134.36401
85.072334
42.08137
97.092255
87.502365
91.43681
114.019844
97.64213
64.63662
46.99766
49.22171
150.873
51.21706
69.545265
90.434456
41.4589
51.41042
76.7487
94.11747
129.14287
76.71672
148.63702
55.32971
70.37665
113.22329
153.56535
62.09268
29.895641
71.34234
36.263668
129.67377
42.224808
65.11024
117.38219
90.08175
38.51687
86.43192
30.731028
50.210384
38.46969
102.84553
62.598385
74.54892
55.713375
91.45473
128.95029
80.64907
101.37556
26.646957
48.11476
89.04597
35.13581
58.633823
43.3258
63.255527
59.213886
79.03166
35.555916
92.194534
63.529224
85.8948
81.30524
41.207077
58.62584
75.515114
44.419
64.44155
43.125546
92.94452
64.056755
34.701015
127.30877
6.2763677
64.37415
130.91261
53.118603
49.0463
43.102364
46.7586
92.27263
60.187313
116.27787
70.20171
113.67026
40.60019
52.46561
60.34368
110.92121
126.10492
30.596226
64.76908
58.385014
87.177185
84.12891
48.725697
66.76377
65.655945
42.889088
49.405163
43.819874
29.656374
75.863686
64.474625
62.660522
129.51158
71.51583
64.13242
18.003128
100.04917
22.862259
46.764633
46.63002
121.27696
155.05583
17.472536
45.111862
86.08587
61.077866
49.251087
74.32993
58.818295
77.05316
78.10804
87.64149
61.412487
36.325558
68.494644
79.184235
71.08597
82.60584
59.131855
153.17418
123.33769
60.43113
72.307945
133.08896
98.737656
64.85977
119.08761
116.34055
23.409828
48.643192
113.6536
58.162495
134.66576
67.280304
55.01201
62.097538
37.092342
160.55194
120.29966
15.425956
5.8605123
44.075455
114.439804
55.429806
67.09678
29.098093
98.14931
41.996162
75.34438
48.060863
64.51199
92.679436
103.02483
149.7794
136.38841
34.7386
20.266306
77.00567
93.16135
76.40576
49.451607
34.408546
107.3667
100.09287
65.32855
113.483444
72.41536
65.83568
104.23205
107.33696
86.50802
77.20889
25.38247
120.37802
153.33801
109.00233
68.633736
25.254436
77.01504
92.87379
64.64578
53.318573
51.527332
105.513405
68.672775
80.29519
89.44295
163.09547
29.861555
71.3477
43.517086
45.137466
59.610542
42.069016
144.0066
64.62712
96.171875
123.40532
151.74597
142.7464
104.529564
54.537342
113.738106
114.26687
120.28311
77.388084
98.274666
100.35668
87.61667
141.51688
153.6803
74.113815
71.97779
195.51263
108.36057
67.83622
134.51715
42.121944
48.551193
75.33144
162.67267
87.400314
31.139091
108.8896
70.58541
86.329865
66.50683
35.810635
83.69866
118.00813
115.9314
76.14749
127.388176
203.39392
141.59814
87.774475
47.508453
33.12047
31.732342
89.27087
87.3306
107.37863
108.713
67.989395
65.74628
88.03082
119.185234
50.491577
63.134586
62.176735
60.500942
77.55397
72.739105
103.876945
91.22572
69.05937
23.192654
122.272995
64.532936
85.53044
41.672363
105.86578
137.28836
189.02238
83.1612
22.989082
101.39077
39.767735
101.42732
45.68532
41.779327
145.41913
69.871956
19.748024
157.60954
58.15773
69.184875
40.499313
79.17152
77.36752
183.47804
74.173065
37.96814
77.48862
51.781544
142.4099
159.80612
72.35143
116.57257
84.3141
77.568214
65.96146
39.99369
113.65988
43.22333
48.004616
44.000156
71.54694
127.306984
58.331375
41.634556
69.1275
131.06769
127.058464
78.84482
114.12598
40.380238
34.20325
86.32642
34.203133
45.17561
81.191086
32.321617
29.291706
27.490778
95.47284
30.844389
35.783947
86.51113
48.97422
74.90379
97.594894
80.0585
109.079895
146.38887
124.498825
141.75688
99.04074
52.011787
107.55252
73.80219
67.109245
59.44661
81.57234
45.283627
64.27411
40.318756
101.5747
154.34314
59.020844
82.8703
92.32313
104.199615
33.970497
83.515175
55.51599
69.24097
18.8645
45.18434
188.93951
72.04878
94.15909
86.16145
37.988937
46.2289
73.791824
111.57187
97.32536
103.26171
51.26067
65.36101
95.53464
118.37881
101.294395
92.60792
147.89531
177.48468
138.84674
239.04568
47.135204
87.22684
78.36453
70.25034
95.36771
95.89129
45.64015
98.4968
57.85624
123.07468
166.86922
39.073605
59.18131
110.0834
157.88683
15.060608
78.01178
29.255701
60.48507
80.41193
50.903828
37.875065
92.96853
39.27265
36.941463
61.897118
93.88896
106.61823
65.89306
133.81438
45.59898
76.8101
61.424126
53.51662
38.563343
16.875774
84.46003
77.80203
93.25127
28.073586
95.58074
61.627663
44.765816
67.15403
85.66769
33.120346
68.8609
62.696423
119.656975
115.52385
165.61703
99.625885
62.859707
36.615692
99.21234
54.07286
81.08708
50.295563
50.308792
122.895966
92.132675
45.05354
79.98071
37.782894
77.24226
23.57537
58.86319
46.484947
74.04422
79.57087
86.93566
77.475044
15.605504
65.43174
59.72574
102.51379
69.289505
78.99253
59.755585
62.231953
65.31697
23.891087
92.66187
18.252386
43.500565
68.10019
152.96169
142.13509
142.2048
169.78406
154.32155
105.01827
71.10708
91.038956
93.72326
75.747246
81.94518
146.78087
80.38448
131.24915
106.51909
56.63511
83.20989
135.96912
61.95489
92.575226
114.03708
61.731777
91.42458
82.760765
74.98803
51.518658
114.15969
120.24165
59.968006
109.70743
50.469765
56.621475
73.17138
54.250366
85.15308
10.44343
104.388596
50.08086
87.21094
89.56899
48.77834
87.35956
97.33907
60.708054
70.57203
43.656174
28.243786
60.762405
104.16061
62.91667
116.2771
106.58234
125.60791
55.8434
103.94169
56.171436
72.225876
63.233208
106.33099
33.02664
29.188454
73.865265
119.61088
50.638695
233.18347
127.63542
100.67107
71.18069
35.48553
50.67498
30.04135
98.07395
65.216385
83.08081
84.023575
28.053734
93.13299
67.864204
82.41751
122.60851
92.74161
137.44768
103.6654
52.04563
69.86462
81.54453
94.94245
62.13701
92.38392
99.92527
33.47185
50.161514
40.389637
47.77863
142.40158
89.690575
59.484444
42.74737
65.59767
64.32235
131.59824
86.55897
17.673779
81.436035
55.65289
56.688114
36.010258
61.32424
37.560123
74.24153
7.0327024
78.65731
62.089897
49.201347
77.925934
98.49728
60.852974
59.366318
109.06235
81.20279
24.501867
51.524082
56.877056
77.82293
42.898293
75.278496
75.767334
96.03658
137.71239
68.378845
29.776884
125.74371
136.67859
75.99649
49.865532
84.27159
32.019527
100.20936
69.220726
39.489635
68.0394
84.65927
92.56567
43.417137
116.806175
79.817024
94.456184
75.09353
103.854065
147.1294
80.09495
58.826485
134.22557
28.311865
85.306335
86.265625
44.656586
67.30454
29.554638
62.590492
96.08779
79.554886
88.44465
83.353455
58.306427
39.16803
94.01364
79.0118
100.6521
63.531513
66.49105
47.062954
41.472645
59.515656
64.69688
97.003876
80.8142
89.44544
117.74997
111.88992
81.20612
75.88542
90.108116
37.236847
38.55711
79.74446
42.43814
49.409367
72.03729
43.633804
51.59192
95.549706
32.190704
153.7059
127.742805
65.000656
140.49945
98.00767
25.055716
174.77551
98.316055
71.942116
45.296196
39.455223
70.66519
154.68474
67.88773
62.78123
71.035545
62.193466
82.495705
78.540924
78.97441
38.58566
63.82003
23.005049
91.476944
5.7371016
39.80036
82.51415
37.938168
55.45801
107.09042
47.546932
87.92825
98.750305
132.1088
130.45113
33.922657
53.66356
52.988735
82.48706
37.110783
106.44295
81.32835
75.187416
77.36476
74.994446
111.16863
144.91551
111.7057
82.70369
34.58699
74.02359
89.21009
87.79399
87.46097
36.86381
95.53948
41.358322
31.445452
89.57642
61.47375
113.869316
124.134796
126.00215
111.51586
24.428535
111.98332
91.12789
67.577
99.41965
33.476585
71.89546
54.559006
99.373825
113.083244
89.72707
91.070206
130.99042
152.78336
94.19647
94.916084
32.57802
36.323246
123.650505
89.90208
70.76953
98.75375
51.199066
147.99176
115.41597
45.869507
77.17525
45.147892
58.6795
44.938618
45.07964
75.15718
37.849205
94.21937
87.59072
66.34366
54.22501
84.48764
78.45275
74.14374
77.97288
86.61064
94.23242
60.709854
114.487206
47.59382
66.832054
72.234055
111.00999
168.23276
68.54503
28.364185
91.79577
84.86847
47.856888
37.928387
70.30201
75.71639
18.762486
45.028297
80.421906
65.556816
131.4726
27.945097
67.853836
74.87663
29.459915
61.323376
55.05108
93.111885
16.563597
17.655027
119.97349
38.927284
45.01903
105.17086
10.473924
104.41919
86.81571
104.191086
45.557972
38.62617
100.70046
66.36023
93.321175
178.86383
93.881004
72.36465
65.09692
97.71694
98.67888
95.91215
116.06535
33.927208
68.94493
57.223568
102.932785
66.07543
93.485985
56.965553
72.86643
68.53291
10.533433
61.617676
64.36572
178.61879
110.16723
107.5066
150.5456
160.31929
166.03368
60.153423
33.56843
88.72601
92.25184
142.86586
102.64658
38.611202
98.71748
63.243343
108.17447
175.14005
114.27592
41.30331
39.776867
36.04819
106.388275
56.208115
76.96726
107.70667
123.631905
45.31724
96.97048
23.087976
48.795605
112.15253
72.01396
70.857445
18.352737
58.1264
64.884705
54.081497
57.08064
64.94384
103.4941
37.96535
67.61292
124.22183
77.535095
28.99878
76.57777
44.37273
78.98878
42.49942
43.48106
38.969707
71.3221
92.29827
114.81668
57.350098
53.535614
52.774227
28.38574
53.713547
35.80254
39.14845
123.72123
31.427847
65.84189
61.158295
142.89876
170.48907
91.127304
66.50422
46.683414
67.3308
64.326515
117.544334
62.61529
73.443504
29.430357
46.34499
74.14595
61.37414
114.350624
24.746004
84.168564
69.801575
99.471756
67.34268
96.61973
66.10086
43.635643
78.156784
51.54145
48.269432
124.288506
52.463203
86.66834
47.32099
53.85641
31.55044
157.30042
245.6374
144.90155
197.39586
110.786194
158.17194
109.15685
140.50792
82.42296
50.603275
77.8229
67.69943
84.04084
47.866425
108.446465
63.314342
111.63206
81.541306
22.771109
29.05324
91.547516
111.20322
45.918568
59.50884
73.24039
19.667381
155.1915
65.26628
53.28006
51.335136
49.64956
100.6839
105.93965
101.91153
19.032917
75.64735
119.6074
117.60963
87.02598
82.30879
31.94044
62.65687
26.933544
52.788197
47.297672
47.147842
53.730846
58.43998
55.25309
109.89869
79.56807
42.665558
65.795944
123.93812
110.16037
34.451206
44.180054
83.98249
44.499527
71.829544
68.44246
67.89112
43.905746
92.67675
134.4516
134.91302
34.145336
30.213625
61.125553
80.439644
61.49281
135.4415
40.970238
89.072205
76.28408
112.068245
55.540993
54.36237
19.791428
76.93908
59.91743
9.700564
45.611713
87.18231
60.342228
63.65251
33.589157
88.14492
139.56207
51.568493
17.395374
87.06748
49.101143
41.937363
76.5231
86.74399
104.23566
33.39538
68.98285
101.966034
83.77486
59.075073
55.132935
39.648197
81.62794
94.319534
166.17845
127.28831
106.4354
41.265224
108.410255
57.051777
25.264126
92.21588
138.87724
72.94921
207.40892
51.075733
130.68564
61.897846
63.470596
44.08768
126.11304
147.88531
98.359924
53.530136
47.158833
73.18309
35.26241
16.415966
31.468578
98.570175
45.52539
53.011463
116.15057
24.849411
80.131226
42.159767
89.337776
59.635883
52.725967
129.68782
46.765717
48.773735
51.174942
72.28664
52.06473
67.263504
131.90274
81.48212
76.0082
97.11565
96.4648
126.800705
50.82729
60.154667
103.110016
53.47398
75.5672
50.83821
35.478355
72.67282
73.01099
65.34008
124.79612
132.40045
126.18911
95.69681
80.49844
44.50243
101.155716
58.967926
30.326384
87.47574
60.913414
36.41849
104.61594
67.984726
95.59441
104.80803
40.613228
95.66113
84.26877
84.36897
82.31037
94.01206
124.0819
80.98963
76.239685
65.81548
150.22865
126.84856
74.480576
24.294128
28.849817
113.85123
50.74009
33.396866
68.58136
47.847095
160.53383
61.4867
71.1467
52.20136
152.33208
123.043594
118.48657
61.735435
159.35681
46.49295
64.37666
57.17209
57.843807
65.1418
73.88945
121.453186
103.956436
135.22557
79.642654
46.10041
120.23662
93.13553
90.41709
63.311966
69.84043
42.515068
83.71342
106.90371
66.68469
78.40957
126.32353
46.809654
44.162106
32.58929
74.65681
148.4767
102.19156
137.03029
36.008793
117.54345
128.79811
122.09167
77.31245
75.467606
111.827545
36.239662
108.18603
17.434229
37.037594
79.377556
94.279236
169.76819
56.394703
29.971697
37.212948
90.97483
35.377125
41.910786
110.8367
66.296104
106.00498
72.36447
44.23617
31.60664
37.121967
49.305614
137.2384
117.06366
145.47398
78.12954
91.653145
53.817596
56.062344
31.64626
36.91017
96.44597
18.712187
97.13246
72.35986
126.200935
77.43208
64.19045
101.770195
58.690952
82.72519
39.273792
139.46104
43.523438
46.432743
75.29366
154.57414
90.231094
55.205864
42.84658
209.53752
121.545876
77.92687
133.58188
35.455692
38.710846
77.22132
32.292694
81.39997
78.99567
30.118408
93.37689
108.84277
87.85732
70.98342
130.04526
102.277824
211.5508
91.34407
50.486874
75.89442
143.50047
96.69035
34.593765
76.36165
22.12954
32.613895
54.028046
77.76083
43.320087
83.362755
118.1077
70.2536
122.54415
90.08977
68.82891
79.6164
74.78207
114.515175
129.05275
18.437824
106.36887
97.71127
84.006966
32.75173
91.54971
103.03549
93.59209
80.68543
132.57288
54.30045
52.77351
51.167442
86.234436
53.23035
103.71082
137.11806
4.93535
124.29526
34.651146
46.95762
36.760185
78.745056
63.030273
82.749886
57.124302
74.25627
36.613884
44.034256
114.89358
101.39897
75.383255
14.263973
116.24828
97.59899
96.81711
65.20046
62.094135
115.04136
170.14098
34.634796
96.64264
39.801952
89.24244
107.621346
56.635563
31.037825
139.10153
94.5624
75.21936
112.675285
49.82464
78.369064
47.05169
78.907745
37.909107
14.424078
81.825905
65.24589
89.41928
75.89353
130.23625
58.17815
95.56785
30.35479
78.4794
94.60666
46.2152
61.865807
86.48862
74.036224
90.11353
144.16591
119.86245
113.08918
143.54019
161.8024
96.50447
171.05641
29.183987
93.115
42.1965
74.42572
121.38321
10.83541
76.993515
35.294834
60.693077
105.73093
128.30939
58.716934
50.333447
28.10478
59.713398
78.59938
126.208786
76.13507
32.68772
53.77476
83.36692
67.08205
82.27919
96.54597
107.00931
59.3298
118.875755
101.98267
221.53767
137.6613
232.18568
88.84755
69.27305
65.06903
28.482752
106.5699
60.14579
137.43422
57.55268
72.01193
44.718422
135.48317
47.89905
102.11829
55.487324
119.35567
29.80268
54.64901
28.950207
79.49458
41.99908
85.06545
52.71282
126.94968
76.66925
64.05028
68.92612
27.37799
111.34189
116.846565
92.33247
77.12986
77.39518
83.39691
18.277098
50.80218
46.424393
84.70165
34.614124
54.984745
107.23647
63.42029
52.864437
89.47499
48.04558
80.2232
74.754906
87.22399
58.180336
123.57722
61.430527
94.27113
131.52795
127.68402
61.524506
102.19168
20.373486
117.29328
74.00634
119.69098
114.922455
125.324684
268.92
135.86061
110.35923
68.77761
150.41875
138.91052
130.71861
190.80635
118.85082
112.6669
79.25213
104.94345
52.73546
128.01016
59.351738
69.37808
113.571915
149.42888
59.080685
84.39475
81.482376
64.17544
123.97024
53.88579
67.38977
77.57086
128.00041
149.28072
37.851696
74.115204
184.02614
62.506588
31.459705
109.596725
117.59446
52.31776
116.7726
80.1374
78.30489
37.499123
62.487705
78.97151
76.48038
66.67656
75.53671
42.46711
50.868195
39.424557
61.26829
114.627174
105.046165
71.36262
90.90216
95.28316
142.39685
107.32437
126.354095
89.582344
62.88594
46.447792
61.45706
62.045177
49.160206
28.69262
48.950417
57.87851
104.65621
109.10513
54.79159
55.080517
177.69537
8.321873
84.72126
60.383232
115.43701
83.93049
44.68167
78.12539
75.487946
158.03813
62.58759
86.34633
13.096166
68.28119
58.683136
34.27099
74.04187
33.83331
101.634964
72.723656
66.083664
66.13671
33.375977
146.00473
45.407154
110.07798
90.54706
127.168434
71.36862
46.63791
120.95257
29.701677
90.708954
82.1268
37.571396
109.21624
55.180252
81.20613
127.305664
86.68172
53.103947
76.34854
186.50975
93.97456
88.97874
55.38731
21.918571
47.18079
58.448727
79.69747
62.64543
87.51671
47.485348
59.08746
38.651302
84.69671
103.81299
76.01264
93.13878
68.674255
55.455303
141.5831
101.36311
40.67376
121.63641
89.36521
94.23761
41.82501
62.854347
89.56389
54.060535
62.47806
89.86721
99.97061
105.84033
23.988096
119.042595
114.44762
51.396954
59.198288
37.589035
114.48009
95.25021
86.12034
108.89418
113.02086
101.244835
32.865753
141.25502
72.938255
117.278656
59.973644
20.266993
91.64491
46.945415
99.35458
108.0084
69.55846
43.550907
50.872326
57.413418
107.814354
53.77642
102.70507
100.15845
3.101876
74.03576
47.48998
93.18844
82.07997
81.974915
81.1341
61.30357
56.09457
107.90331
57.26813
100.052025
81.58224
73.46115
31.936731
117.74586
52.9533
94.19724
27.581493
61.123028
56.466537
129.97542
47.181496
76.207306
62.88043
33.42859
179.1298
82.82737
102.69143
80.71061
67.4298
45.223854
104.67927
74.03945
54.53135
99.40789
48.026817
81.00943
165.6238
107.35954
99.78804
79.37928
155.15352
86.208855
34.27147
61.40482
55.661148
95.48225
100.08416
77.37079
120.65343
89.62999
96.128815
191.45197
221.60574
83.62047
67.17726
15.541431
50.91009
105.320595
45.49425
88.35054
46.832645
68.53071
84.31701
88.61467
98.09541
73.80442
62.474834
56.851025
73.04985
115.59158
67.52095
205.89392
23.685686
42.38293
123.25542
59.359634
84.416046
65.20704
60.13961
56.854023
56.04745
87.68294
44.392563
62.020245
78.62762
63.873924
86.69422
175.26779
67.21325
127.43535
98.73636
53.489082
31.401789
143.93152
108.90208
70.86378
72.41962
55.526318
54.188026
84.554375
111.159424
154.38808
117.524376
38.56422
56.200253
63.53843
48.33664
18.13025
122.84588
63.962997
77.82559
76.26081
89.589905
48.402763
95.04333
67.18137
34.758873
43.989536
45.181885
79.9709
155.76117
53.15736
82.59362
81.55558
58.799732
54.489956
48.8907
99.840225
62.605137
82.488884
63.703358
76.64265
61.002045
34.435436
40.524063
59.022232
76.078865
36.32054
36.536392
97.436485
40.869217
140.37955
62.528366
144.29497
92.21962
86.32798
111.62329
91.528625
62.10226
73.18349
64.88309
79.22809
81.2627
62.692196
73.340034
123.7314
103.72381
152.20056
59.359657
32.572792
117.52301
88.21637
59.53795
192.51244
48.79306
94.23605
55.74382
106.65217
94.07428
87.46047
148.8467
58.448143
50.66765
75.84315
130.23396
60.869675
45.639957
71.77839
113.51667
83.547806
75.0507
57.422638
55.112198
107.75698
152.10019
51.21443
77.79272
70.01238
75.929016
109.7439
43.813633
65.81844
120.23459
293.6923
39.768627
75.953636
86.680046
72.52672
50.14423
52.710766
110.159424
61.7689
53.95738
43.88231
75.298416
179.6976
57.20238
57.984463
57.994583
39.498226
45.918957
114.31535
43.88539
99.68448
47.318565
37.126415
61.42921
61.74027
33.610756
68.01698
26.611923
108.23257
48.092422
120.659325
112.07956
118.71212
77.96775
102.02168
95.879875
119.23264
38.87613
61.387867
92.65039
22.597832
76.73925
100.322464
89.09874
110.573524
36.15235
138.80748
101.04509
20.730816
64.10061
134.75885
99.8306
84.10201
122.76474
88.549706
51.16131
101.83071
78.721664
48.29036
59.2413
99.93254
61.856792
34.58871
51.668068
45.437553
77.81838
104.504814
98.60707
111.36866
44.95018
141.30034
88.90925
68.07053
26.805613
77.59207
72.584045
35.720028
55.451656
100.00586
69.529686
39.751293
115.37986
154.9232
110.36044
59.436646
68.217995
165.66176
79.50859
8.915867
51.304916
63.94001
106.757645
67.809875
134.9772
142.36784
39.510433
149.96115
76.81861
35.521114
45.48109
78.20173
79.93796
80.831505
100.62926
123.43868
68.079895
43.025707
53.959213
85.74698
52.92667
82.97572
75.75596
92.62415
103.793846
135.41553
25.854788
110.59988
70.29379
53.059757
65.426155
104.77884
72.08617
69.56786
98.73229
165.60814
115.14111
73.73393
40.66902
65.07326
28.946236
51.30415
82.132744
56.610615
53.95987
89.11066
46.655838
86.02814
69.41711
119.51605
126.9905
16.426624
66.43132
60.307755
95.55705
34.585037
66.14321
50.986298
39.448483
35.17475
72.02827
135.22856
25.289715
27.5825
25.889559
117.28711
34.734543
166.14258
98.29581
77.36093
42.863026
55.238365
88.21995
65.16229
63.414845
32.409172
123.604294
78.80401
61.45461
70.2417
49.48211
48.2341
75.97021
81.0246
86.43325
89.0134
109.780365
33.121723
84.97628
125.84815
88.05598
117.11428
62.341747
95.78857
66.236786
73.32832
77.50979
79.08313
62.87502
73.15782
46.080547
76.51598
34.89273
99.07426
46.99786
90.76977
93.923065
95.84617
66.677956
63.68035
86.89438
74.59851
124.70379
17.343073
56.60507
56.0445
130.93677
86.06473
112.46886
107.56951
63.52806
87.06831
100.334496
64.52025
57.11832
92.07481
63.95726
83.126144
67.700134
60.96979
39.03065
61.99505
99.678314
77.34604
41.145645
54.939526
26.042109
88.80342
79.859474
57.679146
92.96715
100.759766
65.10081
40.490734
47.257885
132.89345
78.275314
89.225655
32.909958
93.557304
71.288025
31.366201
44.148815
45.745922
84.5506
73.996605
84.160675
75.486595
38.388416
60.73948
144.40584
80.66103
50.919437
115.44749
43.61448
98.05601
44.226074
89.35359
30.667002
78.89587
94.7961
59.707558
171.26654
83.80242
59.16768
57.62577
61.702427
74.995995
40.296093
62.83744
20.25309
33.207493
19.710869
98.45995
21.172651
20.236843
57.694492
147.82274
51.447277
43.020775
91.604454
44.00481
65.15748
75.18394
98.37304
125.826614
130.2246
123.62307
118.21798
40.922245
61.262135
105.818565
96.4323
87.638535
72.96602
137.94087
89.76325
22.571308
91.68508
77.5535
92.21417
125.668945
36.01509
100.77395
36.272266
44.925762
47.48441
70.7779
77.15429
38.080963
108.51997
70.3077
67.31048
35.37503
80.60607
41.117085
78.49226
122.26904
159.16426
114.9254
87.72115
47.424095
14.197373
84.26292
116.434044
26.804546
55.797157
108.755394
81.61518
105.22286
74.09689
95.45994
66.0009
43.91225
19.47623
98.84672
173.18825
29.378428
71.77005
40.866936
85.13769
137.89813
54.944435
89.637184
36.9036
45.62906
107.76871
87.91289
93.84759
88.790115
9.882751
68.080765
41.292477
155.976
92.8417
54.667534
71.27008
66.95557
106.39234
69.27884
38.08757
58.493233
66.08556
90.61987
92.64081
99.24725
22.881912
70.32144
37.842175
31.904497
90.695526
31.269
157.98119
28.482576
38.399193
86.207375
52.152897
68.22657
85.42721
82.12088
63.286274
80.282265
90.55981
51.782314
113.21083
101.52031
94.68995
134.40485
106.39927
66.403534
108.482666
108.53588
98.24005
27.496878
57.2845
88.10478
42.84073
52.223824
69.36904
61.27002
35.48834
15.00195
71.316666
84.04014
151.07802
79.94772
160.58546
72.671074
78.996
102.28649
89.630226
133.9325
42.527542
36.791477
154.84415
85.37696
86.31157
101.23787
32.54397
43.67205
65.31662
180.84927
74.93732
61.81972
53.6712
96.15639
51.63226
45.072617
37.855095
91.8757
56.73436
106.59335
70.45235
41.8193
87.15038
131.89465
90.63744
107.539665
62.198395
104.872536
90.48831
62.53387
91.23056
171.68422
34.547523
97.77854
64.45415
42.577026
79.20892
133.20859
69.12661
65.83965
105.61066
89.70239
210.04141
56.570213
74.663025
48.83196
57.438194
115.60747
123.18652
151.4469
76.514206
51.733715
75.02761
93.90061
101.831375
64.71838
38.157394
110.08901
37.78387
55.80455
43.19624
38.599533
105.29994
130.90965
105.209305
2.3780236
79.07305
61.328968
48.100807
59.83611
69.23423
146.79976
89.3486
60.36999
58.36166
91.01424
71.48022
94.109055
90.86862
71.215065
80.39219
124.73874
203.3494
71.63554
44.138287
88.33524
19.954548
20.592731
28.838734
75.18841
57.591293
35.770977
88.019554
86.380066
78.63138
89.61083
95.011444
134.49762
163.68242
121.34253
69.959496
46.884205
126.3808
65.254265
22.723146
57.839264
66.23092
105.64822
67.08302
43.495358
164.46664
62.145737
60.2411
101.73918
105.98721
85.32766
75.05187
102.91636
110.01836
57.27157
64.98728
63.408493
31.002352
52.89387
62.9696
58.283913
60.402344
105.766205
86.05242
112.738144
76.65155
73.80527
103.731224
50.15737
160.88103
86.714264
76.27831
76.47615
61.98058
34.683937
45.448143
75.8748
5.563198
63.061398
37.019676
42.21732
33.45555
58.896984
67.81254
80.6482
108.66542
57.073097
103.95389
128.29202
134.83017
55.1273
75.65713
28.487377
84.10398
72.45875
21.555012
40.988773
164.0742
43.42943
63.2644
36.22331
52.02755
104.80899
46.149612
114.09601
34.730812
136.41
62.76073
71.892265
121.51319
75.31268
42.334736
61.357716
45.766796
131.25478
109.3277
102.10313
114.16548
154.51575
125.71607
119.53879
251.60364
105.45965
141.95642
119.89665
58.51801
105.23511
71.9047
142.56259
89.29162
65.31563
78.97161
39.699623
64.59019
86.48576
70.14831
95.95612
81.09812
69.3968
66.79305
117.2592
62.97897
84.55283
113.12145
48.396435
6.056632
74.18038
65.14921
41.573227
113.35309
187.85965
132.98529
87.83183
83.84377
100.42947
96.30754
103.807365
24.446396
142.23932
113.6575
75.21402
49.941925
45.232925
49.412632
87.06762
31.578917
77.137405
121.768555
46.957985
32.8152
42.672943
79.658455
125.66476
60.82172
82.964424
53.034866
66.8331
66.234604
106.84512
97.63323
83.85258
72.94718
59.99889
46.049625
68.10263
101.650116
138.22774
186.51897
60.48108
143.54399
60.153877
57.563545
67.60664
51.120804
87.41459
65.62419
82.14421
36.770054
66.07081
56.918488
52.706596
53.067455
71.70672
54.602924
74.50894
38.89654
206.21477
70.420074
56.510162
94.42551
42.20863
54.744087
36.621334
118.50938
60.87147
49.463943
94.13236
146.79707
81.715706
53.277756
37.523605
37.27842
62.122765
64.06491
73.56979
69.689896
33.592823
111.29167
58.413082
76.78072
51.1255
37.302406
112.15426
62.479755
80.42439
50.915962
70.212204
86.22957
77.81907
73.2953
84.18523
107.61429
51.7896
48.556522
161.0362
30.191727
118.74919
80.76769
90.19232
109.159676
175.76974
94.73121
62.130196
64.270256
78.23353
65.71323
73.81082
51.95781
82.78052
88.414
54.684864
203.82887
69.86311
89.763275
39.95604
88.37228
41.80388
39.254135
85.00576
89.158485
65.61688
112.78827
44.679237
50.843834
48.305508
68.09833
72.92895
132.14919
119.07018
69.99637
51.000484
109.993164
89.2976
157.06622
90.79067
54.32584
122.00838
47.368652
33.521458
74.33886
55.340057
75.98671
65.75828
82.847336
60.681896
62.67566
127.931946
79.042885
76.22252
87.77426
54.989174
87.10476
46.535248
66.457565
27.505318
78.6842
52.19475
60.749428
72.02148
92.145485
82.99502
33.452724
28.795078
105.18098
76.241615
29.079456
56.04595
62.420185
56.18962
78.253105
104.18716
109.377014
191.68427
30.997131
35.752922
91.33018
27.790405
54.685936
56.768932
122.635086
68.18472
83.6671
66.90662
33.268784
89.97911
83.412506
92.70075
65.41552
51.3384
69.825165
74.41501
39.274624
64.97219
81.32222
73.20416
58.930107
70.718094
126.39047
75.242355
145.2826
102.30044
135.18195
150.71176
67.26692
94.2712
154.93066
52.653843
110.62527
49.97738
41.10121
103.940216
112.30722
119.01454
56.0049
161.99036
63.99002
46.59105
77.56633
75.855515
17.372053
84.28835
93.70435
131.1548
63.83684
74.03695
38.36189
41.4101
55.331425
68.93562
75.34957
82.57178
134.65125
109.85666
80.467285
95.07226
42.20623
87.46557
123.21826
120.46274
35.711105
61.177036
113.87664
81.88873
129.20319
83.3427
93.28211
97.764275
130.62056
54.957752
106.437546
99.877266
89.35382
64.11836
104.797516
90.531944
118.04959
90.72917
36.31083
56.935997
109.868675
77.64276
108.35237
145.41614
88.56476
67.59069
36.861908
33.407196
75.403824
103.90805
49.403934
61.933983
61.566174
56.081776
6.0307093
50.276314
58.16443
61.96907
75.19867
82.236115
84.14072
43.82888
73.19594
109.86069
20.08528
53.553272
78.57562
126.91018
141.51265
81.1648
75.25612
33.491528
144.49847
65.2856
58.17174
38.694386
53.61439
101.4907
99.35694
67.528366
75.16953
59.72128
17.61514
90.44109
61.730568
44.441612
52.769985
87.054
48.97201
50.352276
7.1237617
41.215332
70.052444
158.86243
71.42912
43.263145
99.28262
50.005596
123.82541
86.99127
89.007706
33.72871
131.95892
107.63251
57.77387
91.09281
46.54398
20.041464
111.40459
33.926613
118.37124
111.10156
104.08583
112.26113
112.450096
42.08963
109.04879
55.70827
59.844112
71.43398
111.1032
53.910477
89.5828
67.197586
147.74373
109.0654
30.094439
74.00214
58.131344
108.82743
75.24966
107.09598
34.685234
92.77905
71.38053
126.9934
65.738235
52.477577
95.09076
53.07403
84.089554
67.36829
75.526726
126.21939
117.25446
66.35171
65.444405
32.594658
103.30859
42.47228
63.194244
26.658554
34.763077
64.59758
86.160675
87.53091
88.47128
58.771313
76.33572
108.931786
45.913193
21.426277
98.25235
19.533798
85.189514
46.912994
124.99776
107.49968
97.60318
63.402
95.71988
82.012665
81.32022
95.7966
64.50514
61.75774
90.111534
22.200117
76.426636
28.354843
106.806435
103.24837
86.23671
87.38078
78.95352
134.30038
117.04687
87.917206
43.731045
102.68667
52.21223
35.580307
106.50683
83.23135
59.11842
58.500526
86.808
54.38246
77.10605
91.85941
81.39298
61.999126
32.66249
81.34937
80.256004
118.174805
58.407326
141.40755
14.84078
53.813076
43.271183
88.90645
52.311012
76.47931
96.85066
70.43024
81.25374
56.365646
48.31697
107.60623
45.417004
55.280693
80.896645
50.706676
21.734098
24.002077
88.184456
72.62544
191.49477
99.07217
60.529526
76.72373
59.508286
49.95062
36.75117
127.19668
70.66058
59.407425
118.2438
181.78351
100.29669
112.41637
34.521935
16.095623
67.16995
55.366478
49.575462
88.01391
40.66955
133.63051
136.58403
32.120834
55.65717
75.05783
18.77427
103.54367
130.5932
70.88406
68.63257
57.259953
42.637596
138.6402
109.96955
63.07576
70.75924
138.86894
77.19513
83.23407
43.16951
78.26895
93.333984
59.48616
16.66397
50.70148
77.18163
81.494934
135.71309
29.5937
128.63057
85.69639
128.0779
50.244083
53.343346
91.49033
120.694725
81.088264
86.57038
99.34373
79.13925
63.265186
20.850523
82.76259
83.2238
71.7139
3.8197067
45.247677
86.08569
14.516583
74.354996
137.66913
83.36956
127.56197
105.12893
184.02057
68.19789
78.92617
48.73144
37.259274
51.74023
98.66495
82.13508
121.00932
104.00371
75.34118
26.362173
63.562305
77.720314
60.952137
34.379482
55.875816
48.36175
51.134644
84.69931
90.324486
98.20037
68.14489
70.22556
80.43053
98.41029
56.877163
100.38903
79.06343
99.031624
49.69115
67.06002
34.946392
108.19164
103.36921
181.47057
63.327606
79.5189
117.4639
91.06542
63.69728
73.523674
67.52199
57.282433
42.84215
85.83776
53.68715
137.63654
56.912476
31.03241
105.75611
49.859344
64.26465
79.82254
58.01749
88.274704
54.13334
35.988377
61.044277
40.18549
85.39371
60.607353
100.437996
28.606512
18.972122
83.86363
64.76855
83.176796
78.629875
129.69913
134.49638
74.90497
32.498108
70.91859
96.650764
60.089954
62.686993
55.20105
86.47228
50.64927
51.694508
103.975296
76.84242
77.53363
47.875214
107.20259
35.29305
145.11899
39.37672
91.53625
69.67062
19.806171
68.013084
167.51799
83.57833
109.826805
86.73536
85.61341
52.38845
77.72
77.754105
22.233007
18.746494
78.24253
142.4106
106.85836
48.54571
144.15303
91.57708
54.558834
93.55587
54.14552
65.36672
55.19687
39.130627
80.884056
120.58154
133.64273
60.0098
93.30883
76.108795
105.697754
93.01807
18.906109
72.250595
102.750755
66.769035
94.49509
25.47748
59.083805
92.05138
98.419334
56.47229
96.924255
85.614105
67.16575
55.44501
118.09927
204.8245
89.55665
17.845926
104.182724
81.61954
108.034904
48.414444
81.51036
104.64876
117.260574
30.224068
159.74075
48.84603
97.98674
79.96535
175.76115
133.88391
25.504856
91.787834
64.9561
77.96393
66.5249
88.58416
99.23557
90.19788
82.67167
134.00807
119.818405
136.01285
139.76076
92.84375
62.640713
110.74793
43.92093
53.545177
51.196934
24.395641
45.572174
32.212547
110.0383
117.38216
108.52286
153.02057
57.156895
43.02285
100.36071
103.286194
24.318222
44.78622
62.155296
30.780828
55.847122
64.99697
23.11841
56.620983
61.764637
37.854076
74.313995
81.13638
99.85913
66.51419
44.07312
150.52841
118.82226
49.831303
128.3066
24.305288
113.06957
56.091995
127.02832
83.26343
47.72175
34.02783
75.35679
73.97409
49.872257
106.779076
116.634865
40.54395
145.97438
113.70395
65.882645
61.57825
82.17272
93.88801
73.64946
53.340557
87.55133
100.147675
146.6232
157.78148
118.646866
82.433075
159.40195
114.9991
63.911922
116.15542
85.29953
26.710255
29.897394
122.03131
139.67886
61.733925
58.619728
93.64975
67.65639
52.607754
47.81171
16.669672
54.10938
75.467
135.87296
43.493603
151.96123
81.81265
134.84244
61.647266
112.88672
39.226322
37.53916
49.487934
81.3288
46.29565
43.881012
33.176132
64.54118
58.008835
63.70269
33.234615
30.390291
75.45025
77.50074
64.02739
48.987026
50.04445
115.72068
86.17205
33.238155
40.8321
76.917984
43.48209
61.364326
13.969727
45.933685
7.819654
86.70406
112.320404
97.9609
134.1029
95.31734
38.7254
176.05434
45.21069
24.89326
71.088036
52.978844
137.86758
180.92699
57.793373
77.41449
118.16902
42.615864
105.75317
109.988075
54.628372
18.394535
61.180367
51.484283
22.193182
91.60945
28.42192
59.057972
90.289505
88.18446
45.382004
51.176918
75.622375
84.88581
74.67724
136.8099
199.23537
111.400215
122.92359
111.14861
169.21489
142.55237
52.714252
100.40969
218.85812
44.767265
48.34136
22.6514
143.8617
64.304924
71.36766
57.459595
115.86127
89.4933
50.53673
26.617287
16.392986
34.86911
103.81902
55.77264
49.44645
111.80368
80.41956
90.09198
5.3101387
79.905106
60.75794
117.39667
49.254044
56.349556
49.0742
90.43265
61.210037
82.352806
110.38721
86.376396
72.69511
70.9671
105.456955
117.1398
84.245605
66.60016
67.32973
87.35425
143.86661
97.66368
58.66622
64.01914
84.12295
54.255802
46.819454
89.33539
121.65497
181.9318
154.28143
84.04167
77.64745
46.57655
26.01552
45.787254
60.82233
146.48872
146.0751
114.705154
82.49284
83.33143
88.695404
45.916588
38.164158
83.68781
109.7079
57.20816
92.42111
90.65958
132.33789
46.445004
51.362217
63.882587
71.68886
164.93346
111.83627
71.97042
119.718376
152.19153
118.28565
48.925972
85.57747
73.47697
151.61946
150.21487
91.274284
44.661568
105.42519
113.72162
102.963646
9.913636
78.34309
15.534116
86.18664
88.89889
38.50398
80.13741
76.815125
200.42383
44.32326
100.02476
57.466972
55.36619
64.472664
62.398544
67.98927
111.16608
33.133236
60.951046
88.19288
67.063156
86.25826
97.91828
52.480293
75.30848
58.23333
93.63382
31.910677
76.90288
66.412544
71.80285
93.95589
96.977646
84.23653
65.998955
48.04044
28.365257
61.983696
51.315685
53.54649
55.008068
123.2614
70.15476
113.37954
97.3779
127.129074
94.26167
103.23461
99.24619
132.81079
58.413605
70.18991
75.55609
55.364113
35.56177
47.282578
88.46512
16.340488
49.401836
50.70942
92.1688
79.20465
37.11918
91.569084
91.761116
84.1463
85.16331
19.543262
89.88115
74.275635
31.9141
102.857445
130.328
71.55677
106.58771
93.34001
142.40933
84.113014
120.22363
154.15271
107.63647
78.67712
36.78591
37.471684
116.10374
102.9155
47.355225
66.02107
95.310524
77.599655
54.23271
18.762291
46.007084
106.356476
108.04509
133.12119
67.29516
69.77913
153.40561
52.53674
76.26244
63.30593
86.568214
94.45522
146.39647
64.86042
116.499626
67.70725
163.96004
68.27163
23.61631
103.67687
53.56318
126.87019
77.896805
90.688446
55.87805
40.923553
52.485363
84.3487
84.563835
123.68488
30.411072
44.718266
85.88041
58.19834
125.50766
97.185295
87.43164
74.594154
97.52988
45.50734
65.09001
81.22652
98.960724
70.053474
93.97289
109.13432
76.10256
97.54378
47.694115
77.368744
72.378235
118.00259
30.234394
58.976734
94.314384
48.535255
50.219643
33.089092
38.69592
67.17452
96.950226
91.165634
110.40239
43.69216
13.214655
106.445526
91.13345
33.452892
71.97591
43.774067
49.031876
55.421635
86.24921
55.207462
137.98886
69.11497
106.93307
35.732224
95.329926
51.862614
107.05234
118.98109
70.18559
45.346992
32.100037
27.54162
72.546425
92.73567
84.82001
132.3958
119.10356
164.8702
152.36047
168.25845
175.73807
121.257126
191.53117
63.980206
107.89721
129.14807
132.03539
127.67569
49.244877
66.709496
63.095757
12.641277
19.403912
153.01729
50.721943
97.11868
140.26968
97.07773
115.92239
68.635956
47.751236
68.053734
97.44978
80.78748
87.947845
120.03471
50.337997
116.28362
49.078663
52.324272
102.796295
113.12673
20.897573
25.008852
38.88065
103.453926
85.10393
78.71998
101.165085
122.26539
78.8437
100.41868
70.03405
107.23163
51.46459
44.394287
79.78168
77.132256
115.85478
83.71705
103.36371
133.44225
178.57143
145.07892
136.19765
131.41429
96.22596
63.748978
60.976494
33.16606
51.909946
63.27318
69.06906
112.260506
84.48098
113.3923
102.92396
71.71104
92.3244
141.95161
36.483532
158.95982
26.21251
88.37751
72.71672
54.86436
118.14676
49.535416
85.442215
40.53474
88.138435
112.159256
57.03449
100.43464
38.572006
108.96169
171.18861
76.02787
45.785145
59.63588
90.30653
54.284004
225.43869
104.80043
73.43812
56.43082
102.18219
71.444916
69.525894
30.34349
60.25462
25.27882
71.20786
66.74165
74.42494
41.872826
133.39598
69.63554
146.29991
61.673218
48.232998
51.9816
75.69052
61.500057
75.621574
141.16624
111.86147
59.698277
109.37735
89.58675
89.47342
47.450417
85.788055
52.795685
69.17343
19.801733
80.87397
138.22333
72.07967
77.16972
61.994816
60.95672
85.819855
51.22218
115.00278
172.40279
71.32017
162.90027
48.971302
63.22457
105.15752
80.03861
59.788998
72.85231
101.585075
117.783936
71.544624
106.89009
76.14725
70.009544
92.103615
42.25496
79.373695
49.28305
75.484474
67.81792
76.48099
71.23019
77.45076
44.404972
67.72879
52.76269
20.7375
61.378117
78.48904
148.03047
48.424313
65.04855
81.78713
21.329285
62.28997
74.37915
120.7364
19.67885
121.429276
34.637436
56.76851
94.33014
77.44273
21.434908
59.66966
13.465235
44.50835
103.98867
146.66513
100.969505
40.413254
81.804726
60.469883
15.475171
35.246998
133.4621
130.20868
90.35548
134.2004
130.8649
98.93294
52.6464
99.3164
67.88027
26.470373
42.895157
58.226585
34.23098
85.62521
90.06583
147.40054
106.84287
97.85843
33.006527
58.13143
0.4939717
84.70965
48.29924
74.91779
43.112484
56.465755
102.056305
54.21936
71.04503
90.28307
82.855194
14.730005
105.558395
53.44294
46.068905
64.81577
29.78712
77.95868
72.70237
51.56866
46.96033
110.984886
112.70577
23.177603
73.58847
81.55478
82.26133
29.447903
46.37067
53.457626
24.397917
64.553635
43.042305
103.63051
115.51873
62.362038
41.766068
47.78465
38.10298
36.973972
24.004421
118.508156
38.899044
35.151237
286.9159
96.97329
63.01148
41.026
53.188046
95.12785
86.565674
102.85198
59.984478
31.841883
85.712814
26.624678
92.76902
50.126137
41.143833
29.368916
67.72565
18.148018
61.798077
47.06439
115.98054
100.72825
123.18318
100.84151
90.50627
143.97443
81.65737
49.760166
113.226746
101.85638
74.48123
73.805725
87.47421
75.594376
57.042625
82.09754
139.21904
71.651764
86.03679
39.161285
64.08905
85.851456
138.39252
85.07558
114.174065
51.17562
41.24424
80.527016
38.93418
71.076996
48.09778
79.307236
49.65607
42.17202
43.7595
104.007835
82.80929
83.59903
64.58177
54.569386
22.467209
57.454502
197.90065
105.93057
84.59271
26.132421
63.466724
84.59298
48.351334
153.75447
161.89029
71.177444
89.148865
89.01694
83.79458
81.475296
130.99713
51.444824
43.84911
59.35732
63.870777
117.1018
129.53598
53.0526
70.40482
126.794655
72.81302
53.90932
144.76299
51.820114
109.95051
104.80469
96.74187
104.38065
73.11049
161.9003
63.200108
46.740074
138.3211
130.4361
72.862854
52.733734
107.047516
0.7051032
87.05848
102.959404
71.018105
30.203962
153.68776
63.85282
71.97395
89.01079
51.7605
59.20084
91.24895
126.62318
81.81936
105.07864
72.39673
124.03176
124.351555
132.57013
144.70297
56.900566
33.38299
22.20525
125.21422
163.17593
101.53041
129.97137
105.76645
176.63725
65.16729
71.81366
70.39963
30.587446
58.47742
108.371895
60.156273
105.589455
51.341732
118.98133
120.15618
149.32445
132.25177
63.534367
91.9192
63.457497
88.1937
49.456562
70.28328
158.58734
50.050037
41.907593
35.99627
123.51537
49.64028
78.08563
87.88872
70.6876
82.12643
54.482635
97.44113
137.19257
35.324825
152.0305
107.17697
119.571815
30.35963
44.31794
56.874863
121.03233
69.584076
71.39777
64.56502
45.315678
37.81489
20.339855
92.0038
24.6463
85.527664
71.63339
84.37919
113.26394
61.93311
85.936104
25.199812
52.16741
5.134297
52.208042
51.689613
90.760124
75.249115
111.158104
119.92487
102.39672
35.522717
98.38397
169.35486
90.03363
101.54175
60.499176
26.990765
42.8621
27.374825
51.405575
65.85732
80.32852
53.4808
80.66135
76.95442
23.84149
39.052418
8.096981
36.398853
64.370636
65.21349
195.35205
93.48029
124.92697
152.5378
113.99998
143.29832
77.92759
77.11955
46.579514
54.565414
47.635326
31.241856
44.946686
56.644127
135.1043
31.05569
120.10213
15.975154
1.5232335
60.007816
44.26876
126.57393
61.17251
100.348206
83.078125
26.24576
96.06166
99.893616
65.125275
29.540525
106.73256
73.66836
87.27577
32.488224
67.785194
105.597145
29.805676
31.764647
77.42371
47.037308
61.482155
120.62671
23.861269
66.84894
105.04721
114.70263
40.93421
33.072983
84.67487
39.46941
93.02449
6.523213
67.69427
95.478584
34.91714
58.37221
89.18359
62.167706
30.440542
40.02624
91.57421
83.115326
82.17316
125.310684
56.016308
134.49182
54.300884
75.46914
46.091484
123.38373
177.25668
45.412647
34.902203
53.98941
53.37892
73.862206
32.791176
73.90254
45.625298
98.18001
58.58222
57.255985
186.083
61.38933
94.797226
52.88108
73.90755
101.91193
83.426895
58.14123
89.38054
80.18606
62.231274
104.25508
120.401306
45.012276
89.747536
35.524902
112.14931
117.600876
64.41124
43.167084
55.27645
57.586056
59.65405
51.437645
74.80861
26.545155
141.04633
52.615406
73.8085
54.067833
125.63882
174.94719
79.669495
72.4285
46.084274
67.50272
71.41039
88.39381
101.11701
77.54713
24.54617
77.337105
108.62705
53.928795
100.05451
50.433018
147.76982
76.0044
31.854359
77.72081
47.188633
93.30137
59.10884
39.806137
95.580345
64.57538
57.71792
67.48843
90.267365
82.666794
47.72248
91.28713
111.592064
60.32624
52.40131
67.08981
77.374466
97.02382
94.71941
70.39003
43.72855
158.5599
98.13987
91.83711
76.82268
58.816772
73.42776
72.11367
133.75792
81.99416
55.38738
103.343285
115.17858
82.95549
89.98293
80.17959
67.36269
82.83562
57.43251
153.06703
104.69902
48.031776
71.942665
61.13955
20.480381
32.685028
46.53603
30.550879
89.64994
67.91269
65.26047
77.537224
39.31686
118.96313
80.340485
109.75817
84.79143
63.26436
42.915684
126.382774
68.86241
80.92792
45.10065
53.12919
51.315376
38.752907
70.07021
84.039795
68.95468
141.45078
169.86856
79.64565
75.84757
60.54651
115.86339
39.830204
63.839954
106.61599
113.13043
56.32615
98.56143
78.61297
22.938946
127.548096
118.45469
69.74997
38.54597
65.73027
116.88493
29.19558
80.71112
57.936905
87.333496
54.836044
51.80334
137.11792
103.54632
118.058136
101.93296
80.876114
104.225586
27.742664
29.614206
56.395817
127.44449
54.65282
73.22756
86.21409
53.868362
102.57966
114.44809
54.576202
159.10246
84.75419
75.27084
72.66824
63.025623
50.951435
44.67327
62.503754
40.87021
85.74306
57.971325
70.07017
101.93448
132.74712
76.11321
42.670933
60.49596
60.78714
10.357404
85.05287
78.579575
85.24741
96.13249
43.498447
128.56073
76.44353
31.140379
57.78022
193.98798
218.07057
121.2381
82.13125
75.87387
101.35173
55.747826
42.983696
124.402
79.58144
117.71708
51.552334
87.93729
74.44553
59.56407
47.399105
167.53572
73.342606
58.89895
56.93629
3.5267966
151.48824
57.624813
85.58218
133.33891
30.17772
23.96936
81.013176
72.44717
30.758308
96.19461
34.210617
81.3006
134.86967
36.70249
43.69039
87.32334
95.18167
43.397816
175.12268
61.392494
72.151146
62.872665
80.089745
92.39802
48.60693
60.147728
66.403946
105.12328
67.078674
86.12096
53.94459
92.30173
72.19167
94.72048
55.369907
0.93850446
98.99338
128.49165
90.39307
55.827442
26.753593
46.337486
92.05542
88.53296
38.00928
93.076706
78.24004
107.42021
20.153847
56.00929
46.798084
55.485897
70.04445
90.646576
115.72767
77.510704
92.09841
118.099266
144.65033
95.86568
7.7732363
120.44859
46.704132
91.9421
98.63295
96.42658
43.660446
67.669395
109.49284
96.23342
99.05293
65.29167
94.56549
135.02397
43.794945
66.23656
53.464108
102.25917
145.34323
60.241787
96.89968
96.67294
21.565828
38.71877
93.81641
80.514084
110.11845
71.225266
104.843994
44.619473
47.523663
94.47246
86.45863
66.79111
141.61208
42.062584
33.800644
46.021805
43.70308
47.824234
63.943974
71.99664
92.39824
84.335
39.158432
71.08398
98.48705
124.948685
193.24858
43.122692
130.35274
107.43063
74.23765
70.91951
79.32888
38.25438
15.284364
84.43374
71.66195
48.648598
47.557163
53.99664
120.25034
150.81833
112.98597
116.225876
79.03745
126.85696
139.69379
63.958508
54.948467
35.20529
92.468575
50.31384
107.050644
142.24367
70.06328
105.534706
57.8501
43.00061
38.388783
84.75064
63.54208
80.366135
35.32542
98.63187
107.22099
73.521385
84.12693
43.168358
132.45744
20.136683
144.58742
108.74467
74.521965
79.21397
87.2121
29.854748
66.41787
35.90646
10.09714
36.40898
65.63364
71.243675
96.08188
152.12036
55.132782
113.96226
77.49917
139.55003
116.16068
117.74408
123.52725
154.2381
111.71641
87.95734
88.1771
52.626354
80.81235
62.63841
37.593685
59.276257
47.099545
47.304134
93.17686
126.94456
67.82367
35.983715
82.866066
72.16754
44.26986
60.144848
47.147507
64.106705
89.70289
66.47675
44.674473
67.16179
30.703436
106.743546
92.26642
51.31717
96.67652
77.29251
74.20285
108.020355
84.627396
59.68288
69.377464
5.602942
47.01554
131.85733
45.668167
157.517
46.875763
33.31734
89.54799
39.77653
34.2465
67.50641
61.34616
77.88034
64.22746
42.677456
89.67696
101.87346
155.94624
133.69633
102.95905
98.15572
84.49281
109.67044
61.65782
111.12852
91.29667
190.54164
90.04475
39.858032
66.25571
64.704445
81.84439
88.3561
45.046337
27.524817
68.98284
100.45794
26.30118
59.18184
38.16423
71.54193
137.97626
52.075104
113.602585
65.13437
132.53218
28.86957
20.112267
69.68807
45.480568
44.18527
65.920975
32.956852
17.317005
194.90904
31.540308
69.83675
43.352367
16.440374
59.393394
22.11399
121.25339
86.54746
111.18486
22.890469
58.25039
94.337814
81.07484
84.518616
107.49731
76.44932
48.42718
84.04041
150.08328
70.12104
126.04945
117.58594
97.16039
75.335266
151.97302
43.749737
73.11659
29.3106
65.23456
48.75894
82.969215
120.66831
70.8677
67.13801
58.388443
102.156494
47.437744
47.23542
88.50979
63.995705
61.788258
66.381096
72.97946
55.683537
49.469006
118.35519
201.44711
41.612076
103.19831
40.5954
23.20529
82.57698
61.896473
65.44433
154.34789
86.04179
94.3783
46.105484
35.354412
37.63599
80.104
35.629845
126.79984
20.944876
17.92758
60.638195
63.315186
62.34298
103.57076
155.81273
119.20714
27.693586
96.67834
106.30899
50.975433
79.63522
7.1306496
14.676046
72.04448
56.237934
85.495804
66.8148
48.183765
162.95503
28.970936
47.492245
46.332787
122.369354
107.03089
35.014984
40.95106
77.90559
80.38179
93.98573
19.324018
46.004883
81.30583
47.801926
8.469903
73.73594
92.111336
74.24954
83.00899
67.80212
53.857285
65.43415
81.8815
51.473923
79.50008
98.46443
66.574524
62.794273
114.38679
77.99074
62.42393
88.40326
47.265156
87.099785
21.714344
65.56443
51.153687
61.58055
31.559284
79.42906
70.17862
78.590065
79.629486
75.732285
41.115303
55.727364
91.00874
106.101166
64.113945
34.412613
78.51375
52.65457
179.43053
91.71502
112.53073
70.17971
41.151222
91.75278
37.76349
6.421476
120.44576
81.81642
130.97658
53.228138
23.798569
95.130196
43.517616
1.9763124
41.962765
168.4909
101.16612
45.512863
82.68255
28.47121
21.207243
134.51743
61.44052
69.25709
28.971985
135.33879
121.60317
41.365
52.079453
48.262047
113.70149
76.21236
128.456
34.54665
54.549736
136.64368
101.02131
61.574547
116.18894
103.10843
108.82561
50.885666
82.50035
69.2792
80.38518
117.33021
89.30482
52.962208
57.47279
49.926285
98.57423
36.95276
63.05008
85.580986
55.895573
39.096813
80.13134
66.6279
63.967808
79.19673
86.66679
112.74232
65.6884
1.3272167
132.09126
101.357834
117.19521
37.673195
106.39496
106.44286
41.205162
8.955931
101.629845
88.79125
87.20693
85.421906
42.99512
52.970394
57.54306
100.60516
82.74811
109.21506
38.469997
42.491608
128.805
81.47247
89.25896
108.36639
59.74948
73.1174
101.4298
134.70026
107.25835
77.80966
53.53195
161.13463
55.562187
95.71518
72.50637
57.374447
57.35249
43.795975
51.86079
44.393585
60.47785
77.28839
24.868164
19.301401
148.81158
104.17568
6.393917
45.949528
66.54138
146.6759
77.19133
115.999504
81.28824
59.956703
60.647076
101.71205
76.2132
106.67108
81.00566
49.613106
81.97033
69.99515
62.5403
35.096252
55.779346
35.413918
67.67633
135.43588
119.47908
87.31001
62.096577
205.20284
56.483143
65.44459
29.619751
111.030624
59.937
36.183453
89.163704
45.082436
38.11116
64.29161
147.19931
39.794968
95.92191
126.87325
73.45519
105.991776
112.49758
107.52617
77.954475
20.106514
67.399734
76.72509
61.773582
145.92992
76.089294
47.151665
65.2389
97.90869
139.0109
95.07388
85.80857
64.47871
84.232704
74.388336
108.84498
23.1913
65.97395
78.55786
76.624535
58.341873
109.801994
54.38723
63.106537
25.853575
61.94699
80.51227
78.35195
37.020622
63.358746
63.733654
60.737694
150.555
51.512962
105.10874
67.19904
19.252417
60.934433
47.996113
36.048847
105.78843
85.53798
83.18417
80.638336
90.46637
80.35968
95.96801
101.782135
60.495995
34.744484
67.78425
56.722153
138.6361
77.36663
213.0954
42.4703
93.5127
77.23129
89.32358
73.6321
112.60711
133.77255
55.190067
101.89245
32.65567
64.2048
72.851654
90.796234
104.04256
53.214787
55.925797
78.32211
38.431923
65.91353
77.33919
71.56814
68.42227
34.255936
42.132446
68.43123
16.614107
125.7476
40.309048
29.618189
163.84042
126.20754
99.71707
115.65977
85.215225
55.740738
99.172195
105.603485
42.2418
116.775734
94.351746
77.017555
68.24899
68.28229
92.70754
89.849464
77.36547
62.1354
137.36237
93.43489
78.97749
66.11707
31.13419
60.387352
57.378014
120.488045
73.446
9.367098
114.44494
81.653625
138.81435
59.501907
105.6117
143.26244
84.32066
158.0457
84.29674
108.15345
115.758865
72.60512
113.627106
143.2451
73.678375
66.97486
84.65696
132.71295
74.43627
242.22327
117.751114
134.9919
123.100525
92.323204
65.1414
160.70068
63.10874
62.61407
109.38622
64.200066
144.32501
86.13762
38.78218
62.823048
73.36568
46.2552
21.585793
47.596386
72.15564
174.32166
57.02141
89.74667
62.97618
71.73631
73.568016
42.4167
46.035416
128.44424
45.38228
91.91114
47.47376
32.704937
143.8789
19.935625
77.060745
119.91262
168.19456
32.33822
54.483746
23.808779
34.278343
88.70289
81.29498
72.152824
80.87087
125.41637
58.726665
76.89249
118.66957
41.865288
118.7545
167.41747
39.806446
78.28427
47.811996
88.423676
118.76503
112.2802
92.237404
63.184517
0.68916345
66.540695
131.45384
77.4677
78.98014
109.04265
135.1446
64.91498
104.69757
91.56578
27.959373
50.26577
79.87328
72.22291
100.36021
123.904396
58.795116
78.13621
79.14593
90.61489
78.9099
62.77919
116.24648
78.72704
110.91988
26.704357
53.611073
44.551403
90.6283
42.537086
57.98284
34.673435
133.07422
76.164955
59.408222
65.326546
72.80084
83.78709
42.139355
94.65516
61.66244
95.35822
25.12085
86.683975
57.19681
141.38028
53.077965
55.522266
58.137417
29.124353
74.44106
90.07407
80.58405
67.84554
25.665398
51.51669
35.240784
57.600113
85.1418
65.38401
79.58806
113.104706
20.088259
112.65589
71.11432
49.478836
46.4144
54.068558
78.84414
104.30975
40.014645
29.28093
67.01665
82.48746
107.088066
71.390305
9.369009
62.413555
95.063156
65.69866
16.558672
55.292477
113.62033
66.77655
84.19597
34.35352
39.110924
19.306965
68.5306
64.569
40.162354
30.255299
66.466385
108.684746
83.025734
118.82562
143.29846
168.27301
152.11264
100.43453
36.059483
76.338234
67.19003
37.4301
71.44448
23.37916
74.77536
47.216396
116.6565
108.9046
140.31238
53.274223
62.626446
64.50301
29.588215
48.683826
89.80087
60.44934
85.942314
88.02373
111.64485
101.17816
91.5234
73.32556
83.370026
87.67587
35.318035
58.208603
77.642204
101.66857
80.3401
97.274864
24.17805
66.89656
95.816574
117.74023
73.896904
70.07873
73.96344
58.913326
53.269302
106.8248
118.09146
49.122036
57.809273
62.103077
78.28018
33.639374
100.88456
42.452805
112.26813
61.01221
34.809025
51.869118
59.379673
77.38315
73.63091
44.018436
46.06624
20.774195
34.17432
34.65847
108.237206
84.16057
52.55375
31.004368
50.04422
139.24345
90.92507
64.50771
72.907646
124.86477
75.22969
74.55885
54.728535
69.54686
77.25444
150.56116
74.50495
39.53302
131.7643
67.106346
89.544075
140.71727
55.584976
104.66586
82.89363
75.7584
51.879967
97.36167
49.305824
86.053635
88.61184
160.68614
72.783806
168.6475
101.58661
47.94317
91.05164
170.52324
41.839252
99.65025
67.689964
111.391464
78.03148
35.899117
77.84749
128.80626
60.801563
71.83952
51.434155
138.07355
105.53407
99.129395
94.624825
67.47298
20.543344
76.92736
79.13376
61.845875
67.54138
5.507119
64.54711
56.61804
78.10698
105.8391
75.54219
89.15767
57.60495
101.08083
46.59288
55.236244
51.57452
78.44328
29.840021
76.6925
96.10983
83.38218
49.681705
53.214493
89.269394
81.072266
74.26004
79.222694
62.84302
34.47145
79.472404
83.8087
98.74905
130.53102
52.909546
82.891266
83.79812
89.52043
63.924427
61.083336
51.744896
136.55122
23.885386
106.24124
80.35251
71.50856
133.34819
120.97339
123.75077
95.196846
42.136486
90.5178
83.01325
148.92352
146.25348
195.80756
142.56427
94.158554
143.95824
140.04495
141.11745
113.80328
42.313793
115.696976
112.35306
109.06382
87.056244
48.359253
92.49542
47.979664
30.60027
52.846535
46.6013
96.775764
121.863625
65.521545
32.59481
74.566185
128.40607
16.149164
60.307705
69.2735
61.415356
66.97053
83.06832
79.94586
93.93082
52.262543
52.316666
62.725163
90.456894
60.888676
114.92649
99.2462
44.166718
57.63844
57.886086
61.50188
54.16823
64.81033
89.06093
44.305138
36.452286
69.202736
82.5781
94.23489
98.97807
32.882626
60.680645
57.07483
136.34839
108.55712
55.422714
58.015438
75.37848
68.88724
65.33307
123.37336
56.725624
51.240078
74.92062
106.302956
79.93932
85.044876
40.018578
25.315699
194.07599
166.04355
80.17373
131.87634
94.13903
119.16361
68.7883
147.2182
63.51737
84.990944
82.27927
133.7641
110.39664
81.346405
104.40223
57.01202
97.00879
87.78865
52.318306
110.01897
163.89842
132.42995
65.81212
95.07548
87.13822
110.479225
43.67901
103.0695
94.87909
113.07956
126.467834
96.78252
72.89665
97.20148
49.33038
60.906647
49.61462
65.754616
73.78251
173.04437
59.347374
166.38817
35.04435
47.60132
67.06997
53.26153
63.03674
57.475533
105.7643
51.055477
27.807096
66.4965
46.02912
99.603294
72.77479
77.60765
81.05932
55.704327
64.722786
63.944584
63.04429
77.252106
93.99991
61.489357
84.6816
64.30922
136.08049
35.282936
114.583984
157.73645
36.591522
91.89293
55.945568
64.45386
85.29988
70.698784
72.69821
62.49759
83.78374
38.504356
104.40024
129.64597
51.724632
143.44185
151.48878
182.44359
64.761345
128.94202
103.60619
101.58207
100.049225
132.51154
106.591194
54.90393
46.097076
72.52798
46.795673
137.00633
55.388676
87.26545
42.105953
66.15068
96.43127
52.86769
50.55634
68.080666
117.96393
31.670753
143.79501
78.22092
166.42514
53.979332
142.6951
93.89346
147.26712
87.24885
103.33036
92.09281
91.26694
175.57861
70.02275
106.81949
124.4803
75.50331
72.33068
102.2379
148.60582
38.031742
37.012848
55.03053
25.4276
64.99236
45.83059
77.18916
30.142788
69.5704
80.288376
21.647297
50.391327
56.024853
84.2359
84.233406
66.3451
103.219
57.103634
115.591156
60.196815
166.32088
78.18341
69.15375
65.411804
73.97258
70.25233
157.34778
69.8236
93.50199
47.85702
129.57686
39.385048
9.100121
52.593857
26.1823
58.580357
25.806446
65.255684
103.40565
110.11193
114.323616
115.01737
91.359344
36.088116
45.60032
88.50541
99.68774
116.20224
73.07026
174.20361
133.88101
92.97367
141.18393
111.15338
82.243904
153.6023
53.486053
64.07834
78.2694
66.02768
56.97826
47.546997
48.891937
41.645943
129.31108
36.99331
59.648903
89.03246
92.07958
65.077736
68.645874
92.7931
132.08896
81.01394
100.203125
40.303795
97.51405
89.84162
56.50208
56.051456
108.431
106.5029
68.029144
48.191574
77.24982
152.29434
91.46879
50.836212
36.512985
87.563965
97.328835
108.61086
114.843155
76.0087
75.70856
50.627773
151.11725
125.06502
30.195908
136.63304
62.714073
48.157978
80.82115
76.23398
139.40524
90.79751
62.461403
105.006836
50.5756
61.363243
87.78145
95.86497
49.6736
69.96257
79.81793
63.25665
107.97917
115.10668
101.12705
143.6426
109.23697
113.89917
64.78032
99.40677
65.40377
108.08387
88.678314
66.52532
107.867294
205.74158
42.397808
53.57294
58.104336
91.73804
62.605804
139.60011
44.831776
71.169685
96.60181
50.46134
51.69024
42.626
121.85557
99.87857
96.4097
49.299076
92.365974
