511.0144
70.506516
54.959023
52.07462
77.42839
67.048
84.4547
35.50896
16.255524
14.883506
26.574085
12.393163
10.383332
11.371463
25.693062
39.93754
16.02504
14.618977
15.933247
9.821049
9.38657
35.510544
20.274925
18.830706
22.978727
14.665885
6.1737304
51.64115
37.409176
20.642109
20.983679
6.0597215
7.683491
24.687735
44.82805
17.900875
18.225452
24.88744
13.662472
6.8017793
18.26369
10.849829
24.87447
15.257251
16.324171
15.005301
14.699018
25.439075
9.664539
15.309201
11.02877
17.022676
20.11986
14.192002
19.784897
11.560524
11.955808
5.5009804
13.78454
24.321169
14.24752
12.885904
18.27741
11.6391735
32.916245
18.540287
9.079724
30.54389
18.902632
17.301035
9.7146635
15.004831
15.695276
19.119884
13.50979
9.0032625
15.1939945
38.183216
30.882265
22.495562
31.018923
27.362682
25.669714
37.428974
13.034719
34.18334
34.933857
32.224884
30.805082
30.856901
31.300644
43.88586
53.113415
37.61348
37.774162
21.323162
37.30984
19.678583
27.5429
26.093748
37.190132
31.926624
22.480957
22.935236
38.250427
17.97942
20.48777
28.565952
16.171371
27.16332
20.511755
15.767758
23.078302
14.013868
26.408445
17.375727
25.239302
22.538704
28.081903
19.944592
21.901318
19.632942
2.5300055
11.400923
13.094717
34.30939
25.782032
12.245452
23.49938
15.37923
10.742335
7.608582
16.575487
14.777672
27.141909
19.005177
21.619968
18.805101
31.268372
9.497211
35.278866
25.152369
23.80492
19.418377
19.215471
23.755293
18.371574
10.124272
38.949955
29.92527
16.064875
16.288881
15.953172
15.566085
18.120583
15.295998
30.798409
38.23426
26.677143
88.99368
19.837954
10.177441
9.592298
17.077381
9.11533
17.05044
22.318035
12.395757
57.162365
20.359127
34.302067
19.388527
32.672104
18.574102
23.536665
38.87249
46.04876
46.044903
33.54832
29.61723
20.263355
57.220592
72.50522
24.158838
28.526638
44.14162
26.55106
30.304644
17.315933
20.736826
14.538491
17.690767
53.240273
78.91074
117.53989
49.14252
49.930363
52.61326
32.016644
26.116863
16.667475
16.447216
31.226402
19.112238
30.333784
5.759336
27.249876
45.312733
16.192263
57.29265
33.99193
14.470577
7.61207
43.649357
43.222603
24.609121
34.739433
11.696874
25.40762
49.34806
35.33633
30.089842
28.739307
13.884372
16.5635
21.002556
12.4980135
25.749916
25.874998
29.88946
8.136493
11.68188
32.459835
20.828257
27.052752
23.735516
6.0064964
23.040901
10.786592
22.81332
38.927845
17.200407
8.721032
13.869181
38.699234
10.417537
17.67793
22.334526
30.964024
15.225537
15.354423
36.605343
20.030128
17.88638
30.073393
52.600155
67.779045
43.62396
56.92313
73.96651
37.559174
30.042566
43.034348
29.657917
53.89027
59.973385
38.57596
9.771235
18.11101
16.570349
69.61937
46.492867
42.825176
41.49629
17.386335
42.553413
22.372374
23.390078
21.458092
27.497593
33.225235
12.62053
19.677584
31.952732
81.606064
31.717138
23.408945
18.476494
23.815863
52.801083
47.09931
12.335101
26.458097
21.031218
48.826954
54.078102
21.342087
37.262947
28.971294
89.545265
26.774826
17.978308
17.287796
67.15336
32.449337
12.5608635
27.580845
12.389557
17.126242
23.184345
20.31379
23.461985
24.52622
43.465973
32.252926
15.467432
13.430812
18.834457
11.571747
81.05959
48.421635
29.736675
30.46213
32.648037
50.462296
37.745243
32.705925
65.30335
18.786915
39.373196
25.884033
24.234764
44.05411
44.672096
56.10962
53.188168
36.509342
47.94985
36.27998
31.683865
52.045704
37.780872
62.566696
48.542847
34.222855
42.113113
84.60626
17.08248
27.4525
35.72527
22.05313
28.997742
46.684452
48.886932
20.01866
29.907372
30.942266
15.706204
24.346313
39.77335
32.707783
47.501328
48.5044
68.87586
29.254805
24.079075
33.66833
18.203175
37.351418
41.822197
56.70646
33.770023
44.684113
27.473112
65.51891
40.95031
79.93247
70.27856
54.560966
77.883675
31.922218
44.92718
46.06102
20.938583
59.544254
79.51253
68.26415
43.770123
58.225536
10.454425
14.005775
6.2120595
23.536964
33.585598
38.65457
60.767788
26.88363
43.809547
28.038647
8.138375
9.560489
26.888968
40.76713
18.021482
15.001179
19.25957
37.721455
44.80217
54.191696
22.689455
18.104433
21.341833
44.09868
31.123281
31.413818
30.706692
39.21264
41.65785
26.812794
16.050692
32.73374
15.2121525
50.044903
9.9281025
16.461973
40.689774
15.236236
22.011562
31.368576
26.10633
34.21845
31.422947
14.5046425
32.166695
56.984253
21.777992
37.63322
76.87773
41.91519
50.54672
26.188145
60.144722
42.288
19.703733
25.265623
19.989662
28.046038
12.800144
31.40239
39.01841
21.529278
34.24129
23.961023
33.672165
13.417783
17.633154
32.819202
22.411758
75.54854
17.859774
18.486538
19.656885
48.916447
43.32724
32.814342
53.08704
16.69461
42.438736
31.37835
67.41377
45.479435
49.030777
61.16834
53.847366
16.180424
37.217777
7.5826235
24.708721
27.040794
23.659985
37.58706
14.040214
23.422749
29.719002
27.030737
63.41164
46.55021
40.468346
41.37272
52.94627
39.767475
38.187325
28.463774
62.949512
47.967655
29.22127
24.163408
28.158289
24.898273
50.8758
34.88708
32.067955
26.056246
24.001772
35.565384
15.103155
23.179312
31.375969
18.444199
81.36018
23.031712
33.225452
40.791813
109.866936
14.486841
17.5561
41.74918
28.697271
23.39711
35.32251
26.964033
44.910664
24.914251
35.228577
63.567123
31.53847
41.199047
46.146328
33.812897
25.551943
19.167082
19.775545
16.606438
2.9668674
22.438894
10.522433
13.315997
22.247387
32.745472
46.74337
11.686808
51.027348
11.324625
10.849868
10.402069
11.661032
7.029724
36.39424
25.259712
27.725796
36.79114
37.771137
18.10718
16.98341
17.59001
40.324448
23.750916
12.945702
25.127491
30.25937
41.459183
8.387587
14.017291
22.422876
15.208473
22.998362
20.087103
40.740517
27.11073
32.219673
30.218107
27.025305
24.830584
10.958521
24.070677
10.491424
45.340973
58.85306
21.760357
26.110884
16.43092
23.41483
29.251534
20.52743
19.481796
20.77888
13.685076
22.59217
28.356142
35.446423
12.432085
10.617027
20.51831
21.747898
39.41474
29.677544
17.693998
17.29512
17.078287
26.59645
33.768494
12.968004
26.480354
42.62272
55.341236
14.112692
22.933352
17.317005
18.16343
20.704866
15.801244
28.813755
17.44285
33.41755
10.474348
36.68153
15.271034
17.206354
32.585827
32.05632
22.064049
12.788505
19.312782
15.628186
17.509863
23.123102
35.20552
28.3251
12.463042
14.306497
24.955027
20.038454
35.448757
5.916148
19.140713
15.222611
20.221653
21.507082
23.519
38.03883
19.489626
24.651262
18.453781
29.875689
10.643552
14.070854
31.731731
4.333119
37.411705
26.3226
27.618801
21.535511
25.83218
13.890402
25.704737
56.351112
80.89893
48.283627
43.616276
13.171474
19.590788
28.481997
21.87419
35.732708
33.687885
20.435417
17.336842
13.46044
30.079378
27.809004
14.850961
14.224707
17.408558
17.594442
26.231342
19.612495
38.684258
41.09379
19.910666
48.115196
37.18766
18.443134
24.252293
16.23373
21.935417
9.531516
55.32668
20.232248
11.901833
23.678333
30.681337
41.137085
40.9583
6.0985427
7.4107213
39.136013
15.248083
35.522762
14.418314
28.770151
11.116807
8.740922
15.506981
14.209787
15.150434
13.0481615
18.83097
34.706844
19.910236
6.6153827
14.181088
23.141594
16.499815
14.98312
5.427427
27.451958
27.249233
41.068382
23.084568
48.826714
56.264305
28.73965
25.288313
35.53655
19.336784
29.736156
19.637344
20.969555
12.020814
15.135786
23.065187
18.979883
15.683458
14.359954
12.84667
20.190903
13.770286
47.739117
21.70312
26.858448
27.01947
42.72511
27.41488
35.114765
32.72292
20.343725
24.928232
19.723442
20.43733
24.060553
21.06378
30.355658
9.1750145
22.216093
33.07526
14.675983
18.854994
27.571318
14.424177
16.608217
19.209923
23.310785
11.453945
22.030197
15.06185
23.018587
23.267855
6.2583537
24.326588
19.648754
23.748386
21.01612
36.656025
17.012064
28.457607
10.525286
21.504562
16.929863
26.16914
36.816147
13.590263
34.424698
19.105843
27.155037
46.313633
33.137966
20.002901
13.105342
10.641135
24.178423
15.26065
32.8673
36.244347
37.353985
16.926783
13.776346
21.346088
17.513542
12.331282
11.30464
10.880402
14.46735
41.46672
14.543527
18.334175
23.01724
23.22042
15.612465
25.434334
14.295282
39.643826
61.09368
32.959583
16.815434
27.393217
26.195253
19.287167
28.03552
15.014548
11.231171
26.761744
61.47395
25.81731
63.603043
82.739746
27.798403
28.748098
15.826158
31.562363
12.505392
26.339035
13.448042
22.217417
19.18505
21.26587
27.094599
12.615622
25.670994
36.240852
36.996323
27.703737
39.448753
19.23292
20.635693
30.771955
20.723108
22.263731
21.445585
32.293007
19.667557
17.430384
9.24163
16.106667
13.06331
31.118132
16.153946
48.495518
31.05535
11.297433
32.37577
16.426373
33.90546
16.804424
29.047356
68.349304
49.620365
37.90136
43.732113
40.238094
46.74002
60.971405
14.809152
8.15714
13.870334
26.329374
20.432667
17.700148
17.69717
21.034588
21.387966
31.793594
24.952187
29.406675
19.813862
17.019842
14.204306
10.929403
25.036205
22.563295
24.285765
18.189436
20.190723
8.43041
22.549463
10.773469
22.5247
41.94245
24.170887
21.560791
34.017826
12.6363945
20.121515
16.143875
37.59637
11.634752
18.417072
25.493872
18.317146
22.693537
19.078087
31.054485
26.310434
11.688251
10.459208
22.394209
17.506107
16.563251
17.335115
30.028349
19.865656
22.210773
16.418556
34.085743
24.255901
29.868242
33.56431
18.763477
39.360573
21.954214
28.959352
16.14194
26.00204
45.42848
13.083111
18.733755
14.301489
18.788155
18.013962
21.161388
22.04869
38.718716
25.222
14.214084
10.614801
17.881947
18.297262
24.655516
31.105232
53.75342
19.481836
22.585268
15.205488
15.936113
31.167213
16.381592
20.1675
27.29788
25.664131
37.502056
22.655552
28.566948
28.83385
28.970781
15.3721695
25.01502
36.08084
7.060517
24.190605
23.424963
47.40479
28.730703
33.684246
9.747148
14.428278
34.24637
39.406742
43.976376
51.112484
45.987827
39.15591
12.389368
11.496735
27.0281
9.58612
31.56578
41.666126
35.38954
37.2678
45.29513
31.686003
23.3901
38.291416
42.62106
42.659286
38.273716
47.095684
37.715034
42.166534
44.39347
66.59751
29.71334
51.556183
63.142136
54.818058
52.082542
53.05047
56.025036
65.18397
45.577934
52.29272
41.172585
43.653706
41.220657
14.624075
20.581083
18.11527
16.89356
28.894236
46.55559
32.766014
26.365215
25.587734
54.77243
16.476412
11.82995
17.382227
24.429316
15.510311
19.419405
15.985161
6.879878
9.8911495
28.3061
21.663172
21.80685
16.442663
14.952334
15.1170845
7.661167
19.125252
17.990173
35.748585
10.662564
27.083565
44.09731
15.028535
14.486814
5.436924
28.338125
18.481247
27.017527
35.060894
17.227072
32.21158
40.326027
24.508648
11.276383
14.865582
18.092623
27.942062
17.178553
19.740334
31.19553
22.991287
21.46276
9.726827
17.644062
15.047351
30.092695
33.748352
35.998325
16.96612
14.582098
22.271448
11.818992
18.016533
15.278623
24.591396
13.911076
12.356324
12.347767
18.761164
23.488789
18.700434
19.546698
9.054153
8.744501
32.698334
12.155728
18.419529
20.20525
11.577859
15.234929
13.443951
19.788986
26.683472
35.342026
26.473398
40.587486
28.067202
23.085144
37.11591
63.07395
51.4679
53.339775
43.761562
16.698427
27.055676
28.48141
10.357971
40.061337
18.056253
11.579102
29.39074
5.016104
22.125216
30.967234
13.919944
32.034134
16.664938
28.898884
13.493938
34.769127
44.961876
15.988978
10.494136
32.78123
27.213076
31.128967
47.797085
38.379913
23.510714
7.737227
12.457142
20.289616
27.514273
33.728912
26.447853
12.090963
4.3174663
26.959969
30.415257
6.220605
18.055643
15.806161
19.044043
6.237752
23.69752
17.259914
19.618116
24.603235
42.73125
16.68408
15.482283
14.779111
35.316544
18.672758
31.676237
20.06244
28.72883
17.043869
32.948368
23.263435
18.40281
35.36677
29.584606
33.57387
29.049522
24.815125
3.3273304
14.962699
14.775229
27.35771
39.2205
22.669344
28.86831
36.127
34.328007
17.137379
22.890291
38.37455
24.457615
36.430214
30.424122
41.084213
50.546265
19.321632
24.878141
19.820494
21.612957
17.464798
14.271343
28.755966
29.165997
1.8379071
20.646334
35.81984
10.180465
22.985634
14.960858
20.12725
39.653053
20.592606
32.331303
11.036435
31.56963
45.429134
41.43126
20.786585
37.04378
11.6456375
19.333393
21.46739
24.851158
21.823704
24.494728
8.792069
20.663078
52.383125
32.721897
20.642195
19.32874
24.904177
34.007214
17.841728
19.77172
17.722193
20.290905
38.286766
12.160702
20.645802
17.127527
28.310486
31.71137
28.39951
20.759722
28.65276
12.92859
27.209236
64.39812
42.3185
59.123413
32.44773
39.39313
5.3880076
9.450258
19.469332
25.80835
28.527264
10.872751
7.520815
20.975245
10.807321
29.156584
6.4442887
26.237803
14.245212
18.607626
14.768403
33.040874
5.806402
33.411095
5.1715264
14.2975235
24.142551
30.095678
24.11352
35.000275
35.276432
10.593376
3.652635
31.249182
8.28885
26.634449
21.273254
14.273316
32.879738
18.139732
20.70501
15.233299
20.151035
33.730602
30.577766
37.986214
37.093266
22.170471
21.37226
19.57636
38.456577
36.072
25.762476
23.394886
17.355843
16.968637
19.076172
39.07904
39.96993
17.465097
9.876963
18.156878
27.233816
24.567585
12.754857
7.3722773
33.105236
27.147629
14.597447
12.797259
20.415281
21.723133
11.603617
20.725697
20.392776
17.801537
18.713343
32.70517
18.167366
21.569952
16.440725
18.740143
17.755575
16.491745
17.327688
30.736084
27.894415
25.358374
32.460854
23.415867
18.723312
17.176216
18.769415
10.387582
8.136101
6.627491
28.77499
33.423965
15.493941
35.64513
37.89406
24.436604
22.763577
17.661043
13.520777
22.30228
20.662226
21.640398
40.04206
11.388502
20.246967
39.713715
36.555523
20.033379
11.181161
16.13297
13.261145
23.00626
6.490683
10.615169
29.302746
31.669239
7.712514
20.828346
22.912659
6.3306556
12.247359
22.629436
20.515566
22.480547
33.45239
35.297714
12.456754
11.86401
10.284735
17.66819
27.976997
26.61835
34.81626
29.051155
26.619165
31.396194
13.973874
16.523611
18.387966
34.830635
21.014355
13.943764
33.371895
20.198969
31.02831
17.055937
16.468409
16.138214
11.174469
12.11767
10.028918
15.778871
12.488372
4.448631
15.615135
26.276735
23.139328
14.970804
10.044399
34.590992
13.731005
28.837177
15.371076
21.460648
17.379827
19.96067
35.703285
22.700771
14.820679
20.702585
25.593252
16.18483
44.736
28.613018
34.50563
28.719168
21.303967
29.050255
21.727356
20.375675
16.861193
28.988132
24.852207
27.437153
31.418839
11.503422
29.848589
16.767185
23.92431
21.983448
20.19058
7.9579425
24.017271
18.359472
23.8552
26.70311
24.870705
43.024097
36.65778
19.751318
34.797718
51.394398
32.485725
20.123808
16.064117
24.192137
19.771975
39.801064
36.589622
41.644604
30.880613
37.02218
17.196314
14.042069
23.291428
19.418797
11.594961
22.535133
15.263837
5.884244
11.828292
21.87389
30.727388
14.660015
13.4114895
17.183601
15.847054
17.421906
24.039112
15.953967
27.353148
51.05762
35.733784
41.26517
17.284544
17.485077
22.744143
9.836753
9.7429285
16.152899
22.701092
18.093695
25.583654
17.733688
27.797218
16.148262
4.3581104
55.80073
39.112682
8.469836
16.27859
39.907207
38.808838
67.91957
52.844704
13.211355
15.643985
32.019203
27.76203
16.254156
18.22427
13.361523
22.134521
32.307163
9.463103
21.433758
17.720924
15.414776
16.356094
25.706057
20.809132
40.347225
21.743269
63.99452
24.378016
30.773945
35.7207
28.28106
18.25933
23.214642
6.471942
21.58307
41.20733
20.850323
4.5805135
11.138069
17.530935
34.793625
14.60687
21.873562
17.5672
23.52621
17.604773
19.956276
16.374739
73.74546
42.98206
41.035797
39.01113
45.115704
27.20372
55.837833
67.58068
33.73622
39.19657
47.312122
55.53311
29.663635
23.475637
27.200315
20.553204
15.330232
23.762627
15.086198
49.321205
35.452873
31.901905
35.698902
28.061378
38.222134
28.872387
43.881798
69.379135
48.456192
43.66849
53.061996
47.63504
54.251774
87.73224
65.871895
62.262928
33.341465
10.954398
39.0772
52.25638
13.889698
25.050718
7.0658193
19.919924
43.33103
37.633347
31.517206
44.919262
10.826946
25.888025
10.066948
25.73155
26.241558
10.689592
29.350819
20.662134
78.30682
6.5955133
14.43739
31.424925
24.440283
5.0795207
30.569687
33.65877
7.893814
22.564934
17.030777
35.325943
24.376799
22.199297
19.664112
8.130315
19.831865
56.08988
32.729332
33.117363
17.328606
16.726357
25.326035
15.1344185
27.210888
21.672146
14.608716
23.352423
21.192131
36.90711
16.880241
19.688955
25.187109
18.728104
36.45976
20.735247
8.032537
22.384295
25.381834
16.742939
23.50675
20.050777
22.393076
37.19746
27.453176
35.612076
24.138884
30.623745
27.032887
15.775281
19.938072
7.087596
12.288361
12.511979
32.065582
19.2397
27.838089
21.815113
23.268326
44.583164
46.602543
20.567516
17.958406
31.304445
10.84325
25.797817
19.959892
31.66181
13.548004
19.813019
24.460037
8.425212
20.623024
25.703262
21.8404
20.269804
38.432533
14.9068
24.194948
27.671228
12.428048
50.8127
47.226025
18.787615
56.613857
24.083315
28.36747
34.368813
34.159817
46.969135
31.686453
3.5938513
13.664372
37.76848
19.03231
11.77356
16.256004
23.358414
14.950923
17.30432
36.3248
6.207112
6.054474
40.54098
17.794884
14.507707
47.205338
61.99278
70.82633
43.101215
28.445148
22.637913
27.362268
40.55667
58.86072
14.034943
54.122814
13.188733
15.730233
28.048185
37.264435
57.2155
72.75213
37.824875
27.897524
26.311766
21.73296
6.1622815
7.8665895
17.53687
20.628418
20.712637
21.73693
7.212696
35.018353
18.568918
48.251175
18.833319
16.814863
20.55262
11.116508
24.08829
11.156987
22.339014
31.912622
32.15628
45.364635
28.947063
37.380264
15.672216
18.209745
15.575627
10.900765
12.022221
12.075997
8.741179
15.967782
23.942905
31.880732
19.38076
12.88971
10.036213
26.883202
23.445389
27.000072
15.133725
42.37033
12.514778
7.782035
17.612862
22.61813
13.275882
15.748451
20.032001
13.512849
49.567783
25.466324
17.287916
19.42996
21.204668
38.41507
34.92379
37.94501
31.070103
20.462269
19.97146
29.442984
60.897263
14.849448
27.092667
39.98359
46.962337
11.306362
39.795094
20.047533
27.75187
31.935295
13.969751
33.180958
33.79888
46.172714
35.786495
21.988853
34.486485
21.666004
41.768665
46.384003
41.671387
31.921911
28.564463
41.522247
32.923862
45.25103
29.640766
35.199364
43.27007
46.24508
53.022823
57.702236
50.254364
22.002632
17.381678
25.920713
14.8750515
18.697817
19.587078
14.008649
11.112696
22.811974
4.958986
15.305836
32.915897
16.076279
10.717195
27.19645
40.85976
37.501724
29.98882
9.232314
19.94665
9.518374
34.560196
30.501684
13.499926
20.974634
18.321726
18.880465
18.509684
20.328125
14.319725
15.23475
11.134756
9.791664
24.753647
11.972986
10.423527
16.906195
49.38013
24.027155
32.487606
14.5288925
21.337368
18.604326
19.798176
28.441334
36.560486
10.527949
14.892138
8.449803
32.270687
14.633219
12.734442
33.353573
10.911044
16.563637
15.718034
35.93352
23.532219
44.879894
30.705296
19.706364
17.79637
14.02785
4.593875
21.258343
56.73269
57.95197
22.144993
34.167896
16.642717
36.568687
41.267887
42.868107
28.61892
26.891525
25.132168
17.986378
34.002533
16.986107
36.749218
38.641247
47.813072
39.329147
88.27564
48.57634
15.9080925
27.603683
4.3267827
11.50076
25.58896
11.111887
15.217556
16.780073
24.065456
9.46534
32.48291
54.557507
21.789705
66.22394
54.79246
33.523685
27.398926
55.33381
47.023914
31.65324
45.03964
33.61837
17.832247
18.609926
14.776864
10.1423435
2.7192822
24.063093
20.038307
29.18496
33.16622
34.131363
29.641901
6.9979076
22.331388
26.023245
21.003046
13.1586075
10.115253
49.44605
31.370518
35.270626
18.111313
15.55747
16.39605
20.519026
29.465733
33.98364
30.974115
34.416126
25.550966
22.28171
34.196453
37.4602
20.059141
19.619204
16.75332
79.264885
29.103962
40.64635
15.315143
8.2652445
13.437575
13.950819
34.932663
41.233353
50.28586
28.764929
25.482586
14.876895
16.110876
10.032727
8.415708
26.30104
29.783247
59.30232
8.722103
13.072465
26.949299
39.882603
19.954195
41.412106
17.342764
28.67566
14.497954
19.520905
15.250587
29.278059
30.512955
26.575075
14.561923
2.1831968
18.056171
47.890953
26.397512
29.337793
24.558104
51.206818
22.254623
12.198804
21.734856
26.674688
23.673027
12.224034
23.922886
15.440453
19.964096
30.796377
12.060932
24.418886
19.422094
17.718794
26.057884
41.01698
29.066616
20.904991
24.57604
9.873748
22.469473
37.122852
17.267342
23.838394
22.617704
13.746707
63.36821
27.980947
11.915661
15.282581
27.305265
17.271154
18.592165
22.210848
11.62928
22.79142
24.952696
23.49877
27.031694
24.039879
15.927116
22.73534
16.851906
9.854746
11.853987
20.484669
38.640053
7.615411
21.946466
19.103233
15.867718
26.655983
17.106125
19.595589
14.07094
20.848293
36.47337
33.045567
21.903845
15.250323
18.19392
4.8622026
35.186085
14.755593
20.3939
32.894512
17.454002
12.481952
13.783962
2.164986
19.358522
14.811353
13.0475855
16.392506
14.287798
21.456318
26.729395
29.980827
39.221725
24.55001
11.403726
15.791401
18.285412
17.83445
28.870577
25.821644
17.98965
16.205006
13.276032
22.836565
13.668731
14.712996
28.251488
38.795708
18.090633
22.97142
41.608376
19.480253
16.12934
24.65978
5.029466
22.376307
57.054947
46.803795
8.498414
26.396955
18.327747
28.933908
22.442368
58.939438
31.213678
11.177025
14.343049
16.25393
43.781776
14.367261
33.648937
14.478297
14.108486
25.15741
22.858032
19.46757
7.4980574
37.171783
22.704721
13.685757
11.657183
14.006679
25.454414
20.537731
18.469566
24.515285
19.575027
34.389896
14.82714
21.050356
23.230358
22.039125
29.306196
10.497004
19.910688
18.411234
47.358902
54.566086
20.190224
16.740139
46.17275
18.886978
15.46883
30.60974
32.354855
19.95267
34.613102
7.5608025
26.542933
24.34325
43.237164
25.227558
13.483462
13.882565
41.963238
32.448452
40.036987
11.109201
21.76483
17.28296
27.499016
11.891579
32.65385
58.38818
56.865467
41.384697
66.653015
55.067295
73.91206
44.676117
24.496885
11.987836
12.413
27.665594
8.050083
14.719478
8.624456
26.752663
15.470459
22.978905
38.97954
49.117607
18.371807
29.21329
47.974957
19.46717
22.592274
7.8760543
42.493637
44.19313
14.467857
18.069664
9.868247
31.770649
40.16543
37.70169
22.766376
29.909592
21.923237
30.155022
21.360146
38.387684
33.293842
31.616776
15.83803
29.09252
24.672047
24.391386
11.17042
20.724049
15.745299
24.351612
22.652319
34.768147
29.389301
35.923706
49.398773
40.203037
59.311035
60.42079
32.388012
7.396789
18.087307
21.52933
15.599667
34.601444
30.759092
23.949535
32.3769
34.63775
26.433052
27.418135
19.567223
38.83116
31.863262
10.426051
2.959422
49.35153
24.334175
35.862118
18.407679
16.672146
18.869818
25.989351
32.902077
23.78481
13.998164
27.319818
20.464823
23.793438
19.022326
17.125706
5.6409025
46.589928
8.392022
22.255981
20.783045
23.785774
45.965958
28.508816
29.583189
14.72474
19.959803
27.25877
16.43932
29.446125
28.85357
24.931953
62.38637
66.22788
28.843708
22.376549
14.06659
22.628942
19.650396
28.5343
44.449726
23.817425
30.877579
23.740036
41.29489
23.95222
15.767416
26.862724
21.275572
20.589928
14.727473
10.823443
32.621986
14.154602
31.828379
14.783398
29.215866
14.457563
21.470566
67.848206
16.0046
32.242924
18.268562
16.531921
21.56522
32.04607
37.055588
14.690342
26.278645
29.16682
29.867416
24.95854
20.67588
41.227085
33.250957
41.21671
30.261145
51.994217
17.380058
6.576061
12.948032
20.791458
13.111517
13.567466
22.079016
21.241562
23.656624
21.741144
10.25048
20.100319
31.029593
19.450123
25.855991
13.444644
15.956905
36.704838
13.878005
37.332268
6.9005184
7.680949
13.312453
15.307747
11.399419
12.379028
33.984646
18.543844
31.119373
13.608974
12.930924
6.456024
18.871197
10.148806
23.550278
12.723461
20.653358
34.121216
10.185326
19.389175
17.16317
22.502789
11.047415
10.036963
13.935769
11.258872
18.844408
7.7029967
42.63464
43.11437
30.442087
39.196705
21.272194
57.15171
37.793312
59.187557
31.453579
24.41837
24.24052
32.9547
24.19427
6.2575183
27.943548
22.076914
12.427971
17.434074
31.827524
47.343212
76.67665
42.603065
51.081608
51.5276
42.038017
82.4393
66.84473
76.63821
60.976883
46.480293
29.264185
28.640057
31.593657
27.635857
40.708885
38.395096
44.52149
20.469028
27.691706
48.391884
44.55774
18.356014
23.107023
25.733889
43.777077
45.52012
32.640945
12.652336
21.50067
14.339686
17.854284
20.413895
33.990505
16.06732
32.062954
22.393858
30.760408
39.811356
5.1183853
10.111307
18.898964
20.88657
11.71427
10.123624
8.301354
22.893112
25.310034
21.926624
15.721623
31.80889
19.57713
14.55437
4.729685
11.317849
29.714638
23.794872
27.784958
11.518851
35.34384
31.858936
23.831196
27.825293
35.47307
17.615822
17.708307
43.71768
31.0044
27.812248
32.54329
42.23511
47.539726
61.057873
49.197075
61.182995
77.184875
62.367664
60.169678
96.75803
48.292103
87.93244
104.95828
47.252
51.020653
60.378174
45.578487
54.631035
24.275793
30.211586
19.007282
49.391403
17.90786
24.303738
13.554077
8.05713
30.474272
26.644173
19.005676
22.239859
7.0437007
15.29561
30.196465
33.34891
22.46201
13.229314
15.9575815
10.640958
15.587506
16.669998
40.386593
7.836201
27.997183
28.177828
16.471708
17.90158
36.26103
20.074987
16.661222
25.281544
46.080063
19.803253
15.51144
22.348269
17.5329
47.457706
28.716133
29.469254
13.140626
29.064886
16.11461
15.919028
40.980484
75.54251
91.954025
81.95271
76.48604
85.19875
14.837107
32.755333
10.7390995
16.205456
12.1587
11.619433
28.951174
22.814507
15.203625
50.747086
35.859295
17.172756
14.132996
26.890703
76.84381
16.044281
15.761377
19.727816
20.487411
38.103622
35.042477
33.52262
33.854965
38.75427
29.734276
37.57306
24.589653
26.270935
9.134451
21.61477
12.384562
21.738367
26.882069
12.328734
13.31351
36.9829
32.12312
28.636545
36.34479
19.812778
18.435518
47.531666
13.556105
33.822147
10.876259
23.364775
17.39003
13.339687
25.012354
32.954273
31.232597
17.966974
45.568886
22.509289
33.56211
30.580122
26.111128
11.326189
9.505267
34.506878
36.1425
48.091553
46.394596
31.421707
26.14903
43.456886
85.0474
71.739105
40.389393
39.02533
33.062656
53.067417
31.40932
34.331738
25.258827
34.329033
11.510713
21.41076
6.6988487
21.161572
50.78538
17.144999
29.503769
37.661777
12.977588
13.829606
33.09326
46.069725
49.863647
15.508834
10.344372
6.3508196
45.14737
16.606985
11.121582
30.240969
10.109574
33.709774
12.427898
25.709194
20.534685
34.854927
9.862364
6.5105095
17.275587
7.542236
14.8061075
4.8682327
25.906286
11.972962
28.22765
32.06242
23.42645
31.265776
17.056059
15.021938
18.464703
22.22908
24.459919
12.581199
25.490446
13.059274
21.363842
10.148949
20.20609
38.053413
36.846268
19.209362
22.978596
10.710801
27.476494
33.787357
37.051525
50.681446
41.780262
31.893047
57.896744
79.203995
104.92369
50.249313
50.76416
66.00079
53.321186
90.65995
49.136547
38.945675
44.973827
46.11334
53.77757
83.643654
86.270546
38.165836
49.840015
41.36483
40.743942
30.610085
37.73126
42.7191
40.326313
15.336614
20.294493
23.367275
27.82798
20.996225
22.539656
21.501955
6.926374
9.701118
7.088012
29.607512
18.33303
17.353888
28.338957
14.169557
15.128883
9.057755
24.100883
36.430305
60.59175
22.297964
28.336863
19.966038
33.996647
11.282165
41.127174
27.66815
12.817462
8.628103
17.716103
24.879566
55.735214
27.635601
32.810688
30.442741
28.058569
60.0501
45.158062
45.9394
57.114235
53.44973
40.259945
15.238333
16.372368
39.379753
32.399086
27.479359
41.192142
58.82577
22.60504
27.528597
41.88178
38.816856
4.370728
27.28621
26.411001
33.626015
9.844743
31.492743
17.65305
13.917367
21.944904
21.13962
5.950369
9.523055
17.420164
24.678223
15.606267
17.349659
29.157635
10.970085
44.79379
39.560543
14.986236
11.841514
17.635128
28.59627
13.617387
18.744806
13.243422
46.15895
35.45481
44.514423
35.200855
42.490665
35.015354
55.83588
25.787582
80.65125
54.9573
42.208656
46.911358
39.85035
38.9532
56.18309
60.706432
45.56915
49.458763
42.33881
47.73823
79.762085
99.065506
82.98204
61.53104
54.236923
37.533436
9.24404
19.063744
45.764572
77.80012
29.343311
33.004227
37.86059
24.06155
35.521088
34.631752
35.744953
17.999174
46.707623
10.958497
25.046965
19.530903
33.51169
24.686321
15.352321
26.825987
18.049746
18.88861
24.41246
16.515718
22.076012
34.50123
31.845709
10.419966
55.2639
11.763403
16.598438
33.30803
17.568684
23.441984
10.923981
21.706299
14.855527
20.73285
34.97802
15.809466
31.577845
15.009014
32.789474
26.650713
42.00415
68.947624
25.215794
21.304785
22.926018
9.251834
13.125897
25.55978
30.812544
41.563087
29.564268
24.520828
22.304024
8.458305
16.402023
15.767457
18.744196
5.847986
33.71185
24.281662
34.560734
61.593346
29.41584
37.789818
20.726648
18.576038
51.573326
28.69398
25.695698
21.822721
74.99853
16.652725
17.948338
21.951588
14.557186
15.023388
16.385048
42.32483
22.643059
9.52826
14.888471
12.928829
22.903393
22.335054
5.0125794
7.0859857
4.7992153
14.485522
6.594491
36.619034
41.520367
40.66267
14.940646
27.478527
31.507803
22.353745
40.20443
22.15804
14.990398
12.895751
40.570835
28.182478
17.063078
8.674475
25.458124
10.8288355
22.416977
14.47757
8.243652
20.756237
29.212383
32.70991
31.592154
35.672543
31.22841
18.092728
24.019917
15.12317
23.639257
21.465422
16.066444
16.298985
3.5898144
18.355183
8.756809
29.12665
23.947727
17.571665
35.51193
19.781754
24.385159
25.808079
25.549057
20.619635
29.162643
19.25158
14.35746
18.719547
11.980117
13.584567
8.106388
22.171637
9.210544
22.366838
30.42624
24.616894
9.899864
25.19428
24.833479
11.711819
28.400198
18.955166
31.677027
9.150586
30.012302
37.143185
14.362523
30.344337
24.035425
13.330139
18.561802
23.31437
27.174099
5.8670616
36.073822
26.958874
20.7988
34.48021
35.054337
46.751408
52.024117
71.0673
14.4304085
18.679554
7.5419903
11.031239
31.508413
12.882655
21.450005
36.098663
17.79734
36.953625
49.249638
41.47236
55.486588
47.919155
58.75081
29.174389
32.90755
48.4927
45.34651
44.209717
39.8593
64.98742
46.220715
34.66221
19.726385
24.016441
21.44501
20.99
24.468067
14.408507
26.7711
39.877003
18.835896
10.940649
22.345049
14.236266
28.970736
7.254473
27.283005
37.451035
49.35629
18.361273
15.256547
9.372141
11.701887
10.49442
13.260377
17.990053
39.13635
18.594006
24.625654
24.949375
32.365795
20.77671
12.451595
41.939354
31.108809
51.130096
17.034283
19.509426
39.43945
12.010043
20.822708
20.270288
24.920918
13.97011
12.736088
23.657198
36.0106
24.116924
40.498856
28.106052
26.534084
35.523407
23.572247
21.064304
21.688328
19.42428
19.661247
18.26553
35.453686
21.425365
17.118855
27.127747
12.372715
58.275196
29.639925
51.330276
69.58728
94.44402
37.85781
29.194525
10.3065195
19.883959
23.08584
33.880234
36.163555
29.981789
37.553894
23.075306
14.3790865
16.479193
19.237803
16.927357
19.64319
25.773993
11.796635
31.037922
16.881313
11.461426
32.049797
15.989516
12.382552
20.502874
22.79772
19.769247
15.458231
18.067213
22.384533
78.54169
21.712408
9.761239
13.832778
27.954878
24.073057
13.065679
8.488286
31.38414
20.617987
34.004208
15.268308
22.509039
7.3588686
21.08838
4.3369126
43.196693
32.268078
35.275238
35.42516
24.74914
7.0645156
18.274572
10.518342
12.40512
38.506344
21.360638
21.248787
33.053135
32.640594
17.089575
13.030287
23.337563
13.001474
19.068687
6.5428185
25.784496
21.552046
39.79753
50.193882
19.641338
32.77651
56.955902
25.743965
13.7388115
22.250883
46.320885
49.047783
55.28665
47.665627
24.06674
20.753792
14.962216
23.383215
16.036396
38.440437
34.6786
22.583654
34.932705
26.803066
68.42727
23.100866
13.825919
9.9635105
9.508947
12.917503
33.101795
7.697204
44.8682
30.186108
16.577604
31.036924
28.987392
34.46542
38.183167
18.848843
26.370535
21.774456
11.662464
12.244695
14.352808
21.648151
20.315601
17.045185
14.753522
42.16532
29.878185
45.026016
55.519753
47.567413
30.349705
42.03414
42.44501
85.49014
39.654545
49.235138
40.779625
12.727784
19.759573
24.550352
19.02395
20.320095
30.211021
26.669937
8.839831
31.079012
41.509533
18.437344
35.185875
25.92462
85.73228
21.910173
23.354597
39.877697
42.68211
29.630804
69.07215
17.263176
28.375954
36.994587
12.119346
36.649334
14.18852
35.2518
8.354623
28.50102
63.098988
68.69205
62.630512
63.62155
8.44433
9.536688
25.586445
23.378149
33.71976
26.767483
30.839035
50.007553
30.591791
34.872494
14.340358
19.619572
20.238108
10.369246
36.677567
35.098007
57.6265
9.028298
31.13663
16.473398
20.94859
30.705914
11.43348
18.265448
25.507807
57.410057
44.88484
10.905778
27.44413
22.891968
20.80986
55.008533
35.95194
55.535965
35.284046
35.035885
26.328978
22.394197
16.615828
7.3470283
24.714243
29.965853
38.36762
19.79683
12.202029
12.043513
18.68177
21.46714
12.429815
18.61837
30.446138
26.535032
36.7644
12.450528
27.245327
17.312904
8.085134
17.301859
21.036379
28.666441
28.50583
13.599143
40.51222
29.985735
15.177218
9.841901
9.454268
20.911911
17.888866
27.612453
17.477242
15.748592
7.226484
36.72545
21.01083
31.847227
5.3001885
20.239435
32.1884
20.58007
52.35741
41.095284
38.169415
26.8665
12.642908
23.5499
28.816696
39.61869
27.618675
20.961733
44.5041
27.338982
23.860863
28.092958
32.810806
31.78159
29.574364
32.963852
28.76385
31.26386
33.988052
31.995567
37.62299
35.40655
30.056726
30.974083
38.233105
41.96914
30.75455
56.037548
37.386143
34.117504
30.232782
39.709713
18.05829
38.57814
32.936977
33.470142
14.554226
42.505157
28.462652
5.446769
27.63589
17.8725
15.6047945
33.227875
21.039131
17.36782
35.338894
39.737133
28.004595
18.90249
32.60616
31.584925
49.854183
29.734255
32.535454
30.442554
6.3239927
46.892994
24.44541
29.648167
37.24729
31.592833
18.401897
38.888756
41.49193
2.926663
23.18469
45.266335
18.062098
8.483807
27.958502
10.61582
34.85756
36.440933
26.895441
29.646091
52.82492
23.220474
23.236723
43.24109
15.50269
19.779251
17.039783
21.56401
12.958718
33.009125
24.348066
23.176128
29.109026
17.156263
9.768142
27.209267
48.221268
12.827998
8.4439335
21.841469
21.523811
9.970968
17.330887
19.124022
17.907724
28.368563
23.84933
38.685577
33.009327
40.256863
35.132668
29.524137
26.067371
9.534834
19.90792
27.277718
38.23733
11.793458
10.121076
11.498757
27.551865
20.412779
48.696896
43.640156
61.868378
73.02282
63.75414
48.725887
52.731632
47.227184
70.803
6.0196967
10.6781225
16.75953
69.075676
21.551638
27.209047
10.993816
11.773493
31.14927
43.5737
39.156906
30.744236
41.176163
6.394468
21.297829
14.778665
24.5455
12.385851
24.296362
21.515501
33.36919
23.22084
13.758544
19.228243
7.4768376
11.593249
26.625294
36.6686
44.623867
18.545086
5.8870945
14.288558
33.9018
16.281523
21.576048
12.025212
11.978748
26.144913
22.478409
32.1553
20.253473
39.153408
21.53044
9.548638
24.006521
21.480247
15.789611
10.515785
41.045517
25.463398
34.381935
34.80244
23.877314
43.351307
14.451472
22.434143
29.116884
28.065002
21.082964
19.196383
24.453062
25.745918
16.295286
21.463896
11.93079
19.145601
30.19444
36.109806
25.313635
10.657173
19.095806
23.916288
16.431288
35.17819
12.211865
28.730158
19.311333
20.624985
23.681913
8.233432
20.975988
8.466465
11.717634
20.068787
20.052671
31.602057
40.972485
23.53289
26.278688
15.868627
15.943119
9.220595
10.215667
16.871761
35.478886
17.902668
17.735485
17.053211
17.704521
32.85979
7.7221417
39.1223
11.365605
19.419771
23.977882
18.245909
28.363447
30.802212
19.616394
7.369299
33.17724
17.69892
25.11522
26.07285
26.352806
23.926746
28.119423
38.433674
11.358929
15.395674
30.953676
21.890362
12.954363
15.715832
13.586936
13.073278
27.361834
15.969377
25.888176
37.42049
84.830696
25.152676
33.416924
55.37876
69.261536
51.838573
46.01294
42.26202
51.891125
70.78763
45.02551
74.795135
19.85957
20.837795
28.647245
16.232214
24.240557
36.059704
25.75648
14.486506
26.974157
23.362812
11.258346
15.0516615
12.024413
24.276196
25.15916
21.626406
21.353865
36.64076
18.261032
26.198774
20.635603
11.446538
20.694683
15.394181
18.336082
14.302029
43.55695
8.721809
13.094321
22.177656
14.74034
21.63771
16.949667
14.074917
15.228915
43.244965
55.1345
26.95919
42.46146
5.3256946
20.366737
10.165872
19.201838
30.717827
49.135128
14.834245
21.020668
11.375309
34.244198
15.543288
25.345163
22.864536
17.399542
27.405413
17.300068
21.49501
23.699717
13.675063
11.045954
10.032051
12.892526
21.317356
13.024408
33.175365
19.67418
27.16653
54.014126
27.742085
16.520126
29.194502
19.89494
16.217045
16.411377
14.64355
7.6214685
33.304787
28.515144
25.893091
36.6654
8.807885
7.3827534
17.950678
6.006623
30.9235
8.781364
35.633457
21.698309
41.215366
87.06731
37.76604
24.040546
8.242677
14.791473
39.996574
10.361271
16.44172
42.86237
23.389328
22.38117
12.803431
17.46505
27.020079
20.268244
12.594934
31.532112
47.982388
33.703007
24.528353
23.63753
19.111994
16.382881
41.4796
42.938065
18.800745
10.570044
11.757936
5.8732643
8.150657
19.696558
27.67334
15.535452
30.857176
7.432327
29.10473
31.628984
23.20882
17.561274
18.285528
28.920303
17.589136
14.173834
14.933224
27.244003
11.522792
16.875164
16.219978
8.359992
10.450247
31.45667
15.942375
24.07061
18.95911
14.17558
14.994267
30.446497
11.022169
29.717714
39.64162
30.25312
8.128591
17.761532
12.676883
31.139841
9.60293
19.3937
10.963117
24.569006
14.856765
17.021513
31.060274
21.970985
13.192558
27.311722
9.590717
25.075285
33.410233
18.454802
27.71344
27.601707
10.702498
9.599138
32.927643
19.299238
21.30965
18.592209
37.138893
17.022768
4.012192
16.856085
17.284561
14.281925
12.653489
14.201798
19.788706
32.691376
4.791605
13.043954
30.068483
32.72252
27.713865
32.108475
27.087114
17.513674
26.15699
17.506971
16.066992
14.180255
29.729599
34.5088
21.49063
32.45917
11.55885
37.113064
21.395327
20.336071
29.683678
17.765781
55.497997
20.424467
25.996056
70.0538
79.01305
89.84939
25.843782
45.901073
12.075068
13.786505
9.847708
17.33107
37.212257
3.6706488
21.060276
37.645065
21.920952
46.082165
36.842583
39.83941
44.404015
40.90626
29.491577
39.80961
53.963444
44.42777
43.241386
50.212677
4.611733
8.674559
39.66631
15.862958
26.586388
20.945057
48.737423
20.485352
49.451748
9.734831
16.409752
24.837168
20.183086
34.481606
32.33341
27.540726
20.26495
43.582016
14.0255575
32.691154
45.139603
24.828995
18.764057
38.531097
49.1266
29.801662
26.707537
20.015007
12.732998
19.850666
8.164478
16.369389
10.655876
34.640495
7.923281
25.649277
25.861797
35.968838
35.84137
27.572178
41.095043
54.67594
43.045143
40.31238
14.730242
15.447754
32.737106
59.863983
43.56339
53.96149
16.825119
47.177704
48.491955
46.939625
28.196001
34.501266
16.607567
5.446252
29.00437
10.120151
24.795177
26.934986
11.963362
28.528408
33.85234
49.36145
33.760372
31.094263
31.843578
24.744534
38.259083
29.547026
29.424978
25.645359
27.88427
11.214826
28.72843
16.301191
13.738804
22.181839
32.700256
41.118008
38.823624
34.388783
46.216232
42.414406
65.620026
57.88344
27.8855
33.805405
34.75064
46.689907
24.01961
30.516273
28.558006
60.152695
47.429474
21.494701
32.232662
50.394897
31.570803
40.71231
28.13052
25.59251
46.903996
34.43631
30.18716
12.822334
20.26295
9.848983
24.720753
17.330359
51.245583
27.696882
22.80592
18.564465
28.025827
9.433707
33.97948
31.239635
11.485709
45.078426
5.2897463
28.311523
45.338932
9.156431
40.549793
49.00447
56.201405
35.718277
58.68195
27.591135
19.005028
14.859781
33.175346
16.244291
26.466503
9.93191
25.463158
5.874298
13.447042
16.535873
10.063213
5.2678013
25.35487
10.3036585
16.1242
7.7316566
35.285057
24.468843
14.997104
28.759764
17.97939
51.958515
38.51843
38.39621
14.174791
25.23816
13.098822
16.848272
17.521574
32.38301
19.556625
19.215336
17.391834
41.653847
22.93199
29.13241
8.848609
21.735126
12.615473
19.27007
15.670851
35.790634
32.564953
38.308372
23.315945
5.447767
6.012181
10.962622
11.922064
20.21043
23.053686
26.65484
9.286467
30.790316
38.493607
40.536842
38.101204
34.558487
42.690777
28.84629
29.929033
17.656248
43.681934
14.787836
21.500582
18.233711
27.847841
20.257257
32.31555
52.613094
3.750051
18.574171
24.016907
43.123203
15.874879
29.115013
12.734763
16.763937
17.204182
47.29487
34.173
12.040069
24.051233
29.11282
55.489502
26.925922
18.812963
32.660313
19.937471
49.115284
43.019363
39.468742
19.584013
21.956762
39.823193
29.961205
29.631123
7.227565
23.266273
14.273131
9.744839
4.598439
22.975454
30.48252
21.72615
18.762218
8.502496
13.823151
30.64476
17.181606
13.493566
27.765232
16.841148
9.838238
55.176357
11.522047
17.785639
16.245567
19.892328
8.456331
28.757736
22.640121
27.789858
18.315365
9.0593405
32.237564
8.802583
9.595664
25.385365
16.727291
20.825037
24.917261
22.660385
43.344425
3.7811303
12.7827835
4.6264386
18.51759
20.959572
12.495644
21.69372
13.015241
13.263924
22.972542
17.64576
28.364014
22.704033
13.062487
19.278044
7.625628
16.93491
16.074617
12.355252
15.969706
7.202261
23.50579
19.31611
13.794535
27.684595
31.061506
27.718891
7.685464
28.21799
36.45432
50.563305
19.584734
13.798347
15.49805
13.702318
22.673193
14.19966
25.115889
54.13565
11.762367
13.419406
33.347816
51.93623
31.6122
20.407892
17.536648
23.021677
17.445475
37.23628
42.219982
18.058483
11.871927
22.856056
17.842783
32.56176
13.057087
16.97471
26.933805
23.750172
15.969425
32.970253
24.511406
16.546743
44.097836
6.2462397
37.250294
23.468166
32.78358
21.918736
16.221626
3.6510587
12.6396675
13.12044
37.73573
20.802593
19.130274
17.878717
20.913342
16.468378
36.810463
40.187965
35.83011
28.627512
15.103486
29.550703
8.080672
14.695462
6.551023
11.528164
31.155434
26.4826
16.911036
11.814956
30.373802
26.209507
9.828845
10.149493
20.57984
14.662615
15.241016
31.601835
37.70776
25.836733
14.864616
32.595993
27.55547
24.597034
24.128775
32.092587
29.75715
34.107697
37.39746
52.244152
25.382395
13.943146
12.974059
27.386404
18.795895
12.307041
18.962593
8.48704
41.65046
32.686462
48.35161
36.74187
47.061943
32.0186
88.42749
65.48194
11.525116
22.208487
26.688356
21.863764
27.698738
45.33535
80.236115
41.89056
51.02218
25.506489
38.245335
28.30686
14.36203
10.2962
17.152302
13.110221
14.475868
14.808841
28.760742
16.39456
13.99962
21.738968
12.889535
23.647165
14.148869
8.227815
21.699287
18.222555
24.937038
19.463331
17.993294
19.925312
18.024015
14.831365
22.083485
19.50233
25.733688
36.330246
32.843555
30.847328
46.765533
37.433838
39.05635
58.774204
36.445335
37.35874
36.50865
26.642971
16.258411
17.495888
17.413033
13.125658
25.063171
32.761127
22.968758
23.563454
14.953091
21.137531
22.298307
8.262859
19.303137
29.423342
14.044001
41.292202
41.17567
25.582285
27.342667
26.724306
35.942516
29.094671
10.560084
23.19944
26.132595
42.392246
16.55302
27.39516
39.910957
13.913605
23.696518
26.734089
17.398281
24.470566
18.578768
39.98286
46.03189
24.207178
20.404186
44.162033
31.237787
13.076347
18.168022
23.195717
17.55055
20.868269
10.2776
25.097027
22.378307
7.4875417
15.682814
35.146183
20.853699
28.824514
23.938278
30.284643
21.568619
8.0532
20.965797
36.064335
15.317661
44.787342
48.39228
34.146732
36.189598
34.357468
20.207052
32.52167
21.26032
32.82955
36.25834
27.99579
9.485744
20.93232
20.215395
21.509459
2.7916517
45.76681
16.640902
9.123898
1.8078419
15.932243
34.821594
25.907103
18.663275
18.379967
17.59323
41.2364
38.342064
29.844517
31.260553
19.07439
54.498814
48.70839
5.834102
24.904919
19.91842
19.395699
25.012657
27.453205
23.778442
18.769257
44.07472
17.331257
17.227798
39.205753
27.817345
37.96816
15.55175
34.7267
19.162315
19.63332
33.507397
11.488628
27.518364
24.478281
17.543266
27.934368
15.372564
18.073841
29.634863
37.73818
38.49102
33.02509
14.55518
22.436167
29.335491
18.711998
9.6099415
21.251787
21.663383
39.390892
25.799837
19.22285
19.608406
32.791603
18.320383
37.292706
6.335855
22.167368
10.231505
23.82285
23.218878
27.629362
16.545374
9.846739
20.67604
59.20726
34.133945
58.77827
15.486965
29.359106
50.338364
28.84612
27.844229
40.315304
39.63243
35.848446
17.871132
17.010626
19.318268
43.09275
14.788992
30.50264
43.27408
28.268526
51.11536
41.514015
25.609846
29.8852
33.877422
19.243586
28.31163
13.171026
21.664017
31.104866
35.98247
15.541234
30.480827
21.841751
26.167646
18.344807
16.116749
20.996904
26.071783
26.542618
21.09587
34.706764
38.665653
8.284138
14.376411
13.339503
12.945493
16.529259
21.203205
26.965925
21.349249
36.593807
25.332325
19.979956
22.422972
28.49429
20.999645
37.310104
24.972519
21.911673
19.203548
25.712397
10.753949
21.797783
21.790112
13.089548
27.03921
17.578884
22.554201
21.836882
16.210196
49.956783
39.020218
74.730835
11.143353
17.296629
16.604134
3.3329148
28.186504
42.646374
10.931685
34.668373
6.874301
24.006329
19.378616
26.439112
3.5857275
11.4621525
13.11534
39.167477
36.620213
23.022667
39.04445
37.2866
41.490707
30.23792
28.816788
40.539978
5.352262
13.221205
19.695057
21.947756
22.639776
11.663961
24.567593
18.289942
22.336237
24.730885
30.437088
23.471556
21.518038
10.691027
19.736526
16.961378
41.368412
9.137958
9.970543
21.48388
34.504658
15.613738
23.55136
14.119638
4.3323445
5.948848
10.288253
11.108612
30.424244
10.318439
25.26623
22.023848
46.001198
20.902119
20.020844
23.179121
12.08768
18.206062
12.975144
22.658052
11.975406
17.524258
41.562798
8.164104
22.79157
32.75221
22.886938
35.025536
38.08323
60.24463
67.06499
26.155893
18.995089
27.60167
19.69532
6.9029474
8.223572
8.025739
20.89528
24.33225
25.354233
10.925504
26.560286
33.457916
24.518162
14.2611265
25.374994
20.067333
40.656277
33.683224
14.422251
35.034203
18.354725
19.833776
12.6725025
24.12678
10.951032
18.22539
15.347329
10.161471
8.365808
27.80379
18.900473
30.50229
17.70346
30.471207
14.505289
11.887154
4.2687745
29.334618
9.762983
28.432554
52.839844
23.184353
14.785979
33.75138
42.779266
42.31707
48.11267
21.215666
45.44182
44.428226
31.341835
17.155035
15.650968
23.841053
49.540497
28.08395
25.40243
43.927925
70.9741
32.691128
30.129694
41.1605
19.298803
22.240463
18.299267
12.912165
23.764404
12.518977
17.353168
12.644108
12.795277
12.050135
7.6760497
25.950417
18.868422
14.352307
20.396278
15.297382
25.918053
13.40404
23.964712
17.932304
10.130758
32.17127
5.941262
7.0744696
8.959496
12.523457
21.82361
23.894655
21.827192
25.425722
22.808592
22.98793
18.412401
28.746563
10.878362
40.197685
16.223951
39.213757
30.53587
24.649256
15.331504
23.606445
20.97816
19.263323
23.332037
14.299874
15.049093
16.098656
7.6290107
14.241298
22.127886
7.023374
15.893518
23.941126
13.329359
8.814476
14.556195
19.54789
9.653921
11.700137
17.283848
46.06308
34.05147
41.962788
12.97942
21.35511
18.879711
18.583742
23.577785
19.033136
20.448963
32.410545
38.24614
33.895702
19.770664
31.205185
15.682815
15.5238085
15.467238
13.554222
10.94827
27.38338
23.983915
29.207153
23.13733
16.103596
17.091558
22.33696
9.075486
11.144232
17.31184
10.413273
8.757939
21.049578
24.97534
14.023609
15.152219
10.512045
9.913708
19.582027
15.062186
26.719255
33.242752
30.141653
29.160717
26.341639
15.828713
17.771917
27.373423
30.95702
36.850697
17.976519
38.400272
26.143286
35.666725
28.352633
30.914143
21.616323
10.642488
27.397568
29.324282
49.653862
41.936935
45.01655
25.735876
55.95961
38.818333
47.172344
27.704079
40.993843
25.936296
45.46001
8.666392
10.075691
32.840122
19.56885
45.301823
21.29703
14.898886
8.215134
45.169746
27.172247
17.333565
35.923214
12.423331
16.39339
5.129275
30.085455
22.031492
4.8761373
24.356895
36.68966
15.798398
35.64397
12.018694
26.30421
28.677322
22.532446
10.064625
31.965342
20.679161
17.51044
17.884045
7.354194
28.985085
16.893862
9.488511
22.55213
12.856655
17.982626
19.717491
6.136409
10.429263
11.638867
30.455332
29.730087
13.598108
41.20445
46.62122
32.456856
17.052588
9.263492
19.366796
49.465363
60.84807
37.50506
41.328423
38.71476
45.33956
33.381638
65.22342
52.08827
13.887643
37.013966
14.949685
9.995551
15.595153
14.744285
19.122564
37.069515
68.563156
9.769242
13.188428
69.845535
39.347504
49.987316
21.404852
48.53164
20.294203
24.785503
18.422213
20.663584
34.633842
16.648619
15.332046
23.535913
58.60705
48.79888
59.077938
67.454155
73.85112
61.954376
52.54222
42.02649
14.338122
15.137415
10.327623
15.652034
14.166599
10.674073
25.047134
28.627642
55.770687
63.25598
14.782105
17.18371
13.647065
15.197488
22.953455
13.418018
20.770945
18.900713
11.296748
21.018581
26.077265
21.319635
8.157755
14.747519
10.825588
37.680866
18.697847
11.452875
15.813829
11.689715
23.679255
18.260399
24.400528
32.667377
19.457472
36.08099
27.83676
44.23139
39.23549
46.642574
36.5456
47.520626
47.194393
46.526337
30.762178
19.563095
11.732072
20.78681
17.748459
26.083391
19.173931
16.485865
8.182104
19.343225
13.83947
11.342755
32.121548
46.634247
71.387634
59.437992
52.181625
57.25506
53.63137
48.49421
46.091515
45.0411
17.460182
19.533224
3.5889795
28.731844
15.531536
23.793694
31.010786
30.620579
38.73648
32.7595
46.65921
44.648922
50.176758
46.26175
58.508698
6.2470837
13.465715
5.2651844
18.404268
15.508724
15.058155
11.434822
18.769045
17.35744
15.163931
20.781649
18.615982
9.419724
3.861362
19.99889
21.550274
14.902907
21.261126
24.037342
36.99872
15.260856
50.138344
19.756903
23.072176
20.11355
7.8910017
15.768061
7.704465
28.727245
24.602154
17.304258
29.949533
12.144581
14.878778
17.364227
31.728867
25.436749
21.654243
25.626947
27.9621
21.863333
14.779176
9.101151
18.30637
8.905354
14.866424
16.043581
31.31896
28.846594
7.6339216
27.557978
10.139669
14.582388
6.277229
8.026239
20.1049
10.675887
15.674541
7.8769517
31.264507
21.73862
11.909067
21.590725
30.507366
40.073734
47.95074
45.891747
18.860638
48.826855
16.282055
26.75728
20.541607
26.706863
49.11256
14.692604
23.31915
20.486485
15.302608
24.445652
40.575535
13.631327
13.817863
31.522915
23.419828
23.020071
8.912705
21.819223
24.150885
25.202482
32.95511
42.50476
16.424782
5.6926575
21.039436
24.959307
45.61384
7.6951637
23.21067
20.467178
31.780535
41.90494
24.856514
21.6302
34.330803
28.812563
6.6499176
19.410429
5.9094834
8.874899
11.143712
26.043055
31.404768
14.114017
30.064651
35.626053
27.827541
12.890515
44.92547
13.026425
28.973583
13.717434
23.86846
8.209053
23.410412
9.7670145
12.096681
8.8945675
17.488066
21.521774
18.940851
19.040176
17.825293
33.01874
14.220768
13.80638
11.587245
23.031862
19.745792
35.421047
23.350288
15.511467
41.836845
41.902954
16.143204
28.30202
28.349201
28.765366
24.182505
31.903713
58.923462
67.33798
45.89098
16.396645
10.544369
16.815062
20.538914
30.619064
48.782948
17.39846
7.6434145
22.240427
18.829357
20.489208
33.651737
32.82144
30.667791
14.547251
31.724339
28.777908
35.46347
12.616654
22.361423
31.394112
22.023144
8.675428
29.015478
8.929743
10.386522
7.500543
22.80186
28.61443
17.865015
18.62615
12.728342
17.714882
14.554967
11.75337
13.264292
34.836964
10.358703
22.23242
12.297284
14.28346
16.885946
17.78064
32.016525
13.450166
8.11084
4.013375
23.546108
34.166565
33.90346
30.866457
14.112585
32.610653
14.290579
16.072163
20.737621
11.320198
32.944637
14.433318
15.9276085
15.327893
16.675676
24.34588
25.650732
28.068645
41.867
11.370813
34.52677
15.2613
30.354338
8.533579
9.252375
10.86683
12.679096
12.26335
12.200944
30.996845
32.02995
20.69272
18.591486
30.180515
39.977806
23.983088
18.014122
17.645056
33.189537
19.278316
26.63002
26.117966
23.621607
15.925111
8.968212
22.910095
12.592063
43.13541
2.8956394
20.386002
21.975824
21.682148
11.522331
17.212008
19.422892
11.341467
11.778437
65.15952
19.271585
13.181535
10.897292
19.218342
39.171455
8.2247505
13.3752775
11.297577
22.876194
14.440984
12.913165
24.06142
23.255278
35.840893
45.315235
47.079002
20.086077
22.484503
15.476864
29.871344
4.449919
39.898438
29.013922
20.58109
20.981318
13.930266
18.672066
14.824925
29.36555
32.54365
23.947931
20.017553
17.015308
10.479644
19.12824
6.914575
34.267548
28.212187
16.233667
7.8458376
25.454351
26.531666
34.830795
14.84032
6.07039
21.806675
9.525973
16.865948
18.99877
24.916111
18.803942
9.638266
10.189848
14.227887
14.163388
23.776777
12.53703
4.924713
12.94226
15.735492
39.27543
28.303505
15.281504
24.96297
37.925766
18.723951
14.310341
8.642696
23.196447
16.472912
14.428683
19.696007
17.15666
9.295152
20.08778
15.492025
24.917585
48.096416
9.4563465
13.924119
23.57973
40.865856
19.852385
27.820202
23.781092
6.810121
19.566523
17.785927
24.452326
3.2259097
15.369436
18.342655
25.06731
7.161248
13.225644
30.742153
20.03872
14.253944
26.745005
17.91929
33.5077
29.815702
44.72175
51.623657
20.144978
14.973642
24.802195
39.92318
50.408287
20.332905
30.960394
22.942234
18.401026
25.019619
15.673205
33.536644
26.25655
14.429499
31.24907
46.06354
56.306328
49.400368
52.874813
19.802975
10.736007
16.585064
15.025626
23.959118
17.256462
8.781131
18.40295
11.168705
26.947647
28.53708
36.949024
34.50402
34.90544
26.608242
23.407051
5.246735
15.711781
18.610052
17.815079
22.362041
27.657831
21.83856
20.45269
11.241024
26.825645
11.591598
25.014654
24.242447
7.6055813
20.79031
12.272827
21.265114
24.596106
24.545115
5.595828
18.799526
26.594824
65.10743
32.711544
25.147453
24.005383
15.10698
8.966389
55.072704
41.39749
19.8867
31.655163
29.783499
22.543869
25.58342
14.9886875
12.446935
18.72891
30.335754
22.691767
24.926758
24.09012
23.69271
5.2796197
21.869606
11.754304
16.216442
21.073187
20.825441
12.132097
53.33405
17.097664
36.51267
38.80363
31.75832
17.788073
24.275135
23.21847
19.64462
21.091581
17.806984
10.814288
12.012735
17.381317
19.369257
28.762474
9.128259
23.434439
11.916133
42.799835
36.15882
16.929565
28.479876
28.229677
24.467493
34.337914
44.896553
30.05604
47.944057
22.538132
12.716242
26.616226
8.934179
12.333149
12.550656
20.93874
17.982944
16.896631
34.15002
12.964905
20.697311
25.22857
32.815758
35.161736
44.198524
31.328672
55.044037
51.757877
59.955547
52.448368
49.856377
42.670532
24.54688
22.517462
44.01911
26.956099
22.965126
45.58173
32.43474
20.302275
21.703758
5.081601
22.711926
14.560153
14.338061
16.449484
28.884975
9.019064
11.134154
7.6147947
3.5569677
20.592041
19.493952
19.611183
11.691239
33.26492
49.557003
19.475697
35.692474
11.805101
30.156404
8.574394
13.4899645
31.952873
16.11228
29.346874
41.193005
41.113613
11.660681
17.081003
17.015284
16.345257
26.733122
21.315449
32.66726
17.987196
9.00209
32.470673
34.918877
18.603428
9.036695
13.499477
12.175732
12.279961
7.1773176
14.825932
15.196159
20.853804
23.273365
39.47967
50.91961
36.25569
13.737201
20.073866
28.180117
17.019716
8.19741
26.31159
37.398136
20.882637
26.569574
19.27155
10.012128
10.721914
25.05945
13.684105
36.365368
30.70508
4.703626
15.520351
23.389385
23.52055
30.176443
43.79794
31.081873
18.844622
26.55481
15.447805
8.510726
16.375673
20.440865
20.935131
16.463572
25.466131
19.294905
23.634188
30.828735
29.71187
27.28722
13.571017
27.282156
25.09373
16.727821
21.896011
38.27686
16.791306
12.685561
40.22906
53.103237
33.994446
22.441717
18.209944
35.184242
8.25595
63.75467
13.605427
26.655788
25.279028
21.028774
40.520363
35.264294
49.60983
45.939816
53.760284
34.099133
41.55248
39.28544
19.088097
29.976948
17.134909
33.633255
24.159874
23.74367
24.362356
24.488186
35.383244
53.49224
32.384388
31.882387
55.95649
38.005543
58.315655
32.24363
57.97259
33.81563
13.67772
36.34113
14.215612
30.205616
23.883581
9.580135
22.273455
19.969501
26.301323
16.651697
8.406308
13.735895
37.1656
21.55793
25.397558
10.017438
8.216384
31.105742
38.754948
11.766138
15.357706
48.95096
40.670883
22.319607
21.53344
10.313774
11.085315
32.94533
38.752655
20.083525
29.65395
20.960844
5.8881893
26.684237
21.0583
15.541836
20.457607
27.720484
26.62032
40.49668
12.398352
10.593875
11.611944
31.716026
23.890772
16.862947
18.180225
19.978216
14.953046
51.580284
23.76956
17.305086
5.598716
16.862059
14.863042
24.494383
11.890607
36.266212
43.26365
34.731056
31.78321
49.363243
40.38837
16.164017
16.415403
28.060053
17.720984
14.289847
51.17066
9.195973
12.258562
13.347572
32.191475
21.77061
36.81797
12.521272
15.166212
11.764316
31.6071
13.475899
21.731783
34.708878
27.145779
30.802073
13.95361
20.024586
25.09769
15.25746
29.569233
8.412887
23.326109
23.751457
19.908136
11.398621
24.239113
7.95929
14.090393
14.826277
16.134182
28.205044
46.993935
45.6661
43.969738
5.936573
13.622629
9.386848
23.16723
37.730602
14.421871
24.24856
13.168155
14.535236
19.057026
26.85703
40.539158
35.67113
32.03763
20.601019
34.646
37.389526
14.398799
15.668658
33.450138
26.417976
15.572505
20.289959
4.8934627
7.6022363
14.55236
36.48267
36.962494
47.00825
35.925533
52.643497
45.007988
40.50554
42.769093
28.859587
22.391026
33.152252
20.379122
35.41657
44.3276
29.627867
23.93884
19.669159
30.756777
64.49969
24.606428
27.673435
24.230698
34.605537
38.38077
18.05107
14.064134
38.51981
33.178764
34.22996
10.045711
15.670089
30.616526
7.448324
17.70446
8.245062
18.631899
15.824392
17.321836
33.50337
14.783856
40.159237
33.71955
49.273327
8.705435
8.583818
15.975951
6.069863
11.975098
27.33007
11.15871
17.678642
37.394592
21.392021
14.365894
36.332
15.068249
20.710136
16.797724
23.783606
15.403508
46.167606
46.932213
31.885246
26.18872
37.415672
26.089138
16.538694
42.19172
45.330368
33.866474
21.903706
31.622253
21.449474
14.076966
46.60908
36.308056
27.69348
28.06693
12.812045
13.103477
22.95906
16.405024
35.69116
17.663887
18.586433
42.713974
31.804676
25.087551
31.32504
25.31721
24.087097
40.007084
70.60978
16.714088
28.985378
25.831944
29.161924
28.140017
46.698795
40.6113
24.30741
34.33984
10.588188
15.341352
34.30781
16.720142
18.09325
20.825089
18.114119
28.700275
31.089554
10.848375
17.027025
17.649939
23.182484
16.978138
22.576921
21.152517
14.57512
30.913568
7.715768
35.470047
10.891271
20.836079
14.704791
33.31097
41.79334
20.329086
21.983955
6.6079674
33.710377
13.61246
13.285692
22.621382
40.16854
15.123534
6.967331
21.424074
28.423061
13.533473
10.730769
17.157587
15.524906
15.330993
25.616352
30.338516
19.91619
25.32545
18.966463
24.20273
13.35727
27.670664
40.755966
27.242182
13.433347
17.171392
19.618593
27.409739
12.275063
32.697994
32.300568
22.646582
35.62586
28.20409
8.512877
21.264965
13.169634
26.477903
19.083748
32.695274
18.311546
11.707843
14.340815
17.819023
26.811172
19.875803
15.893336
11.3508
20.59834
6.7689443
28.580555
24.916807
16.160664
28.901457
31.398876
21.612627
20.309887
25.590391
14.056662
20.878191
23.603506
18.621424
19.49597
26.145836
32.08458
15.918527
33.35678
7.021759
16.317968
3.877232
13.629894
12.046535
9.098181
16.559498
27.51743
16.141914
7.842717
18.235352
3.666142
12.38708
17.846214
33.006027
15.776004
15.085026
21.553583
16.066755
14.00214
7.330046
33.715336
14.8960495
18.6752
54.792084
39.69407
23.158867
27.756525
22.047457
19.035341
17.125376
27.150623
31.95596
33.701225
18.53939
20.460812
22.445213
21.229816
12.362378
9.736072
9.097772
24.493208
6.1531153
5.8515186
24.33291
9.677516
5.4955516
24.250269
10.528873
14.627916
16.334072
14.378179
36.80967
37.412537
43.98418
32.363075
54.40716
66.02478
12.798962
11.145555
18.637823
15.960594
21.280083
11.795885
23.930237
32.06863
29.985235
29.00122
15.043598
28.731756
6.441491
13.370073
14.181899
6.163115
18.935715
25.977024
21.359648
23.498486
36.190495
16.534414
45.232803
14.442746
19.060938
17.51214
18.35068
60.787407
11.37949
30.911684
6.3024983
23.868324
15.8328285
28.014238
8.202569
22.463573
13.710265
18.119139
9.795306
22.529028
29.28867
11.220222
16.294508
30.9366
46.64968
42.74248
11.925711
33.135983
45.00342
11.808359
27.28161
52.345448
17.33189
26.508598
18.991522
15.655653
19.907219
10.338261
41.14741
10.510507
30.31177
16.74623
18.998524
42.085068
17.29489
22.05183
12.949026
15.6965
19.764105
4.322193
16.619953
12.222996
32.55539
6.1302423
18.692797
29.627525
27.932968
20.519018
34.392776
23.660324
23.603432
24.743336
21.501211
44.149624
49.779545
41.838123
27.474144
7.731836
22.454374
35.610416
14.811895
18.677643
31.173733
15.769456
23.959414
16.77271
9.615091
34.210922
27.330881
16.42092
13.284734
22.053137
33.372852
36.833496
32.87188
14.568186
18.741907
33.924606
26.71836
21.545069
21.25526
21.04334
14.718732
13.150363
27.750038
31.326103
59.778954
17.301537
24.788347
39.755226
21.878164
25.290773
17.933575
8.952382
14.819126
13.051884
10.533521
23.455767
13.919243
15.215327
15.456766
24.474737
27.964024
22.70569
6.215279
12.954192
8.300177
20.959572
18.968521
31.158152
39.771236
20.336357
34.539547
34.055317
23.901562
6.0608964
33.733265
18.01
5.767918
24.875568
16.01309
26.761938
41.94276
31.230034
35.5524
30.286045
29.334955
32.382164
51.400196
49.02762
54.64377
25.774693
29.400097
12.544642
12.038736
28.689716
9.779383
26.93388
9.068444
18.058863
19.478155
16.047567
15.161067
4.1629577
19.349909
17.767084
21.033073
25.186218
31.890078
22.024303
15.125497
13.566037
11.120536
10.615888
21.996748
21.441084
7.7747927
12.411002
17.960457
14.100385
37.27831
42.159477
17.344318
19.748405
36.56152
29.802307
15.14063
24.941853
19.185017
9.3949375
23.514332
9.742531
12.114479
22.414333
17.717648
18.512062
9.6274805
23.641233
17.81737
9.800048
15.172973
20.965496
10.044692
14.388096
18.210068
46.49392
20.746326
24.409775
38.3489
50.237328
11.549984
19.68511
37.724895
26.876719
8.861695
51.929432
33.2787
21.205791
16.707565
7.6471486
12.459912
37.93924
14.705144
7.1745424
17.282751
20.80204
28.953733
48.794086
21.568026
26.263369
31.368114
19.47818
33.221405
25.90852
9.087083
21.364346
18.410015
14.426476
42.6502
36.020206
52.051422
30.531391
35.572742
14.353568
24.661867
22.57639
16.297527
19.368288
17.087631
18.662498
14.304287
10.932583
12.590277
27.353905
10.710416
9.880746
16.599796
27.946003
30.533735
20.224411
34.001118
6.160127
15.330502
12.719614
6.6882067
4.093833
24.544092
12.785467
10.025483
9.728556
28.450417
17.087486
24.278498
24.438183
25.145937
22.591913
12.65418
17.098076
12.1560135
19.965145
25.987717
27.121782
29.822405
28.039484
18.332191
15.026789
9.656022
15.677241
17.310326
19.646734
24.264006
15.369021
12.620779
13.345299
14.715773
14.19445
15.218544
25.738934
29.311424
18.085854
10.00995
34.553696
30.693089
13.670484
18.372017
13.808972
11.470818
27.774164
4.9963446
18.465569
5.5993237
8.426367
14.895272
32.22856
15.544248
13.904194
27.261024
14.899794
26.112246
9.912162
7.5169697
38.16433
24.09381
15.852906
24.256433
31.053211
29.06366
29.421247
22.660286
44.0666
36.677444
40.78299
12.316575
20.404716
7.6218233
17.216621
16.572382
14.570354
20.438377
23.885181
38.149277
45.789032
20.656963
25.021729
35.161587
12.717674
24.747292
18.077168
23.315231
37.50597
25.902107
9.09616
8.327885
24.822397
19.618494
25.038742
29.817717
29.654823
25.839907
22.29282
46.08385
14.46301
23.511309
8.589381
28.45103
8.17851
6.603306
7.731497
13.986058
10.547776
14.68885
23.691156
23.210884
25.45794
20.038471
29.183876
19.820148
37.266758
15.854459
27.42264
19.118347
4.8793387
15.642915
17.869688
17.159761
18.930357
43.988243
20.773159
12.11313
22.880108
16.897755
16.557026
28.643965
63.448936
17.010866
7.82432
16.88568
17.322174
15.122345
9.607822
16.887447
14.973187
8.829367
21.382221
22.619614
5.5156627
20.7528
3.588675
10.635447
23.414196
18.953768
14.127286
14.349702
20.388744
17.051798
12.53499
4.295326
42.284603
3.0963187
17.110779
10.283472
32.66416
32.374035
7.9300017
31.117176
24.13254
15.712948
3.102235
40.92823
13.47161
25.732311
24.363909
10.347282
9.959879
16.962627
30.277227
18.184893
9.709202
15.476402
25.969109
35.26177
20.290195
14.113525
15.072241
9.940818
30.719769
23.73584
26.608461
31.217552
36.026558
64.46202
58.28299
78.76947
27.745577
9.996432
52.72091
28.44875
33.109364
24.650917
56.288242
61.384598
29.318697
41.280468
22.933987
20.625986
22.947805
55.549194
26.795172
34.080418
17.236143
22.30046
15.768532
13.740465
22.510958
9.480838
14.673423
47.57838
25.785364
39.261578
34.517197
7.7929993
29.51173
19.175545
12.010991
21.321775
23.544945
14.50347
7.714541
10.634392
13.322195
17.35349
15.495092
14.583904
19.90551
22.725296
27.202759
7.317415
8.418853
14.795067
17.274317
8.79903
21.345566
28.173094
38.410236
14.586903
14.458355
36.837635
46.02317
5.205752
17.357162
8.27769
22.940865
17.552193
14.576477
16.706758
32.331814
37.758244
49.54809
38.80799
30.92965
34.772987
19.482035
18.85204
13.968454
38.475845
11.162191
29.761457
7.937553
5.911646
29.95825
40.40211
31.147192
25.855051
18.528336
7.6248646
19.786366
16.993034
23.583364
14.306943
12.27705
16.929527
4.3601108
19.57449
12.170889
7.856469
29.487825
16.646282
11.793836
31.339407
24.41517
19.87321
38.756126
17.662378
14.659789
11.374761
8.683454
13.22801
7.7140856
12.666837
21.365263
21.748186
11.341907
15.646126
4.495582
22.092329
18.67237
25.440918
45.38538
15.844069
18.88001
22.902151
35.140736
31.404612
15.80044
27.697603
11.413525
41.814075
46.550114
52.737953
54.695858
47.482906
3.3864264
14.085335
13.853228
17.341347
44.166298
44.755356
18.465235
40.543243
24.921537
10.617897
20.199827
13.121551
36.102882
22.200996
39.215076
17.997368
28.782228
34.719067
16.722075
21.796755
9.5890465
34.662247
19.986744
14.233906
27.978447
20.357098
31.302746
29.788723
21.281963
22.82519
25.460186
37.631145
17.33374
24.485878
26.4104
16.801062
23.371193
9.52399
21.045732
27.207745
15.358609
20.485619
48.127705
18.951189
13.423875
24.212181
13.7334385
17.819756
5.5259814
12.261958
8.050752
13.684549
10.208795
29.006027
18.145231
12.420982
12.766694
10.550451
24.861574
17.120098
23.075377
18.594727
27.964062
12.3332815
21.765556
13.53393
43.602016
29.357471
20.227367
19.302149
11.176098
17.980688
16.450912
25.10708
22.230541
36.132996
26.23585
35.870018
27.359846
43.61895
28.128252
41.234005
24.076834
9.501545
17.132318
4.569623
21.737219
25.217657
43.541515
12.985481
39.699486
9.710321
19.34607
14.651668
15.713753
26.09231
7.8188047
24.311302
8.699762
5.9795284
21.525618
9.978415
24.394096
16.253023
20.882725
22.066156
17.025558
25.445156
15.450605
31.917503
6.4959702
35.287556
13.661315
28.73025
21.644201
27.000969
29.720991
45.732677
13.491459
16.321756
35.282074
19.462135
16.26878
19.47123
13.181719
13.433463
23.541224
18.764591
6.0956917
7.8718486
10.540359
16.54869
3.175235
9.004106
14.200278
18.54667
26.037138
9.826025
31.71522
21.680544
20.197292
30.754263
23.387627
24.766285
13.7435055
35.396023
12.541988
13.311604
32.24513
41.594814
20.168755
16.424393
13.643712
15.496334
25.531528
9.125076
27.785288
31.565884
48.662113
40.263016
32.53339
23.860952
24.34622
42.006664
32.540665
34.95632
5.2967987
14.400639
23.237339
18.388973
15.234885
18.885109
13.897301
32.277035
17.722557
14.510654
17.430689
22.87807
4.7809434
34.697582
27.877474
37.72658
38.695187
15.89508
13.631833
18.880756
10.127028
24.206446
32.254257
39.484287
18.203133
15.530666
32.713398
9.717401
25.743069
43.135826
22.117466
49.812008
60.046097
46.80474
35.08236
33.661118
23.29944
23.894915
24.955357
34.28189
14.059319
10.642555
24.06046
7.708773
22.418694
11.02956
11.142536
25.058985
14.057649
26.220469
12.139863
30.967653
35.649906
14.8589945
27.140093
32.723827
25.341215
19.949816
8.730465
6.3093777
20.555788
19.639072
17.46605
29.77113
35.009197
27.966188
62.09582
47.769283
33.999954
24.392202
21.01341
21.081505
57.12625
47.69465
26.75348
8.977996
22.385845
11.930628
36.18102
8.750628
22.979494
15.780305
29.747248
23.5346
20.158325
16.144224
12.158949
16.910067
22.845383
23.920261
13.011902
26.783579
11.031115
20.866806
25.418386
23.78025
6.7854815
27.937935
17.922523
24.349285
38.80338
21.306395
26.222383
17.48875
13.360902
10.655615
25.927124
54.39155
59.33189
37.02755
68.83904
34.457573
28.01451
37.843067
56.91233
61.747116
53.79131
37.931545
38.197296
21.035236
33.019264
23.1092
36.59113
27.679922
24.82639
29.338774
31.017483
19.30755
26.670338
21.649397
12.68651
15.82768
23.42915
16.261564
19.171497
26.55502
15.7768135
16.781277
13.885493
17.618057
19.137463
32.94646
22.639439
17.691114
24.559032
41.49142
25.722666
30.311438
28.306555
29.369114
37.059975
18.54342
22.085835
11.541983
18.739943
18.37473
30.045916
23.133995
20.83213
28.935509
20.207115
14.487131
24.451946
14.2544775
24.268566
17.637035
21.561665
36.79157
10.222202
8.56885
32.822235
48.16416
54.091305
47.42796
37.492138
30.888779
25.784492
7.4627666
50.407227
20.40238
20.537449
30.75825
47.47212
6.157361
5.193201
13.502002
28.202158
64.61852
12.356823
13.267403
23.617247
15.1161
18.912985
29.788076
20.298641
27.537304
22.255173
32.05247
47.189686
18.885382
25.326216
2.7659802
35.270584
31.796675
33.964787
27.049622
13.930005
29.056423
16.863083
2.5022454
18.741938
11.183611
24.87574
14.816314
12.764737
30.960333
5.8885756
44.932785
3.6475954
11.618286
11.479889
8.595735
31.957176
23.44251
27.445152
22.575579
20.964886
12.962872
10.935785
30.142149
7.7501345
22.466578
27.541594
15.4470825
10.459302
13.710549
27.080532
15.336378
14.692964
23.960793
36.60878
12.0177965
18.730362
20.046541
23.533781
26.044401
20.13124
15.4548435
10.641231
20.036615
18.949326
14.143342
11.583846
25.582115
13.877542
10.31916
10.630926
24.96275
25.284788
34.17506
22.683643
7.0864058
24.31359
11.69953
24.539436
7.787413
22.745033
19.575294
36.868324
10.405774
11.089331
20.89281
67.09602
9.310535
34.69813
27.093496
16.783363
41.078873
20.46118
13.232026
15.102726
17.867094
21.506655
6.804319
33.847946
25.52484
25.856045
5.9325395
12.532487
28.788301
3.5551367
37.332615
20.454206
9.859282
8.517539
19.192165
10.32949
17.656784
13.232269
18.972857
8.43863
12.372032
13.528935
34.569016
9.228465
28.923845
9.392394
13.521917
19.13257
19.943384
25.363642
51.93511
18.169153
32.351646
27.66764
17.893103
14.7715025
18.477777
29.002337
16.933249
10.877376
21.219135
12.53748
17.922396
37.253407
14.419369
19.255224
20.54355
8.631581
39.410145
22.376282
10.996642
33.666306
15.285901
25.76865
17.737955
26.744917
23.866594
18.95172
36.472946
13.891493
11.353388
13.597845
19.10003
21.85621
25.298874
14.586549
15.43116
11.735928
15.370444
19.991222
16.375866
7.869681
21.380215
12.882923
30.822308
16.250877
20.768574
37.27847
9.960402
23.754522
10.444022
17.710867
10.501706
16.003681
29.713472
19.450264
27.164312
43.898643
31.732529
21.980661
13.831058
4.1321497
26.487547
52.080997
40.180336
17.946798
29.330664
30.697868
35.412357
42.73241
19.926285
11.454962
15.816524
17.744576
26.184227
19.19822
47.296566
14.414702
21.190535
10.559698
23.904718
18.484943
22.394356
10.888688
11.167642
19.82365
26.346458
9.36282
20.798529
10.293004
22.558575
13.657675
27.22985
39.528282
37.280754
25.289366
12.846735
21.886282
6.2856975
60.27579
3.8168347
25.294985
18.480083
31.576317
22.255949
34.075302
14.767575
36.944286
21.221165
12.839653
12.522709
20.003433
22.917822
43.203964
10.266305
21.271233
9.905274
20.308142
30.371347
28.86155
23.058815
6.1050124
20.06106
15.953545
29.362522
22.388174
24.00087
11.685426
6.377455
50.91071
14.160426
27.26844
9.0807905
18.398155
16.563984
22.856789
38.81844
8.0311575
28.074451
10.650768
20.863935
7.39091
31.917086
61.582603
17.201525
4.6804385
15.237826
21.26879
14.093631
26.121346
22.839806
25.916773
10.637365
4.424098
19.653624
21.058908
13.859208
15.917228
15.122492
9.598355
7.3171325
17.982222
6.519996
32.284264
10.288619
16.877274
11.651546
9.746964
21.413176
6.868351
14.128662
30.57136
3.0067859
7.6721454
9.167946
10.409968
13.409508
17.937214
12.818084
27.796534
47.78562
36.954086
29.483755
30.02895
29.633612
12.960424
30.46489
40.692654
26.983967
25.02763
25.32651
19.05219
7.0000343
13.407383
35.800648
19.36954
11.0216465
20.840693
15.871979
23.674082
39.413303
12.158307
23.847063
12.770896
40.147884
63.910633
72.25872
72.10559
70.88324
41.087967
42.5297
18.496557
25.043901
29.451933
27.07312
34.59854
31.279282
30.046614
17.1182
21.42209
27.760788
28.438343
3.658638
33.12124
27.360573
8.724768
24.405281
16.134245
10.76213
19.57942
7.58871
30.775202
25.227028
18.801376
10.289966
36.208263
53.3295
24.389626
28.07958
22.173347
20.083319
33.94918
21.891346
35.754562
8.941105
29.759367
35.88513
17.26853
13.984961
10.159536
17.57972
25.162739
7.9339757
21.541624
15.479473
30.768333
28.926607
9.351377
25.807114
41.76423
34.52233
15.532468
20.984077
31.704756
12.935851
6.535417
23.23516
34.17577
12.394696
13.153319
20.451452
46.072998
13.337129
28.685347
9.070408
6.8446236
18.057123
14.758711
27.09745
17.165363
22.94994
3.673741
25.196613
60.729218
21.691658
20.957623
12.47205
7.2878785
21.13758
15.375897
23.50447
13.723789
19.750175
35.860176
25.112644
17.34642
10.088419
10.808239
25.563557
10.217083
25.585838
13.4280615
25.62901
24.06384
18.942675
12.824438
10.0059
34.02581
31.148705
26.066853
16.920193
17.325844
6.4864006
15.127856
7.303607
14.303374
7.516418
11.799556
9.206251
24.302946
10.7622385
16.829142
20.30973
3.0467618
5.467618
2.7177978
9.53215
12.688486
45.074154
13.664349
6.8038597
13.3076
28.499588
14.767422
20.833199
9.93399
35.423153
34.6813
29.83778
30.959278
24.033306
27.480602
29.285086
20.513348
29.126385
27.674583
13.060367
32.24202
11.5471325
7.036446
29.517673
25.087055
21.101368
12.193177
9.279856
10.919914
24.744635
21.875877
15.328513
9.795737
9.486246
8.884486
29.453463
18.794214
45.383404
6.399639
17.939968
13.251996
15.505223
27.109814
9.066497
20.667988
8.127366
27.093805
26.953058
9.696508
24.937996
22.564438
13.090099
41.658535
29.9321
69.39478
18.08108
16.962572
33.115578
14.8138
22.549421
15.195351
31.413803
7.5567694
24.146635
11.559403
25.178652
13.048331
10.0398445
17.580935
33.65998
24.903465
25.170605
22.671167
16.494114
17.099861
9.092609
27.661846
10.564098
40.719173
34.93943
25.456184
43.403736
16.828655
20.80969
24.69886
34.081654
40.718643
27.073452
23.27048
16.377832
10.921901
13.427705
16.685614
22.388218
19.413374
20.771687
22.795982
18.119534
14.191625
10.12254
21.567305
21.692528
14.651004
19.361052
30.165146
11.869072
21.658302
18.257431
17.993921
32.813896
17.24852
17.65745
9.21748
13.412711
15.935424
20.68607
19.554266
24.03166
12.326347
31.126345
9.253673
12.915981
30.109863
18.716358
20.882998
19.606653
12.532856
27.135147
12.309242
10.211692
15.638174
14.959491
12.145446
20.774363
35.719654
15.471304
13.0283375
28.988213
11.935772
19.73183
21.467371
10.394044
18.040125
29.583313
16.805668
26.050999
9.697244
23.305065
12.002612
13.878657
15.681868
14.800376
12.3357115
11.990669
12.092072
11.984204
11.33174
23.80142
14.143441
12.201322
24.579344
10.7311125
12.310007
21.210749
26.069458
25.449621
48.63044
48.966476
54.8749
35.714054
17.725588
29.57851
37.48866
47.72743
38.087955
23.542883
14.208443
18.63099
14.49476
31.39596
46.324253
22.667849
27.694736
18.008677
27.425138
9.281757
12.871603
15.395134
15.072979
27.002588
24.521458
17.732384
30.399298
12.792869
15.476706
21.279146
11.705644
14.2223625
25.731602
30.50343
16.68456
23.289955
20.52423
29.240686
39.484787
30.545237
15.290453
11.574533
11.310909
17.015444
28.49835
21.511992
26.88553
16.516575
35.65479
25.004045
26.900295
29.645924
19.69227
33.088345
9.760133
8.826018
28.559395
38.339966
13.5813465
36.982788
8.645807
12.404271
14.605717
17.52842
2.6143067
15.314396
25.671453
45.919594
24.176968
11.038054
47.46415
18.1124
27.49519
29.392387
34.653553
41.660507
29.283545
25.331602
31.428755
49.23701
23.36803
25.367382
9.668092
39.376965
12.216295
34.279205
29.796719
18.151299
9.735693
14.073686
10.023903
35.62163
22.274063
20.104563
29.334095
36.45687
20.168224
24.867172
18.826658
38.12038
22.879807
31.105728
39.05005
21.188702
33.344006
30.787224
44.049473
14.396161
20.671309
8.41961
25.221382
14.916235
20.883677
30.717304
10.211569
7.340898
16.604473
6.779816
23.385069
42.001137
19.324318
35.997356
30.772991
5.8174314
14.324488
18.433945
16.819809
13.690891
11.99078
26.859514
16.425158
9.996928
10.898068
17.183384
11.381333
9.06593
11.637967
8.750786
25.923111
11.110922
8.350183
16.110811
12.4514675
9.088007
28.322899
20.922415
17.526325
19.174492
25.134926
5.1185465
20.801102
22.05024
13.174191
12.455439
12.537622
17.652441
20.004549
17.10855
39.545975
29.549217
19.42647
11.704198
15.129374
23.313904
18.864805
12.409374
16.818186
33.488155
13.984278
19.594149
13.894942
23.69382
28.927485
19.901731
28.48552
34.67497
20.541758
26.585432
15.861156
16.273954
25.486282
11.538876
27.658604
31.792479
44.052174
18.173033
9.1031
13.229458
31.563993
10.042252
30.352533
7.595758
24.582981
40.65664
21.010857
42.195065
6.9942083
16.139458
5.763132
19.034727
20.64714
18.614935
32.021595
30.812613
16.988647
29.795412
27.137213
25.321718
7.7708416
30.901749
16.304092
18.437738
20.236944
7.074101
6.541217
31.37931
22.92666
19.948538
20.327711
9.824978
29.619612
12.147733
6.2015166
9.29324
19.293499
18.939802
27.850754
24.391836
14.730255
13.749613
14.15078
19.64095
31.094406
54.562027
48.151806
48.877018
49.566544
51.344795
46.108486
51.6069
11.182474
25.267485
19.464066
26.266424
15.815525
23.56527
13.294683
16.828876
32.050137
33.24472
79.077034
48.034843
50.26339
39.417294
23.713516
30.976868
19.619017
9.057089
11.788599
26.651064
22.471289
38.9521
37.789783
23.924973
4.0379386
5.919204
26.77302
21.677881
27.86515
20.508434
41.853683
52.971832
12.847618
20.586939
17.308098
18.891502
10.745762
14.251301
27.757177
16.128391
15.117064
6.8533454
17.588434
29.379936
23.984324
19.123539
18.8249
7.0960956
13.083889
18.592167
23.165152
24.716362
41.007557
21.303251
17.11767
21.338255
19.982306
23.616798
21.502386
23.47637
11.294574
27.630919
27.701588
19.569483
13.181666
10.009128
20.457748
17.10118
20.42848
25.777666
11.475368
30.896385
16.671497
4.3405333
10.839926
9.798661
12.457259
8.480673
27.94267
55.042057
15.179951
35.720634
38.67468
21.099522
51.57729
21.392864
38.586014
35.773426
21.75734
39.719193
18.06192
30.50971
19.847977
6.773274
11.811738
12.143667
20.07412
19.874586
27.875086
14.416579
32.93956
11.530079
14.145014
27.309616
25.16145
56.293724
29.035622
16.155626
9.376732
13.564672
1.9083759
15.799189
11.286316
20.8081
16.8932
24.339327
32.489017
4.89935
7.128804
19.375969
24.864555
13.27979
19.439333
18.946005
22.725307
30.994024
23.223364
28.141325
33.072426
32.659508
20.880808
29.022915
39.30603
28.467373
20.948313
27.481
20.221077
14.807683
25.876846
32.237423
32.58773
44.272198
19.558464
19.659784
20.897314
32.134373
12.310822
10.767093
16.141241
13.897794
23.766047
18.305038
8.116816
23.853672
22.15229
29.058172
13.264565
23.836828
9.380666
15.766802
20.843374
29.499834
21.990211
8.23488
21.12165
27.66302
12.620881
27.374214
42.914772
17.569439
11.17474
7.5927434
22.328796
25.191055
25.53529
22.586592
24.233536
14.522683
8.263895
17.022285
8.25756
23.988222
18.5664
19.95468
20.87003
15.804115
21.640745
9.5186405
5.057159
5.702482
8.745895
19.314665
28.401892
19.343666
8.624591
19.071978
11.991948
7.8944325
16.62043
10.369115
7.3023787
24.68682
18.301949
15.458649
10.208324
18.443989
26.202383
7.418126
11.933176
12.567479
14.577156
17.350014
39.404694
35.96672
26.232685
31.786827
20.34886
11.277977
22.228603
36.179485
27.30311
21.937075
33.401512
6.0900254
20.163738
10.258454
30.352972
7.1539125
16.97943
14.071316
21.116169
16.585577
31.301125
20.916548
52.582535
19.619812
18.462069
19.101826
27.203072
21.014654
47.688953
33.708664
25.627798
45.030983
19.361631
23.960045
24.869383
39.241787
25.59825
33.87359
2.5215352
16.408619
26.312218
31.600597
30.231098
14.967216
13.783802
6.8734922
33.704227
17.65538
8.00306
20.838835
31.50165
26.954151
25.363516
23.597923
15.68665
11.287891
16.001808
15.513781
10.236275
21.504606
8.31639
25.40673
6.6283693
56.12589
37.256447
52.160736
39.586445
43.74071
48.560997
15.668042
10.420484
16.630077
15.517625
38.662247
12.04675
31.258194
31.91954
11.2520895
16.502342
19.936756
30.021177
30.364561
31.938173
33.401344
23.977785
24.506607
25.947762
28.218054
10.214704
22.395664
30.784817
14.379373
29.066214
15.18416
49.57527
62.397606
36.59671
12.728115
18.267315
14.615022
20.923794
7.3262634
22.567266
2.5704412
7.1865773
7.2577953
11.5580015
15.850836
10.819703
19.851662
10.560882
13.379852
12.634182
11.175091
24.526793
21.577122
15.813598
17.706005
16.98728
16.700058
40.88123
41.373425
9.864632
42.005646
17.480747
16.32479
17.47812
15.45149
19.93428
27.479153
25.215897
41.795757
17.321466
21.429571
49.872734
47.505604
45.559727
45.748993
70.995255
47.979504
59.448936
58.896988
58.30465
7.2460155
20.089584
7.683506
42.248276
24.86221
23.312544
21.326849
22.45978
15.871624
14.331917
10.869171
9.155856
20.703955
10.199415
21.724426
6.487307
8.1991415
12.347736
21.088118
20.064816
44.520172
13.628409
11.05861
19.325722
19.080566
54.090836
9.709959
18.851751
11.171034
14.191309
21.10639
11.046109
25.20732
17.825247
22.954767
23.704025
54.593388
11.167445
26.015501
23.830532
24.22885
28.914845
24.610641
14.547964
26.70859
56.32982
17.051643
14.604169
30.307808
27.114302
26.431416
33.022633
32.891495
46.260033
51.96299
9.305682
17.072302
19.130718
41.208057
12.72833
37.33983
32.076683
13.217554
20.985867
16.131926
10.728246
33.911793
14.578117
13.896872
10.575251
31.215836
27.680044
12.464511
14.626516
32.77775
11.558424
23.56927
17.377665
21.773989
20.897223
38.334766
22.952393
19.766857
44.759544
54.22626
27.638472
44.84017
49.429237
42.84129
33.918365
44.156754
47.983078
46.085728
33.9333
27.126476
26.806421
16.941454
22.92375
16.441183
37.29507
6.5963717
17.256233
25.006218
42.51957
21.645008
21.129372
13.466334
32.472843
12.095
49.084667
41.28057
25.917925
29.736107
35.476704
25.970566
40.162952
32.864536
23.762493
35.256264
32.87681
9.245103
18.088276
19.941254
38.672333
51.29494
53.44486
6.1470118
35.086407
14.792028
22.895584
16.165558
9.531469
10.881575
18.753286
17.950678
27.26994
10.651825
15.995061
21.762419
8.890252
28.715378
24.474424
35.136234
32.359127
35.353268
23.240908
6.9875016
17.036705
23.549171
29.43391
8.622601
24.707241
32.12116
28.867363
21.876413
18.159233
27.222298
21.04322
17.309437
22.114426
31.635008
35.527546
26.996208
23.519241
34.267715
44.843327
10.0090685
15.002729
13.915023
12.855328
16.736284
7.3995886
28.814539
26.375809
11.81243
32.369522
13.8282385
15.322297
18.905565
20.951792
20.795954
27.054348
22.473421
12.754385
21.880705
29.288647
66.32295
47.236935
38.64353
25.609339
27.12453
28.606823
46.5654
19.259184
13.250043
18.772243
10.999603
24.770977
13.446641
17.763268
14.351707
33.63727
16.02045
7.3135624
11.060114
28.287281
30.213202
17.54578
23.231855
8.764341
13.423637
16.272682
14.971415
22.125172
27.967144
17.77184
31.554834
37.142193
10.548096
22.187017
19.309834
19.935898
30.96195
18.92424
23.819546
6.3493395
15.684559
23.276545
18.255415
17.973902
44.097603
48.880463
6.989086
7.6306553
16.515736
4.238018
21.302021
15.634995
24.445847
47.67074
29.287697
28.130833
24.007473
14.633341
19.245232
10.787239
12.849177
20.876123
20.101105
25.0557
17.200682
23.44396
10.947928
27.852106
49.691605
43.18602
12.9335375
12.6681185
15.857741
21.97462
29.012917
19.704226
12.785509
12.540271
15.447385
16.16327
21.419912
21.30542
6.1568894
21.699812
20.449244
45.40374
22.777578
5.5909038
31.1363
48.67899
28.104948
34.149895
28.77561
23.664583
36.139416
28.363653
15.389809
46.75563
39.322903
62.3504
82.13057
38.97321
26.760536
9.605141
10.159611
16.519663
9.315582
13.927906
7.2811775
5.0262113
9.347296
30.209862
27.07617
10.073221
19.108568
12.32019
27.32599
10.221682
17.259907
14.54674
9.259244
9.79079
18.36627
11.650302
25.248167
22.717667
23.434752
11.870469
19.57464
15.970814
20.408972
22.377039
33.032036
23.583582
18.300234
22.542942
19.786797
45.830204
13.462476
13.371582
36.122173
35.755077
14.337874
15.114802
23.485203
11.947627
23.956558
28.900383
22.440832
21.70897
8.047891
34.537144
3.5667412
12.18189
20.316414
11.284571
27.25852
9.628901
4.8390193
39.42966
15.592879
17.52597
35.8928
15.415302
13.874991
28.294418
36.034184
44.844505
44.255394
22.547966
30.04961
37.90681
31.792252
27.644035
22.901516
24.229021
33.48164
26.30358
37.415455
25.837793
27.046131
42.402878
35.894745
50.093704
59.221962
64.78977
51.475815
59.328056
42.380234
20.637695
17.029022
26.786308
13.936276
23.43602
17.180475
16.073202
27.331093
26.774254
14.349707
9.706447
16.285027
20.227638
19.875086
17.01243
25.621082
37.487377
39.44907
42.167587
42.31938
45.543793
26.502346
44.154415
39.596684
36.463097
39.167423
37.344536
29.41828
45.458637
33.122658
29.14533
17.938066
35.79007
49.290695
18.70083
9.577284
6.1520066
28.842064
9.550581
15.02349
22.716682
12.910927
6.0915327
17.907768
13.383593
17.886639
21.410774
10.690884
5.1393948
15.774074
11.216096
9.484614
19.091602
12.827021
18.477655
24.86106
14.453338
16.299644
9.754875
20.314045
27.986242
14.402352
18.807083
19.719742
15.018337
24.541756
16.118538
5.358383
18.569544
12.28438
51.16484
37.781586
49.0671
47.04999
63.0873
49.03299
36.52962
27.105034
23.482344
43.3606
40.333065
38.205555
64.817665
36.31061
47.69767
52.24432
13.76808
23.31108
10.18235
36.809322
23.783659
35.845604
21.906187
16.470486
18.70228
2.4908159
46.28929
12.348431
41.14281
19.532476
6.4384894
21.043213
51.90377
10.2652025
34.161705
9.160265
19.005474
10.6789255
21.183205
38.725033
4.225323
14.353985
9.644734
18.91904
11.120946
17.262419
17.421333
15.386787
18.265186
20.86184
25.9606
29.107428
20.304056
25.413565
14.157834
20.774755
16.0619
16.792175
15.453909
20.65543
20.790562
13.11697
24.431316
16.584675
47.694202
35.581234
30.90027
10.692936
13.929157
18.7911
32.84729
8.935909
23.978365
14.896628
12.83036
35.641796
67.88068
21.638462
18.617126
13.038263
20.353
15.858821
4.446432
16.1204
17.740005
29.95315
29.687302
30.546528
29.841228
28.506783
21.213726
14.640914
21.282154
12.48637
31.001726
35.00451
17.906662
6.530121
20.378557
42.575035
10.200969
28.438494
28.104609
31.82772
63.739853
51.427628
31.577375
56.34003
43.881657
34.703068
30.468801
11.837826
13.8988
20.475445
11.528451
28.748224
16.61788
49.380768
38.63368
45.378014
49.631336
25.424395
24.03004
20.458645
28.569494
22.891502
15.16821
8.731596
16.349596
10.705133
22.177553
18.019396
9.489493
41.366226
29.277088
29.777159
36.1487
58.390457
11.1926
27.07863
31.115053
2.5371978
25.19805
33.860226
28.354807
26.793518
10.488447
29.850786
16.819286
27.404984
30.339008
12.95671
24.82515
16.023046
18.99682
16.620573
17.809673
12.801733
9.650086
12.978951
25.4675
21.67097
13.675045
10.960023
8.794675
12.671099
10.876103
24.310335
9.27351
6.836147
14.782082
35.43401
21.741884
19.55295
17.638668
11.014644
27.91164
20.46745
9.500514
12.087234
51.83192
8.574038
31.508987
14.166125
29.318535
4.576718
32.425262
24.180208
32.539513
12.3967285
13.464858
27.130735
9.7323265
20.082722
27.811577
16.06517
7.2192907
21.376266
10.640612
30.756618
16.464907
39.937916
24.76572
27.085484
9.757802
18.626543
17.48078
22.764925
12.807621
34.203674
24.51857
18.170042
36.61046
28.826729
16.638174
27.250254
22.084942
15.484349
32.30504
21.415398
5.52005
18.04647
44.881054
18.301207
10.446302
10.849303
9.939913
20.182524
21.337393
19.899137
13.709232
27.36893
11.864126
17.193628
48.93516
37.773144
16.315088
13.629165
27.991812
14.19509
19.677595
13.002026
21.311596
8.776578
20.435143
31.419537
38.09881
9.848444
27.062172
11.027127
13.359333
42.84905
26.368347
6.617894
34.686764
17.075645
30.370468
21.394167
16.36167
19.6834
21.993347
6.695135
13.107749
14.647224
11.818716
24.245117
17.825624
18.826267
15.905891
31.559237
12.686182
18.385836
11.037616
21.432829
14.197042
4.6480393
23.668188
18.551079
32.9082
9.418017
14.735107
26.51328
16.9421
17.386127
33.7825
21.736206
20.886824
23.261667
61.612408
10.621059
12.863559
23.899256
19.867546
15.27704
17.176672
13.797153
12.784695
7.038321
23.849216
37.297657
26.034395
48.98216
33.515278
39.076767
24.72856
17.843176
19.645054
23.778791
40.5866
38.441517
26.849554
35.142536
33.32035
20.673155
30.393234
12.648184
14.074615
28.43633
29.189941
11.106393
40.959866
16.55729
17.527597
3.5340235
9.090122
23.448994
20.130787
15.8678465
7.4484444
15.648608
14.333562
19.131798
13.775464
6.434682
16.023336
36.293465
25.19644
14.359636
24.617508
16.351858
27.436628
3.0006475
19.100607
22.881708
22.47712
20.16746
30.49597
34.9536
16.512402
30.705835
26.678703
16.900213
22.698303
16.742113
24.7808
41.319653
33.556885
23.707851
38.851185
47.06934
36.15591
21.10309
42.432518
35.832745
35.53694
35.404423
23.876337
25.361206
49.0455
54.11019
57.83554
46.214264
65.51794
39.714546
43.763428
48.132763
59.0704
29.03016
12.57767
20.408855
28.236588
46.471203
12.262839
35.232304
16.043177
8.559827
22.754597
24.54766
9.057274
27.23
24.656153
25.617498
29.018562
25.5883
21.92198
11.168034
8.370693
25.817127
12.681598
40.484863
30.069885
18.828712
7.7206397
9.07806
16.050919
31.45698
15.305506
16.483046
13.719632
14.117797
18.947424
7.14328
21.786375
19.912252
36.615677
26.759455
18.200783
23.699099
19.368406
24.393814
20.884459
18.06479
16.963621
22.889036
24.803171
34.200615
28.485369
44.56794
28.098305
49.88487
27.053913
22.30274
17.385391
30.421253
29.621841
50.594883
19.30553
19.928253
29.696924
14.6757345
25.935041
24.032959
29.412834
12.810794
28.684898
12.170001
21.354944
9.343893
18.86491
10.7017
11.111898
31.179932
16.599764
23.803661
21.427174
24.63649
29.106367
13.294565
13.809354
44.016754
16.436632
31.811123
8.925311
21.678778
21.534697
9.225978
35.63523
19.455967
16.592405
18.162378
13.929597
24.678974
16.631
13.910331
13.299405
13.670087
9.1891775
28.617573
41.675987
13.218951
11.193264
7.3616443
8.781436
17.308708
18.995667
35.863476
11.436396
21.730955
11.139475
11.783847
17.90653
13.983677
23.554163
27.959324
39.465626
26.414585
19.427221
32.49088
8.175653
14.991474
27.160795
41.6736
40.997612
41.86985
59.359325
40.005524
59.45539
7.4157186
17.285225
8.988076
36.037746
9.741984
13.119703
11.653531
15.359929
20.196465
16.39476
11.543726
13.191048
28.57514
48.817944
58.302315
44.626343
23.16896
21.397053
16.050661
23.40432
12.106702
16.237637
26.911064
24.493563
5.453467
19.02701
17.887161
13.1682005
25.600838
32.865826
23.29731
5.3700275
29.823313
41.67671
25.772774
19.01319
32.02452
15.253864
7.5974097
11.948068
9.303811
20.966002
27.04445
9.2805605
25.457788
18.695107
22.16106
14.971615
27.170395
31.092457
16.370441
11.437715
8.782704
24.96739
17.779284
19.109661
23.678957
27.13794
9.508636
30.107302
12.914485
19.822485
26.997051
14.819222
9.653762
17.340357
27.44702
21.363134
23.339645
34.327095
10.923738
23.19376
31.731401
12.6669235
21.158363
11.470792
18.444124
39.41528
16.102507
25.606274
29.706318
51.4085
40.96361
12.670659
23.663383
22.048412
20.762468
26.132479
15.88803
10.667795
16.788452
31.860003
11.348993
5.134642
17.122833
17.123686
25.923498
6.3382826
25.456455
14.305189
27.623598
22.412792
35.736057
9.893217
4.9515104
22.720457
6.783755
2.6303113
29.902973
11.676248
21.973198
25.114874
26.603933
15.283234
8.6542635
15.670206
29.478039
11.785924
9.973432
26.307505
19.015388
22.530577
20.5868
22.17459
17.973251
57.6484
27.352346
31.15124
28.258152
25.23843
25.345726
16.54403
12.389541
20.691538
17.838242
7.656032
22.52559
16.649803
15.396348
11.7759495
20.59056
20.996475
24.183374
48.237038
28.03821
34.673283
29.027027
47.327793
17.480597
26.054394
30.066614
24.581465
25.98954
16.86272
39.624466
32.72242
17.692871
31.633259
19.356825
4.3230133
18.490484
20.833992
22.290064
21.06235
24.727533
31.903757
21.213205
56.787533
13.257752
16.552362
22.694038
33.453667
37.613777
29.247072
16.668333
30.589235
44.86433
24.426418
59.87085
18.04902
22.759758
24.417725
27.911854
28.110085
35.348263
23.101416
43.384037
10.722291
4.2001586
20.848967
18.549982
32.610905
10.325913
15.563142
27.492325
19.085186
15.329211
15.527055
27.978
19.810144
42.581406
12.257464
7.0255275
20.091799
13.134408
8.960677
16.074114
3.4089265
17.18761
9.263257
35.489525
17.542515
6.4300714
8.140439
6.130789
18.603828
26.802475
23.040522
20.766241
30.673992
13.957456
29.741993
25.3521
15.485571
18.337074
12.170574
7.046747
34.245537
33.32949
20.748524
6.511119
16.535355
13.716597
9.00331
23.970226
18.858315
15.651865
26.424088
47.273872
27.987053
25.378107
53.40486
42.36829
35.299652
11.603208
17.7491
4.098394
19.195467
38.27775
15.114581
18.342886
21.412247
4.122355
12.249761
8.014231
7.5773883
39.067562
15.3406515
12.032917
9.600428
13.699333
8.496729
31.711859
18.037573
21.357521
22.244532
15.25834
27.647306
16.46527
17.658587
24.657888
21.388577
8.937365
19.021492
18.30995
34.793285
23.350574
4.745042
6.926989
46.98343
10.395566
19.723557
14.296002
13.465951
14.821336
42.923412
17.874014
9.9340315
23.36308
18.013586
18.126818
10.822476
14.206804
27.419477
16.29161
15.362948
22.002684
16.976294
23.991188
14.142967
12.303446
20.836742
29.380596
12.904574
28.33975
27.095278
33.220245
17.335867
6.8711114
8.596458
37.805977
24.15244
8.886551
25.990345
12.128297
19.938581
12.808751
17.842686
36.859882
22.553274
17.281818
26.594915
50.693714
24.230505
14.557055
13.745927
12.769654
13.762569
23.086777
30.225515
20.721567
21.384312
13.621289
23.22711
15.189709
22.489338
21.019272
23.438269
17.857113
28.10506
47.59774
35.675724
29.847902
44.869976
31.909613
25.448109
14.917034
10.950447
12.98927
5.2401037
30.01493
12.467633
18.601141
18.56169
16.06678
19.518375
7.803105
7.4638977
2.334022
10.032846
3.6310391
12.313015
19.018982
27.186424
19.302519
27.022852
5.220001
13.052079
15.538316
16.528358
18.462381
17.978693
11.557508
22.717049
21.228914
38.133068
41.601376
60.019276
4.5537887
4.422719
23.431877
9.126446
20.138395
45.457367
31.510143
30.511675
33.92238
38.505714
22.551125
34.01386
28.661915
44.790855
22.268225
22.453117
8.7536955
28.498526
20.377378
18.97941
36.96637
18.486626
17.342781
24.506207
13.6476145
20.563454
8.939805
15.398359
16.881773
27.476038
26.145184
10.695063
8.618491
14.73062
19.571
19.099463
19.61046
8.984434
12.785109
12.461557
10.907375
30.354681
13.100978
41.35805
52.785854
43.6241
40.645565
9.819379
22.82995
11.185974
16.056868
17.417263
7.833891
24.887615
28.421606
31.759724
35.309975
7.4019775
30.976782
33.14243
21.666878
22.542683
11.8338375
15.7571535
26.664778
29.205105
6.920091
24.468813
17.168058
18.101238
23.364378
22.518103
20.490017
21.490103
14.911943
27.81174
28.364311
32.150467
26.782356
34.766956
27.272472
29.269337
46.841373
14.196481
17.695915
10.7064085
27.496271
14.353777
38.465816
28.557026
10.755681
16.443306
33.59718
10.600363
21.424353
30.399376
21.488838
6.5571194
9.639027
31.740938
3.1074767
26.733479
19.82758
10.948584
27.597414
59.00918
25.825546
14.031
6.873116
29.13881
45.44272
34.207813
15.558178
19.867552
9.318753
20.173185
11.879791
5.373501
16.844301
16.27677
12.562058
17.855341
21.83837
26.353514
19.48672
9.227416
14.063868
9.771552
14.976764
14.177264
14.058184
1.9199296
12.025973
13.315285
21.706839
10.0298
29.952095
6.7987494
18.017054
17.576454
10.981889
20.766796
10.300377
4.1352763
8.335384
11.06567
26.061028
5.2485447
47.102173
11.14586
40.8881
7.3721747
17.795311
73.41837
32.483994
21.306374
24.30642
15.1102
23.219093
30.027344
19.071188
13.663269
21.937084
9.969103
33.343983
9.047254
12.207083
8.905357
29.309526
25.327293
18.60816
20.525938
28.606909
21.437073
18.445833
19.942795
39.77812
37.486618
29.73477
13.110473
14.359501
16.593485
22.750751
11.001268
4.859762
29.551216
11.886297
15.035892
42.93727
7.7450104
29.183098
40.422855
31.883848
9.673099
17.242037
24.506765
24.820652
22.688728
25.619314
33.0542
43.5916
39.558773
37.770145
32.274708
34.12587
24.946646
34.00317
3.724838
21.44426
11.834543
30.081995
10.679039
6.0055914
10.347112
10.551257
13.647141
16.692451
10.409842
31.558733
50.809628
39.72698
10.669386
23.300066
35.671764
17.871374
45.095043
31.219358
35.529026
59.082798
45.14472
50.19042
6.473752
18.189913
3.4095707
43.08878
51.226475
12.0343275
12.131348
12.343483
32.0766
14.884416
27.8171
9.744211
10.552978
28.115562
7.5505958
26.957346
8.891745
20.410856
24.169157
10.279663
28.004148
11.633998
19.009666
34.92112
21.534092
55.187347
37.9506
32.666977
43.997364
19.169815
34.05531
59.867733
48.18958
46.327618
31.14104
27.394058
37.892025
31.808565
21.890654
13.852068
15.164651
20.867378
17.094593
7.893932
12.29593
10.240852
18.295086
23.017675
16.87177
45.426655
13.842169
4.632578
9.194008
23.560768
10.328745
8.952015
10.564618
11.425193
6.777656
16.250832
17.31717
30.508875
33.26451
40.19352
40.45224
40.4634
31.78407
20.561474
14.7689
18.309134
17.722471
11.843762
34.52357
53.82691
7.8248296
17.033998
12.616934
20.948889
18.378693
18.219015
25.6146
12.498051
36.28954
20.618017
18.163094
10.6347475
15.11696
24.362555
18.290545
29.060642
24.870665
40.11916
8.6532755
25.919693
15.171953
31.391804
15.241029
14.069542
21.154278
14.298901
15.476201
8.984453
12.50936
14.6464
32.81357
16.840443
27.201797
11.614557
10.544424
28.72857
13.356934
31.801052
9.086244
19.998316
23.15281
61.74573
42.762463
24.061855
11.700378
18.55257
11.020394
30.444727
29.269024
21.572742
8.053839
21.128925
31.94708
23.188622
17.509262
13.444588
12.533958
40.419262
7.4101076
31.293945
14.780282
24.923592
44.31
6.901577
27.347136
13.091566
20.838917
24.835608
17.185379
15.016389
30.8869
24.783968
20.208519
34.650497
10.662522
11.189178
9.927835
12.038172
30.585405
21.023321
23.332949
52.801582
10.885441
12.09347
19.098492
20.85269
56.596176
8.813779
10.291141
24.61154
36.64854
29.833834
8.871478
23.906748
16.967707
18.853502
22.455767
13.387765
22.964397
15.257961
24.621655
22.572786
18.827896
5.4756684
32.397537
47.758316
42.650856
20.79601
25.087116
36.418365
9.819162
20.253782
16.726753
6.2318335
10.421482
47.58226
40.22717
34.644424
39.48315
31.537935
26.526943
41.874096
39.344624
25.482403
32.02799
29.090605
11.95397
18.047447
7.7815003
14.902505
24.580673
21.12086
18.548693
11.753524
11.384311
6.2128572
16.471258
11.541865
23.073858
15.088465
30.397207
27.91912
27.06281
13.063717
23.834206
31.344133
47.52605
44.32587
30.613043
58.982094
52.44482
42.507793
50.72911
26.469389
26.836237
40.601585
41.255924
35.51129
49.1788
19.93536
43.21248
5.8690124
10.344514
11.182072
9.054327
31.072737
12.111914
21.819653
31.609425
10.65395
14.41054
15.309723
20.201061
37.364693
21.071646
3.0411804
21.609875
17.5115
16.438475
15.230227
32.814198
27.1133
10.613465
19.658346
13.536202
13.75922
19.676903
35.767258
36.546543
16.77526
16.552195
20.817358
14.5815525
16.138094
19.543581
21.037813
40.678642
21.172674
23.105068
17.060337
13.3050585
14.029415
25.808954
10.846638
34.246597
36.690956
28.557337
27.317022
13.735965
23.981823
32.897606
20.728552
2.6364918
17.820454
18.011412
12.267383
14.930951
18.45038
27.58166
15.232814
25.484278
37.08241
39.808693
43.906647
8.690254
19.333008
42.00945
25.717863
21.119507
33.25522
15.566315
26.598902
47.1021
23.895187
42.69094
17.968227
12.786537
44.960697
10.821992
9.578982
1.6000147
12.126889
2.7386136
32.774612
12.545641
12.857038
7.6702614
33.682274
28.395332
26.74771
27.423346
20.092365
11.783863
27.350214
6.7124677
24.740685
14.511348
21.115469
21.167944
21.773611
38.385216
11.036162
12.774266
18.977505
17.88001
14.957336
23.494814
16.406755
27.009777
31.864265
7.6320643
34.11018
21.192278
22.516447
14.053295
29.614964
19.418669
33.928513
14.027409
13.831956
32.26902
