367.55673
114.64475
58.563457
93.271996
100.204666
39.81975
58.985897
96.84582
148.84412
61.018864
92.504906
137.41396
62.799156
111.7524
75.55991
46.03734
12.294234
54.337784
102.39527
76.42557
32.446896
32.875595
67.71688
172.02109
52.079655
85.73071
103.01529
91.51844
70.06394
25.419619
98.13533
80.550316
101.42938
117.74019
90.42172
136.92456
98.24985
159.98245
71.57932
71.14187
93.51632
90.79593
63.32852
50.58219
111.29962
130.64227
60.762955
45.410988
45.082638
132.79846
100.94483
108.35915
105.65701
44.12604
16.440678
85.2026
51.63342
70.16884
79.091805
47.839733
56.338192
72.54862
51.053444
105.18699
91.64102
96.77595
74.865486
79.60237
66.575516
76.16723
68.43054
51.36986
59.50984
101.534256
82.68079
57.942802
69.89878
101.962746
76.23337
141.29654
66.27187
191.63266
104.60648
81.10184
16.911327
86.49194
49.59736
23.593925
62.028057
64.361176
94.60693
46.132763
18.226273
43.521984
119.798386
63.32888
46.829544
95.66901
106.36035
54.14089
114.73065
96.30271
83.18662
113.15375
88.700714
129.1637
149.7456
31.667952
34.680367
113.819374
118.59922
61.03145
39.63981
48.678185
51.08922
73.39089
71.39759
96.392624
140.58379
79.29825
100.99837
84.06183
113.009056
45.70044
30.207253
178.9129
109.92745
121.45507
60.010563
60.44954
49.46288
78.66238
74.70339
45.039062
70.22453
58.306564
97.42708
75.65684
86.10598
78.12313
37.30767
49.73601
40.132786
74.251434
61.91729
59.20165
63.725773
106.75717
78.42868
66.05515
59.8548
28.414793
74.290245
81.532005
48.987965
85.12833
66.5905
118.39339
21.721203
120.54289
115.44377
122.47806
23.945389
107.92642
121.07482
46.359848
85.53627
114.05471
140.62694
78.0063
69.42999
59.117535
72.696014
49.34903
73.705
101.73019
87.891914
100.54206
65.302956
56.42638
48.438423
58.559425
22.47952
81.96175
68.62911
55.536285
118.881836
88.010765
48.00654
90.446686
70.802345
88.01959
105.677284
58.340977
80.398445
14.805407
37.234035
83.73755
81.23642
127.50806
105.95732
153.61705
70.763275
63.89347
23.87222
50.51208
70.59986
27.385859
78.04082
58.251743
34.221024
81.54816
135.19617
96.897285
72.01054
35.02086
99.74986
56.671165
28.585447
73.5181
123.43078
100.86029
70.54774
40.639305
58.668198
40.929638
44.53137
96.109085
53.962036
118.043816
99.19624
52.509975
51.000565
140.9719
66.675125
70.573975
30.518171
76.2304
76.63774
59.61333
126.49912
87.757996
97.28541
85.392815
74.80981
23.311535
35.078903
79.490005
55.681847
64.82523
58.090767
52.68898
65.37092
81.12696
165.40742
75.05405
84.24303
40.34089
75.97334
28.691216
50.401806
104.70493
117.54573
29.821095
56.141983
83.388504
88.706696
96.50314
93.468376
80.43513
83.3718
47.557983
89.37356
128.04597
77.06741
98.69427
86.61663
44.08845
61.575474
92.31078
52.072994
96.56978
90.09597
71.53166
21.80922
82.58232
98.37601
74.19944
37.875214
47.37974
60.120285
37.41688
50.81683
83.368195
48.216328
67.681
35.316383
120.10515
74.39039
97.52832
75.97703
111.712296
94.95772
113.44573
74.876366
66.0027
67.50504
75.03253
61.638416
124.624054
168.88799
86.71475
37.894276
32.34776
128.04016
50.99798
23.045805
55.614803
87.74571
76.99715
43.799034
56.38285
79.51415
84.07035
111.92623
25.484682
69.116234
70.079544
66.4934
68.33718
116.144066
80.23056
84.675446
91.12276
112.116776
51.879032
91.16285
128.68356
72.62374
113.81084
83.13602
26.741585
74.23174
102.2318
11.335199
82.90506
58.21219
85.508675
110.62932
33.30061
36.943615
43.52375
22.161665
39.818817
66.435326
105.938896
86.278366
64.7561
91.91812
113.39038
59.27335
76.303856
83.74096
107.71698
64.459366
93.28808
46.609215
79.03023
138.26613
92.437195
71.439674
84.028564
76.39595
97.95365
126.3545
117.1316
62.753242
52.858612
94.967415
127.775986
33.42564
60.595604
49.70326
67.15667
10.46806
111.14813
30.768753
75.76347
19.399212
89.45769
43.023224
46.147915
100.909485
40.139416
53.30442
53.083385
101.37665
61.069786
124.29619
80.41811
50.857594
83.4945
109.4843
75.66555
51.411057
39.31389
39.492996
62.450497
58.62332
40.6017
31.51382
74.29231
120.032585
62.265926
50.542233
44.41262
64.59853
81.24715
53.496758
102.91587
96.57446
112.630585
83.57048
48.794334
86.21969
77.5303
60.299957
51.76899
42.703976
53.27263
73.774506
69.13669
53.930103
35.840897
50.67671
138.82498
116.3869
135.81485
102.28
78.1774
70.72388
74.175575
50.812305
104.98339
72.74302
37.28923
70.453575
116.08067
81.55898
78.172806
80.01893
89.09529
93.33049
58.16907
73.70853
70.083275
104.27151
78.98338
96.0572
56.383057
64.14456
98.30194
62.460705
59.684937
38.618427
31.53566
63.150524
103.6491
161.62488
113.4578
56.853256
82.17982
155.2336
87.62869
61.06608
72.33132
127.73871
55.998062
116.0053
48.738617
77.058235
75.189514
54.92634
100.85522
136.03792
83.185265
90.59044
50.453842
59.507362
56.28211
74.78362
55.52194
103.12141
97.19502
104.271614
99.85536
70.08504
86.110954
37.13639
164.69652
43.54886
52.574516
92.13714
127.54492
97.49838
59.836025
67.37716
24.935585
26.782255
67.6054
46.21163
61.764557
71.55801
76.95529
85.24605
95.58682
35.84862
100.645615
56.933907
81.318085
118.228134
118.25287
75.135124
39.326027
98.52564
84.55552
77.730545
59.56907
101.82112
29.75417
92.0082
74.147705
118.71219
59.27283
90.43709
76.149765
42.73736
80.342316
99.963005
75.93754
74.59058
83.95344
57.013947
64.02207
49.74937
60.688156
64.258675
152.21521
171.6056
89.42811
153.8588
82.75214
71.794876
55.73586
21.146484
27.064262
53.26702
45.63135
74.89524
67.16967
116.827415
87.74172
122.86911
69.87562
130.76463
118.45344
124.18515
120.72101
72.12618
52.110336
90.015045
46.227894
91.07904
153.97105
85.01558
105.75337
156.36456
151.62064
176.02644
75.786
35.146667
132.0711
74.96412
37.121117
116.38199
86.11241
86.79439
68.3154
146.502
89.56718
98.34212
74.251434
59.86992
52.547535
157.09973
124.41716
164.14851
52.378483
68.769165
57.887962
61.53496
56.68593
138.006
108.920235
101.011024
118.558914
128.18884
55.893345
35.601532
100.13159
61.350273
70.98535
102.38658
117.26825
72.94007
89.056076
81.3723
29.261604
74.68868
33.07082
87.7814
94.43284
69.09524
74.76815
80.18437
84.33639
40.72232
51.971207
26.068577
111.33755
60.469105
49.59002
94.2129
28.740374
55.46115
90.577354
94.66639
83.07684
93.61455
103.79429
40.371456
115.07205
101.59003
47.541954
67.88443
74.29768
79.72904
21.089317
36.228928
80.56244
29.551006
36.13919
87.6726
69.299835
86.29562
89.973564
61.171585
151.73955
66.39308
68.79624
20.504084
119.45889
44.204422
115.72705
59.802967
68.190994
46.020683
49.74855
82.48956
28.382427
61.216793
47.72064
66.10667
48.06233
35.131603
30.272589
101.82139
67.33598
76.33267
50.063053
95.053024
23.223452
92.06442
86.89844
44.275585
85.56685
145.34799
167.97887
88.87749
54.04175
28.338085
59.332935
124.267845
75.56302
73.30194
85.43796
50.783955
67.27021
86.79523
54.35104
49.253075
32.014324
30.814932
73.39902
76.96336
100.05974
52.430386
51.921227
54.98373
71.468475
78.75791
143.901
35.37532
76.61683
65.137146
35.270344
70.86541
82.685486
101.55655
115.12
153.06847
49.98305
115.04661
74.24359
15.570797
77.165344
98.156815
114.69977
65.507866
64.77286
104.382286
41.066837
26.195633
61.716293
80.1577
49.34673
32.923344
53.833134
33.099976
94.44008
96.729485
45.796043
63.79387
47.5129
106.50214
59.190914
52.69964
57.13117
61.9756
34.46086
39.485863
49.13178
136.80115
114.94298
89.99808
18.519007
37.967445
106.88072
47.467865
40.42564
16.801424
71.97888
23.832325
79.406845
87.161354
45.96976
111.49554
41.556496
26.418713
92.16655
91.98391
92.7697
31.362886
46.43293
109.21543
67.121124
86.16752
77.76786
37.31453
67.83837
59.86206
128.0591
75.79657
63.55299
117.90235
65.87058
31.82815
86.86337
107.1478
66.213104
177.64043
127.06424
80.837166
120.508934
59.115932
113.883484
103.57635
85.24549
132.52191
60.197968
54.49686
103.574036
78.99785
95.5277
147.99812
44.70626
76.62066
93.702255
44.49486
49.767593
132.0951
65.19251
98.63301
50.002853
61.186123
76.0717
67.98149
45.75499
117.70519
35.348507
93.170715
98.004005
68.833694
60.174816
40.271523
155.87833
57.151485
85.50794
43.29452
52.413586
125.65028
69.42869
72.20413
105.92748
83.6717
58.04668
63.038136
85.571785
32.343613
48.739803
63.25675
63.71087
60.941307
46.440216
24.22562
52.84987
81.219284
35.343163
52.651802
72.46921
56.435318
49.046375
43.458508
71.94001
36.12443
86.634636
52.71313
60.25564
120.92921
47.94769
110.07003
43.249683
58.29942
98.30929
106.45066
59.16396
44.072243
51.29154
109.599815
104.65999
47.192917
54.618176
67.79718
58.585777
89.58371
25.775484
65.628235
83.563385
81.58495
97.892555
170.29738
147.48871
97.46083
45.468544
38.673405
91.60178
43.4187
82.00227
118.19326
27.614399
69.45864
42.280396
35.49292
84.204926
97.09648
117.642044
131.71863
104.97802
52.93689
82.034004
97.566895
55.29328
45.055073
93.561104
27.78246
83.00901
53.670845
91.367805
133.47696
94.9325
68.09177
44.968056
58.287674
69.13925
88.63288
81.92504
51.037796
35.86269
40.114857
20.985317
92.23842
105.695694
177.58083
132.19572
71.96193
114.83312
67.91201
27.256035
46.736244
79.64029
33.60272
79.25285
122.60792
126.1418
44.44524
52.377087
140.94803
154.0963
38.63721
21.243725
62.15879
64.932365
59.88414
97.62989
85.063065
131.64064
51.64347
58.88016
92.64447
29.371662
66.62156
70.68141
50.591618
37.648983
50.155827
58.810493
61.746162
93.27545
45.20553
79.294876
66.71936
22.018938
38.27787
40.659
135.56558
42.682526
30.954426
98.70382
38.02681
68.507545
106.673676
127.79251
52.76296
62.54246
86.59319
97.13397
109.66883
119.36694
31.389614
124.70484
84.613434
115.78722
74.68985
89.00838
68.112366
83.00034
41.568573
77.9852
35.680687
77.522575
102.93698
62.418488
60.047718
105.006485
88.795135
40.981373
109.65241
116.060684
84.58708
74.618256
112.21733
108.77454
28.807583
66.35747
89.588684
104.81706
93.16043
74.609344
75.76483
96.92885
111.972694
107.45139
68.02742
90.93645
81.50568
56.667355
23.222813
98.23421
200.21248
88.04775
97.292305
91.40283
95.932724
96.08918
83.068054
67.98103
113.23642
81.784225
116.832596
29.594316
71.10777
45.933052
27.541916
77.381096
22.46228
59.291916
97.10184
147.43396
23.873726
42.725624
64.125984
38.088158
131.45856
170.04926
120.32788
48.034332
64.845
41.89633
175.81082
78.57242
84.36852
142.9977
79.75017
132.72662
54.415386
105.28062
32.684467
116.98384
170.86519
84.31728
52.455902
112.71063
76.62121
46.63708
57.15257
73.04966
91.52211
60.085747
65.32213
94.13299
94.19117
73.5611
133.41321
61.21167
62.486183
124.48777
59.523067
50.066307
36.29239
65.4216
34.95854
83.90315
111.11816
54.427788
71.73957
75.53323
70.82668
108.77351
65.44392
101.236725
69.606026
23.292585
79.78922
170.99744
119.76303
48.049263
108.554756
79.89314
94.87344
98.28682
60.104076
55.92677
76.134674
106.21182
83.23712
36.62611
115.548584
56.618023
39.09712
72.44668
83.02939
118.27151
95.98685
59.26024
104.97281
88.973694
159.81953
48.85019
48.60139
70.97659
51.0183
47.840004
108.08202
110.11251
109.00988
51.157413
78.1429
59.92061
86.98655
38.887108
83.71631
44.62796
74.17241
114.683945
69.476746
51.58103
50.30589
49.77804
31.310362
81.03854
70.952545
63.585114
86.10835
85.07901
73.6634
49.244457
78.07147
55.314693
108.43847
94.40789
76.73421
65.26529
82.102196
60.47337
54.66676
98.630394
7.621925
74.784485
102.16354
83.9241
60.73494
137.42734
108.73713
137.64943
99.1685
163.68584
159.53668
111.02561
75.469086
76.54555
62.132538
86.29683
79.99277
94.10098
81.73638
68.33715
132.1985
142.2053
51.31915
72.378174
31.927668
18.916588
84.52658
82.84113
60.967793
174.37683
169.06848
91.47047
85.08667
52.155922
102.818985
71.81496
102.30001
93.29053
40.376633
75.64255
66.66879
91.71453
169.45863
129.66313
81.62104
105.79426
91.4367
60.04287
47.517265
102.3682
87.47835
114.3861
63.187504
28.900354
39.922375
29.024487
55.187965
94.51544
119.03097
28.286324
36.982574
112.882
116.72555
91.98757
100.10393
56.93497
64.20623
116.719246
125.993225
83.80288
69.31261
94.82209
79.03096
59.57827
17.826157
59.44472
91.35501
104.43356
67.93213
95.08261
93.5908
111.84057
82.62221
123.68214
107.77749
47.381905
39.88257
87.203186
97.94489
85.103264
108.67697
125.61128
109.454704
62.293495
109.94904
73.09502
99.92187
33.93998
32.99956
142.23276
122.81727
111.202034
50.398056
41.51479
80.81425
61.494286
78.6731
42.562744
78.1845
67.74071
103.902054
71.66003
88.34721
88.25167
130.88515
58.010548
93.6318
58.07514
153.6656
124.97914
54.986713
95.10267
94.239044
110.17771
110.64667
65.61484
20.491238
62.38774
102.04664
52.47151
97.87835
38.45252
115.82722
85.324295
91.20179
91.623924
49.404697
76.87979
102.789375
94.80349
77.685524
57.160824
74.39684
63.687744
130.1517
42.60697
106.94007
75.69797
116.583496
53.320206
93.9792
93.17341
109.91186
78.57516
89.024124
102.72743
92.680916
165.69565
148.76111
101.216034
77.29011
63.110897
52.712715
61.072853
46.63115
79.86475
55.548183
120.54681
27.272356
63.54682
65.93055
74.54641
88.55232
120.1618
29.46363
80.39161
102.261444
76.65821
49.54203
108.09666
55.02584
68.4509
81.4547
96.42748
45.007294
26.253416
57.648758
41.99418
170.49783
92.27556
103.60952
122.71762
55.765675
82.97594
112.63887
144.74657
107.659935
171.85982
83.055916
80.805695
98.51922
55.067173
42.44859
100.28335
37.544857
75.54292
97.93437
62.59964
89.41668
67.581116
99.68704
26.781286
107.731125
138.0649
76.03049
76.87727
140.27887
53.11689
120.67184
68.18805
98.7288
28.281372
98.99254
26.420769
70.57149
110.789474
138.65553
122.9082
90.94729
103.314964
57.07134
65.15108
66.666336
87.21952
57.89854
104.76799
65.27247
64.598885
100.996574
127.311134
169.30873
39.615627
102.959496
52.59115
134.19476
55.16617
62.082542
72.08137
100.75508
158.204
111.15046
111.018456
65.69933
20.844053
93.25467
49.56103
70.25767
80.19955
100.99669
55.55704
116.31242
141.34
98.625626
57.09605
49.90252
63.844746
62.221275
141.38647
50.274506
77.495804
102.98974
110.37529
112.00287
101.93262
135.1721
115.595535
102.07086
116.88552
74.802864
100.830765
81.47548
90.69744
90.65426
136.1424
159.08946
126.3329
68.17258
100.81085
29.531502
44.55242
82.621056
12.476627
61.302704
63.509327
46.473984
111.70461
61.383717
76.50369
51.315933
103.326775
51.52153
57.105766
124.510635
34.284943
90.644135
96.13772
63.319096
39.084263
81.557945
80.91609
98.77927
128.29816
114.33638
127.27633
85.00572
71.712875
56.883247
78.03192
103.19072
87.811424
82.16962
50.423496
31.280811
67.85234
86.99809
30.417185
82.63122
49.641754
35.511948
76.22439
74.609116
71.56207
60.026104
59.580547
35.974815
63.9755
80.37078
59.289684
61.392303
54.852837
34.792652
101.64788
29.374683
63.16664
78.68694
60.17219
100.40279
104.86435
101.165276
65.115845
96.6814
56.83771
51.032093
105.064255
33.449978
54.580257
47.72218
67.14667
37.276188
70.34212
83.46571
47.3224
82.240524
80.38055
35.838753
109.854904
95.27146
76.557465
76.791534
142.06747
58.28984
117.10558
78.494705
69.31559
61.96444
57.405533
131.64133
58.270874
96.276474
48.203735
110.31488
51.708797
94.06302
75.54758
14.829113
94.22106
72.65143
82.57102
108.92872
72.007904
96.59118
138.93521
141.9719
83.39687
117.92255
141.40033
85.51185
67.51707
81.04472
94.78805
152.84837
91.93739
61.837955
56.512794
52.168514
62.28611
79.13469
17.827461
41.075718
95.89416
83.04294
47.278854
83.44734
66.03628
86.8754
114.81814
149.42828
199.91795
29.205256
40.648365
61.270527
38.207726
99.7817
40.889194
70.7027
99.766785
85.7128
82.71362
95.56919
116.81679
25.19585
56.46388
75.721565
59.151833
37.19545
84.15099
35.640343
74.25546
126.12584
72.19683
66.80761
39.80034
49.781406
52.4834
93.3639
68.57524
24.458904
68.0534
83.31215
84.111435
51.197247
50.703457
97.6264
112.442116
49.081123
80.84372
100.75674
117.93238
24.939957
77.76758
118.8273
72.75227
16.023745
59.606865
111.01817
52.036083
92.39304
82.23723
31.403606
123.04063
70.05753
127.22708
86.372025
70.135925
64.21496
67.13731
81.86893
54.484398
104.8104
109.71732
118.882286
79.47284
94.653595
90.01187
18.699692
85.14658
139.23862
59.090946
32.39364
82.820946
108.8028
28.061111
79.42147
106.6149
64.64211
58.969887
126.61639
25.67219
36.512684
97.45117
52.435932
26.149372
76.947556
55.290844
76.46159
74.07607
82.82289
104.10377
49.792892
60.846786
85.23306
192.71507
52.623947
182.60667
138.90613
164.17392
133.45921
94.81472
45.931988
91.277626
84.922646
55.824116
61.78415
45.917152
63.535927
63.204468
64.25193
57.48846
106.83228
132.36093
63.481945
42.3504
92.74638
46.436626
79.52554
106.449486
158.4505
33.146297
66.47808
75.61576
42.521603
87.99595
100.876884
129.36668
119.45009
102.96287
124.772484
168.80804
66.61289
103.0358
62.170616
55.941704
62.07499
69.422874
63.027916
69.07553
74.73707
57.3723
115.4696
120.15521
94.416115
79.64269
71.41111
103.82512
92.92454
81.487976
104.65546
78.89329
75.49712
92.14787
81.707794
106.01541
46.148556
51.32996
87.264084
116.23194
34.91994
87.28641
48.25691
65.951454
96.113495
93.11292
87.54695
72.42214
42.37796
65.709984
84.536415
84.38765
51.03142
151.94795
62.159378
59.916637
104.49387
97.40636
120.98713
50.109135
96.11311
51.16458
75.06046
97.726524
29.860346
82.2779
76.14663
49.08081
85.28906
74.70638
37.44312
75.1644
101.39452
97.75998
136.50357
54.24548
34.527443
77.84529
88.926384
62.984997
119.13313
105.07543
68.50621
36.20808
179.85352
111.643135
168.71222
71.962524
80.66735
72.00818
19.558475
50.8675
55.940887
139.47456
93.40214
69.345695
49.41955
61.577938
57.18121
94.99766
108.95627
54.66757
66.20443
69.496574
93.13048
73.903465
82.92392
96.56909
123.28748
43.409313
101.66536
52.12992
158.01328
73.74854
80.35851
104.6666
114.41864
94.8036
77.939026
27.16498
70.30276
78.040405
66.21125
88.78417
171.74693
154.56036
89.93291
185.33687
110.781075
112.575264
54.540356
58.7586
72.78865
77.84609
96.97726
74.451065
156.106
153.73457
90.12385
41.04459
23.360012
43.819103
85.146935
92.99722
69.190384
131.45006
50.514664
89.87897
83.2431
69.05897
20.558989
72.92724
99.8783
71.178696
42.621117
110.677635
107.16965
72.08398
61.50077
55.58201
32.09085
59.623856
75.40846
67.23975
70.10096
96.969345
84.855705
100.618576
109.536545
37.567123
121.87026
51.969994
27.30622
63.734825
37.310745
147.51938
34.944977
64.53957
74.86948
75.37251
140.88155
62.35904
40.086853
86.95632
87.74
94.01628
126.42546
72.76796
84.85303
72.70238
81.61501
68.77916
64.87872
121.114006
69.057594
30.811207
53.484097
34.159927
75.918846
83.06274
81.127335
96.20347
66.41716
109.48727
68.01379
83.17484
134.96957
43.691307
45.280678
58.736366
48.30885
96.99602
59.4462
84.049355
127.45692
66.57083
96.14488
131.13957
48.222744
44.201363
82.715485
35.79716
83.040726
73.293076
51.72445
119.25603
68.73219
60.73204
26.879183
46.69924
50.352367
54.106983
88.70296
53.063663
56.212242
126.6426
71.244705
106.12925
82.59041
59.05368
33.323307
29.950241
93.13936
41.353554
114.301796
71.22569
112.22576
67.80803
70.1794
56.639893
82.9498
64.13397
78.27387
86.79691
78.03401
68.441765
137.08348
88.588425
94.04453
75.02206
63.408207
86.43082
110.64212
124.91093
104.056526
101.19743
76.43698
132.72993
154.79333
106.08304
122.48571
94.97988
81.298065
51.61403
23.980967
39.694763
47.923496
78.68459
66.98422
94.249275
157.5359
36.1328
140.2032
114.09929
143.37221
168.95238
113.56732
104.11157
85.89859
58.91628
116.228165
194.1934
107.575935
25.681269
60.547348
37.139515
94.72366
86.82104
90.29886
119.142586
121.98326
125.428925
73.93255
107.61244
120.414215
102.08939
169.06528
97.00752
83.34547
91.83133
85.17557
89.44691
63.787987
51.61851
54.95325
64.480774
55.89732
34.31871
60.105637
50.40061
54.563053
54.969704
74.9377
30.581017
100.95821
61.201275
94.08939
43.836544
92.11946
64.878235
77.55121
64.292366
57.015972
77.0109
62.870636
86.317215
106.83364
65.855995
47.427143
64.05408
106.63479
83.17249
74.489586
65.772194
124.02518
36.615135
45.777687
35.96814
48.259953
60.380295
31.939238
43.63731
48.710102
50.47489
36.70672
95.042786
88.957
20.83748
98.187874
90.67758
123.91598
90.9412
115.78885
93.99288
106.14429
151.90715
62.94561
38.861923
122.407936
79.365524
84.16599
89.54468
84.91224
49.217213
80.962616
102.94211
128.37924
81.81248
62.72723
41.54019
65.72043
160.58229
37.01622
76.122604
96.70619
85.72861
147.1219
148.5035
78.752884
165.10248
143.966
112.99291
71.42344
114.36751
65.51797
61.87798
72.525505
67.34521
122.35135
21.22365
60.12683
87.5739
62.192295
98.27815
71.652
86.20441
130.78815
106.56854
144.19669
115.02156
108.98407
109.46844
106.440506
73.08448
58.050785
56.690586
109.60247
81.65701
102.916725
54.34272
94.29796
65.71951
113.695114
64.76626
118.47133
98.083595
113.00841
47.510902
41.265453
87.696144
78.6462
62.40116
43.949287
37.679317
88.97189
79.26201
57.467163
80.3473
54.995243
162.27554
85.49136
70.695244
195.30443
46.047188
63.006638
59.737804
85.80771
76.1881
49.83615
21.91897
110.453964
94.45571
78.03445
61.592457
45.397858
44.11375
52.859135
79.46088
127.2901
153.13713
36.822903
89.60539
80.73321
52.305145
57.38613
30.345442
74.53836
111.202415
125.934616
130.84105
58.731415
87.050674
63.924355
65.389465
79.35388
74.56336
31.567434
72.87582
127.86184
78.16143
67.375725
59.692432
82.8073
90.408264
25.93159
87.393456
112.98799
63.923187
108.622604
91.728966
54.62498
67.93129
99.97269
80.595436
23.643578
46.61986
118.9927
76.06254
118.10767
100.06721
87.5059
41.25659
71.792244
31.205078
53.13618
88.09361
62.35189
38.461983
98.73437
59.821354
25.195955
42.352295
69.14086
68.13252
34.19597
65.53831
77.94327
47.75827
87.68433
84.87693
109.00967
37.468815
73.0591
63.32848
66.010666
40.90883
86.58121
37.64895
74.102394
79.324066
157.3965
77.34538
118.53117
74.19442
67.23076
58.0848
41.582294
82.43535
46.583286
76.36363
72.93362
71.79456
128.98338
60.224754
93.47608
43.308704
55.630653
46.499405
52.79591
39.97316
111.645256
149.88876
67.694405
81.29374
89.13381
41.792747
73.57848
68.14669
113.112816
43.981586
42.65847
15.3432
82.60628
83.37985
63.98581
41.585373
106.4622
66.18428
49.90166
78.39686
73.76947
50.433945
107.23529
72.26103
24.374746
76.02742
110.32607
98.75496
130.21034
49.314457
46.985092
44.78641
49.48979
43.843975
64.82139
88.522194
45.368332
41.463486
54.748627
110.90668
61.542133
56.003143
58.974766
90.775764
33.303097
114.99087
53.076065
113.592316
82.82422
97.13599
101.993576
21.066906
57.76748
153.41039
37.087513
112.39722
92.02439
97.935585
60.3698
44.816822
47.81034
74.87257
98.87556
127.13355
82.11045
57.27278
57.520596
50.19315
75.121086
64.85126
106.40479
107.65106
62.74714
93.47239
12.534962
61.439022
49.992847
100.65317
89.5022
74.16583
89.49665
55.19333
91.94733
97.346794
47.412567
85.869934
40.609203
83.64426
72.89581
80.97859
38.852604
78.32518
44.438526
120.03977
170.83105
59.518135
74.189415
73.17101
54.703003
86.98773
44.36492
102.66333
100.62838
151.17548
79.50162
126.03854
163.71355
61.4122
71.06374
77.44649
112.16332
62.248104
117.16173
89.43416
59.37704
44.86888
60.847816
96.491
111.14785
66.31956
16.719496
77.98169
28.637634
65.66325
140.7113
84.72938
73.53899
87.96503
27.729015
50.057972
59.85297
67.4892
64.58546
79.85235
47.16912
91.6919
25.56231
55.267315
82.17667
51.72578
68.07992
43.662994
67.35743
51.711823
64.91495
32.130898
89.08318
85.99759
97.12057
57.419846
71.20844
76.5382
27.14637
42.373608
37.33257
101.58176
59.42453
75.3444
135.38875
26.319635
72.90593
23.449873
118.72718
105.10663
74.08521
41.06505
103.94039
43.463333
123.372025
123.38853
57.450005
79.46895
59.300003
40.68964
44.64457
43.868793
61.52513
99.87689
137.80846
32.520008
103.61795
81.94754
40.57888
24.311945
30.20623
82.97247
41.632767
22.562815
33.59926
59.545082
67.84209
66.11109
61.209507
76.428375
68.636055
52.826958
96.604744
36.61232
32.009
116.57097
29.608261
34.01023
81.15857
55.590675
55.73129
78.92621
86.17921
72.72831
70.325745
55.248077
81.98421
102.27766
58.909836
135.80045
38.686317
125.399796
36.943676
39.53686
59.087234
51.048183
155.32025
100.93321
82.71975
90.73748
36.56005
58.44133
92.19415
72.71124
94.27273
52.98976
35.77146
103.51478
92.30462
83.4165
35.510605
75.558586
67.63907
46.688686
86.51361
130.85019
81.21055
70.21487
53.245293
25.399084
50.394115
141.6249
81.02226
64.44553
76.83143
50.545876
94.986404
67.187096
42.301247
63.379303
62.63885
53.46157
87.24087
66.28178
62.92078
58.51193
65.76962
50.29079
51.83148
74.74039
78.876854
36.05912
76.98008
58.25751
126.5148
107.183685
46.76849
76.62741
97.28968
86.663864
41.146435
99.75761
129.82123
129.09653
56.62212
38.611
89.506775
28.24512
83.93828
90.78892
128.75888
35.210873
127.663506
109.92991
76.333084
120.79847
87.79851
142.36176
73.529884
65.511986
62.19367
106.1686
78.00233
49.76959
53.797985
91.63186
126.78234
38.447647
71.56613
82.62471
118.05595
111.585304
173.8233
76.41795
73.68692
72.78471
166.69049
82.10417
165.49832
99.617294
137.95357
96.807976
75.045494
63.270462
53.019073
67.83704
52.451748
81.7711
65.78384
126.52326
74.15922
62.83333
69.52043
146.32812
89.35222
74.27103
88.79032
69.06531
56.543682
45.088966
34.49099
140.90044
52.238922
39.029335
65.57774
71.82745
15.080829
75.57693
27.638708
71.97934
77.07066
90.66532
91.73402
105.72168
79.89479
86.19175
115.84131
86.02982
74.43502
84.47598
65.53875
25.503
140.13435
122.32937
96.79113
54.97078
183.58803
108.35789
84.53074
18.03411
126.78955
45.01247
100.94199
53.44379
79.52225
88.5002
75.22326
70.76787
75.31154
54.815426
19.053988
69.16566
75.62884
70.20319
88.66444
32.688736
27.500393
73.53862
65.049835
18.550858
50.15997
111.29672
53.091496
113.02458
130.63905
178.94049
59.225616
116.548546
59.31984
90.05255
49.656727
23.26793
74.921425
27.064608
67.10908
129.38098
57.274612
80.089645
19.297003
51.221752
108.138565
136.54889
105.50405
68.89693
78.73348
65.80808
114.80107
92.91431
99.14233
86.730545
82.185974
99.10222
89.49844
56.332745
88.484764
135.72241
69.54828
119.14703
76.50843
44.298637
107.54524
47.355907
32.741295
69.45294
104.07146
81.82682
135.14658
52.38309
61.474545
87.030975
112.68395
45.566284
87.082184
91.78318
82.116554
93.55091
90.7291
48.946537
64.667786
118.44791
82.956894
60.946964
32.138546
53.59918
62.837414
46.67629
63.454906
100.45556
68.392914
91.593506
126.59932
96.79298
31.744637
94.27648
46.301563
89.112816
72.63499
22.553284
68.74502
160.19443
78.56216
82.439255
140.81596
85.97631
68.26004
27.458908
18.887775
57.14701
21.055496
30.74151
95.95086
88.104645
60.768036
31.726748
29.195461
56.02567
38.608795
100.427025
107.89236
122.63547
72.309525
92.62768
123.60335
277.0769
88.983086
48.824955
92.50128
55.64663
66.38172
114.18634
108.69193
84.8297
83.456436
53.22618
77.6649
61.82521
52.40606
32.777878
87.53262
68.48811
54.082607
103.860466
130.48666
102.34327
112.36374
59.672646
69.410194
94.496735
95.91519
60.74847
53.155766
82.13748
92.13127
113.04461
161.12582
40.400845
77.39306
98.40361
121.99469
67.812485
84.72575
73.52309
112.54133
89.89547
70.10586
36.2297
44.301605
96.83017
54.46587
70.383385
65.228035
77.84531
94.334114
82.63829
107.98852
85.97112
64.01821
94.11611
41.097775
78.03066
43.64068
78.024475
78.63467
97.76946
107.58308
61.92819
87.2566
95.64062
63.475887
71.23958
55.021515
42.34621
66.57265
128.80629
90.06045
72.09355
86.965866
161.62465
115.22974
112.42574
117.77168
72.91453
93.06472
123.38627
40.127262
76.37544
64.97531
61.02337
99.67125
116.58218
146.14548
20.795242
60.548927
32.52323
86.02599
65.02351
113.90147
121.617714
88.30437
111.18442
115.87445
92.26464
112.419876
137.53029
67.750595
100.68679
102.86863
50.28126
32.59358
75.35793
71.204124
59.16017
78.1939
84.53755
61.90077
110.666534
82.66172
135.61923
94.89395
122.00283
83.29911
95.71937
60.62912
59.202305
45.920746
63.041103
35.426884
34.76886
46.475555
37.043343
57.870094
75.73486
59.25127
52.227837
69.509384
70.964165
108.40046
39.123142
73.0747
38.720974
64.53924
104.467735
69.69743
53.054996
104.08645
84.01245
82.49012
100.916016
92.458115
66.29088
151.27348
204.36629
82.80787
56.109264
70.41823
30.393005
73.222336
62.231136
138.59932
161.79755
94.49048
86.811
49.403217
157.88654
64.934784
54.541256
79.68244
50.756626
92.08094
41.232895
57.80159
45.946144
67.76345
45.659756
57.08491
66.304535
42.57601
46.743095
101.628914
121.51865
53.5294
68.36838
48.692154
99.271
79.11006
51.05632
84.35516
87.97255
63.508224
43.003128
100.359276
99.81156
108.63086
162.14339
139.2135
94.990456
52.960453
32.628063
44.43602
96.9827
62.888702
63.07242
78.33715
130.4772
108.91141
112.57641
93.802155
72.31696
95.67337
47.638897
145.25377
94.171295
105.56831
93.795555
83.07494
67.00185
69.53146
59.20229
86.684875
69.98416
34.58629
28.031183
64.761986
73.291595
161.74057
89.507706
129.13675
94.73581
49.611725
148.69751
67.282845
63.841866
90.70431
122.57632
111.4962
14.402541
80.29892
102.97364
113.15921
125.804245
67.87238
51.575024
144.59894
53.02457
52.68189
85.14882
57.297558
125.93154
82.98086
75.693695
69.55266
42.817196
71.65561
40.269215
71.110565
75.19491
70.57304
65.24081
51.23894
33.38615
108.346565
90.49736
68.68369
55.499435
89.16636
120.43889
73.296425
97.065926
94.58056
96.14128
116.240814
94.02437
113.932625
71.476944
78.846954
133.34128
53.714455
102.71338
68.13162
47.879066
140.97194
37.66825
167.00186
158.39389
137.98474
188.03853
97.15897
26.502409
63.046425
91.761894
139.24373
72.4677
133.75592
16.901423
52.155518
105.24707
91.73871
49.127335
67.676414
116.105354
55.498043
90.78896
63.49524
86.6384
95.39429
40.880344
72.64107
100.95048
49.16274
54.201992
115.43237
55.048756
113.301506
85.41599
78.15771
99.98959
114.484795
76.66263
113.72543
181.90117
121.74132
136.22374
132.02248
88.19578
60.454815
48.8448
111.90904
50.630074
42.79236
55.786583
55.9386
31.264277
64.64757
63.761784
98.26209
83.492546
57.128902
81.580246
64.80559
96.86069
48.036633
75.62544
59.270977
104.80507
99.50547
60.335434
88.18534
138.2645
121.889755
79.27359
82.28391
86.09382
125.03229
18.122744
40.89343
59.062035
41.95974
65.41419
55.727005
59.061005
20.707344
90.81453
104.118385
65.722435
58.283756
42.9944
54.179665
82.19423
75.75123
87.32626
77.35601
102.29726
152.85843
98.23471
91.97878
133.50471
27.204494
102.1092
86.88416
80.02896
76.25467
95.68845
77.59769
87.49912
147.67772
124.92651
94.086525
101.350685
116.24337
107.72448
23.62423
45.94107
119.78323
64.85369
51.645287
120.14154
106.18653
123.400856
95.09566
76.404366
117.10135
110.65195
114.97985
55.52564
65.53742
89.474785
38.497356
30.126455
70.57067
125.442566
101.685745
107.70366
107.35591
150.7165
101.58437
66.58183
39.84452
81.48639
92.51723
69.83176
75.28316
106.31355
72.3706
139.24356
54.075245
31.986128
93.859474
102.486496
96.37117
43.288204
55.692364
161.14734
155.11568
74.43051
41.734745
47.176918
106.4704
97.555115
162.90376
67.19608
117.0867
62.068222
55.530914
57.99137
99.53325
63.280556
115.37371
94.770325
107.55438
119.27354
77.38522
30.425606
86.75499
34.457195
76.37314
64.29091
65.984566
49.428688
68.6651
41.1846
65.64289
39.95529
103.69358
64.44225
60.12176
52.763935
46.158157
84.00772
25.443768
63.28679
179.59102
106.6232
112.934906
100.08392
70.67697
111.39886
82.36158
120.12211
82.74148
62.13536
82.837616
133.07855
108.25666
36.8125
87.24997
80.81532
78.48584
115.41082
52.899273
56.608177
139.68594
81.761444
85.729294
89.492004
52.619648
44.72552
78.72498
47.364147
50.559868
54.47414
39.56902
37.103226
126.04025
99.16612
66.77693
45.480274
50.848
47.2192
61.892834
46.187576
113.70667
84.39538
43.143375
52.357845
52.61187
121.88969
125.541824
121.30929
60.951492
123.80264
99.54582
144.45663
99.90636
83.11052
90.868225
96.62964
133.43512
34.835487
67.64122
18.291088
25.282356
80.45593
57.762173
53.25223
98.439445
69.89467
87.520325
62.234394
82.50248
94.35585
121.39041
96.25837
55.650436
65.50098
63.570236
54.854443
87.5251
88.16695
99.87762
133.633
60.992844
120.58209
45.552
20.563183
73.68112
60.713764
60.350353
71.48077
72.725426
30.520254
42.586212
138.01892
105.770645
102.20601
150.43016
99.94015
67.87414
106.06626
137.89215
47.324547
87.745926
50.279755
104.07262
72.07053
105.3215
84.162315
65.77236
109.217705
60.738346
72.06906
50.560726
105.47517
52.14289
97.814606
109.70533
97.63038
61.077656
126.16791
76.1533
116.83689
62.43837
58.486
104.54978
83.00433
97.56019
81.45368
63.51934
110.04992
50.979904
81.87216
95.22333
107.592926
76.75608
123.18618
102.71152
106.5797
117.33705
161.5114
120.339806
96.123825
133.16118
55.075645
96.863846
46.279945
40.052673
44.2029
66.21199
62.940834
95.86523
67.23745
74.83917
59.204643
63.103046
61.788963
74.069885
73.88975
68.717575
74.7965
76.825905
67.750984
79.78039
29.941957
70.495895
81.770706
41.24784
102.47943
72.908134
70.1327
43.436005
109.18946
86.81762
93.46207
82.00706
30.488413
68.15158
54.927666
69.7453
97.18775
89.412506
68.263275
53.6916
98.63372
81.9913
87.790436
35.65867
82.50085
57.356308
56.561363
85.6086
180.44879
66.17198
165.68456
123.556335
155.40735
89.60777
52.907974
37.417965
65.49685
69.524956
86.10107
71.532005
86.22698
99.426865
143.64218
55.043354
100.870285
48.49812
53.649376
14.635107
67.87045
63.870552
63.170937
60.97043
62.05169
39.68582
66.263245
72.145744
129.28601
92.12811
54.7046
104.86428
97.15046
49.201275
35.303402
122.10959
97.50206
159.07887
103.817696
85.06397
76.7494
140.57172
178.13058
124.91236
99.74241
88.53482
84.01511
131.64311
103.62039
82.37911
67.90769
69.7056
108.39603
21.476063
53.110077
59.99426
60.27612
75.642555
38.97838
83.12735
92.49177
88.969345
23.41898
100.270134
60.654747
61.97836
113.06865
49.38358
83.49021
23.987846
115.996864
78.055595
43.799892
26.61117
59.21627
60.42875
77.13621
174.93979
126.29823
130.13751
85.669334
131.1104
136.34862
152.07484
184.69002
79.682076
68.39584
99.15127
59.08416
57.483486
30.115746
82.749405
53.348473
32.690807
57.496525
94.97797
81.46792
114.29439
106.72502
53.412033
73.81031
170.04074
118.038155
69.99829
119.14297
26.450293
121.61593
99.332565
71.02957
153.68439
48.67413
91.541435
74.7679
63.97645
34.74439
81.90379
62.684826
91.51122
118.41757
73.15772
108.226776
86.1321
150.19028
72.159645
108.82823
88.100174
86.45406
95.24714
94.63918
52.111782
58.613976
53.76514
68.200554
72.29346
98.23377
123.81864
41.85004
73.16025
42.36974
58.49273
37.549606
41.02494
68.07329
83.85548
148.44673
136.85797
91.43455
68.763405
105.152306
105.30909
137.21107
148.8013
99.674706
112.691345
113.26401
123.423874
119.43325
141.12743
181.58217
33.310787
52.67894
60.302895
82.9233
112.39709
57.13665
121.8239
99.1385
71.215904
124.58713
53.834965
51.96483
75.88856
58.292004
156.32974
65.34091
77.29111
89.76218
41.4944
64.71565
37.448685
80.18545
125.43064
77.42072
85.09559
84.85867
76.897385
107.98435
43.953495
43.991383
82.49579
64.38611
53.38339
35.710953
68.153915
109.239105
57.35491
28.507141
59.56716
68.81389
48.41718
102.967766
101.93614
74.03073
120.30159
23.569307
99.11448
42.77333
56.471855
46.83779
87.85893
121.35373
43.768135
63.26228
96.20296
96.46453
12.432467
23.4602
58.32066
52.637135
55.002113
49.37714
132.97934
44.039463
58.001064
96.37862
137.9975
129.5678
67.435036
45.531174
52.555
43.688866
108.41067
160.71968
80.82823
147.52812
65.318436
110.30178
68.68228
49.1758
105.9692
53.02162
52.54852
65.04248
122.65078
112.126884
132.37984
63.40524
98.55657
66.73764
146.4817
54.64096
88.43785
70.100525
62.41082
79.94412
71.64067
59.27072
95.13559
157.61012
85.11506
89.16724
60.97958
56.888687
26.881319
96.709305
34.238033
47.897446
80.262985
76.38826
61.760445
55.13738
40.159683
145.95612
121.545456
92.75008
104.82736
92.226456
64.85915
67.558586
221.58139
47.542442
95.507195
63.73187
33.77236
52.428776
39.853714
84.69431
88.84001
19.871252
51.86748
133.33948
83.849884
62.362164
57.398438
107.08957
92.19838
122.85676
45.383003
73.192245
33.09397
79.778595
76.98294
180.38992
79.66794
83.28418
117.52798
94.95588
91.05452
64.25646
86.90377
75.899124
71.635216
68.84182
79.604324
59.95201
86.63767
85.651085
51.09115
56.495487
64.73316
26.73762
30.568874
60.872604
54.540123
18.140999
144.70923
89.87205
44.33555
44.253586
90.89216
60.653427
83.99884
74.65133
33.301327
40.152977
72.800446
20.954645
47.0784
50.97728
98.85629
71.949844
59.36481
73.26099
80.516014
109.154465
61.826504
47.838623
117.974045
84.91678
64.38486
112.359406
130.21307
140.19925
134.97589
51.73357
91.71567
92.08489
71.49583
38.599968
84.25056
43.927383
150.04305
62.367783
105.24477
36.435265
56.793716
135.11826
141.42935
141.71646
132.375
82.62515
87.99603
48.90746
125.90823
90.17745
59.01055
86.34229
136.78865
55.602642
97.608536
21.297949
25.963564
57.49721
64.28644
53.317215
34.516586
81.72263
50.499393
119.27981
60.805634
33.075985
44.49257
65.79019
43.972187
40.18242
75.296875
36.5004
136.04019
104.38895
88.3202
62.853085
127.10581
150.84135
109.22924
165.37198
117.39207
82.340546
91.082596
48.31002
129.26468
65.557846
38.467827
28.13072
171.15456
59.058197
137.58545
74.51719
108.765564
94.68629
71.858376
44.34921
65.76402
59.796528
57.260563
119.3386
90.00139
76.98131
73.491776
49.83913
57.369884
95.41982
63.715073
99.17921
116.70208
147.46207
118.96289
81.28136
124.92998
106.39485
89.91389
93.98822
133.95314
98.170555
34.84356
75.21533
133.24774
84.18966
33.149292
50.402935
105.86684
79.15813
33.721813
58.11923
43.152763
76.583694
106.837616
27.165394
63.698227
22.885288
16.222437
37.97645
114.869606
146.77155
107.75554
72.952225
68.430984
67.56531
58.949738
126.77734
49.110966
56.075172
30.681211
88.04019
84.51308
116.90103
70.81178
41.6119
79.395065
87.88428
48.503685
73.17771
66.75538
117.37338
95.58374
120.48457
144.42676
87.53805
35.389435
91.506905
104.6971
123.55828
75.05027
66.40171
73.039825
71.95746
69.24896
72.43809
132.35876
73.04169
126.97781
76.90359
23.966215
70.78691
102.30236
89.56416
63.321644
118.52247
133.24988
78.72871
109.3117
63.85508
105.27194
96.13445
41.077084
47.854244
76.952896
46.091896
86.87627
101.64515
46.2011
100.93973
75.00441
60.436005
92.60626
50.644196
86.97482
43.97878
47.73153
54.7956
69.896515
95.39587
98.92783
68.42164
67.71447
49.19172
70.48206
89.21637
75.60651
106.08834
72.56069
63.94526
31.722702
54.704716
52.667255
77.83212
68.47086
65.38555
72.356606
58.489944
118.54223
165.08957
79.242424
46.70457
49.62232
74.59604
38.842632
58.16029
53.79673
85.93965
78.123825
82.858665
61.586723
80.79539
101.671295
104.60039
120.90738
120.50391
54.42174
76.92972
61.619152
51.766323
73.129944
113.44378
91.525246
72.65141
102.381165
130.78719
121.19779
103.618385
53.548878
80.96196
96.5303
78.53098
138.73776
62.135113
75.67475
59.788734
50.66119
104.71509
98.502365
48.040947
135.4931
142.86452
104.04898
129.1629
46.129234
56.215206
34.55163
85.225136
70.60395
56.48467
30.805052
170.1252
80.66244
109.50137
55.486244
45.963886
33.29829
64.02688
59.476585
96.46668
82.86594
43.73377
70.19419
84.531525
43.38443
113.18964
78.101364
61.364304
10.37927
78.17028
91.188446
91.05438
68.11202
96.07492
63.966263
117.761116
105.204796
50.645668
80.05778
93.10297
124.14417
33.345432
144.64433
49.90962
61.329884
36.350204
40.029015
117.21101
55.50334
129.81256
78.84604
64.84022
121.20762
93.696175
127.67159
132.81715
154.86238
55.33754
54.04646
27.927927
125.07339
63.85807
13.778717
62.86012
118.41577
72.53089
87.476974
114.79858
44.64343
127.6165
133.32207
71.705025
98.07013
65.42127
96.65762
37.095028
54.731953
109.17442
125.63943
78.90278
55.0464
61.494762
105.299774
66.189674
134.39941
61.182274
72.01931
49.39321
101.683525
50.404076
59.117916
58.077442
98.02969
73.97395
47.398125
67.62096
41.700916
114.85318
43.125416
37.52342
102.23118
74.68053
70.3391
72.106384
49.65059
42.853184
87.545944
73.43296
88.4371
79.594826
125.072136
109.8381
59.984043
93.833084
36.4199
147.0295
110.34559
79.85566
74.01691
63.414463
69.99657
98.36648
61.21886
59.172993
94.87238
39.616695
82.87189
107.09266
166.3081
141.71165
105.62298
138.20963
63.792492
42.620747
25.600426
58.50322
60.884098
76.47107
34.75016
34.65663
109.4545
80.24942
83.30797
56.827965
139.25815
120.39841
145.91017
118.98267
124.445724
89.784294
91.77284
29.382078
79.68932
70.652664
63.7383
129.89134
147.17877
129.87013
106.188675
101.29263
46.439857
25.261614
92.52236
84.89517
92.80566
99.228836
61.652252
88.245995
101.84242
48.246647
18.213997
36.782368
63.228237
122.209206
28.946754
100.82444
23.75364
75.147484
26.125854
34.74594
116.03752
49.68344
133.1432
105.898445
63.312687
75.59681
45.59919
90.399025
117.46153
110.04687
55.865757
98.87001
82.62881
71.648445
56.19691
74.30484
64.186
40.292564
50.424595
88.19584
97.41288
127.41311
100.3823
149.36958
104.55571
93.31943
48.527485
85.15203
65.84769
62.73146
93.62061
38.36129
66.339905
41.909092
55.847057
81.34087
51.581806
40.893044
77.40354
55.63987
73.59231
70.92825
75.134964
80.555084
49.051598
48.828365
156.35133
106.924484
66.62312
79.771194
130.09975
38.957787
51.78584
58.17986
63.39178
69.23582
26.447659
77.276535
101.445946
50.33581
73.53749
63.42719
89.33505
43.93229
50.248585
60.286217
55.67584
46.77548
118.73482
65.95206
81.81635
85.116585
47.557175
38.52982
37.05961
82.849434
125.76716
101.0285
103.75799
29.294775
86.19469
38.011898
15.115461
65.31943
75.11985
100.668015
64.47235
41.351875
96.39536
29.280779
69.24664
56.504517
42.820244
38.15303
55.021698
37.702152
32.991344
90.208565
49.605488
116.57617
71.53372
32.661213
84.602776
54.496284
114.150665
109.58696
86.22457
49.13772
91.046
55.310284
53.842762
43.9973
62.91293
96.613144
66.47395
74.792725
71.047424
46.004898
58.577824
45.600605
64.00783
93.79507
92.40659
50.408287
86.96906
54.326344
56.927086
53.136242
73.80152
51.870346
40.87048
36.74574
58.648434
110.90504
129.44267
69.21494
56.21417
37.154743
24.673584
87.278534
97.489365
129.24838
86.52383
81.49009
59.24371
82.476746
33.167423
79.28679
126.95929
72.60421
73.55899
77.555595
56.803177
56.457714
96.192696
77.90237
51.789642
80.2834
44.408413
76.30141
51.02063
65.573784
128.01874
92.10784
73.401115
55.001453
54.369434
128.62035
34.462757
59.946842
54.37083
155.26791
169.25275
110.10445
164.3501
44.718437
110.34193
73.83551
72.64887
50.842743
45.84465
92.65155
72.794785
67.86737
83.32732
97.07195
52.555737
48.71797
50.384537
81.16927
59.018536
77.001884
70.484474
68.842094
92.612274
82.46917
82.85068
54.065414
57.982704
79.62076
54.717476
118.31577
34.458416
119.72878
68.7477
72.79273
120.35264
107.012764
102.289825
123.06207
53.126972
74.76626
43.579124
60.079693
79.11758
82.82456
86.998665
72.22519
37.90518
92.065956
86.09002
32.801975
91.23254
49.262417
55.72604
37.49602
39.415184
88.57546
69.93842
94.15605
70.11668
59.36338
11.907471
42.46782
57.142086
119.496765
47.601944
84.45096
51.17684
139.3085
80.03901
81.75217
98.39078
44.793053
56.152725
114.162796
98.56096
74.96178
119.62098
39.005245
118.22596
44.84293
54.526363
64.28244
104.10862
36.11252
99.06336
53.05404
80.02792
58.639023
60.0022
34.36452
95.85147
71.141014
50.133984
36.916893
193.5934
71.69853
49.241337
88.196594
79.40573
39.76637
60.420284
85.865715
36.4809
44.200596
40.43522
156.92625
64.73293
59.666733
34.805832
59.03958
20.77331
55.131924
45.189415
22.092585
44.110004
35.970287
93.0888
91.20268
49.270763
64.90592
51.91808
116.507195
82.95476
42.238155
62.169956
35.800262
77.34227
57.64807
94.22568
64.44308
50.21917
85.29153
66.7875
32.03129
99.994286
113.730736
48.14745
35.385574
125.71356
143.25964
121.76392
180.02681
89.78391
127.962746
92.57227
79.56073
94.00802
134.37871
73.728775
41.58809
111.55578
42.88765
120.02106
83.961205
23.571692
58.067215
123.95125
55.927933
122.98403
79.75084
92.683304
61.499043
61.328957
57.067123
34.653507
77.83184
75.939804
85.46189
108.94308
119.30693
96.50873
89.625496
46.7598
65.09392
47.716534
23.915483
121.296
63.402565
113.59982
95.45252
128.69131
82.52627
89.73254
92.652176
94.28313
48.11888
50.37668
80.517494
146.306
102.55545
41.030884
66.33898
64.39431
100.46763
69.752205
126.0262
79.15357
81.47573
64.63284
118.75579
144.10815
182.68703
11.920055
88.54456
90.45538
45.66622
34.130657
103.0908
99.349304
69.16585
130.52397
46.67112
80.08694
60.77245
47.757294
59.964157
110.66507
39.04161
52.185333
59.733997
46.003998
45.76495
77.280716
116.79987
89.79638
87.59592
96.00565
56.734535
68.97842
138.91222
142.89076
46.136494
103.22342
73.23023
74.069626
122.08169
167.68027
62.495014
63.193092
84.39244
115.532394
86.26287
76.43735
46.505474
27.033974
68.44295
72.54187
116.66496
51.443897
91.3075
96.72547
59.264317
28.919321
70.49284
48.28169
41.035957
53.213776
71.24553
120.62996
156.85207
162.42252
109.58669
93.36664
104.65353
151.42268
165.66994
130.45407
119.45846
69.50212
67.171394
91.26392
69.507286
121.24131
179.77533
106.120255
72.42893
150.46577
61.890697
156.67255
81.64592
89.35004
35.144085
32.59427
67.76616
40.664276
75.97959
60.620827
170.70851
93.21893
52.230114
111.105995
120.6862
61.45691
73.068596
101.13272
112.56016
43.458843
75.860725
150.89789
66.58354
97.49354
54.934845
100.423515
131.50299
147.61694
109.944786
139.05444
126.086555
61.213295
80.39119
42.71249
96.18715
42.16654
112.828865
64.817696
100.05828
58.68352
72.709045
100.09838
35.050377
32.176094
119.32238
36.77461
46.248783
108.82733
59.82314
77.38225
68.50176
66.81038
61.703663
147.46472
44.3226
78.84753
100.38442
46.322636
89.11716
37.878284
94.122345
72.50803
95.74289
128.90971
125.12918
95.169685
64.11083
100.04224
99.86631
63.90228
25.874939
40.52211
64.21902
130.58264
105.0972
131.63028
80.868996
43.656315
103.96742
33.288586
65.00597
72.66647
67.91152
23.380426
21.11885
123.40689
46.00233
54.009884
93.88507
55.370243
105.42447
164.55873
177.43109
64.75814
59.653404
51.22441
53.15044
112.70997
50.374332
79.05428
45.681828
137.0556
59.050385
76.9098
22.092955
80.38578
30.067453
45.84352
51.34889
88.000496
58.13002
75.32665
61.431866
26.852358
99.24119
37.310757
66.92554
35.840862
99.123116
158.25665
103.710526
143.3004
63.76343
131.0342
87.08315
46.714497
80.404274
51.589066
120.710556
118.03696
52.596622
88.04192
69.87642
76.21455
160.84863
104.377235
118.50615
53.39778
107.53234
96.04748
57.24466
19.905756
99.037445
195.92499
73.23575
24.976309
118.61781
69.77151
63.400944
61.488163
74.53699
42.022038
79.73704
78.014114
127.2783
29.695732
65.269264
68.988396
84.73733
40.208084
78.98972
73.61231
86.15372
78.62354
82.05807
110.656784
101.99873
140.26187
141.963
60.361893
104.41091
89.94722
55.02856
121.42647
134.63489
104.40931
129.54483
108.905205
84.908195
64.6305
48.03554
54.169872
101.93412
61.643898
69.54707
56.03704
89.28494
40.689392
91.7183
104.34848
121.46512
108.62759
129.80522
162.79619
34.48227
78.9873
42.702583
49.723896
59.92496
128.53195
62.189194
106.48393
42.969482
69.63437
83.99211
72.39748
47.52933
37.423386
108.45933
74.580055
122.24955
67.055244
78.11606
45.28066
40.19554
59.232193
92.40988
46.234398
42.49798
76.2341
171.5634
70.80424
145.67891
83.74551
111.02826
86.03205
149.52321
138.56627
77.84931
158.42725
91.91161
75.706955
83.22368
82.19138
77.45488
81.98098
96.43064
90.89131
58.40626
68.58969
62.70621
54.96036
82.14573
83.07244
131.2397
85.14553
14.015816
73.637375
51.20946
70.49993
59.067745
82.90795
70.34897
74.98541
107.68673
129.2709
45.60168
102.3967
89.12921
45.543312
72.188805
72.60855
107.4806
103.61788
159.43527
46.73453
73.20705
47.952763
90.99404
33.869404
40.417892
55.601357
84.15753
121.61754
148.61752
42.575424
60.484364
54.635727
89.68913
92.357315
29.45828
64.668396
19.628416
87.44563
101.11699
58.91612
157.23166
97.50219
153.90372
91.16166
60.03318
106.4442
88.44597
62.49036
75.09304
98.3938
88.1784
49.673946
51.82625
59.75539
36.50976
104.47687
57.77174
87.420685
98.00728
30.284075
91.64919
112.49936
103.5423
116.41535
121.9526
43.102505
59.84033
82.60132
64.00391
49.89886
79.898346
49.071465
113.872406
175.0209
38.670536
50.09825
16.643225
83.36796
146.55147
145.60788
79.9625
83.02602
41.80674
128.6898
146.05777
134.83922
70.46161
69.04865
89.35398
110.989494
63.63888
101.85126
101.13784
56.18361
103.94848
98.258675
181.42453
154.90497
59.73179
77.08614
63.765293
204.82764
105.47148
135.30927
73.770485
74.22064
156.48116
64.56378
105.75424
68.57591
136.69609
55.909523
127.392204
107.05093
94.71257
138.34357
155.77023
90.97981
54.24076
120.58123
99.632744
211.70146
91.94532
93.35994
100.14394
81.088715
51.701363
57.52428
39.304184
81.50351
51.130795
111.696815
70.162636
129.5613
55.94788
89.736786
31.089659
48.281822
12.332499
87.03017
103.78245
112.94615
102.60877
51.362793
82.18836
185.73862
72.18286
34.728123
79.59235
93.980865
87.62333
105.09496
77.68932
127.042244
96.164696
120.593185
47.62046
122.58398
25.89673
137.32338
40.52768
82.825
87.857834
41.731583
86.84132
94.03082
210.73955
101.50363
70.72713
53.04097
29.05272
70.376945
14.2416115
46.120342
40.42723
52.60415
109.665245
59.413647
77.25938
100.258835
48.086094
98.53782
114.97797
84.34703
55.412827
77.86442
86.72664
34.320786
98.687996
52.385433
42.522865
117.56636
130.04741
64.30592
109.61795
113.9106
62.11543
125.67477
68.25568
121.2781
58.47708
60.359673
52.19905
65.62895
71.74738
61.067295
51.666702
95.34609
82.11458
148.59802
115.9525
61.919907
36.610916
77.85923
55.764034
46.89644
68.302925
23.687185
58.579967
55.777287
64.9627
87.592804
68.76778
77.63145
95.513145
110.49556
66.221954
115.32799
50.713024
107.91965
104.52812
82.927216
36.957123
77.05332
64.222595
86.408966
59.210793
74.77518
133.29657
122.67216
65.1532
111.38477
100.90039
153.267
34.87609
49.45288
44.912422
55.577393
128.70074
93.69046
90.51873
92.51409
81.30808
58.615997
55.04702
48.95619
73.86485
92.155106
69.90783
41.17215
117.94448
127.543594
42.032665
59.811413
46.083107
61.782997
46.073956
79.535774
102.524506
108.35926
168.12724
83.83776
67.48921
120.30451
97.91681
91.96016
72.13064
95.54503
27.584404
23.569508
94.99274
69.397995
120.65676
118.50946
89.82503
58.912243
61.37802
118.05245
89.78107
70.71012
136.44229
78.67361
77.14395
59.625504
75.14983
94.001854
55.311836
30.110811
70.00779
156.56808
58.272263
46.136086
77.65117
60.297726
72.607666
28.888525
115.846565
55.966923
67.16932
105.969124
61.127968
88.80902
49.506588
66.169945
60.515835
63.5739
132.474
38.820778
60.127167
37.19244
154.18129
65.76506
57.85141
73.43137
59.8391
83.21296
116.27146
64.12262
72.01996
86.62808
111.93457
55.150997
33.566273
67.65099
74.8945
93.636406
150.37694
96.52212
84.729416
110.43463
52.054028
80.470116
78.12143
55.205795
79.75067
69.22348
34.653187
58.935543
32.414955
143.71552
77.88388
158.17816
140.91736
31.271927
78.79755
103.5444
148.05107
79.396576
49.328556
52.810448
39.368927
74.47153
86.651024
102.32732
91.563416
46.04215
78.427666
100.99989
157.04999
59.877003
97.14258
105.20379
114.3338
126.25622
75.92196
107.594025
57.375996
81.64466
67.38431
55.35744
53.20745
46.744373
103.89376
97.107704
77.026276
41.88841
89.5063
139.92886
110.266464
91.922585
96.05264
72.008286
88.502106
74.723274
65.55607
65.200584
73.889915
79.74268
127.641884
35.369728
91.89788
80.91437
64.37189
81.386444
104.01176
54.809757
59.2979
101.227585
101.01577
73.832
86.05067
59.36319
91.201385
51.138397
92.695724
106.752266
115.53097
51.90639
111.34776
128.04765
95.75855
114.03997
76.08022
109.40091
76.64412
162.11568
139.14008
36.88213
44.308422
73.81689
33.04599
118.244484
68.77074
125.37406
74.23271
91.54408
152.35188
56.43931
111.45795
113.333466
24.940332
8.557751
54.20138
45.37368
70.77132
43.56949
53.72175
72.295105
99.85023
63.172306
43.122066
119.76715
102.9758
48.282696
64.430504
123.91332
103.99383
109.28846
48.38812
88.98051
86.54806
84.64444
58.449623
38.213505
104.043015
121.87644
47.002853
38.97055
71.681046
138.12065
79.447655
54.20954
68.40715
47.284264
83.394714
43.512997
102.50558
31.264074
71.35976
73.76618
44.284893
84.44166
40.372467
81.813225
105.737434
53.249443
48.44539
26.611534
29.928852
86.36029
127.297844
88.98654
50.428886
80.42446
40.780655
117.28125
46.43637
47.4996
27.227503
84.505196
100.52702
59.850487
78.90782
77.505714
84.9926
141.1691
59.8544
58.27462
161.74194
87.84468
55.55545
63.894527
110.8604
104.26492
75.46563
77.72811
73.0747
56.16044
80.64446
118.26189
58.21047
86.49179
132.26411
27.95889
138.87643
75.69508
29.272713
115.25053
146.96909
130.07397
101.34993
59.406425
61.729214
64.92526
151.39783
92.27605
53.185726
15.015494
40.603428
85.28487
91.28522
141.14964
122.51751
96.82509
34.590225
95.24686
21.33062
82.63423
58.64541
55.805645
54.184017
123.603455
45.47745
66.94403
38.446766
79.13398
59.910534
89.294075
110.37797
64.84418
72.07874
62.96873
66.959625
94.53746
74.652374
161.9712
66.94864
141.4507
34.743168
41.911007
62.72862
114.639366
54.513947
79.18136
88.71096
9.075534
109.934906
103.73779
68.78568
156.67458
91.330925
148.59805
157.91528
79.76893
115.47172
96.75185
47.823063
43.745914
63.644604
92.43828
86.50606
49.38566
55.017776
49.318413
68.60499
66.87723
105.19905
54.034004
73.977425
59.91833
168.34906
116.29477
130.47054
92.372185
57.301083
71.7335
109.24811
56.24665
63.007572
91.88769
164.43121
102.5683
88.049484
139.934
73.863434
147.30937
69.10401
89.12734
63.030975
70.58994
91.83884
96.32889
21.939285
50.266685
123.28899
65.47422
65.33969
74.273506
96.66738
98.9346
92.324684
62.595753
62.388546
84.01597
50.832287
34.54158
38.423176
83.1828
70.43456
58.98368
93.30699
90.199425
26.354193
38.9573
65.92777
88.06498
91.96627
131.84508
78.301674
120.683876
59.140656
118.889404
44.835133
112.73395
90.46268
51.8798
27.31558
130.0583
120.75983
47.985863
75.5571
110.448265
70.64603
63.113583
67.83572
46.87782
36.794655
120.476456
124.779854
92.1591
80.61163
162.38478
33.927433
22.576668
71.131935
144.54626
26.613396
92.08284
75.62777
79.03313
59.01393
68.348724
97.39909
71.540375
125.03892
119.851875
97.523445
66.08656
91.95315
132.00137
59.915924
134.16132
60.97757
64.35797
34.61637
22.960415
37.726803
122.64562
104.09205
95.5904
69.94812
46.533157
118.55789
12.58569
49.75436
66.78797
39.333153
76.25649
110.7399
82.6078
60.97086
104.58647
82.677765
51.06575
96.34151
86.82028
28.5525
61.709293
91.600685
45.50654
67.53542
70.45446
63.582508
54.967648
50.021828
42.91261
27.818003
117.78543
200.15472
111.33543
111.67959
54.51405
52.976055
123.492226
92.99867
87.58183
63.082916
90.831276
81.93204
97.595146
21.363775
48.52607
27.535364
39.90186
118.1238
129.30914
75.81089
126.64928
58.439472
52.62955
88.08524
122.09972
121.863846
110.33403
209.67053
69.88424
71.893005
36.710938
84.66245
22.687702
41.044376
61.33325
106.87067
131.8334
72.69102
85.73038
45.108437
56.687115
74.02701
62.6205
101.25923
92.15363
164.33098
104.421005
76.6716
176.12367
61.842422
49.950966
68.463
52.656914
88.248924
62.452652
88.95725
65.02228
66.188065
62.926346
137.13675
77.930534
97.45235
51.681046
91.612305
126.15223
35.842453
80.89088
110.92563
118.70654
100.88752
11.553211
101.40541
82.72105
41.82371
64.233215
13.669772
66.63401
72.751854
77.33644
44.280434
82.20082
112.56772
66.99197
81.45394
84.23898
54.64202
90.45916
108.98015
145.7315
44.400158
61.600224
124.573845
51.92566
80.29656
31.547215
98.261444
72.06423
82.51518
69.64198
119.51101
81.019905
52.24677
52.21858
25.074898
43.94557
54.271767
117.408585
155.17216
98.344765
23.057941
23.353941
169.04138
127.189316
74.382126
71.67267
69.15807
148.39926
57.71019
118.76723
83.09702
106.39456
156.16722
68.79525
50.795235
109.432465
74.564285
93.695724
90.51723
57.773426
36.62721
45.831505
46.134052
106.04322
109.4391
75.21228
52.163525
45.27439
69.86055
46.68061
77.428024
150.29057
79.387184
62.593666
33.936684
105.09915
76.11426
76.57498
47.192917
63.16321
66.9867
36.044044
29.72503
66.33306
159.05914
145.38724
120.655655
98.97031
121.56137
35.186375
105.270096
65.12308
156.52255
67.32937
78.96307
110.24561
140.73038
80.67137
73.97376
56.661797
136.79599
89.03869
11.897201
68.766594
46.2546
99.20961
71.960846
58.29518
44.817818
102.57063
112.36664
81.245026
89.53822
95.34373
31.271536
45.7356
103.627594
35.91118
66.476944
122.690186
102.514984
38.86306
87.009514
44.99626
24.101746
75.55954
75.370766
95.733
17.781841
74.53433
82.791336
97.27895
49.600197
104.28842
90.458916
82.88518
110.21558
42.4298
87.10454
79.93424
83.73808
81.714516
107.372604
43.830082
51.90184
124.32914
89.33584
72.34128
78.41332
106.498985
76.38085
75.42292
61.578793
110.67979
79.65567
55.748306
94.93672
99.152145
100.6898
25.378834
108.72186
60.608444
82.73711
85.09184
57.05038
137.41937
47.548027
75.5128
45.94123
36.080467
58.234306
68.52436
30.657967
34.317432
41.98788
82.85438
48.4116
36.495346
93.384636
84.081535
41.557636
50.628815
38.432907
123.52008
77.457855
64.11847
81.64146
49.645763
63.356407
34.619198
114.06293
58.89935
38.766685
83.22104
85.48507
82.619606
85.47971
106.37018
94.77078
49.50103
53.233124
43.28873
72.11669
87.64735
43.889103
90.012726
70.199875
85.48902
30.330845
103.83455
103.68251
115.24484
65.1315
44.590885
40.72074
102.45938
79.35706
119.9957
57.863335
61.23966
27.580223
81.172516
35.026627
47.649624
92.932335
55.77849
47.715313
73.67189
44.65866
91.170586
41.853676
28.828056
30.963219
29.015139
104.70528
113.08087
76.227295
70.01837
108.36052
125.39855
75.14276
62.160355
105.15563
98.029076
40.40701
62.36592
99.19356
58.02328
58.626564
26.0004
38.15267
86.32382
89.044785
70.68747
83.46218
60.448242
86.403206
92.69278
52.766758
76.07119
46.463154
46.798203
113.30207
117.47153
86.77544
101.16255
106.6614
75.24985
60.53522
55.63279
49.289627
66.4429
49.82393
17.828564
80.198105
72.60955
71.56469
30.351334
78.62692
60.36086
51.392616
82.00957
34.154552
64.45873
76.51194
37.13832
138.03487
40.243885
92.35504
54.28734
107.73508
84.01499
89.60557
91.04343
63.003517
121.84617
51.369785
87.59887
60.56138
122.627235
132.48369
33.001476
48.127213
114.68234
78.91317
50.11264
12.730873
97.0603
81.09525
96.711205
55.833965
46.97735
57.52089
90.16267
66.12654
78.101326
66.95864
128.94936
176.64214
71.54135
44.670177
36.855167
62.325127
57.92019
58.85092
106.477295
76.91408
99.061455
101.08433
93.76068
67.762314
90.44312
56.875404
47.118404
44.37259
36.94391
92.55899
50.54551
41.17969
68.12318
54.170486
101.07178
89.08701
54.908825
124.05152
152.12447
136.38115
111.992874
53.512028
42.54749
87.68474
61.7146
73.28117
73.85352
44.89315
97.15453
42.436405
113.88328
161.2368
93.34728
158.67891
66.61191
123.8774
94.43345
70.568985
127.875275
43.426437
45.42998
91.76574
74.103355
93.287506
33.062172
90.76537
59.562443
66.0534
59.118847
76.58193
56.860863
70.89167
79.99702
85.35191
32.04639
52.987064
108.10147
86.94503
109.60973
53.222095
186.56648
78.47283
130.82144
61.755196
81.47232
55.765434
118.87242
39.5397
90.74291
57.667862
42.154613
56.967133
90.554504
108.56694
82.07233
89.33797
106.08039
75.9838
101.85269
82.35918
120.97147
82.07592
134.61452
235.24477
146.9373
109.468605
63.316315
132.42986
51.22941
124.94949
95.440506
65.74441
56.516647
72.631134
96.20029
60.434917
97.66503
89.48083
84.16221
66.098785
76.66323
49.246754
116.15866
56.041557
116.66162
91.02998
112.52672
77.35538
63.015636
64.42165
62.908623
98.51441
56.607872
53.1213
70.478516
30.535261
46.990414
58.96388
56.648613
90.56153
93.05661
136.46362
68.26778
82.2239
76.53309
62.04165
87.27476
53.883793
37.355156
93.58487
113.15376
38.45362
49.727676
117.74218
120.365204
81.61464
116.765724
90.00424
76.12508
80.545784
141.49037
105.382904
92.17249
49.295475
45.1296
60.920376
70.865746
55.375122
92.0544
51.15649
85.80002
37.01931
70.90391
87.4804
72.84143
48.638798
60.689034
47.96832
48.23068
39.21707
54.197
48.42935
49.32825
53.466
78.51011
80.91943
108.40709
44.774
48.66059
58.57724
38.39137
91.99038
75.86663
68.82168
95.829865
70.96007
70.160126
98.19302
83.89187
46.72041
96.437675
138.52567
124.8676
48.172764
54.668846
68.97782
100.69498
63.41684
85.30034
88.81493
30.139343
57.641136
61.55849
62.59825
84.268
69.48532
43.510567
78.48445
93.709045
91.681816
51.120617
20.828575
98.13958
108.12553
79.20458
27.875639
57.46501
67.90851
73.97019
57.813774
106.67614
67.27026
87.670555
102.02073
69.250656
22.371983
32.178837
42.864395
148.76462
122.5399
40.928585
125.83678
31.166372
89.15161
43.71636
94.044685
91.76768
67.247215
86.90869
109.93105
137.63927
92.40116
45.596928
68.82754
57.486313
94.85081
69.96829
38.709293
48.459473
120.87075
28.345543
32.477333
29.81685
36.54335
15.803555
51.03026
74.202805
78.61305
116.30863
19.326183
73.7378
133.34262
62.02952
74.20321
102.373184
87.42637
92.25666
46.67984
61.46388
78.95505
33.36416
48.819424
63.780968
104.99595
83.69423
102.5437
54.723324
66.60506
53.19128
57.63524
17.23994
33.847935
68.74066
10.986225
109.07663
60.635265
20.058973
61.218925
76.52817
52.961586
29.632317
56.05568
69.298965
48.556255
96.425186
61.66813
51.484013
130.43407
44.557632
6.9108553
46.368877
63.500664
77.548065
61.931274
19.672548
60.07718
116.60085
110.46065
62.99443
42.645634
86.5804
25.051952
59.456577
53.96659
114.52266
43.338802
55.868652
60.41183
63.619083
69.377205
68.25925
65.45585
90.08591
93.0479
97.1478
24.202599
50.50164
87.05856
94.0857
82.4035
37.886246
69.06983
135.84425
119.38849
141.95137
121.325554
67.14528
71.98681
18.193487
70.1866
123.68359
65.64002
52.846405
83.30002
149.2046
129.18922
69.692444
98.87612
28.971987
43.049175
45.937435
75.449905
24.291258
66.65396
64.887375
114.81089
78.106514
80.421036
70.352684
30.894619
48.662453
126.177155
67.93584
44.559032
105.79812
123.45718
87.71074
75.66933
20.830507
73.08352
66.46166
47.70165
126.92802
34.453705
93.15848
66.33148
76.48843
38.35978
54.335625
36.61282
143.02489
49.182446
40.687042
99.42359
95.12901
61.95993
52.64216
120.69576
10.322465
87.039444
88.564735
99.32282
47.88862
89.72662
91.41054
111.95365
87.77927
78.6478
43.319138
65.803085
42.085365
61.320324
47.0257
86.6248
38.16151
107.44117
83.03544
63.73574
100.93425
87.277405
69.79537
93.10753
225.07469
73.53359
130.35756
27.603012
53.720947
54.806484
67.69071
25.893732
56.74439
33.765022
55.612408
77.54837
60.67004
112.753914
53.717865
51.931885
50.512173
73.937675
85.768074
96.08323
25.111816
56.330845
65.75272
27.739208
34.1785
80.34905
84.55463
52.144276
62.7847
83.75074
70.32862
61.527245
21.185225
41.392124
58.460697
74.23679
34.08417
63.677406
72.20064
71.478355
49.71875
47.90623
56.281994
37.483498
77.426155
106.40708
108.73088
70.17431
85.795784
69.52734
46.13272
52.249073
95.51632
50.349976
42.666523
62.254227
34.406483
78.881546
73.220505
95.86805
98.45814
72.926384
45.877995
68.45549
141.03966
140.48604
111.61893
76.84239
67.84396
64.7832
54.577286
65.00025
60.1977
159.93561
111.419266
97.085785
51.032787
67.054085
59.265903
79.4818
91.26444
135.18399
88.55322
90.562386
52.732254
44.970097
52.572037
49.598984
63.836456
109.36265
51.005096
73.78968
55.176003
51.14731
61.265026
81.186264
70.738304
85.733154
113.703514
68.245705
44.59213
92.68083
74.92475
73.29638
63.28966
62.47335
35.458122
58.173637
55.543827
98.336624
113.317116
155.792
181.57724
46.389267
123.11942
87.76658
88.01325
79.48932
76.4633
32.46955
54.677784
59.910072
73.66088
67.30143
93.20145
38.07264
140.36293
57.25521
61.979755
149.85844
90.426155
120.980675
97.040146
74.93418
43.911293
38.536774
48.56304
69.59514
81.344505
49.580273
57.684803
82.60439
45.96784
32.519726
113.45072
65.91748
64.75396
107.87255
55.87981
21.351768
115.50795
66.63271
111.66419
85.46933
91.424736
79.46619
71.57759
93.8054
39.17405
39.5906
67.19883
55.813927
67.90602
120.26692
121.43459
70.525826
112.95674
163.96748
96.66127
123.06982
106.281586
75.94046
74.78743
61.109573
81.8688
96.236534
51.09966
122.22887
31.836401
62.528675
69.37762
109.363396
13.39501
47.293312
99.04542
78.519264
200.26422
110.42652
73.33243
13.409687
16.514269
24.109692
128.82483
110.0963
54.913334
79.24859
96.79976
121.62842
102.85341
89.270065
74.74329
74.20773
119.70452
75.46416
117.5973
111.74512
37.269604
49.08314
72.316414
93.00706
58.97283
137.05597
104.36656
141.8107
70.960785
48.413803
60.378056
103.388245
86.89223
92.1404
110.29363
68.75784
91.08754
85.32761
69.69654
45.87714
42.526302
63.529465
98.20504
73.86262
173.38583
62.605297
106.90809
49.92253
40.24364
88.88427
72.18706
83.74126
117.1784
81.32606
112.864876
45.023407
74.33104
59.211845
42.92894
92.96878
62.979977
92.65865
68.01004
60.81462
106.56641
157.90462
94.1346
89.06937
152.28043
60.71312
66.09317
84.68447
56.61518
78.29798
123.02135
67.04084
80.74045
46.35597
94.693535
62.810688
83.4188
52.63667
67.6489
83.51454
120.6066
62.1671
74.607
145.87079
41.191822
70.389496
70.01589
40.963524
52.060413
41.186413
50.03562
120.155556
102.67626
72.9042
34.252125
72.80956
111.12433
55.82343
47.73099
42.413887
117.34852
95.786545
88.32803
68.38545
119.96387
104.09952
111.36039
54.390728
148.15234
111.88664
25.948408
78.62843
102.90585
80.1494
69.388374
56.397324
110.22251
56.104637
57.79898
40.276913
33.47097
51.60337
77.60696
68.24145
67.74492
83.00018
79.69982
49.572266
85.62595
61.50307
85.9171
24.380865
82.892746
82.48462
55.200478
78.52855
146.5912
8.9055
83.83642
85.84682
89.33668
31.775524
69.420525
30.56236
153.77132
210.38698
78.56488
67.9837
106.53609
32.339165
66.8743
64.41963
69.3281
70.540726
132.04977
25.375416
122.73126
55.19406
50.27719
70.2845
78.20465
36.065758
44.314686
31.544422
88.11665
100.27115
62.201405
115.48733
126.541214
120.16618
54.838844
71.14157
102.16281
95.93212
27.835068
49.483246
71.81007
74.414055
110.086334
79.03302
89.75627
55.29253
81.01634
96.61925
35.908092
60.646397
122.37671
129.78888
77.004745
142.2348
113.91712
124.742645
126.255684
268.6828
46.610096
114.162796
36.394337
67.93524
96.08713
106.26523
39.44803
71.05942
127.437294
19.042784
70.07562
81.424934
118.33898
105.86266
125.80698
84.54552
127.501396
112.58161
66.89652
38.696396
52.580124
77.11151
64.60759
50.069508
53.63034
50.91823
43.105797
57.638084
98.59187
76.339645
113.43645
104.59083
134.20471
113.63448
56.52081
101.88917
64.060265
79.92555
139.94543
93.56488
134.74995
95.175224
163.29532
78.869804
59.043053
63.560043
175.85577
156.37358
72.05745
60.2802
113.0715
58.599716
143.11969
109.18205
79.25252
29.35157
75.00984
62.642746
6.827731
79.98401
41.20146
62.683002
104.95277
64.3599
33.05098
61.58132
93.57268
100.13054
46.773304
47.29045
108.9909
83.04733
73.48654
33.61831
78.55858
118.63673
149.06723
106.500496
75.011444
74.971535
110.81044
121.384735
119.20975
44.76657
57.738293
105.55771
115.91749
155.09921
115.9209
143.47752
169.13988
124.84339
135.11044
104.53582
119.48613
96.22844
61.54501
83.01003
123.22875
57.014393
52.819115
112.43466
32.1044
66.310844
64.653435
49.761837
112.89398
82.039345
47.11754
161.42514
69.88099
125.002235
42.67329
80.42754
50.58678
123.43915
56.1355
61.57676
62.10609
70.62691
22.510996
93.26942
76.72228
64.633514
75.66501
80.623955
61.098663
75.12764
36.85844
116.08685
25.405146
73.792694
109.070625
73.51293
26.838074
63.04645
98.480606
58.49082
60.19941
41.321533
49.615223
31.361729
88.761154
74.85973
27.041567
87.803474
67.18669
95.915504
80.6486
90.05567
38.635563
73.088715
57.257668
70.122986
99.7506
82.70348
130.57216
94.972946
44.34153
38.47172
40.771698
35.329994
119.28213
71.285545
82.5016
67.281075
100.411
54.80987
102.093575
55.286354
107.53522
44.425026
102.00249
62.90152
54.558887
41.720047
72.72152
33.78584
90.92415
167.23325
113.45457
19.387407
133.05513
78.01057
132.0218
77.11791
99.07914
68.962814
34.163452
65.23507
68.45205
80.811844
70.0491
114.16236
45.38607
79.7804
101.71602
38.93322
83.80529
15.493595
67.52808
31.826286
45.13698
69.99009
56.33455
41.325584
56.965244
40.879513
116.25848
89.808685
105.78124
101.465096
119.46714
128.57204
52.742294
39.734222
43.738113
144.9776
80.05787
84.04355
93.33296
95.701775
156.7808
90.80549
67.63357
76.13118
74.50984
112.475784
82.05239
76.172966
52.39019
55.563725
41.376575
113.312386
17.15678
90.49414
61.666046
33.350758
91.3884
46.823223
123.608986
29.42445
54.312412
71.01776
117.630684
107.154434
108.678604
76.20293
101.44594
90.62644
135.34221
70.65715
54.84374
61.61063
77.58195
107.23026
129.37352
128.4953
87.958145
63.35619
120.71722
132.2528
142.133
35.55061
76.23025
23.60016
52.73855
42.90003
23.85076
49.85495
87.21946
107.90981
110.59233
72.37529
81.17508
126.44277
124.85776
42.431137
53.80015
70.091606
127.121376
84.590164
74.951996
50.779804
112.05046
42.700478
91.6957
70.14565
75.95247
93.57071
83.6345
51.33495
42.923935
68.17495
78.34152
62.169945
30.853504
58.052387
40.3048
93.4226
113.75001
114.14376
42.97422
112.02417
76.62571
73.29544
70.4967
111.14827
90.31924
22.966162
81.843506
199.54478
100.935135
42.416386
87.31944
59.885265
54.23713
54.96974
46.431576
28.044806
81.61418
43.34502
86.656715
106.511536
90.69633
54.76738
109.81665
52.00694
73.17838
39.958225
48.002052
59.49506
54.985794
81.29652
75.353836
76.341965
71.34138
109.1877
112.28016
77.73895
140.9855
63.90226
45.334774
105.850784
97.483574
95.34005
80.202095
83.54428
89.57878
90.94427
98.4735
104.3341
191.48305
90.60847
141.74852
101.59252
151.27762
117.42963
61.916325
84.651436
59.242954
59.431503
56.95481
60.180424
54.362045
79.415955
104.80663
79.12488
62.038624
43.32331
60.235405
118.00304
99.57266
57.916924
66.0595
53.807552
36.47751
54.90636
85.63023
102.307785
66.96712
72.43927
63.767166
103.3812
65.26783
181.98479
37.334824
58.334766
125.1225
73.67453
72.38781
78.94677
70.35914
66.19387
78.6967
71.74435
71.234055
74.00798
82.81915
115.9189
104.4234
144.29828
98.06567
81.532646
43.379242
37.93042
86.495895
97.35248
56.143066
64.97902
116.71004
50.453545
90.94292
65.935005
64.0286
51.920273
75.347626
91.71558
113.4268
76.0787
115.89431
41.371525
75.76348
37.58224
107.66479
114.24314
42.309402
98.104774
123.88118
89.148796
117.21907
73.52233
34.884254
102.68033
52.94053
61.923283
69.729324
112.41998
117.75667
35.347755
60.426937
50.725136
79.85684
139.02007
52.589325
83.31891
72.80203
50.114967
22.744307
37.782562
128.72867
52.27637
47.035973
84.42082
131.25653
39.82467
92.8774
127.71873
148.45197
39.108
39.574867
43.147892
94.41763
74.520775
98.31131
102.17494
166.43185
71.1239
88.79714
105.17083
126.398285
57.421284
41.61712
39.603504
78.93938
128.49959
86.01563
97.718155
61.107265
95.10606
79.2772
102.808136
148.42303
101.58652
63.909298
101.22615
58.030254
57.29666
75.4546
34.711815
73.27235
17.333721
87.59878
79.911156
39.31077
49.91431
41.422062
49.407837
69.2739
97.188385
52.83915
69.97924
46.61768
98.33318
71.27272
72.98449
82.96208
71.01225
102.9218
116.62521
84.44831
90.371826
118.576324
94.74792
84.38875
195.18106
96.752014
116.15532
54.692505
73.76417
43.758133
84.87438
63.37912
124.4413
55.22022
46.660194
63.010868
75.126526
92.3741
64.6074
68.622795
62.21332
22.344358
64.133484
69.50989
48.51599
64.88045
31.313885
84.94858
78.878365
49.647293
56.02112
88.60984
144.01038
66.52464
120.16595
56.453945
28.998865
71.51394
45.224762
34.56378
183.80092
74.164505
58.166084
75.44053
32.495087
70.431305
34.435253
100.02781
53.256935
70.103905
96.943184
87.908516
10.906853
45.637173
62.17972
28.202085
60.468334
51.918983
40.55215
31.844872
136.79417
50.91419
119.21959
47.455597
79.055084
142.98578
89.090164
103.90569
106.646194
89.776634
114.3479
179.54683
74.26702
145.33167
81.48056
57.100574
109.99218
66.1307
40.293472
92.29414
132.38464
63.442528
77.25894
50.90262
63.81022
77.38859
29.614344
51.376854
86.92947
45.67611
79.234406
54.388287
109.36907
148.41042
114.90136
76.47151
149.03673
149.05042
124.37993
161.50049
28.690136
56.31643
173.84094
113.18652
119.404396
96.058655
157.12547
78.160416
138.81471
118.1618
65.39889
112.44594
75.284424
123.306915
56.01999
43.21027
72.02903
104.40125
62.35165
75.89731
37.75555
53.784634
56.166157
56.64395
81.23393
69.24907
65.14224
72.54422
99.53288
100.56344
112.259125
63.29792
31.168718
73.47802
86.77995
55.402485
159.58784
58.944862
44.482456
108.414795
42.85286
82.365265
78.27556
62.5517
72.859695
144.67183
56.41459
96.59295
84.94546
58.495045
76.888535
80.3502
103.12933
96.74079
104.166565
43.59018
97.39969
99.238556
67.2426
36.316193
46.109974
128.08516
102.88452
48.9624
54.710976
113.54339
71.12269
110.10874
35.512417
45.33297
29.201582
63.21082
68.07791
47.632896
114.84183
69.26391
59.19099
66.93406
44.920372
87.1177
75.96564
76.686935
37.491074
73.41653
65.59659
58.72314
117.49539
50.909615
78.69026
59.46587
82.81492
84.06788
108.92759
74.21463
108.740204
36.596703
23.192005
107.91149
68.5677
33.50958
49.06333
45.20082
117.35752
113.8403
105.7289
83.38202
82.40112
52.63955
27.848621
103.95313
130.60014
50.23979
104.3092
101.91003
60.35005
70.17564
45.210464
58.04975
102.298485
34.13441
47.7066
47.088844
31.796333
67.96194
58.37312
98.97563
57.05448
40.695198
71.72287
50.61881
85.41971
56.36709
60.014824
128.99576
76.98304
61.537304
51.943794
43.291195
32.21141
69.60152
47.011776
63.223236
112.49607
101.94884
38.744175
101.67454
58.75122
56.743847
65.21064
61.785404
89.11081
97.22936
172.86818
49.554447
61.53769
44.570644
65.08921
66.83303
63.251114
86.84296
110.96201
110.580574
56.58798
28.691196
63.7557
80.234566
50.21992
120.160324
111.10028
109.29551
50.7854
39.590424
62.033016
49.33314
65.44649
52.80396
26.947762
95.425735
77.380714
20.8259
83.350266
97.34297
43.82828
83.03742
111.24054
89.34107
132.07481
212.03104
114.610176
180.89885
77.43264
95.84781
124.63857
30.06675
49.207607
99.0481
54.58118
70.586205
55.485764
84.91424
95.746735
119.13753
84.86395
58.391563
59.117218
108.66881
102.193695
61.726315
94.48955
45.070995
21.947756
33.952003
111.85156
73.20814
87.22569
95.776276
151.99437
69.98382
51.275787
115.78889
31.994806
55.45662
67.97391
61.961636
129.36324
94.277054
64.25357
37.52438
104.27882
83.61279
47.389523
91.29683
81.293625
36.09212
58.016224
89.5178
24.893806
75.50835
84.83361
72.83567
24.198034
77.02966
103.002304
69.96937
101.16126
48.998745
90.535324
50.11519
82.82311
33.802505
83.635056
31.29668
75.14876
109.18226
69.13338
58.432423
102.39177
57.71317
75.11779
78.77699
126.09144
63.83011
100.95292
127.096794
85.03348
63.484608
62.187634
42.176125
51.126347
60.46311
90.00785
128.9553
83.78059
94.26095
169.64758
59.891563
65.68389
72.81656
69.99992
28.59167
44.863895
35.466434
78.04163
44.42192
60.358692
63.830597
68.11153
56.62311
45.095436
120.178314
76.99596
100.34106
107.706535
64.82386
104.3999
51.941532
177.063
151.40012
77.504585
58.413902
79.38495
109.433426
37.353573
46.380917
64.56289
90.22849
83.67756
94.830505
99.778114
86.92194
65.566864
75.81567
35.754654
70.732635
88.40375
222.35945
72.06888
69.154434
111.12662
105.6542
166.55887
133.92558
118.3752
151.64874
55.01611
84.26514
159.58218
81.42432
151.25519
116.40201
49.64983
66.2073
117.25205
73.780106
59.591507
167.96504
144.4953
120.536934
54.93094
81.91867
105.24062
46.127586
60.92756
76.58166
43.544678
113.68357
56.618217
87.270256
85.741844
62.426758
45.343052
86.430885
84.773346
55.77159
43.663864
114.810234
70.933784
85.317
44.14702
49.40607
106.86852
40.355755
36.621475
86.70042
121.561104
105.62566
130.65613
102.19117
109.40085
90.85986
143.32985
56.395985
101.75735
78.64817
75.25199
76.58161
93.81507
59.40339
100.15528
136.60666
102.39287
122.09217
153.8478
89.471016
114.52609
88.50419
44.575768
59.411503
82.54078
86.70934
45.948986
112.8703
71.79003
63.49553
37.657223
101.77532
44.795467
98.62465
112.29576
114.79629
112.29562
59.41644
72.19362
109.74299
87.1463
27.42645
57.337555
64.88559
78.58866
71.60535
133.72632
117.51532
33.614517
110.95469
95.16956
125.52469
89.19614
94.43038
49.90949
46.114033
32.055
44.81081
33.992115
61.030987
27.886286
67.87933
52.44334
148.12462
113.92463
53.641254
82.9511
83.693245
61.730667
114.95335
107.22867
82.08873
95.4588
83.06157
80.23811
42.088253
118.67127
67.44632
117.33935
93.83451
77.32299
19.258379
60.290783
56.356354
62.248272
56.728863
58.566376
57.493633
39.413048
61.68312
54.099197
111.55186
103.97708
131.65005
132.13269
154.76192
104.955765
81.72936
59.484406
96.46889
89.92294
91.46715
143.5357
101.56361
110.62651
48.5716
77.01642
114.021194
43.744564
73.711395
97.58849
45.801258
40.71748
58.899044
82.01002
62.459774
144.53467
94.98042
94.5427
109.74518
114.98627
123.7158
119.94825
145.40616
38.4529
100.18844
54.490414
57.076332
62.94352
108.78384
128.64903
22.880531
154.89696
108.12508
35.92944
55.96721
91.38514
82.727715
122.75571
157.44397
125.69211
154.65329
50.31462
50.835224
50.58287
102.96837
44.75488
84.05723
63.170742
78.78774
53.49038
102.70064
97.55888
85.443756
95.92115
82.25555
104.10386
86.72963
70.6279
98.95979
47.767345
128.47298
69.053764
86.992256
52.969166
61.833668
72.90247
154.57217
30.693985
105.660576
104.92931
65.481
91.02517
80.309235
132.62787
50.405968
24.051975
98.53982
30.669285
18.594625
72.853355
116.30783
82.885635
47.3224
86.14908
41.11632
50.488415
55.073994
90.24097
68.16153
118.5911
6.916934
122.507576
84.61889
41.12687
35.478157
65.49591
16.149958
62.64908
112.5777
67.73624
154.00078
52.032764
95.718506
81.66517
66.28218
10.740192
77.56321
78.85139
40.867844
89.77992
51.91937
93.27866
18.749048
82.57097
45.944267
101.57243
58.305458
53.888256
28.231312
54.7319
53.0536
50.04252
91.35245
56.789814
67.88822
49.627163
91.91304
23.006197
74.231316
59.967648
74.893845
125.29154
51.88757
118.77916
19.945065
30.449905
57.92971
57.214546
70.30196
25.82809
40.32034
67.82806
195.09436
29.735846
109.976585
68.2585
78.58094
63.36414
38.550114
66.14532
85.05113
125.55574
59.652584
58.664364
99.45481
120.56072
68.69685
75.74163
88.94846
62.28563
72.9647
77.129265
75.66756
121.652565
104.79908
61.936207
94.969696
62.65538
44.721466
27.663475
70.5475
72.19829
168.78555
86.05435
29.220581
39.988766
106.16037
96.28691
61.81848
125.29826
131.45851
39.709225
81.38446
61.4398
44.88147
44.194
114.65384
124.548
27.968708
42.16551
50.949356
33.51234
76.8295
90.83855
97.3658
108.10412
104.80301
99.6243
54.385998
73.71558
78.46628
49.182335
72.338806
22.388723
76.969666
69.721825
86.877754
44.00861
49.95082
64.219025
39.587475
122.73947
55.448936
84.55
44.879986
111.64517
91.42659
118.08008
70.048225
95.37047
61.00186
34.36301
37.896225
72.88917
118.80496
57.420795
84.302
26.547792
68.032394
51.23987
69.08545
79.40101
77.38017
154.57088
58.027798
72.50737
40.94909
11.002257
116.61955
76.868866
113.319115
166.54106
104.038574
74.65975
60.497425
118.95652
76.80742
99.775566
69.12846
82.03354
73.96397
59.34053
84.198555
84.72481
93.36722
34.97953
65.46543
46.029224
54.612476
122.734665
109.33598
66.47108
60.494495
59.295147
75.53897
117.87349
154.14194
134.83368
88.08387
70.87172
106.23134
80.57676
98.02836
106.15967
90.807106
88.36203
79.817276
103.5611
57.87267
101.28907
106.60986
44.4704
83.78633
83.15323
77.599174
44.835766
85.80185
65.15418
68.240074
17.654705
88.309235
80.036446
79.87189
61.41854
65.501976
93.16002
16.45706
63.624767
68.38915
65.21565
104.32217
55.26622
85.91392
99.74922
70.09522
106.54743
73.44304
87.630295
29.342012
79.248245
57.686207
68.607185
96.29586
70.87554
125.22891
106.266
108.3765
116.1127
106.63515
115.96892
156.13475
148.60492
87.145226
41.104977
60.966747
85.41406
71.89527
55.57087
88.53661
34.538464
73.28292
153.42926
80.54497
123.51077
37.109814
70.98641
12.328003
29.730806
38.683704
32.381126
86.50378
78.77224
116.46874
117.05653
55.481987
108.81207
93.56601
78.70449
127.53858
128.01372
71.84446
125.900856
107.52055
126.17392
114.22696
70.70356
58.813026
33.439476
30.669138
51.18972
71.07801
74.12981
49.5603
103.823105
107.54897
40.387787
78.43233
106.31326
77.78511
87.09458
145.80174
112.859085
160.71399
104.06279
94.63194
30.009483
56.74081
53.73591
33.593994
69.35378
84.44417
104.1889
66.01877
61.2094
70.88414
117.35649
48.980854
42.65224
55.819855
68.88644
111.838196
47.78195
61.71263
54.905025
88.360245
160.06252
55.59406
138.64449
111.95965
79.59451
108.74378
91.49948
59.76479
58.52975
99.382576
34.31314
81.79237
111.31603
82.402824
41.02532
46.67156
161.97008
60.297398
65.3086
113.54809
148.42183
127.835594
35.288597
68.839806
124.83667
85.223206
114.01417
82.6327
121.33425
48.825855
47.8479
79.20691
59.448856
121.179474
39.262035
37.855907
69.11751
62.149887
78.53877
148.73018
91.529785
48.945606
87.491356
33.245075
45.546127
73.10722
59.172047
76.67573
35.749115
96.06924
122.77373
64.37817
54.977345
42.92322
102.100975
67.207695
61.70337
69.589836
123.07526
89.87434
94.61587
88.42885
88.879906
57.84766
129.4843
62.725853
78.84536
44.072304
89.61657
77.091484
76.16781
140.06317
168.56656
27.084175
99.41801
47.202095
70.790344
91.123665
139.01135
74.0827
79.2897
143.17032
127.71869
122.98464
81.429146
13.634649
81.500275
39.440346
32.88113
55.560036
80.68517
114.95994
67.92488
132.90224
112.19194
101.82626
90.06798
43.99548
55.321217
83.59708
44.249615
20.411755
37.10716
88.0745
49.79023
80.873764
111.22582
97.618126
110.39837
51.180817
142.2419
64.18344
85.144806
83.622375
64.29363
69.082085
49.870377
87.72308
122.181786
145.94084
96.64534
99.99663
86.9046
139.7251
142.36935
118.27263
74.643715
95.79809
61.264366
89.209435
57.235573
129.2874
107.30518
77.33272
51.559193
45.934044
49.73075
85.288376
93.14714
48.127365
49.797874
66.99594
78.75878
54.489414
180.0525
91.80826
69.41664
71.219055
67.96401
45.782295
45.851208
74.581566
75.029205
116.67802
81.20077
65.42661
78.76463
133.28621
119.599434
98.41482
78.874016
46.102406
68.21604
64.560326
25.52082
114.43723
78.2034
69.18199
32.167965
113.75864
42.60015
93.170715
107.17791
49.725754
43.393833
31.555002
102.22168
68.45127
107.86074
118.5113
66.72446
93.60429
43.189823
133.05182
70.78778
36.412743
42.400963
57.1185
97.45428
11.29146
27.313486
60.830757
111.90593
60.072487
29.174738
89.912224
60.175915
27.478403
35.754143
56.225082
66.87702
59.63498
46.790894
56.8154
136.34161
39.196968
88.96416
94.40401
132.89624
110.97509
151.37616
67.56158
42.745434
123.84828
45.44249
53.741646
67.484695
82.26125
44.051945
85.27267
72.92817
90.61346
31.255064
42.97
76.22233
207.86479
55.66769
66.49501
86.18506
74.24535
36.200253
83.87828
72.0363
77.47041
87.88676
94.81216
65.63537
80.91716
62.79646
100.49863
37.420773
44.6246
80.99115
54.763016
133.93028
61.829823
104.19901
100.31033
80.49034
120.32878
43.599648
41.800575
108.138596
77.571785
86.36646
102.20923
86.95503
43.204067
62.2797
65.63788
121.92275
135.06073
85.11339
83.8328
101.38774
120.9837
54.9652
52.679077
81.707245
96.5987
53.71404
66.277
102.482445
64.10699
55.57961
88.46575
72.34676
84.60023
100.775665
93.4784
75.64641
87.37717
75.80013
139.57884
95.42659
62.46533
37.523293
46.361008
124.00945
103.55543
32.54889
88.34449
47.379444
113.335915
124.54748
95.76389
96.68673
76.79874
99.57504
81.254555
80.54472
79.100685
54.161278
44.101234
72.593895
68.37213
96.43911
56.34003
107.27968
45.544823
77.77397
79.79855
69.0914
63.524467
91.72591
108.16114
56.28788
52.664417
107.38257
100.3119
53.012188
125.898445
91.44911
61.9452
39.492714
122.97555
96.08758
67.57906
61.796154
74.13296
104.29283
54.39179
43.461624
39.724705
52.39947
58.797375
74.29993
128.21062
78.8703
126.18699
108.568665
44.26916
94.42546
57.355526
148.42105
92.29416
48.3275
53.718414
97.7128
69.49047
72.26262
109.16472
66.426575
33.31047
27.559963
74.10759
68.254684
73.23281
129.52255
68.248795
55.330006
33.7014
110.82972
56.54564
23.668877
69.10446
28.964205
76.258064
65.90332
101.67516
57.59486
71.41508
106.02066
44.62369
91.54955
80.44177
72.79465
117.88176
70.54875
82.70226
92.952255
152.52118
26.59615
15.145534
80.27672
93.11329
119.53409
112.927025
98.12951
63.845524
114.07257
46.382202
99.954704
53.17221
38.382286
95.01818
76.06304
58.959618
45.857613
110.97303
97.89032
104.58417
94.97352
84.978455
209.83012
84.80036
62.163277
76.405754
75.99074
78.096565
42.798428
61.747047
38.503872
76.36837
120.36073
102.880325
29.246275
68.23152
107.17316
50.341084
119.06169
70.32554
44.89694
49.948067
74.774956
99.54732
136.55894
82.068436
27.368374
68.73121
34.21837
103.34508
65.64665
104.14939
93.35021
35.850468
126.590256
83.556984
64.49636
97.21624
112.77947
78.37433
48.73958
72.62134
69.92043
92.941605
51.363327
57.19816
69.98597
44.176136
80.748604
137.11156
55.91667
77.20519
155.10126
65.50953
77.64604
37.34336
82.21526
114.25622
80.055466
54.44727
66.544266
69.57359
27.656805
87.93063
69.65497
56.8393
48.418766
75.001144
41.94983
87.45571
80.99162
112.48587
111.77491
45.625362
72.32215
44.35526
70.40263
40.5056
58.389263
65.01395
64.469315
131.92671
50.871017
29.95574
98.79524
35.976063
132.54176
117.68939
103.04257
73.98388
102.89977
41.479603
22.929068
118.442986
65.9156
52.865402
79.87917
92.754265
77.04429
7.3938146
38.584312
106.81629
118.045746
60.337852
86.42392
116.92192
83.151474
114.45183
117.927155
125.23769
53.732162
113.44905
60.949417
18.072502
29.87962
32.296562
20.642864
68.261696
50.829746
64.47641
107.16107
115.08474
43.77999
80.37051
46.972553
102.48274
91.527
75.956535
103.61836
146.8381
82.97535
75.068924
129.01894
69.58183
61.48123
57.089867
100.795784
61.78399
121.35872
55.58024
59.49838
71.705475
97.57915
29.857725
86.363174
58.03969
59.245514
92.71698
64.8213
73.480156
35.745064
63.203365
80.0107
70.36889
33.050022
82.558495
62.617542
38.186783
78.253334
50.560925
17.959293
145.7163
175.05614
68.0069
20.634312
109.66209
72.39338
70.06414
65.320465
43.87265
42.915287
79.6511
51.298023
107.516266
49.890728
88.8374
128.38684
108.52149
118.44284
36.184723
44.69995
84.058426
115.747765
83.003525
104.12515
55.745728
104.69846
103.60954
100.54929
124.93801
103.482216
75.636604
37.33861
48.740124
82.76457
33.72035
37.644928
91.98714
30.771057
133.30272
169.27248
144.3394
111.554535
45.414284
81.443306
68.97929
107.76696
42.315834
121.860176
47.93169
131.48105
71.23145
53.1822
71.17634
41.981236
74.636826
52.49732
39.35609
11.772813
82.457275
23.089642
83.731384
120.19616
59.202248
100.97706
89.89896
71.796555
64.79821
103.99368
60.58777
34.17157
42.110294
79.48098
43.807194
108.926506
124.11597
101.89945
79.006096
20.116919
46.76069
65.44335
33.41801
42.937305
77.15726
63.684784
182.23297
73.54185
65.159256
99.60369
39.937626
118.455475
97.88272
52.544365
110.76041
143.58337
129.46991
83.5171
55.20965
76.30875
99.657394
135.05048
117.56248
73.51914
133.32954
130.12274
127.2342
107.13455
53.552956
44.199905
102.365585
75.554276
81.69095
70.12703
59.28409
90.59617
124.38487
111.070145
69.57329
54.976128
49.686703
104.00108
39.4254
73.837456
116.38155
55.15217
60.01269
30.616278
110.359856
98.63484
38.62884
79.02951
42.768387
114.78862
132.467
126.142746
67.42591
102.10249
45.598156
18.796083
144.61134
58.6347
59.193657
101.51044
55.146393
132.0085
83.94251
89.50398
60.077316
104.95615
82.86346
98.30308
76.68601
97.95723
57.70952
44.84211
62.796764
69.96709
104.2709
106.64516
52.702984
148.02531
83.98395
60.37794
112.89313
61.831966
88.49188
53.99249
114.22891
100.141945
51.150723
117.86378
80.95737
62.34504
134.08037
105.14262
129.2705
136.76724
79.43153
81.121605
61.899635
40.152767
29.087105
88.46994
100.20309
86.09892
26.504427
114.410286
64.47066
119.109695
19.41185
53.682423
45.627407
84.770065
165.66338
58.44235
79.90399
64.551926
18.67414
31.103636
84.80092
79.47294
68.92307
109.05342
115.57587
98.878456
79.08187
56.64129
50.92658
41.70961
48.033344
98.22983
111.00042
56.330563
100.97981
48.104576
60.75382
91.707985
35.751633
68.57068
84.13261
133.5285
89.414764
108.414
45.270016
123.052536
103.111786
96.51684
108.375656
109.920906
25.078712
81.7718
73.704285
45.15829
49.52614
67.71584
120.64487
155.85898
61.90786
74.78179
101.925735
89.07146
60.10072
93.55384
58.82678
56.669067
86.76936
32.07003
84.88033
101.01185
48.833633
88.14261
76.651535
34.906197
50.096878
31.512337
64.489716
74.46876
45.591175
42.5384
104.55551
90.80947
54.904373
106.67554
34.027096
47.994194
91.43624
17.500088
164.3236
63.48848
120.81755
55.739014
35.296852
62.42568
50.82075
47.93084
95.16536
69.94809
89.23457
87.76879
28.267296
106.30841
76.440186
106.699486
76.19648
74.9495
76.493774
127.59713
127.920525
86.55169
162.81416
51.141464
115.7191
88.51666
73.85661
73.42684
54.973743
114.80484
84.82841
39.491493
68.4685
24.849848
101.46011
120.90169
133.77667
96.10823
81.976555
64.23189
40.822258
30.109085
72.039505
9.795184
105.24769
96.54084
114.45093
63.432396
123.56418
61.03887
97.02664
75.38268
69.58425
157.03436
198.10408
132.98419
120.54228
60.066708
95.24223
25.73265
71.60981
54.12983
101.37867
69.5555
47.634377
111.91498
75.58469
54.999218
75.0375
39.711033
54.516674
132.7691
56.85742
83.30435
41.467533
65.5286
113.8067
72.23667
111.55951
124.41169
65.899025
78.39037
65.684204
26.136477
51.971138
70.653625
54.795425
74.05639
73.17243
72.92152
36.688072
149.75603
100.72764
27.781422
23.584587
109.96851
94.57062
99.778984
57.595715
9.394252
95.10275
79.679016
40.352974
81.080734
108.60413
69.70031
46.105576
81.742836
54.5291
101.37855
61.369213
130.19603
93.773155
113.92509
123.964745
66.57918
85.538704
38.499466
154.1713
78.66095
15.364408
39.07069
68.12275
44.35477
113.2193
87.61292
64.9208
11.415558
84.56902
108.28595
45.538662
95.01889
82.15665
71.817726
45.43066
62.451202
132.17294
71.58071
61.09958
66.75623
55.08693
98.98883
43.82173
44.918316
35.311478
82.90733
69.87769
44.921864
90.460075
27.845867
33.822968
31.629578
94.25132
67.32053
64.024734
60.68578
56.596554
77.801315
108.35889
28.77711
6.5896235
54.717194
106.3504
58.529415
116.575615
147.50961
118.501915
229.78046
88.946434
38.636364
151.39044
148.48601
76.8329
113.163506
120.654755
111.8032
56.977802
36.763596
89.83928
42.401894
191.98586
150.74957
258.4988
83.340996
92.01209
71.67194
33.563538
68.23156
62.758827
187.70973
132.81754
66.576866
79.93618
23.6077
26.01445
85.24017
31.345972
106.22455
57.80162
36.531017
74.708466
163.97064
51.56554
64.433655
123.33632
33.908253
117.782326
67.69814
88.975105
65.50647
52.18914
55.14467
47.63203
40.007256
61.46781
91.14017
30.083752
108.0602
128.69798
30.141151
18.808733
100.543304
117.254906
95.69354
55.777153
55.005165
81.23272
107.05722
43.396313
51.646065
83.93521
42.17526
43.935303
67.42969
58.77816
79.68442
85.86826
83.14962
38.275574
56.391144
102.46919
61.45454
95.98914
45.221348
92.14832
69.11821
109.89195
61.651657
120.142365
91.52719
121.43531
83.39775
93.21445
70.94749
122.10236
41.803078
64.38402
65.40654
106.17411
49.38294
70.313446
96.108635
115.220985
296.58255
28.32415
54.02863
44.335472
91.558914
57.676533
94.320755
29.205029
100.43885
85.55109
47.548782
97.694
39.31946
70.766174
187.72342
136.46974
119.24957
44.61068
110.30972
144.12048
173.7293
136.09775
51.923195
48.30582
66.10019
109.15955
126.53607
68.9384
125.801956
89.16243
166.4958
64.48706
153.15582
122.76414
51.427677
44.59001
83.96631
78.31256
82.48873
35.032776
10.8866825
80.30367
78.12335
47.687305
129.64398
81.48064
96.39489
107.16791
57.39636
60.313026
121.8789
44.380688
38.981834
100.93331
44.81714
102.52969
111.58144
90.79212
76.46302
57.240112
92.90169
87.406395
78.886665
67.05618
72.4783
107.92163
127.22106
53.963078
72.40756
122.525
133.81552
166.34785
167.56628
93.82921
160.02097
67.589714
162.35751
87.41288
80.96915
88.22039
56.34508
116.30749
18.36014
117.06195
93.307724
48.37836
82.487175
43.4134
66.92894
79.4503
48.29146
118.1742
41.06928
54.70044
137.78531
88.10898
53.230717
115.622025
83.43955
85.037994
112.687325
82.42492
66.28081
36.72274
29.822895
121.084206
48.264442
49.45675
107.16211
109.58129
103.67372
95.08935
92.37018
61.666542
52.00178
158.59392
107.28795
89.46735
90.70279
34.935707
44.80788
45.17803
81.397835
173.87495
63.021175
44.223053
74.23829
65.47172
82.74183
102.06075
37.356
92.69507
56.19941
49.90736
79.97174
66.695496
63.889442
102.32976
34.41511
58.852585
26.102785
70.64976
38.232895
50.069927
106.53641
94.75003
76.84418
68.8214
37.822037
78.66847
35.812668
66.6087
20.13457
34.101837
99.13123
59.565884
88.67804
70.95075
17.966232
40.60679
116.187355
55.06838
102.03195
75.854866
92.20026
146.03702
100.537796
82.81907
53.562332
103.85509
123.72778
94.70484
141.90884
140.83102
124.97611
160.32617
136.93901
221.99394
35.70452
51.09042
93.780205
172.05258
101.83583
77.579124
153.88084
27.719078
121.921036
98.86066
27.86322
82.706375
22.072695
84.63137
74.63256
64.11651
150.2096
57.633125
159.92282
109.10918
115.26609
50.30336
47.449795
89.19467
97.0528
29.16456
86.84019
98.3838
103.47021
17.759933
58.12971
76.68354
34.82226
50.402412
91.51699
33.064194
49.26271
48.27387
23.186434
92.10998
68.61491
38.386337
70.43699
54.786118
155.86743
49.784103
59.32705
64.753456
67.154526
142.30948
90.3818
55.40219
125.704346
34.51067
38.389984
94.36472
114.19351
27.330635
61.549347
20.223112
22.987898
76.27695
102.785
66.2682
132.96129
121.76028
141.64122
91.97629
69.50515
56.70858
59.735374
59.030987
64.79489
58.75903
5.26605
62.032486
62.86267
47.025284
91.171745
61.974045
134.20428
70.984764
115.166115
90.85919
35.318398
88.17857
45.740097
141.93163
92.41232
55.692944
47.2337
26.241295
77.75275
156.80342
51.236805
22.275827
77.892136
18.88353
92.02636
62.248135
105.06958
51.707443
102.93123
164.92192
27.029688
85.33889
20.731934
75.66116
59.277134
90.091446
69.08597
52.924496
58.78801
59.778698
24.824478
116.7544
67.01972
37.68239
101.364784
127.16287
35.316376
70.834915
69.10436
164.16348
21.178839
116.07539
93.987305
74.797516
36.03019
99.85509
154.41345
143.86993
122.77235
148.14655
23.812294
60.69013
82.369026
35.662586
60.095894
102.25648
125.72596
132.83199
155.88008
98.90143
89.62653
66.60002
93.071175
223.75427
39.700653
33.868053
112.51494
156.45718
88.59692
39.522514
121.44963
48.813847
62.61422
41.382465
24.561384
86.047745
105.748604
40.771603
74.9389
144.79587
64.00259
73.23226
63.90665
65.07957
39.653854
92.538895
111.65919
120.53543
143.04095
32.598724
104.01239
76.53853
120.49903
104.52
83.73274
106.3432
106.57254
58.975883
62.355934
187.73146
217.90773
153.35847
107.643555
68.25194
44.74272
98.41834
30.425346
102.222626
45.048798
55.932823
48.664722
122.40933
51.1362
102.88814
22.805092
47.683125
72.48225
30.009007
94.527824
61.383373
58.933517
23.682453
56.14403
64.25407
157.38722
73.43683
56.183285
16.645918
96.13097
20.360533
95.73706
119.738655
38.791626
65.40028
89.81115
126.532684
51.340134
105.59311
39.40155
35.95485
82.35724
144.85794
98.76744
108.12654
84.749695
79.16688
105.65817
67.56313
77.03497
98.647224
101.686104
76.523544
117.54596
63.577164
99.03466
130.6688
74.119484
107.5379
110.32062
123.45308
67.48356
82.144104
116.716705
116.2896
151.14978
75.004234
57.70018
59.13829
60.884056
31.278318
132.4807
108.09006
94.29711
34.54593
53.32746
76.132805
69.90869
74.38638
136.95322
12.747109
160.40717
128.32289
97.06038
122.50056
74.211334
28.472404
109.218864
46.185875
70.83413
46.065784
64.173355
44.357765
53.92474
87.68154
98.69958
83.7303
103.23741
106.29463
32.156593
128.77701
81.47172
103.75977
97.39932
65.80536
89.38232
40.499317
68.03438
65.57332
64.33565
147.06554
155.57768
45.430424
106.54495
42.728477
101.55703
35.047256
69.44901
54.33943
63.196213
44.459103
51.3825
107.84863
53.6176
68.48217
57.29613
89.18463
41.974457
12.348223
33.091526
106.16034
93.97325
91.3629
57.024994
47.704384
101.49694
63.004196
127.868095
164.70131
46.889957
16.363092
19.26804
38.787018
143.70432
75.25296
85.7109
80.704384
92.10312
57.84215
36.484764
115.51783
65.26069
91.023254
98.79283
105.32112
66.4666
54.333637
117.23233
31.623293
65.024124
55.8554
43.555557
56.02999
86.496895
175.31458
91.44719
87.48463
64.85765
68.06856
119.844765
58.361275
44.183117
97.21327
46.425095
78.217155
76.71667
92.73411
39.20879
40.050304
51.536808
68.127396
103.97059
85.77332
35.725586
57.644913
68.84245
36.64947
82.88833
93.83872
48.038742
110.41271
49.69985
31.349289
44.730083
146.97215
88.250946
94.63777
70.23811
34.406227
49.325916
71.12424
137.55157
128.5819
128.77867
69.46781
46.529438
71.89939
111.43461
83.821945
36.556034
69.137184
70.346634
110.2
74.993004
81.30349
5.782515
43.828613
106.17171
107.04555
48.291767
68.94032
89.614494
31.90135
100.69794
93.79383
139.55785
129.52582
43.084652
140.27678
83.380295
86.133865
68.98773
71.004944
39.740746
111.59727
37.912315
36.974934
63.236202
30.37914
38.921207
106.61995
105.73776
55.642506
93.20222
49.019764
29.668861
63.46646
31.920948
87.901436
93.50202
122.30215
42.913555
115.7528
65.04961
129.27194
64.686615
92.98972
53.075596
72.70313
73.12084
78.95015
127.31913
106.505585
39.15704
145.9518
75.427185
137.39944
76.5937
138.01105
81.25353
92.940254
79.81134
85.79463
134.12863
127.84664
141.99443
44.500454
77.89072
25.708982
42.347084
88.26909
75.03832
91.665184
107.670685
75.80137
52.960716
35.232895
59.78901
79.189384
72.35651
79.119225
46.459946
81.034615
64.1349
83.92227
76.98228
40.60877
59.27199
68.638016
89.13711
188.23322
90.30569
69.52126
85.760605
36.29987
53.80713
94.91137
54.80706
53.989864
119.053406
18.543789
62.608315
121.19083
94.33518
72.408554
33.12796
81.95324
