588.8574
74.12606
106.897
187.00531
106.00826
17.990881
16.77781
7.8256593
28.58245
22.480902
13.379522
18.877562
14.290173
13.981167
13.591732
21.281946
17.73486
18.999973
41.097477
46.30636
74.78032
16.837227
26.79879
53.113716
24.911327
88.10317
69.56892
53.503086
8.227898
32.603294
16.632765
8.545789
32.51114
43.616737
47.031837
66.05921
89.26057
46.153046
24.74987
36.78481
26.561113
27.04938
30.117334
25.738228
12.334546
28.200699
15.557277
20.106756
70.36988
27.721094
20.91131
28.758247
17.50812
30.351553
31.306795
25.89849
38.664433
66.60151
43.17939
54.19854
45.525547
26.660616
24.706839
65.44152
17.667759
25.579449
29.634033
22.446234
49.52876
47.323803
21.428734
26.127642
28.97596
35.569054
49.408825
89.40159
112.23473
20.524775
40.375946
43.706554
45.411434
15.326016
9.087896
35.370872
61.00537
59.63036
71.364655
73.08655
80.46394
76.706696
15.707873
37.301136
74.090164
34.038147
86.043625
46.48943
7.6220503
2.874696
21.151604
53.79189
7.112123
42.291542
74.43656
45.098743
21.472061
35.992706
72.75376
11.645158
50.92854
51.97848
33.036083
42.681053
76.50767
20.318502
18.000519
60.75464
22.05019
28.599792
68.11926
45.341976
78.786476
6.229521
55.947636
24.219921
28.793058
15.436009
78.09711
37.348465
26.144066
49.90302
45.576885
22.429888
53.54084
33.880165
27.332634
42.703037
32.102795
42.937626
2.299
20.100035
42.22705
51.486786
21.433483
85.77564
13.723235
49.816162
12.763233
32.716072
38.918827
21.060402
59.86515
31.99938
99.09532
33.864906
24.002949
43.5542
36.34043
22.89128
40.72985
43.534313
29.079687
29.777771
28.970478
33.812096
44.444443
38.638943
57.07581
51.578407
17.909609
46.495903
89.65116
62.529625
66.342186
11.5138855
72.892075
70.47929
65.97907
58.0761
41.52319
27.957382
69.32571
74.91249
32.82121
32.70726
34.0445
21.546333
36.32173
21.508293
25.221838
34.124813
28.893274
19.867458
40.155544
29.468313
21.677261
24.571604
35.82181
24.050867
46.83982
30.284964
51.280952
27.737022
32.07083
46.039677
31.798147
29.872625
46.220108
50.01507
36.654903
29.229353
26.875889
19.60743
15.889831
23.28369
64.78942
19.208668
34.115997
44.00117
22.886517
29.608671
17.552908
41.39602
67.842865
30.513567
50.59914
43.275036
24.386036
30.417292
20.914007
36.365215
53.557796
72.659065
22.657581
38.32009
78.33797
41.795692
76.61144
72.99403
44.544254
52.782093
59.212845
13.7343235
26.740192
34.507557
52.650307
25.332102
28.951973
29.634611
46.165844
21.311028
28.779848
46.6127
20.751308
9.482613
24.719048
35.363827
25.822472
44.897564
84.2292
14.331637
29.989653
49.092808
29.270794
27.565874
49.08482
24.413555
12.979871
50.928204
39.77312
48.808426
32.78686
40.722122
22.229343
20.47412
23.50225
35.813786
47.695747
44.5532
42.93667
21.399033
32.34968
29.776245
25.961115
34.985065
40.150024
14.213544
22.158342
68.14916
23.255999
12.665039
19.770216
36.541218
34.082897
27.885952
20.227453
59.010258
36.16989
32.991318
39.116432
15.856053
18.688013
31.439533
25.298399
30.336441
46.317905
19.838634
33.14243
60.06196
49.709526
79.205605
54.481503
91.12166
50.957718
123.01611
87.58563
19.805382
29.638826
44.036617
57.732563
63.657177
63.363926
42.78176
65.16157
54.53572
51.837906
55.627323
72.4981
35.157497
40.442284
56.735962
30.501167
57.565365
83.87766
78.523346
75.41506
54.33956
68.42058
49.46863
95.84873
56.443188
36.429115
33.916683
23.058195
21.633293
26.23524
81.7034
34.78059
32.410988
47.07753
42.612118
47.1853
47.25084
95.28983
60.93916
51.179092
59.16418
43.31865
41.53407
54.717075
60.227528
8.3512125
31.211891
34.35045
21.77249
14.735096
25.192154
72.54331
16.16697
16.935263
6.500547
20.13656
32.04416
51.32208
22.889154
27.114641
42.408646
37.93319
20.026283
21.547478
48.920097
20.176037
33.183067
69.49326
21.370083
36.457348
44.758354
8.37707
21.825203
24.000269
22.811037
26.031042
15.7095995
26.618557
10.668894
29.766172
20.716528
28.319937
21.825108
19.553307
23.611807
43.473923
20.710474
34.594147
31.668316
57.36975
10.654764
23.640104
31.894981
4.9605227
19.051094
34.834656
23.817959
37.035168
42.896152
24.574038
27.1289
24.838264
30.206621
35.12362
32.423676
10.696397
15.371447
26.182257
46.67146
17.452112
66.77719
19.697128
28.434477
42.992733
50.88499
21.361912
41.86122
33.682503
36.713055
21.475304
24.025478
18.252562
49.17346
9.076158
40.754963
22.974611
22.112164
19.391161
28.693943
16.398973
12.641487
27.612513
31.838966
43.26269
41.653465
25.641487
23.532366
78.36281
31.245808
48.147076
40.459095
51.45642
52.46163
59.416702
97.917366
97.264084
70.293205
36.515144
33.566864
77.42048
62.752827
97.48563
71.53906
59.456615
47.65001
60.201534
54.50893
30.444801
40.90919
35.328175
38.11705
53.622345
55.166367
103.24758
39.654907
47.260254
68.35316
28.85723
73.38792
32.871494
62.027744
53.965214
60.22595
46.62686
46.051746
48.13648
61.58766
30.560284
39.873375
61.663677
67.302284
68.08426
43.164497
44.056595
46.869938
49.36598
44.868183
82.103226
73.731575
48.85296
58.980347
82.0797
46.86265
109.52456
89.06918
47.853363
61.57036
55.172176
50.050655
67.13084
52.56118
53.445553
91.02428
46.29523
47.189674
76.016945
53.759575
38.141315
64.127975
38.786808
67.58752
50.699654
58.37702
54.937286
63.735973
78.270164
80.11738
38.545475
35.990143
16.927374
33.798946
79.64543
18.608278
26.348877
17.308168
10.493967
32.638126
24.827133
19.406836
58.122982
21.77779
24.915672
22.664421
61.976383
24.162338
20.839802
22.32114
20.859226
35.29483
15.63893
31.319607
68.14047
13.837683
37.03582
6.0625515
17.836203
21.311811
21.71406
16.04553
25.052778
23.131268
42.229263
31.22786
26.715355
44.366592
15.624448
14.801791
64.70066
49.854126
17.300022
23.104498
16.763866
20.979507
51.858917
21.367329
35.657528
44.98523
16.480349
31.414028
42.645714
20.017004
18.598473
22.307636
29.77488
2.1786387
31.688648
33.09622
46.65879
5.7470546
32.33698
65.708694
9.178175
5.3038163
22.042534
17.69991
15.985041
28.50541
26.595657
39.998302
27.604546
20.114843
35.072575
6.041594
18.849695
21.872292
11.125738
17.743456
22.571161
21.532434
53.14875
30.910957
32.744854
6.8369513
82.798
82.94866
10.22549
13.915292
24.01702
17.516592
20.359682
13.947554
30.257217
30.97622
34.558384
28.407377
23.98136
21.42994
46.994675
33.890106
29.998293
17.17058
21.855959
14.935438
1.5477595
35.390396
25.290186
24.23522
29.609837
54.484776
22.747112
16.154976
13.154363
18.325516
18.998693
43.766235
42.711693
33.221924
23.368155
12.14137
45.0349
56.590065
14.51406
32.228928
49.798676
27.657427
16.334198
19.337708
35.233284
18.828773
30.296482
22.064112
25.497944
29.62075
41.742176
25.281221
44.037
19.709078
26.527336
9.903533
50.298397
62.236107
30.251621
28.75142
20.635199
58.12246
23.64706
14.094813
21.636171
28.437088
24.349905
18.117086
42.973827
28.306677
42.571728
33.003582
28.457996
27.664314
25.482473
16.918312
39.02218
62.664772
53.22612
51.68
20.907864
15.172951
14.191044
67.23266
83.230576
71.17597
32.18265
22.945417
26.820127
72.02065
67.94412
60.48413
70.73891
58.92894
89.28122
86.28964
24.469028
40.616577
63.34315
96.10327
131.30443
82.5692
108.713615
93.7002
68.90323
67.71531
103.58758
57.586246
55.315434
82.704285
22.72714
37.695786
96.36868
22.69558
35.68802
50.381786
53.108883
25.283157
41.616787
106.37876
36.536266
53.13865
70.47696
45.3834
44.57059
90.18375
66.68998
52.387497
30.795202
40.426018
34.453766
61.727295
58.256824
18.743649
40.517685
30.408663
35.168976
57.320206
37.657223
103.29863
111.57154
13.826914
53.675358
28.313566
45.30807
88.1431
68.24967
128.92845
80.265495
52.59345
58.47506
81.086334
54.49575
75.91767
96.69018
62.26219
60.81391
45.88877
92.01816
74.28314
14.234629
55.075916
17.157187
34.630043
57.27417
48.69892
27.31771
29.78191
7.8432417
74.80541
63.331825
50.137074
61.372562
26.572117
86.74309
51.586884
48.952206
39.584652
53.038334
54.085865
61.94019
52.576958
50.220776
77.786575
55.91962
62.481056
59.656303
62.365692
20.178596
42.700825
18.412188
22.674006
50.249947
6.910701
30.529976
25.251125
29.146145
54.021652
73.82668
49.25679
80.410286
65.850334
56.723263
47.059566
107.337395
4.809982
32.8657
26.380293
42.56295
39.00302
29.930367
31.363647
52.340683
62.173145
60.427284
80.12449
16.982569
44.100895
55.265606
45.46364
58.403847
25.936123
55.44075
16.893524
18.643993
28.594612
56.665646
22.424078
45.328285
49.267246
25.612473
45.563736
24.972252
43.56705
42.09724
11.598309
33.20485
46.48858
34.996162
65.280334
48.09086
43.381325
29.396387
44.877777
12.326864
17.699734
45.91707
28.299675
34.823624
34.320473
36.83224
56.289898
35.168575
22.238194
26.31242
66.45038
26.620884
47.645664
20.173836
42.602325
51.380077
21.029297
33.427288
35.678837
45.13686
36.731644
41.905678
56.110786
63.970943
30.633543
40.554073
52.32821
48.63689
56.951176
96.29608
69.86874
15.824214
51.68856
36.867996
34.47212
33.66645
42.80436
33.01118
36.88169
23.670387
58.028027
33.157394
13.150909
30.15327
19.479063
38.878826
25.587353
17.300598
10.821716
45.29276
30.094492
52.813126
40.83231
38.886696
8.932348
19.903618
16.99029
18.368397
64.96372
6.416665
13.551741
35.198837
37.10039
8.042328
26.574854
24.956423
20.446133
26.397888
18.260466
34.788822
32.871803
30.20075
28.349863
45.1512
46.53979
14.882742
27.520058
29.09326
35.299488
25.185097
27.260025
23.109343
29.102005
16.563444
28.946539
49.46041
28.299637
49.22748
52.411137
65.91299
19.062153
24.057074
67.48242
66.09815
56.211376
102.31804
58.3606
68.79171
27.84192
31.312136
39.99473
23.069712
75.82775
36.31984
49.887245
43.075058
34.395084
76.45301
73.63137
54.838524
64.164
84.38
66.691574
48.6461
50.987667
30.66816
44.524048
36.596565
23.406557
37.96379
46.422882
46.269184
32.403954
33.485065
47.338192
40.182873
46.492897
65.24519
73.64073
14.158351
15.985714
27.248692
21.024614
12.927084
15.775003
48.6215
62.437798
23.47372
35.6443
11.3662405
32.54829
25.180243
53.250072
39.900673
26.022503
30.433777
49.644585
41.666615
39.07928
39.30837
45.9515
39.994823
60.471466
35.67336
23.710825
57.43227
58.265972
34.82235
78.14414
20.54076
24.14481
32.81228
40.206223
57.60999
38.14115
60.54086
24.990242
54.91167
28.574114
23.815664
15.810472
42.61893
43.07342
8.964398
30.92817
98.82358
19.844172
16.389511
19.100666
18.299763
32.847122
14.707961
15.377189
27.962042
23.491219
36.74128
49.9901
54.850006
16.239185
22.378595
32.011368
34.997307
37.981068
33.362316
28.157923
12.669751
14.1401005
11.363041
25.285484
13.702929
22.77929
11.155125
26.0845
21.772356
17.68625
33.351604
27.204031
26.381845
33.61059
7.769151
49.82955
27.908045
17.930058
33.424522
19.319656
35.906883
59.990948
25.29258
26.76027
32.845825
24.776802
26.916819
40.936764
64.63868
20.949856
22.44935
43.995182
33.402637
26.078518
15.640179
36.48353
19.016687
15.059923
14.375611
15.799002
10.751464
31.876036
34.99305
16.078543
25.83122
35.8077
8.10999
25.691628
15.16375
21.303516
33.55879
26.778303
36.696915
9.552376
13.842712
9.251385
36.773182
23.842016
45.025562
30.68711
85.461784
46.695324
54.32148
37.92271
27.936745
37.980873
12.896197
47.30703
77.806175
67.16676
66.1147
62.80833
105.52237
105.971466
85.83134
66.9132
77.01116
22.910776
54.593437
52.500805
46.49198
35.94904
30.034948
57.020607
25.09669
49.111813
15.5599985
12.189927
23.364914
26.53352
40.66636
28.890034
46.22291
10.492304
69.482765
35.939816
52.12076
37.463924
19.268404
40.564274
65.73371
9.378348
14.691599
10.480337
40.923237
13.8038
48.226578
22.646263
45.778595
38.114105
25.626
61.987617
54.456226
52.897186
50.337887
41.003265
30.951248
8.290867
56.680008
71.33077
72.28304
35.13961
39.8107
33.77474
46.297638
51.35625
50.53572
46.844784
38.44354
54.889473
70.79293
58.427456
34.32239
43.459526
30.22626
43.815815
60.645702
38.209965
36.74243
40.94623
18.264853
17.736721
24.20158
17.383873
22.514343
25.308311
46.158344
32.35302
18.607403
17.323542
15.386336
20.226372
25.298723
28.344902
11.404736
11.838762
34.007656
34.18192
16.55614
51.537426
47.018368
36.912693
47.02891
82.033295
48.714386
11.313087
26.382849
14.162062
31.232082
36.48457
13.771916
23.173212
20.474361
14.476575
19.72364
35.255123
39.622364
37.80968
40.79207
34.990555
27.173159
22.168545
54.86044
67.91115
33.337162
29.000294
47.598984
25.912796
12.555824
23.761318
20.688597
25.127552
10.191965
29.159658
50.777924
67.20786
67.74221
50.87324
51.09861
33.85153
43.243896
47.9367
44.201725
53.061123
26.68224
12.846196
30.770231
36.721207
13.79395
27.089407
35.373444
32.72499
75.08743
10.26427
16.582907
31.914305
18.32971
7.3803325
30.119036
73.058914
12.778071
17.948942
13.937355
21.537579
7.7955284
35.83918
20.967373
37.92512
47.09816
19.06494
17.24145
14.345795
15.835563
7.8573523
19.551983
14.649131
32.330868
10.408438
15.215484
11.851141
9.821711
17.724049
34.046165
37.248512
13.050907
16.048296
21.151758
53.164993
28.924456
25.315
51.21953
45.999035
59.977127
43.133877
50.184513
39.46566
30.438103
55.01795
24.447216
71.76087
93.493996
62.130936
80.05854
33.378204
13.629962
54.532978
8.676242
22.843206
46.926224
29.05603
28.416643
4.5171037
38.656467
19.956654
36.223114
35.158524
18.771069
31.260305
47.891865
34.38507
9.616722
7.082781
21.21712
21.725227
44.426414
35.742855
44.344433
26.593115
24.572443
18.56
27.065737
24.418482
36.40729
31.206074
7.5029736
28.067575
14.739796
27.689869
22.533361
34.856094
12.3512745
33.138065
11.350059
18.821848
53.129444
33.286827
20.267097
15.657865
28.257273
33.33701
22.506733
8.839069
16.31755
37.96733
21.316467
19.63752
71.14294
22.451893
26.606716
29.481054
47.38749
36.70673
48.000973
25.649553
29.883919
30.640392
9.219184
35.602028
48.80033
30.509426
51.242916
19.071453
20.12332
34.425217
50.046085
41.231003
46.210068
57.23008
57.474762
54.85923
61.06458
30.637318
28.8664
22.028809
23.962685
49.785763
36.754105
35.96081
34.74253
27.149155
22.399866
12.10824
20.452164
22.043684
48.478306
42.16382
35.779686
56.524418
67.75166
31.52197
29.607061
5.8027163
43.28801
41.23151
29.060606
18.89915
27.959812
28.490925
14.26244
37.549828
15.050403
37.493885
16.285686
14.495001
13.686668
16.491028
21.763237
21.799667
35.252193
14.491106
17.24005
22.861046
21.468182
6.317771
20.177479
22.454939
13.622358
27.589605
11.884207
16.790691
17.89588
22.520847
30.602163
32.291267
15.836421
40.870743
48.364723
21.715332
16.614769
9.643896
29.47593
46.046402
28.45528
22.856897
19.382349
20.354635
30.899431
16.236591
25.172026
34.61897
14.469654
13.542241
29.389578
19.789501
11.395923
21.556108
26.05989
18.466652
14.579913
31.248484
34.597664
39.615566
17.571554
21.88487
30.892979
22.284555
4.6773868
24.801092
22.896442
29.507845
20.915283
19.614592
18.733698
14.09214
20.626925
25.254417
22.220722
90.49815
44.696323
15.730856
46.590435
23.797443
24.729103
7.1606917
21.43246
32.49486
39.82519
39.7151
73.03638
36.636356
57.360054
62.02494
49.977158
56.35862
68.309875
85.163536
95.85613
53.849922
41.36728
58.55892
61.94045
35.076153
24.507881
8.012464
50.609474
16.178013
31.773123
20.661772
21.128164
21.470592
19.508812
34.931286
32.169243
20.143623
32.21722
17.649048
22.612707
24.94824
37.19352
34.036167
47.893856
51.526318
19.867945
21.843115
24.799711
17.67494
30.844423
8.823199
24.80236
33.66271
52.64537
15.992571
34.935585
34.442898
44.760773
37.554817
43.513966
47.62448
12.852429
42.347153
27.203323
39.966305
19.535015
9.339746
39.5823
31.262678
52.969673
45.30143
40.522038
43.753956
65.53501
37.72914
40.32854
32.34724
9.837771
25.186792
15.693059
18.249296
19.33362
40.494667
41.256317
40.62695
51.05624
52.454403
46.656197
77.187874
28.860857
28.069084
17.728712
25.948755
17.45449
19.825048
18.268192
12.474103
14.638004
24.381067
33.98408
25.863518
42.262592
17.697773
7.804783
29.73906
27.913477
28.684502
17.508923
23.86534
26.434233
13.414076
28.353567
22.731524
23.23693
25.841951
65.62845
65.937836
23.653559
25.790852
16.798882
26.93397
26.606928
12.029695
24.091192
16.996862
15.009124
30.744411
27.360928
50.605556
65.673096
53.71052
42.45412
50.130753
37.41751
44.64927
11.528284
52.735893
41.022755
21.676899
44.38375
19.018713
40.449894
7.8460803
14.468048
11.73731
21.881289
34.58114
18.668226
18.678865
20.037268
23.647833
24.54309
28.465984
22.62609
18.454565
20.019365
22.242153
48.264427
83.57746
33.568645
44.386375
75.15634
9.395112
37.404808
42.467445
17.070374
7.5589943
0.8573029
19.067162
34.553555
30.97274
40.654484
30.943428
24.582844
9.855986
17.357018
12.196195
13.677432
24.724903
11.412205
23.0401
28.680456
29.773588
36.807327
28.60956
18.529303
10.590019
18.986025
36.36883
20.817286
31.38714
16.515182
38.408417
40.68496
20.403603
17.980854
15.311459
35.91634
18.389414
8.433292
41.96781
16.883802
20.05316
20.370596
24.228138
25.763124
22.64011
29.781984
47.059258
23.49049
25.825176
30.005922
11.404645
15.80676
25.494308
20.702314
38.468624
12.942388
14.457058
41.27703
16.813026
24.708708
21.332212
23.001076
44.134712
38.80656
30.165321
44.664238
27.856874
33.515694
20.391138
27.696606
22.786528
36.139347
15.2004385
20.812742
13.887821
13.120235
23.401978
16.026175
23.486807
15.516788
29.940414
50.516304
32.578163
19.796158
46.539783
60.59267
14.910314
49.812897
12.212106
11.208768
14.110989
12.056004
5.9412556
39.617664
2.6203043
36.723694
29.214966
47.49811
29.183575
23.215405
32.590145
58.92578
32.157192
19.78126
53.959072
13.375644
24.583864
19.006601
44.871876
11.440757
13.24948
22.955389
9.158734
31.347858
25.404863
19.85993
35.06505
33.903805
61.30353
33.481453
26.087957
21.742002
15.020918
36.159576
26.434893
25.999134
20.165413
39.044327
39.933437
24.128237
31.172935
59.188168
25.952448
57.666122
36.624367
19.087318
40.30564
20.626194
12.500433
27.984577
6.5866323
34.52532
17.273632
65.34487
19.252321
11.338921
20.7795
44.735172
21.252918
17.664858
42.647602
28.106133
43.889027
18.497084
15.245052
34.214855
35.883724
17.042736
7.8583565
49.327877
13.122616
18.239267
18.450874
1.6729608
15.624573
32.505375
50.316845
41.77081
40.69244
25.101057
64.38552
72.69368
77.86167
83.74675
93.443634
34.155075
6.4146366
21.584488
32.69202
22.656837
18.27354
37.905327
56.77667
12.497375
27.055462
31.18126
21.602661
22.311695
19.555748
29.226894
32.309803
12.269642
37.551113
17.714186
16.06414
23.634062
12.3785925
18.07462
36.34555
8.034833
13.457489
35.375927
15.388572
16.467537
36.839348
20.886717
27.114536
14.63661
5.8190413
26.001854
20.76859
49.984184
17.971165
9.583294
39.802013
38.49894
54.393295
9.4636545
25.998259
14.275402
15.491003
17.897642
26.504654
16.818752
24.59325
52.86352
44.00337
25.271452
29.434074
39.199448
41.992943
21.62705
33.278214
44.517
19.079918
10.536152
32.30277
33.586742
19.688915
19.141235
24.572098
16.489422
13.726157
39.029022
24.908543
33.55387
16.934828
25.665722
13.992372
12.984492
17.639763
26.270962
27.549204
25.133503
31.536528
14.199458
19.034294
25.775137
15.9977865
22.538486
51.8647
17.723314
18.896282
22.148447
12.314526
13.603477
24.2978
23.300793
21.962471
22.43655
51.902187
46.23335
16.74082
12.597627
30.38543
18.985136
24.60051
35.02434
19.821688
16.620546
18.864826
16.709278
10.809931
42.501793
48.530067
18.906706
30.098827
8.644748
24.890017
42.288277
37.253284
27.126972
20.473326
10.929416
19.017344
7.253191
18.060099
13.979273
26.19433
25.843279
45.820576
31.341911
26.286707
58.54959
46.632862
69.10976
66.05872
65.19102
35.81872
33.083336
20.71782
33.3148
33.263817
39.694572
23.396929
61.332813
58.60959
73.01677
63.2904
34.446095
31.655655
42.07454
41.00291
11.922179
24.885727
20.899433
21.342234
26.505653
33.40314
26.610283
24.412407
23.996006
25.690151
32.404293
25.287426
30.708776
50.853024
28.934004
71.57808
33.934155
20.689583
33.435318
37.773216
35.007538
38.78864
21.428757
38.21185
33.484074
8.314045
12.371155
32.246292
14.965459
52.226486
15.023944
28.594559
34.27479
24.248224
14.924691
21.03379
39.86552
12.2432165
27.876266
14.533989
11.295995
19.073431
9.297973
48.29046
32.038113
15.047137
31.533333
21.664038
29.219902
38.13488
34.208565
25.23161
32.419006
15.928356
11.790698
31.752382
20.22776
16.317863
31.557825
22.99399
14.376531
39.314945
17.767523
32.56445
25.618423
53.23661
6.197672
11.945702
19.688507
14.602082
19.439598
34.79971
22.243547
19.049973
29.71921
22.620085
23.152742
42.636276
17.483732
16.262983
15.781502
22.74209
10.584431
39.330326
64.544586
13.1237755
5.8520656
21.903872
20.50461
25.681429
18.675766
9.823304
24.659414
13.707417
21.811634
22.48244
18.649702
34.996895
27.942682
13.398718
18.380596
10.272991
23.305157
27.430204
36.863426
7.6330757
47.412632
53.28795
44.086273
47.126774
58.634212
36.18207
26.188982
42.887993
33.23472
50.38182
20.841497
30.026402
70.98299
16.274355
19.939865
50.443905
49.7769
39.803215
73.559265
36.8752
92.29821
54.39247
71.77026
35.856705
21.252163
25.246696
29.86522
28.338482
28.805134
27.736362
39.03803
49.655582
65.8685
50.685013
38.860905
30.774397
33.26339
16.23479
33.89058
30.615463
10.2273855
18.573921
30.761726
27.01703
59.25895
37.03788
42.24416
25.21084
52.393463
22.475107
14.751867
39.560287
34.369152
18.673286
40.31962
7.6990247
43.451813
13.708701
33.708202
33.67826
39.59067
47.4066
20.710196
72.121124
25.38547
29.547508
51.042362
31.849052
20.29308
12.964624
41.5798
45.270584
77.16561
55.128902
45.057716
31.425459
18.086023
27.23591
58.686356
60.42602
45.39924
59.233765
51.21349
49.837765
107.68291
47.991276
43.467773
40.32673
29.299911
73.796074
60.49282
44.411602
23.465115
33.91949
45.287567
14.4949255
59.64016
88.639534
42.3179
28.189577
33.264095
31.6257
38.39132
67.417
52.468815
6.0818577
31.316694
16.174866
43.903934
18.06453
17.830572
11.215743
12.742727
28.110918
25.84087
40.653427
48.31608
29.310064
26.74865
38.433884
35.503845
47.5349
60.221455
69.14044
74.43546
14.3705435
22.086836
19.432224
67.29813
58.697533
47.450733
51.779396
19.22393
25.155024
33.296883
38.202827
39.0605
27.711754
37.724197
18.012693
22.874367
11.998004
22.729788
40.668095
8.975695
25.348345
51.498516
27.385347
40.18243
33.917934
5.573019
8.911653
33.52373
16.7703
16.237482
43.279907
26.00404
29.525873
33.36694
35.500057
28.562
10.562772
37.312134
23.032627
9.554798
24.38126
25.538406
36.77748
60.530052
36.972733
34.039345
30.325884
21.245827
17.8786
19.093647
35.416027
25.03839
46.499313
45.973194
39.459156
33.17987
26.230202
22.797663
19.031614
35.075188
14.601763
22.630169
29.271082
7.568164
45.957638
26.931517
28.515244
31.41068
24.860771
26.580793
15.253717
32.20064
73.25292
17.647297
27.57087
9.98835
37.094643
28.638271
8.48386
24.586937
53.635582
28.17638
50.123028
53.552967
39.994556
44.93396
12.705881
65.20971
19.243475
89.17076
25.943882
19.710392
27.916843
42.965443
49.52742
75.75649
41.363285
40.563766
24.852144
34.192524
20.988323
30.403196
35.095253
32.23619
12.644205
44.007797
30.223848
25.161522
24.089903
27.4001
60.43882
52.345165
25.132254
51.058243
37.44063
17.685276
21.778576
50.66686
37.66153
14.299216
24.93104
30.87942
35.7642
40.024273
47.035942
51.255646
66.86343
32.98898
26.718845
42.045074
43.338066
16.181494
25.219755
22.592989
32.61956
50.650795
56.1664
62.945576
54.43296
22.468233
42.302345
40.631058
55.86878
72.96035
46.79156
42.481003
50.90281
32.4792
31.549778
26.269924
24.811325
51.049244
37.043106
39.31034
37.51849
9.854361
14.368734
37.901524
26.335136
33.81689
24.652145
23.812855
22.370422
24.188353
27.687561
15.866703
35.247345
38.572292
18.484024
14.316534
31.783297
42.127045
40.972496
69.07116
17.468538
8.742626
56.676304
47.884747
56.600597
48.473423
72.69156
72.98311
50.240746
63.04585
30.174232
48.80171
43.088802
33.16505
23.994362
62.58132
66.23063
56.726967
9.738804
14.7481165
21.473303
44.021496
41.412254
39.17021
15.807411
35.41576
24.583263
30.25056
26.745
16.959902
31.540827
23.749468
27.717554
28.265488
31.35581
6.2979045
55.01754
56.805103
54.515152
27.37407
27.045174
33.399254
29.416801
24.351519
53.501408
23.691723
14.186743
22.609383
31.447504
20.260792
34.55707
13.321586
20.546104
27.556187
58.538593
79.73616
50.424923
50.64535
16.567429
20.073198
25.14234
34.92544
19.688005
20.358849
41.54114
29.022303
15.140481
19.563555
38.34258
54.047783
55.91532
45.769146
26.696115
39.97385
40.931053
19.857023
30.00134
58.810284
26.705881
23.981009
17.92523
25.805046
24.464888
27.26284
17.874031
27.406286
65.63594
34.999195
47.796547
23.504595
32.745743
21.29394
30.171959
10.049362
29.73855
44.954037
20.575317
24.666775
23.85007
35.84374
61.483555
16.786652
39.258575
33.90395
19.21371
31.287216
25.564201
29.864565
14.499927
27.439947
30.540407
19.302418
17.989115
12.635593
20.698267
11.848202
17.868362
35.307877
49.653316
23.102398
16.941011
23.849468
39.870506
21.99647
17.769386
22.720606
16.261127
28.30517
24.532621
21.013605
20.568476
39.571518
50.657154
23.956959
26.168882
38.92163
29.318134
25.279661
10.074988
14.050791
35.225964
43.783756
46.599106
56.863346
45.920185
12.604187
25.74966
17.199362
17.701796
26.012901
23.878395
35.52241
77.85623
35.69169
36.522057
41.39398
52.42285
16.224747
21.903915
25.786577
30.130136
16.587818
22.813692
32.020035
24.962822
30.265968
40.943184
16.086065
23.643614
18.867111
33.725082
73.6149
64.918816
20.51967
30.786726
36.6081
46.393818
7.2586546
31.545698
38.39462
24.897495
38.46328
25.45602
14.683754
38.227474
26.50624
51.406403
39.387325
54.29985
39.375065
15.493483
17.280796
15.560088
26.521767
6.3267603
57.728188
33.725586
22.264101
8.072108
14.424583
63.065483
73.17271
44.462193
43.49321
73.04963
62.567963
78.72461
36.40185
49.390335
40.158127
35.307182
8.255093
27.598581
13.334781
17.467773
20.270918
18.68059
24.973988
48.12539
10.758069
9.560728
16.10412
14.686467
26.568306
21.155563
26.295696
21.777054
12.550443
19.680157
43.89713
26.310757
14.9686775
12.366397
31.628729
27.98917
47.23368
6.9756207
7.144392
12.098137
27.532486
32.566
34.47639
16.621462
38.42043
12.90488
23.012396
13.642731
24.055641
31.303965
21.40768
6.825409
33.8021
36.704784
23.557196
26.01907
26.98473
13.942175
30.226473
27.371319
26.17777
13.550872
20.703186
17.566872
15.5788765
62.767056
50.966053
92.59946
51.121307
24.356312
45.41344
50.998104
24.366722
78.61981
102.18896
104.591805
65.4053
93.02891
35.07583
10.90598
19.64975
21.949158
26.56113
15.859684
36.9754
32.986916
31.041204
16.14459
63.61037
15.731123
20.285515
20.07377
19.713282
32.491486
17.584816
60.695362
45.020824
36.482994
41.72655
43.57936
60.54259
41.233887
27.797047
13.73901
39.296112
19.487198
24.913889
27.603405
33.68897
20.285309
20.903975
31.534466
70.54312
40.225
24.170534
14.345934
37.13126
16.020683
13.363604
22.600454
9.992275
16.492958
22.658464
15.010602
11.643062
22.436522
27.527405
28.181463
25.284752
28.078506
62.257328
46.15038
23.733345
25.1416
32.902676
18.854729
36.6483
23.949055
67.66616
38.1243
23.921946
45.092804
18.089464
21.21693
40.374374
69.71116
38.398594
22.477934
25.235611
16.730122
26.875149
35.749424
24.137756
11.05974
54.16492
23.50199
15.254192
15.759686
17.980745
20.718657
18.535698
29.496662
38.970753
37.091564
10.537705
49.791935
28.908419
8.986896
39.31194
19.930666
39.059444
36.13053
45.073246
46.10088
34.42331
34.84761
48.108593
47.42536
43.762833
34.63643
48.844208
49.091885
34.525223
24.504982
24.221403
18.429247
13.297887
18.939922
15.046161
11.807472
19.288208
30.66346
28.000965
24.355108
19.780464
22.580284
37.591564
33.680504
29.086836
18.603113
15.9369335
31.260576
17.614965
16.031187
18.817198
29.753868
27.19164
9.249234
10.795282
32.94246
37.368187
45.542465
37.44845
41.546696
28.743372
23.985594
18.393667
10.228832
37.531017
36.44084
35.734833
29.057741
40.767666
69.42052
50.59536
53.28459
7.229405
19.660967
14.040203
17.676207
31.541706
23.097029
22.303461
24.820705
23.476862
44.888676
58.088085
68.80811
36.79808
20.659723
15.475773
4.8769045
16.2657
25.42677
50.59321
41.578716
18.260853
16.11643
16.104828
22.317411
22.931057
21.341778
22.780342
23.925623
39.00055
14.283797
12.4595995
23.02431
25.507046
17.289938
32.291283
20.402576
23.735256
22.525583
40.625893
40.753975
8.220148
23.779634
22.727978
30.044374
44.107124
50.24667
37.943687
56.09284
31.561274
25.665466
35.678177
33.17124
64.12586
31.161182
24.494003
29.915339
34.433758
48.41874
28.913155
51.40687
18.212732
14.469481
19.500792
2.9531999
24.71077
16.946243
17.304241
24.984987
20.538214
9.418091
21.908314
29.302446
47.374046
16.443336
31.460972
36.013233
32.802006
27.889448
25.327953
20.377985
38.53429
17.458801
15.222256
24.819443
35.601723
53.63247
54.8119
55.64973
107.60882
39.38137
60.554455
5.047756
24.649538
23.722708
10.064729
15.827886
24.815125
21.020351
24.053469
14.279
1.0570266
20.7835
8.051715
17.883215
23.965837
15.52019
4.6001563
23.734333
18.085703
27.07085
26.037115
40.417465
35.069508
35.853695
23.45103
27.979084
28.01052
31.377739
50.359276
6.2541113
41.45784
47.500107
38.233475
55.865532
46.82983
53.957207
25.732395
14.501712
21.188477
22.338158
20.734392
31.141026
1.4559779
15.413194
14.869072
33.466045
25.14125
25.771101
25.21428
16.775084
21.496862
32.734524
17.64743
17.77723
62.439953
13.554355
29.319212
32.05225
54.370495
23.567446
28.839382
16.27136
42.646763
50.653114
12.852062
21.033447
31.191727
20.508177
21.574434
9.156692
25.735497
16.80429
42.912148
31.789543
22.372631
23.941809
31.74421
30.325449
19.23524
14.06106
10.28294
11.429103
30.95747
31.20515
28.99909
10.841335
20.67245
22.402205
20.708338
23.722658
41.96324
55.66608
40.715607
38.25896
18.861353
35.083485
20.663925
32.2002
24.757963
29.704361
12.22372
12.59747
11.083316
18.886873
19.369871
35.63669
38.233673
15.709857
26.992823
23.067556
31.085451
25.509926
18.44582
12.538556
14.986729
22.558043
18.906357
35.267452
28.872108
38.65196
46.398327
42.204224
15.486102
13.906674
17.381742
15.346888
21.997068
18.51353
21.56103
19.40733
16.754257
14.908012
27.574434
10.752048
19.46162
30.487705
14.90336
26.433104
21.401165
14.201855
22.134026
24.373747
21.887684
25.970842
25.793127
36.11371
33.496777
34.234463
38.72384
42.250656
40.45415
35.099464
9.09115
50.629536
12.271754
23.988062
46.378155
59.952755
51.888554
48.556488
44.051964
67.330574
14.766475
16.029968
22.056763
39.435165
44.593765
45.743183
50.78462
23.892197
35.61648
63.622086
28.0527
47.217987
20.97013
52.3073
23.40235
16.581963
18.70565
8.213656
18.902061
31.527779
39.896942
11.88815
21.397654
29.945501
20.504665
9.528896
22.677597
27.452156
33.012703
23.289072
15.601201
19.495003
26.383291
14.383598
19.571026
21.84083
26.554276
21.205873
30.643217
31.895185
21.696306
18.415867
18.227787
12.624711
51.541847
42.429527
46.81009
26.316017
42.18132
19.090775
14.2629795
18.129387
37.15842
34.68875
36.00165
42.216984
60.338604
69.7626
18.787394
35.40299
21.31194
11.860619
42.546402
32.046207
14.596938
20.83622
21.310278
50.10687
76.77316
62.560287
61.356728
69.429474
57.19489
58.207783
8.267282
17.925814
18.32297
15.101789
18.07635
29.011925
32.43849
23.249912
20.010637
22.121645
23.010216
25.291828
19.079683
15.471549
52.757946
32.969387
19.480024
25.13365
28.825058
31.836311
10.77872
22.117962
37.379093
25.46985
27.938772
19.425596
20.973894
34.57335
19.387653
50.704746
7.7169805
25.366053
15.479535
12.189641
17.791716
43.023468
56.00344
48.085045
42.66518
35.131954
37.88646
51.096725
73.17424
40.748867
9.646361
15.004334
20.198038
17.498608
42.842663
37.40227
38.735626
38.853287
35.12155
46.260494
86.739525
55.794838
14.473607
35.54593
34.533417
25.805435
13.159733
27.982336
25.212803
19.551159
20.292171
16.261395
22.44152
26.1742
18.024233
13.428888
39.41095
33.86573
60.615963
17.67549
31.663841
24.331255
40.543663
43.351284
23.526234
47.463852
25.54074
19.220264
31.057022
23.422276
13.006015
26.133326
19.936409
10.962007
32.466637
29.70031
21.195122
17.240263
32.40228
22.636019
13.09049
23.453691
10.721428
32.06499
17.707561
20.457586
12.911603
12.957017
23.056007
21.378408
41.91191
24.239529
11.122226
27.609638
11.130201
28.385666
49.167023
20.794016
28.52766
12.702108
37.860252
30.047102
21.624334
10.616999
29.185493
21.557432
53.874863
31.705456
42.111694
62.73961
43.787487
47.44019
37.716644
65.740524
36.17765
85.85602
30.610008
22.199734
38.519634
13.994915
61.80343
40.211758
24.30039
63.19821
26.479588
20.686562
30.01986
45.71673
50.81341
34.21788
31.364075
37.203625
18.018478
27.391314
79.35493
9.019818
26.284391
32.28703
14.401036
23.010086
17.520754
28.97577
27.121698
37.04537
15.694618
16.862211
16.234753
8.854639
39.639652
5.609486
13.342542
17.889484
12.4771385
31.668158
22.269724
19.367125
30.419983
17.219702
36.0355
38.2979
32.75923
28.21168
55.22037
49.83896
40.677853
83.392136
51.615517
94.73549
8.271427
86.75435
58.41223
16.124123
29.87554
34.494274
50.980736
49.925392
40.199368
67.6627
22.867422
59.28516
23.144556
30.172808
33.551193
35.418236
30.30154
30.788574
33.245518
46.568764
40.940987
51.44493
59.526733
42.336586
40.922493
67.46079
45.106117
110.91153
92.44231
50.30824
59.523636
51.040752
21.175468
23.199469
15.8845
26.481117
45.33602
65.568855
101.05585
98.097755
60.620102
50.166813
88.13801
46.088345
45.908585
28.24938
29.35553
33.775578
35.621838
69.766624
35.27208
18.223621
54.062862
30.984001
78.79641
51.66889
57.31777
36.899437
43.556107
51.89413
53.405304
86.86033
59.566753
48.800606
40.928406
49.31769
49.280445
73.51554
46.091427
62.732742
48.056557
46.73656
107.77639
19.340595
20.439278
26.20802
35.635162
26.158154
24.444206
45.711056
44.516754
47.71151
37.03081
38.32218
38.30138
34.80833
19.935055
16.638037
20.911823
16.351822
20.904352
37.834488
70.422035
51.985806
53.129326
11.573133
43.740734
71.08408
20.780998
38.718826
32.534702
19.010641
23.932068
40.173267
27.478
25.073252
63.373898
50.406628
80.80098
39.610546
62.7258
57.802402
53.375526
50.189133
52.32785
35.548794
70.05643
43.814243
27.682335
32.925957
34.982613
28.162416
33.5591
65.693924
35.57141
43.40629
28.569231
53.018124
64.65583
48.665127
21.288912
33.398487
16.76271
51.23715
28.288908
22.950579
17.546236
31.43921
42.29851
31.97821
44.759987
36.556774
24.415623
34.243034
39.87394
42.170643
33.004265
52.935402
26.23099
12.840815
16.034124
22.618828
28.292303
19.932045
24.447197
26.166872
20.515764
31.564436
16.230837
36.17101
15.5343075
45.096542
47.43188
55.759266
16.045773
29.943798
26.829885
20.343538
32.070984
45.250443
32.467274
35.641235
51.26849
72.263916
88.76381
93.94203
76.989494
26.444304
20.698816
32.977894
37.75819
39.314606
29.175177
36.36798
43.648476
47.59921
54.0029
49.65519
20.45216
32.738567
25.31847
55.873444
98.629684
29.33688
34.48208
52.297504
33.323055
79.25542
59.80621
51.947376
61.119125
52.29975
82.696945
112.57288
64.52331
32.947357
29.26231
44.89505
33.109325
27.670212
94.68799
38.72873
34.82887
29.298103
26.104292
32.60772
10.928951
43.92323
21.981264
89.5037
50.058662
33.91718
43.058292
49.241222
84.32796
45.412247
22.327215
29.117203
34.437557
28.942434
21.726948
62.270805
89.355125
18.899439
18.194967
40.090164
12.4823
18.468891
36.490585
26.392586
27.111126
62.4466
47.415752
85.815216
22.622015
55.17726
81.53754
62.63764
51.81443
9.82092
73.86044
26.033867
43.742012
35.24555
47.20813
67.15432
79.61223
44.06142
58.468227
40.15759
30.31031
34.368523
28.521458
17.81324
23.399422
25.400826
16.380226
37.362587
48.68666
38.93271
35.843815
22.115383
33.136948
37.475098
17.969728
20.031504
4.0434666
33.10433
42.159317
42.960453
25.39041
19.349997
51.298004
19.617298
24.498096
22.146059
24.228325
45.00869
69.96801
44.018253
43.834
82.21945
41.21983
52.804874
46.783417
70.44888
80.37917
18.545643
22.023287
30.781303
21.39603
8.582617
43.726334
24.999975
11.360468
36.788643
25.815855
58.733295
82.86788
38.39183
28.980705
38.796387
67.55753
35.780796
55.082306
54.173355
34.43576
11.932455
18.142498
67.23838
61.001373
55.928314
37.00117
33.595398
31.391933
22.976894
25.067595
47.571953
49.71965
69.63968
11.937338
18.851213
27.23893
64.26577
34.681496
17.373854
55.586926
35.76889
23.404062
24.380177
29.54965
17.99191
39.936764
49.078873
46.624096
29.159958
6.699835
27.921654
33.80832
36.04694
14.509518
14.06518
50.944374
39.723236
34.017437
55.043976
33.04416
31.44261
38.40889
35.134632
20.59196
40.4724
27.281818
40.391644
36.81592
45.901733
45.00056
59.600636
40.331924
44.685444
41.20443
54.24434
68.047386
59.304123
39.270313
63.82419
40.446774
39.8131
34.546967
30.7988
15.190757
37.64675
19.951765
27.776558
42.618702
21.485003
33.944977
32.17801
41.285675
50.567677
34.560673
68.293755
45.511185
41.564785
45.2613
64.77065
57.60569
45.91062
43.085903
45.23513
16.610033
15.281346
24.990913
11.792915
18.04795
15.631643
14.51388
21.556923
11.895202
22.653326
9.557544
22.688177
16.26153
12.367903
10.573407
45.91948
19.602005
12.327228
25.096777
24.629658
16.314886
22.05418
10.438286
24.58063
29.379263
13.410245
20.919218
15.478219
54.17993
10.981293
20.425667
46.022594
18.240826
21.114819
39.665066
72.21377
27.12106
12.196303
48.832012
45.468678
38.828148
29.459936
22.218035
24.60625
15.592014
36.389435
44.125343
48.715313
17.164162
21.568243
33.464123
30.693823
51.140038
13.085197
23.606663
21.922968
12.598184
18.301905
11.642102
16.053152
7.325078
29.64095
41.314137
22.377544
17.248959
12.050795
18.511492
30.545948
10.465337
26.80943
18.688826
28.929882
21.000477
9.392521
15.865134
29.500267
20.76224
32.634743
24.651318
81.73712
16.763878
10.880393
21.623642
41.79477
30.12732
31.698341
31.318665
16.668144
33.986244
76.4419
28.532082
35.804718
31.119848
28.499075
88.857864
27.80024
28.725069
38.09323
54.579124
23.776037
28.0727
35.54727
37.18302
37.682938
24.450493
43.75426
25.760056
35.00299
38.23616
24.941721
23.818089
37.822117
34.294704
40.35232
37.984543
36.810497
46.692772
6.5873713
25.643719
36.343693
46.116035
35.405132
12.54193
19.640274
16.184517
12.711122
20.436644
5.851974
28.681885
40.580025
19.545282
52.083614
40.11872
22.336538
27.59408
5.16966
11.978083
23.476307
8.386133
36.14465
16.681421
22.723618
33.164497
32.9459
17.270262
15.043711
13.440232
26.08707
25.82087
49.44482
14.646764
22.657434
62.157913
60.549824
36.569088
20.648367
56.605377
79.88882
39.942142
37.296875
26.865019
18.197662
5.0912437
35.175655
9.220434
37.374596
19.871078
30.964409
18.708427
30.090958
64.12646
55.92438
51.882004
20.148834
39.393085
27.120184
48.125977
27.02937
21.940845
23.212343
23.714127
22.005135
42.565067
48.803078
24.930252
20.924273
35.742012
59.796005
44.223476
11.439759
22.995861
15.346156
31.440943
25.264898
32.851547
54.630272
20.075453
21.22363
17.016203
40.16893
14.022464
49.3016
18.482681
28.21375
16.649162
28.09069
30.832344
22.504873
34.425304
25.012766
23.986351
28.7884
58.92718
28.83476
26.994164
25.990107
5.178711
38.98828
68.156906
27.03451
32.65355
41.376694
46.8464
26.9705
29.14513
40.341614
25.85316
28.336836
28.13921
25.029009
32.05123
17.06847
26.855623
17.94123
46.142315
21.639004
34.251705
43.339058
30.161938
26.931677
33.679813
25.362461
16.441078
14.470096
10.656482
20.023968
36.623703
41.500206
23.346624
25.882235
20.604239
23.645061
28.278112
12.645159
71.55114
37.37127
56.597256
35.317276
33.559803
20.128635
9.109195
20.715376
31.682127
31.688414
22.365517
17.967363
33.962086
24.750786
17.976202
19.50284
20.86687
33.81428
34.33881
46.32096
30.53667
49.676125
51.35833
41.419525
27.368847
65.881424
74.64503
34.46418
54.697964
43.575127
34.401512
43.662567
33.499893
81.898186
43.796688
32.08751
43.047474
31.83026
64.68093
15.787616
43.286156
43.001175
64.030075
33.08896
34.19907
24.279848
12.758029
41.1104
30.025156
42.420654
20.736406
26.892529
14.023399
21.284431
39.871212
34.66104
18.689547
22.378176
35.45341
31.34021
64.18409
48.120453
46.822426
26.481108
39.345856
45.21172
38.14723
27.76524
39.404
21.904299
40.68153
45.355274
44.892826
57.16009
28.700895
20.72803
47.79525
44.867706
44.33332
54.136642
17.906845
10.13258
14.743355
13.127652
65.2333
17.543137
41.39235
34.0498
46.41155
38.434574
94.907135
35.362755
29.439995
50.91474
53.610752
72.67822
21.769146
60.67362
42.66937
24.021685
33.27505
34.49908
49.923973
27.768057
35.963272
66.73449
57.38576
47.09239
54.738888
58.238316
79.8375
84.97649
20.645803
80.846436
36.17742
25.954649
43.938995
23.853107
35.15383
19.428387
35.232494
72.38775
50.49165
40.70458
67.316956
53.74765
31.214045
35.55193
75.28751
23.836851
42.39827
29.77765
94.25377
64.59483
61.53918
17.283257
47.061577
34.433117
8.95786
62.180664
26.317451
29.426472
26.838076
29.730877
26.653173
12.087157
31.57444
57.43313
50.055363
29.43831
29.738314
27.116179
37.16316
54.509624
78.34583
75.72158
99.62619
73.12527
67.66096
44.603016
88.65778
58.14377
42.45942
79.41557
68.35375
31.45192
53.453968
48.832783
55.22307
38.721558
43.235107
14.704148
26.888905
16.80619
40.126755
27.36834
38.877968
21.394453
28.381132
10.264204
16.514593
56.2527
47.19544
72.10743
34.72407
51.28714
94.7001
24.370134
21.742788
31.315374
21.627249
14.507734
14.199053
46.666264
54.188866
53.136105
69.39926
54.295605
69.5913
71.909515
57.220062
49.89627
60.60109
56.048805
54.476353
54.55128
60.805496
52.727398
30.076902
16.614439
26.113869
49.65351
15.58227
23.514132
32.6259
13.056073
12.790779
22.477898
35.342457
23.58325
35.17848
3.856428
35.486237
56.469414
52.529526
35.294342
37.883896
26.587257
20.599611
40.84828
72.34713
59.79689
92.586525
61.69843
68.60793
68.71523
78.388336
33.187584
33.17341
70.18438
53.93568
69.584045
70.71491
33.407883
53.139095
37.512897
57.83104
12.559488
37.888344
18.17851
20.318237
59.47634
57.54197
28.780603
70.10827
18.666435
39.883472
27.940374
20.628302
73.18486
47.46024
48.95192
25.175112
53.310867
14.630385
77.08493
20.789116
33.83765
24.90509
33.919376
38.703564
28.631721
49.410576
66.99472
19.185446
56.5989
85.75264
21.177004
39.516373
68.793884
55.214787
16.822575
53.442684
50.640182
78.88684
19.26877
16.233217
56.010197
57.79867
39.904938
18.907726
38.55284
50.97527
27.681206
17.655441
52.14444
33.685715
42.461254
55.917637
25.792915
34.212605
36.792515
14.00641
42.005367
53.16394
21.053282
28.569063
31.674976
68.17971
100.63812
53.750965
43.564384
37.7057
16.078634
34.409233
22.909922
41.7321
31.16677
30.428423
9.969912
40.693054
88.47901
50.73483
76.052765
46.286854
69.76003
36.05178
70.67746
30.87397
44.53512
72.641655
37.9075
66.11229
38.182594
19.770678
30.974367
18.678102
17.59183
87.40134
37.368935
45.56479
37.61897
34.598946
32.151302
17.670315
27.118502
35.76661
47.64824
31.222315
55.60881
10.357469
28.989618
62.946777
31.21468
47.243805
30.356012
22.33938
55.99677
13.970959
31.689175
22.819801
49.353676
29.63833
43.388184
12.064169
41.428764
12.720901
15.608413
48.451942
31.683086
32.168293
70.06887
34.97988
23.646051
19.458464
9.140585
32.202385
38.25865
49.39943
55.069088
7.818056
66.7301
11.655817
27.455
50.796555
25.398165
53.77473
22.280962
74.46185
21.698215
50.263287
33.33168
21.80375
9.146249
18.719896
32.096825
39.537636
46.85146
27.816784
38.847855
29.354935
12.816
63.225513
60.323837
27.027552
34.60109
27.136412
41.58628
17.16783
24.23487
39.469856
49.85238
34.664795
11.600276
18.908344
25.331581
28.231663
53.21499
51.143734
29.993198
37.191956
17.86013
59.404175
58.144253
36.84153
93.08625
40.468433
49.752464
93.80647
21.605288
38.42944
17.665504
46.70353
46.03413
46.559742
18.387384
38.36414
31.436234
42.57604
32.344948
12.254603
22.419905
23.709816
18.374191
47.40315
67.836784
26.515434
22.962404
31.085472
24.611439
47.011265
150.31566
46.92691
50.009274
20.45304
72.26358
51.835583
48.910553
42.410328
76.88902
50.41638
70.64383
17.209667
32.417133
41.657883
32.57573
33.234196
17.642063
25.601587
110.15298
55.194305
61.43668
42.472687
42.83161
68.1643
77.71036
50.01442
18.547115
23.640337
53.068607
31.082485
47.23392
33.117992
31.749758
52.924786
35.179832
60.347775
38.771393
39.188038
48.844185
44.740917
58.44377
53.24752
24.913008
34.313915
22.39435
15.953638
23.109417
20.31768
59.17542
36.052494
16.28409
22.626389
30.404072
25.434393
58.468555
21.044022
13.951273
35.613888
32.91698
33.091602
20.78044
43.3159
46.847214
25.382978
47.413696
28.463146
25.644936
25.253212
18.720709
33.460365
32.80042
41.947132
29.417814
21.76458
23.721338
29.849165
34.87543
46.778584
21.697166
29.519863
21.836716
41.728214
58.31206
32.313446
60.369034
99.54174
28.649342
34.705986
31.18905
38.1421
34.83992
59.45408
39.611298
67.015915
68.83783
46.414085
83.94241
28.365599
48.035267
15.0803385
45.47318
30.630491
10.492339
19.166405
47.007103
9.614774
27.358648
28.083601
29.06695
28.913912
12.628055
52.47955
39.352005
40.77386
65.64941
38.42672
13.661307
43.41121
70.04684
33.798058
37.15272
25.110163
33.372364
35.51583
40.415333
36.89649
24.48208
54.870636
15.143174
38.172905
16.901793
23.929296
32.48226
50.370323
25.602886
17.390137
27.249475
39.911568
37.800728
35.34394
9.910175
29.464417
38.075954
60.10022
18.83073
53.10847
53.0748
34.130253
34.70789
38.278347
48.936348
54.91502
58.221413
65.02928
49.480446
53.93965
58.917675
60.54912
68.65128
84.12757
18.428068
10.735965
31.041513
20.541018
26.515436
25.612959
29.777437
27.930706
26.81207
36.144577
37.585308
22.193422
35.005203
45.70161
36.00577
34.944756
52.87176
27.030088
38.020767
31.512833
16.968483
11.899374
32.163944
45.90543
43.49416
10.618514
23.52433
17.324213
43.87955
45.80743
51.32472
52.333622
63.902428
48.893574
24.191412
29.751677
27.405272
28.98478
29.222301
19.12879
6.680878
46.016823
21.634907
26.211079
17.036816
18.54727
38.058353
46.750065
39.145584
46.123417
47.968884
78.59901
58.955288
122.03515
39.842743
8.957533
18.98221
17.173246
27.147514
14.740187
32.987354
41.717335
34.0308
47.680927
40.92988
28.254038
31.908106
34.45744
15.103253
41.861954
13.538658
21.048428
46.340164
17.39128
25.723633
27.527254
28.289566
38.0353
24.67949
30.49696
15.8529215
25.371233
15.250097
20.20493
68.36794
57.56203
65.91486
29.054497
26.080307
59.761616
27.417498
39.38289
18.83774
12.481017
16.299189
40.47627
36.567505
37.506046
16.024738
27.446062
34.240734
6.2743473
15.389957
27.020193
13.652177
44.098278
22.398758
21.689968
5.2480597
13.59263
17.965113
20.11653
9.881861
23.971567
24.495493
22.191422
12.019261
24.806658
48.337147
9.921936
19.401087
26.745275
21.692228
38.696243
19.521246
24.223902
22.50167
16.575905
14.326858
37.47748
22.442602
34.776535
31.776173
11.406912
15.522859
13.261192
17.322412
12.362687
11.618862
19.817232
23.579126
36.64271
25.972404
14.532568
18.714527
32.302208
39.917065
67.692245
51.669746
39.437992
51.084435
42.901123
37.923954
39.039604
55.073524
41.16125
46.714966
35.00411
43.08605
42.534843
35.42006
46.037823
45.864605
11.712098
23.696653
30.544756
51.86096
39.958725
21.512962
35.25249
30.441826
33.17132
23.32427
34.983177
16.484806
23.695698
35.815514
22.659126
21.57719
12.953533
33.2824
21.785183
17.198141
14.600613
37.07692
32.10674
36.91119
14.923703
21.212803
31.671936
45.40421
27.073162
30.342707
23.88521
24.039255
23.003706
24.268938
19.914234
15.460374
26.23903
20.913847
16.989326
16.175508
35.015076
27.879467
39.07887
31.085016
48.9926
35.19501
46.64007
32.90782
29.963408
28.083508
27.385742
10.019354
24.20983
22.661062
10.926794
27.957273
4.875239
15.84301
16.023212
6.6993017
26.58404
42.931606
53.564598
45.041836
34.980164
76.83333
41.066532
36.48918
16.645779
16.735868
23.515265
41.295586
35.03914
17.21442
19.54785
26.567808
65.33304
35.597183
52.95366
40.365105
20.822886
63.560593
22.341108
19.26751
25.771679
6.875279
21.218317
15.571112
34.68816
22.449858
36.82147
5.7916703
24.608877
15.307189
15.559358
25.787754
20.02157
49.329845
30.74994
52.144306
35.84612
39.91261
38.559643
96.012726
60.953915
47.929264
53.559086
25.70427
14.581634
19.525984
30.592134
26.281382
28.601067
52.346066
38.066113
47.488297
83.43181
38.434277
27.521484
13.071914
8.196421
14.91857
44.63005
15.468058
30.01288
35.239758
28.057722
20.705372
22.34952
17.148563
10.678367
27.591133
18.503399
16.57273
46.247726
55.88834
11.60557
41.16239
54.43283
40.62889
13.411424
6.685047
52.544
14.748743
16.096952
25.248152
41.308617
25.2077
41.53755
28.664148
30.620728
35.32989
27.97289
17.218456
47.519623
34.824562
32.352997
34.180374
50.7301
89.721436
64.39325
46.868027
52.966957
61.507866
24.553034
55.464893
65.845985
93.223434
29.286043
40.906246
32.718414
18.962288
18.691067
16.096647
60.003975
98.521416
45.98762
101.92751
92.68949
85.53428
126.61972
111.454254
33.392
50.707203
33.296688
24.557434
11.041356
52.70663
23.521023
16.319658
28.100641
13.280897
33.195236
79.06585
32.5974
53.226402
29.366411
36.17961
70.68704
20.201454
41.677643
71.28628
15.07987
43.20839
46.42576
30.596922
20.186148
31.264545
46.604824
69.76585
28.855669
32.22052
38.26703
47.04619
44.850376
41.40097
105.93443
66.52345
24.670794
50.979122
14.383923
24.875412
37.125076
54.81038
25.465054
66.78484
21.800179
45.184635
29.190533
30.36752
49.186596
21.618406
14.202259
70.51055
19.774025
50.54734
23.049301
23.435047
15.047615
24.799639
54.458145
82.58574
79.270325
29.669529
65.65789
77.231514
51.665024
89.43177
45.248802
47.45106
24.941933
25.06942
41.693565
50.38799
52.11387
52.04376
107.17059
21.677038
30.14208
72.96166
36.329212
10.884641
43.876064
28.547895
50.999805
41.679996
74.90083
11.482002
31.3761
40.31676
54.38865
62.858063
24.605017
31.200346
58.10151
92.65465
54.97355
58.70902
44.19739
85.0267
46.75977
67.84589
58.992523
68.94528
30.504072
12.918279
15.291389
45.282578
40.421967
41.532207
24.58253
49.00422
38.038074
13.562959
21.652815
33.947243
37.438694
41.091846
8.247418
19.658482
24.225523
27.598066
12.731545
15.768254
19.08066
21.932053
49.236942
45.045742
18.399578
12.460898
14.364732
32.58661
45.65969
25.950102
53.94811
33.273262
28.974861
14.035862
5.95159
13.087395
33.46192
57.200695
31.538216
37.141487
25.061773
19.783897
21.183693
19.979935
41.357265
27.260408
27.75905
24.75976
7.878059
36.40024
38.44359
10.421917
31.190588
51.965286
17.406357
25.723015
16.795818
18.356483
11.202997
15.956648
17.217724
27.83089
22.314287
26.140179
35.78984
10.478818
31.00599
38.526154
23.711437
16.996992
47.944447
21.219227
29.091198
35.05022
16.88193
30.802736
18.130411
38.020157
31.397007
40.814034
23.421717
49.5068
42.997593
54.161346
42.82625
54.228893
42.97604
55.2252
50.67828
45.22148
57.72715
44.60174
35.291515
38.681393
57.48817
63.75171
33.952904
26.010204
22.077393
57.85
36.802696
56.599857
51.538116
79.60471
40.86032
77.81968
45.055058
51.78714
73.82683
59.018017
42.73705
36.160217
27.895374
26.577429
17.902695
49.53399
25.704504
47.071903
48.525978
12.252584
15.523861
37.037834
20.504944
24.847439
11.776481
12.503262
16.985298
19.680933
22.487078
19.477947
41.905254
27.803642
22.329365
19.699173
6.013242
13.654398
22.727795
23.64665
24.584
50.67386
91.736115
58.729996
66.170105
62.057632
43.901966
65.453896
73.76407
58.613647
95.081825
78.85418
76.58271
35.465714
42.491947
33.24814
25.473509
67.449356
61.31868
70.686584
52.240524
56.954247
69.542015
39.155914
23.787275
22.84362
23.132553
24.8065
34.674583
36.216366
23.725876
36.477333
27.459906
17.865921
27.186207
6.9219112
21.14258
31.485386
9.007984
27.775719
41.305107
24.790154
35.189575
38.144073
20.859892
28.880121
36.063553
17.853994
19.068766
31.479641
71.48415
43.00741
47.937695
59.48831
62.2865
29.421885
37.58556
47.720474
41.497364
55.504448
82.00805
69.45252
76.649734
37.05834
31.490973
33.675205
51.637917
37.10225
19.393007
25.207674
56.544403
25.517935
27.034483
18.983324
24.97916
36.24223
22.961731
14.540092
30.530128
46.33299
19.795864
13.428091
30.108728
15.794058
28.768679
64.54422
26.589632
28.206482
34.369907
28.498718
18.592138
24.017881
25.11405
18.201643
30.289436
38.11814
36.364445
55.70274
25.718422
49.874866
25.654882
17.771334
47.594135
25.49278
20.698145
39.471184
29.219202
7.925288
38.04842
25.93845
29.730803
54.426857
55.88165
50.865215
46.52188
52.90915
60.623146
32.285297
24.56352
34.050213
33.660717
32.47695
27.612915
22.759354
50.70787
50.986507
39.305782
13.100634
26.35027
28.275719
26.892841
20.79479
19.928698
19.44303
20.020153
24.168274
21.235186
49.972393
23.032097
20.2996
14.107473
49.472084
46.320457
18.018915
22.93026
49.752953
65.71816
42.57193
32.32014
19.177162
56.862396
38.069992
38.659958
39.075268
32.090157
31.502735
24.273169
79.8347
30.75402
65.30295
115.87106
30.882763
40.250572
20.450222
37.236732
14.507907
36.664665
56.42838
42.408447
39.515278
49.07292
29.136084
34.511322
18.475454
34.257442
52.838566
40.887016
33.18315
27.314648
24.478596
34.478653
25.086676
40.81679
34.893185
48.59119
33.928288
22.135202
37.020428
38.769188
25.495989
40.844345
51.310665
12.454703
29.561016
31.326365
17.405182
49.165314
31.322765
45.77577
33.55192
12.828697
34.473804
40.933975
27.285898
28.43737
79.15147
58.88502
76.697624
16.30937
32.449394
26.90379
34.858517
37.495373
15.773726
24.202421
79.90617
62.572132
98.63586
62.035843
54.695763
59.344467
14.58959
45.687866
30.521904
29.130028
49.11766
32.936996
46.857822
61.078568
26.820839
51.901234
55.885
22.103077
29.557344
17.994225
22.915396
20.646711
36.001774
35.849518
46.320534
42.47398
58.55233
53.101425
56.394268
22.00626
15.385647
12.267826
21.422565
25.38574
60.780704
70.16947
29.596844
49.8862
13.83501
20.87684
37.35882
58.4292
34.934013
30.280813
27.59228
13.22614
35.013012
38.147537
53.574265
45.070557
26.126028
54.652943
10.213665
21.999441
26.811172
62.274258
23.616919
24.763315
8.943864
30.16578
31.335274
20.370834
42.681076
39.11802
31.30274
25.382578
9.169419
17.48293
23.938532
23.369156
21.982841
30.787754
33.03867
37.14897
19.160473
46.271034
41.88414
38.022873
34.300514
30.66964
45.562454
60.821377
31.963902
50.02224
11.174299
22.832325
10.647146
22.900711
50.13438
38.043896
26.928839
42.0087
37.31431
20.817883
28.499893
40.982567
12.364391
32.57351
31.648638
20.337746
28.53665
43.04152
30.530367
10.788183
22.503899
10.744171
15.867217
29.137983
46.17902
31.232857
33.920895
29.115889
42.09113
35.250416
48.66148
59.505184
27.515371
34.84774
46.287476
8.676223
24.02311
10.39498
24.507668
22.782381
19.590002
46.59324
39.911636
18.849918
38.740734
24.968285
44.06989
17.720257
25.572704
15.289528
28.758684
19.626587
24.613398
41.29776
36.521114
38.94046
24.228428
25.457258
31.81088
37.935917
30.297451
50.301773
15.799488
28.84309
21.16271
28.24917
27.490625
28.999275
23.619448
34.18044
10.452654
17.492403
56.7
24.512856
42.00182
44.299313
16.324535
19.994722
35.32988
56.329063
64.71635
56.173058
44.296997
58.53619
67.85579
17.07607
19.890125
27.4431
37.755196
17.39804
22.590324
12.01851
15.324871
15.829221
12.076534
28.034508
54.975796
30.357664
26.095308
17.93455
72.77876
63.000328
20.245821
8.087557
12.029896
16.548336
22.49912
63.15991
23.135454
14.28077
25.7214
98.6469
28.23317
15.118966
25.146938
42.723343
42.59422
38.056683
40.479137
43.115253
41.315468
62.487446
18.346418
36.241726
22.042559
22.418657
27.320002
15.213565
15.558976
15.877174
12.601863
13.048732
28.443151
40.735294
36.26112
19.469633
45.41661
59.0192
10.9776125
15.790564
11.46263
25.260504
69.73532
26.988466
21.33165
33.70353
36.71506
32.737648
65.15505
22.873686
27.931463
38.563377
43.12944
9.386043
40.017082
19.152231
50.590015
19.246616
31.22796
60.03475
16.91381
40.54848
30.622753
44.66622
38.370796
18.160995
13.850264
3.4529057
28.42754
43.069733
26.976345
42.78694
23.930548
25.012783
72.94191
52.656605
29.077692
13.011648
22.945745
16.059797
46.572044
26.131437
64.9208
21.868128
13.8633175
13.745017
25.670149
16.870441
34.309067
23.814842
39.640545
38.898506
26.028824
29.623037
38.87702
24.432487
15.319637
20.613228
8.544161
23.907429
43.009403
56.656788
40.683563
44.560272
43.833496
32.20264
58.231567
54.893707
28.20079
32.075146
34.243656
51.385765
43.643105
27.929472
27.421116
31.491165
43.60021
21.052935
40.769608
59.660812
30.243093
30.514803
26.334507
74.26056
29.240269
68.193436
23.13957
39.41503
18.67963
31.901997
26.853737
53.392162
20.723312
39.14682
22.97315
34.529896
78.606346
55.354664
53.22129
71.8208
57.435787
52.15927
47.01605
95.69081
56.4981
65.85395
27.28343
46.316498
46.64272
56.96864
20.559683
45.009174
22.37475
13.549402
30.155546
45.37919
11.824802
36.020138
47.887398
29.290762
38.70113
34.190464
22.250025
20.874512
17.762915
26.48286
24.484835
37.285385
14.074798
32.169083
34.12434
49.705654
10.037758
13.901922
31.212967
23.439741
21.411827
44.60127
27.965815
14.000566
21.660278
23.834751
36.862858
16.305304
43.637352
26.907904
5.774729
36.077145
39.325993
27.255537
38.39471
22.457756
38.17281
10.530006
27.896452
18.61889
26.49606
17.275894
6.6798134
36.40428
24.51906
33.84895
34.727757
26.526506
13.349016
30.820938
26.63357
61.835747
20.667784
44.76583
26.950245
20.158115
19.513117
28.492832
22.331257
27.068333
33.572525
22.363697
24.691015
29.135733
22.130938
23.960552
68.47773
64.52153
10.300118
31.076109
45.067886
19.675714
33.32317
19.187078
28.312506
38.037395
58.136875
66.67327
38.64146
21.675909
9.268022
20.523376
44.247902
43.714935
31.611277
25.038122
24.74046
26.806042
37.72811
54.30166
43.649185
23.924423
22.16688
38.43682
28.644768
20.692421
40.641468
32.479412
26.047457
49.08053
31.935844
49.677162
40.11002
59.518368
33.039364
24.445759
15.626575
43.453423
31.457249
41.65782
54.966324
21.885256
10.039356
13.101202
39.13355
29.916115
38.91322
44.19086
32.95117
28.463678
36.220833
18.325771
67.05541
34.20698
25.320145
44.46392
33.679756
13.534755
26.81198
20.830622
33.582638
10.490417
37.729828
16.043428
22.803064
61.48971
31.863272
29.488153
38.64528
24.62468
27.115694
30.662971
47.424976
16.965202
58.51163
79.377785
37.100956
70.48536
41.938145
54.442734
25.265741
25.021713
35.6249
57.01814
68.854675
69.8829
53.113327
74.637726
42.774654
59.79806
39.8896
50.366055
49.511196
18.055805
21.703558
18.28161
35.364132
11.862704
49.033466
31.10942
11.632578
17.02961
24.707949
22.543207
1.9700361
16.985771
20.70369
19.354834
45.43045
46.406322
27.10075
57.717884
22.442646
35.085533
44.69901
13.015716
26.927343
26.31725
21.433147
16.206188
30.952835
65.67537
85.31034
16.58311
23.34184
25.570957
32.930637
15.883722
33.69367
19.718267
48.04899
52.654175
66.82008
10.916985
16.462336
34.385956
13.596408
14.520799
43.89211
13.303335
26.67987
18.45185
28.3138
28.511904
18.06957
20.825176
42.6212
30.335625
62.965492
23.881655
13.527649
25.512829
28.695673
45.95606
38.41478
74.66624
25.487486
43.100025
47.27511
47.913177
16.362383
58.113823
16.538908
33.93121
28.517471
25.841263
37.77257
44.96532
36.262863
52.112503
10.21241
11.208175
20.127714
24.232445
14.65462
15.254753
23.506271
41.414513
43.1596
21.10954
24.225061
17.825218
38.78682
10.597033
37.58775
34.675945
22.122229
31.797813
10.593788
10.361284
18.250908
17.54193
26.458113
23.236107
22.745844
28.767393
20.14816
21.821392
23.317303
24.781898
14.266299
26.838804
9.887141
33.74431
15.465132
21.416147
26.930943
19.255268
53.806324
63.837452
28.392614
28.118654
38.44011
45.483273
57.75028
84.84194
27.45464
18.861385
33.87659
40.54601
28.06078
35.82456
28.265186
24.192188
30.678917
15.40165
14.490741
25.81425
28.384148
35.402184
22.135778
79.054924
49.79489
60.27729
16.196827
42.134796
49.741425
29.15378
40.58636
18.385002
45.127243
19.933935
54.578243
24.194998
19.053251
31.470243
47.253277
14.440627
42.72757
29.062735
65.580505
37.682976
75.9041
33.782238
37.542137
64.3262
60.322193
60.69196
20.480434
22.474949
62.269688
49.528122
47.4542
46.241653
56.06635
7.8957086
32.013912
101.63062
26.93707
85.14751
56.593956
33.009727
32.614906
26.1239
25.267855
70.756424
15.525808
38.180817
44.52337
33.07881
25.131052
34.19427
35.59305
37.47198
34.71482
27.44426
55.242516
20.298225
10.0278015
59.368324
71.797165
14.211231
49.466118
60.883076
50.92213
37.855038
14.768189
16.438139
49.866596
21.31767
30.57165
49.001686
59.160717
13.110666
30.156363
20.613523
32.220867
20.952261
20.294247
19.152916
29.21706
16.331453
19.698706
20.603558
16.381664
35.627365
30.144932
27.523344
21.413198
30.319866
38.367622
41.573265
38.203995
37.853817
65.32468
34.360176
21.620695
61.849648
45.71866
36.282803
50.833706
58.59941
33.814526
25.217218
30.703098
27.179916
60.46097
43.8657
31.98756
25.080112
22.947039
19.322283
8.066229
20.66857
26.259743
54.619423
37.35797
52.890312
48.180313
36.45497
30.071646
25.28585
16.885223
27.491802
25.99743
37.005753
9.007526
15.055075
26.180935
18.263844
16.77661
15.2249
10.960791
19.862871
18.093573
25.12405
8.969865
9.806287
31.40312
24.307478
23.103716
34.54469
46.92725
15.1228
10.072973
19.715698
21.235527
10.815503
15.835314
14.331054
17.785002
24.159386
9.015653
26.459438
33.545536
14.721654
39.392155
13.8705225
20.165064
22.13795
15.848799
19.334887
24.500427
28.245625
19.520544
23.91842
23.437918
23.222857
15.8766365
21.92112
15.502977
27.968636
16.895569
33.080013
44.21449
42.699955
33.638927
43.881744
7.9739485
10.115398
16.955944
22.768776
20.582623
14.317473
22.099524
14.061167
28.788906
15.481989
17.227013
32.52125
11.23483
10.546159
25.077166
20.99525
16.056597
27.600945
21.377329
15.439281
21.341904
28.386839
39.26809
40.78556
24.535334
36.532562
53.215748
54.557247
56.92456
25.553432
19.612185
22.774036
20.042534
42.195667
19.985304
6.219644
15.778617
68.40178
8.924283
22.170692
5.178403
18.12798
7.714521
6.089662
27.134438
24.811087
18.630693
29.588556
25.859957
14.809021
45.442062
36.956165
30.269041
30.41624
19.85867
5.759714
30.226757
36.107834
13.457531
5.393761
17.842283
16.316692
16.146753
12.889069
23.62512
5.387515
39.08038
13.535935
5.978409
9.172565
28.011192
22.25579
12.977743
24.916388
16.005718
21.514725
21.220922
15.907954
15.92988
20.643177
31.941961
28.018194
6.2082753
28.372292
27.649042
15.980777
12.846409
16.809877
17.986479
17.708158
12.538274
19.237219
5.2571697
12.194715
21.469105
13.432989
10.1908045
39.77302
39.015736
46.18138
31.26135
42.11355
48.669857
12.448582
21.54042
23.858892
20.731174
21.787249
13.273567
2.7931116
25.323936
18.079721
28.366432
15.087114
6.1177354
36.299522
37.97817
30.24796
34.1672
52.201385
61.472637
63.063644
36.605602
49.565674
12.169285
36.35133
13.387731
6.746432
17.96125
26.87174
10.469985
44.77352
36.638092
14.454465
11.508196
31.801384
27.19684
34.13565
14.152958
14.82856
10.693103
20.39296
17.412241
25.945694
35.441288
25.94917
29.394835
37.12668
20.44677
44.029892
33.28129
20.906178
30.15938
54.013462
36.245007
31.336079
36.1534
23.349035
26.122097
27.541958
13.309043
42.374447
63.054127
17.420727
17.523783
23.915321
15.688687
8.034482
18.815485
14.184795
4.358821
8.78489
16.901758
17.447544
53.056152
23.961298
46.88813
51.352734
36.46863
36.25238
39.793087
24.752136
26.105919
7.3512335
17.19374
16.013432
29.00956
9.817109
12.796449
38.29626
20.217386
33.965748
17.178177
15.489159
16.26506
25.223938
12.775211
29.720362
17.331917
3.2863739
12.101341
24.275951
29.687477
11.561994
14.046311
15.997612
12.496594
34.62013
39.869328
40.290096
15.074824
1.7304381
10.628332
42.01135
11.522641
34.861706
17.036741
34.22328
15.218842
11.360978
14.69008
11.68904
24.76217
73.139435
42.738235
51.571896
39.973595
48.001186
36.332333
76.97667
51.126354
6.123116
16.824572
22.052683
19.98144
48.22885
11.302556
5.1265345
11.886732
17.988377
11.57833
15.971201
24.171413
17.766298
16.127155
14.660122
14.538435
29.90787
36.16895
47.96102
66.60208
58.59669
40.659397
16.337168
30.669872
13.377567
15.436113
14.921185
25.941124
34.667618
31.17134
24.261503
26.26362
35.471138
32.96945
26.32241
24.869099
27.27867
13.939487
13.986729
17.445824
16.94021
30.967562
7.5980263
21.748144
11.837139
13.851179
25.738005
23.626259
16.375929
30.704361
23.69684
17.780434
21.05124
38.653297
19.418846
8.809345
23.36793
6.258434
23.899164
21.890257
32.673683
22.872004
10.765022
18.741833
23.150286
14.790937
14.674524
31.356861
44.429977
19.804691
17.625141
13.39819
5.235075
11.397274
14.209895
35.26134
19.930182
14.59029
12.892651
13.073104
26.874731
18.098656
35.380028
18.422998
41.524975
31.771929
7.746575
8.768172
31.347008
4.252602
13.610453
33.489452
31.179167
11.492638
13.014386
13.7619095
14.599436
28.916777
18.184797
24.295244
19.935528
18.846111
12.750749
14.7372465
9.897505
31.406343
36.37761
21.148289
15.629995
8.92414
9.724029
23.72549
37.806667
6.860108
19.783712
17.140583
12.464186
23.481348
15.79511
33.856945
16.898779
12.129984
23.639294
18.799438
17.156889
11.271693
38.18393
30.557014
39.05223
48.542744
42.567467
43.719513
37.8548
47.884365
23.299576
11.774758
27.923288
11.336399
22.68927
51.497494
35.743557
52.10885
26.940737
25.784328
35.88791
35.19435
56.619297
38.15012
9.173332
15.565277
10.746971
8.7959175
19.47265
10.417068
17.85309
12.222462
24.247688
24.236662
36.521317
45.92271
55.11884
3.4471827
16.379326
22.005255
8.128566
25.0298
17.395147
12.659144
30.826513
27.13632
14.861467
15.953169
28.403065
16.341766
42.912983
16.548498
24.120039
18.56562
20.183094
25.340439
16.936586
12.613686
6.8022294
16.377943
21.898298
7.3138065
11.586878
20.54576
20.492867
17.733849
8.610324
38.15357
24.137419
3.4913526
37.661823
19.159176
10.136219
25.894775
13.419203
32.495766
20.799389
28.919676
26.711716
23.365572
19.929424
19.103762
24.322931
22.059214
11.784768
18.103287
37.447968
28.94818
16.316675
16.391832
20.860952
9.095865
25.55115
16.012169
17.806313
9.206856
9.889795
44.56369
41.54468
34.012825
22.093723
31.258108
44.21006
9.230715
19.775555
31.777441
2.8856146
13.4664955
14.646521
17.87695
25.894773
5.8963084
22.075493
32.217236
15.609583
11.84183
20.515608
20.501131
13.013625
25.635195
14.448827
12.388472
24.935617
25.299536
9.446392
13.657673
19.915108
44.97015
20.118303
10.889125
9.743416
16.669502
18.45487
14.51196
16.935322
22.373457
36.57722
8.850855
7.0969152
4.2048097
16.690647
40.557903
21.471687
32.06632
10.107075
14.443535
15.068472
16.778
21.056297
20.742212
35.152714
26.86228
36.76822
27.854013
22.784826
28.864357
24.497543
26.728722
20.89164
49.135464
54.008442
41.63133
14.948129
15.366306
4.756714
20.192768
13.308713
11.200157
16.117538
26.795218
19.759989
20.103937
16.25162
30.846739
50.515945
10.885641
12.546451
23.327387
20.225615
27.504812
20.722881
16.730562
20.730852
14.379461
12.078495
12.646704
18.711353
34.552063
13.528084
19.044008
35.089516
31.700489
10.928916
9.196989
17.411436
15.911012
11.185432
9.61713
20.438892
26.006742
14.687063
35.20035
20.462305
17.149076
11.545794
12.855333
39.852222
22.550575
58.232964
4.5091023
19.565882
18.66398
35.812473
18.690617
9.029722
4.6461873
12.159964
25.30143
34.827713
43.521454
49.33959
14.075774
27.01416
17.33818
30.102045
26.010632
11.428662
23.188652
16.200293
16.068304
18.866339
21.743277
28.235577
13.572989
24.164038
41.610226
24.713919
24.77833
13.750184
31.800386
14.422175
3.8957353
12.337427
33.039913
41.59855
41.515114
40.638588
20.776056
56.516895
13.4151125
16.224232
13.207281
9.313567
15.891685
15.901149
33.835766
28.713747
32.07438
27.470373
21.03785
16.646147
7.753594
13.6199255
54.662132
23.362015
57.601463
48.54972
24.356064
29.059044
14.28196
18.55393
23.59565
19.932034
14.543862
32.60059
15.612105
14.603097
27.237638
26.595736
12.634051
19.50227
15.021579
7.244948
18.717575
26.452038
8.340523
13.113245
34.969807
10.88783
8.591297
17.021414
18.48734
4.047501
8.576648
11.0148535
16.099802
16.52467
12.64912
11.474307
7.7447987
11.965675
35.36378
42.14552
28.508085
46.119396
13.690464
8.677097
13.173883
21.950184
46.5662
5.040444
15.764782
14.481741
22.25744
26.499104
7.7995605
22.010475
13.697955
26.185799
21.76653
23.520447
63.500843
14.6921
17.805944
23.577251
16.284847
15.563257
3.087326
25.227737
31.603392
34.991325
23.657385
13.355819
9.585742
20.557287
27.960056
14.112313
3.9924064
10.719769
15.664934
29.486216
15.056801
24.903679
17.886902
26.281374
21.931633
34.535973
10.76736
11.177215
10.501953
13.248444
11.29505
37.883026
15.289412
15.448347
23.774132
18.736998
7.582975
19.309366
27.741026
11.285378
9.399235
11.754726
23.515335
25.256704
11.065897
6.9924536
10.684751
10.535437
17.691845
21.782543
20.089035
1.8039391
36.590874
33.799057
7.186417
18.081131
31.16873
40.109653
6.574907
9.750662
14.912584
17.460455
30.15382
10.693242
29.120583
19.483976
21.096506
15.207929
7.5870337
19.244427
24.407202
9.167135
10.072973
15.497417
17.796307
11.118901
29.179014
18.83611
4.876474
12.402774
28.016838
30.925566
10.454813
39.8122
11.745701
8.77906
24.419039
16.341574
16.98556
18.24758
10.049414
16.539846
21.787243
16.386177
7.7409654
28.38325
35.03801
30.32593
35.841576
24.948757
32.241478
27.604507
32.187866
25.399376
40.053787
31.99722
15.054418
16.19891
25.62424
21.223461
21.787922
46.00701
26.496893
43.032913
19.862698
22.496939
42.06491
11.2750635
24.65984
55.2399
25.584227
26.703123
17.880455
11.326336
29.850813
30.94785
25.903254
5.6422467
23.570236
9.725207
17.750483
32.472878
10.318562
44.24689
39.455658
38.852962
16.885828
36.51697
21.03921
26.421547
18.045506
14.698211
13.217586
10.831953
12.3563
0.724428
9.055162
6.5492773
22.554571
32.37918
21.682138
31.275145
24.054955
34.647606
31.600502
37.837475
17.357853
21.752647
25.348154
15.676535
14.8720875
15.812914
37.533504
37.224167
42.61557
33.54157
7.932402
14.52158
15.725678
16.095726
14.126457
20.967615
42.345444
34.627224
18.603592
12.253805
27.776585
25.754917
3.9419706
6.7620864
13.253582
29.13534
16.540483
14.012125
48.802284
10.495489
13.793149
17.177444
18.26177
20.29785
9.193173
19.787075
20.997469
7.230595
25.642178
14.343301
7.625119
8.084306
10.965806
27.059698
9.292022
20.54604
30.664368
24.169283
16.585627
22.757013
22.500513
4.2348876
32.496243
18.140314
15.80582
12.726105
20.957928
8.706854
14.604956
12.132512
29.180794
17.24104
14.481889
20.530642
50.989586
30.31385
41.508255
22.96033
13.797151
5.1969123
3.1770856
19.146776
16.338041
7.8735805
40.778873
8.852541
18.474367
18.074722
22.014168
11.019595
15.858374
16.306038
30.76405
13.521119
12.356157
3.990182
22.253098
19.100197
31.224758
10.254625
45.51528
72.177414
43.260605
37.24908
39.32955
61.22716
45.446953
15.841475
39.518375
39.837795
47.44598
37.82686
22.856783
41.68176
28.88591
40.102497
36.55922
43.405903
30.477114
54.11175
32.21734
41.74592
37.19769
26.182224
38.906147
35.099846
21.311518
15.320578
34.634003
27.4754
14.063077
21.83036
7.473608
13.354566
17.206367
31.90314
31.464197
18.822138
15.515952
19.365925
4.7192965
20.589039
30.794758
15.568302
10.919916
13.645749
23.382706
27.56847
14.3469715
8.716189
3.221729
5.875091
35.227814
15.030288
14.1879015
14.997603
37.047733
22.193962
35.66669
11.454119
13.711958
26.012941
18.985676
5.376932
9.638791
27.975061
27.269392
22.659739
30.152882
21.651304
49.598633
43.059517
33.88079
41.399414
23.21351
25.705944
41.46896
28.932283
37.1199
26.599873
22.05801
19.45208
17.770245
20.483675
25.544834
31.040455
30.51898
18.744207
12.319721
5.8434205
20.635927
17.695812
11.208962
17.058847
5.590738
8.998461
20.831022
9.52581
18.278366
12.127841
23.364212
14.412911
13.986936
25.576855
31.183666
24.596304
20.557693
17.022762
15.210928
8.728769
18.446491
12.137561
18.148514
30.696522
17.030313
14.035678
44.144665
52.395077
67.36397
59.9122
58.49186
42.43145
36.573895
21.326078
10.515714
22.88541
18.885395
6.7276607
17.843822
11.285249
13.61724
21.822142
24.965645
25.260159
21.887184
17.60959
23.20596
70.23619
10.908008
14.182216
27.092205
24.251842
27.65551
27.760347
14.028579
26.2071
11.511113
22.669842
19.486334
28.323776
24.34167
28.319754
35.59294
30.869156
30.26457
39.263958
39.223454
50.424026
27.724298
32.339787
28.093576
32.95884
21.182154
11.907275
15.711756
23.811844
8.967469
20.98045
15.429853
17.54364
18.462412
22.288088
29.97707
12.969741
2.46795
11.876866
22.957586
30.744131
20.584343
14.260138
9.768891
23.585472
31.13313
21.63655
39.75033
11.95421
17.554491
22.352074
14.651133
24.036194
3.5459177
14.267037
16.931948
12.956723
24.584576
27.604448
26.100336
35.39695
29.939974
20.551268
14.361715
11.338347
35.05047
38.77054
34.214863
43.67404
8.803264
12.473789
13.028891
15.958691
15.610054
16.66555
22.460047
25.051739
12.993211
21.68937
6.9295635
8.94313
7.9911914
32.443836
14.910892
20.289701
21.593616
20.205309
35.051727
15.234693
19.739866
16.108397
21.008911
21.951643
18.383928
13.004117
8.479484
20.744875
20.416275
22.631804
27.384277
34.115788
61.98878
45.867577
45.625443
54.03381
51.675816
56.769344
58.956947
46.839386
69.33719
70.40623
56.89248
20.155811
14.626796
19.086498
19.754616
25.425335
12.071377
18.110476
8.8371725
6.591966
18.597298
23.860327
8.423082
11.24122
15.328175
7.593508
12.076613
13.413255
23.359436
12.916112
10.122067
18.775301
8.216656
23.777056
9.777157
8.450491
51.28564
25.863266
18.390419
18.522778
29.992142
15.8851185
11.859086
15.378737
15.203687
27.391823
25.407677
8.529819
25.724382
22.86363
20.158451
25.429314
12.482026
29.994207
9.695534
4.6649017
7.9918213
3.6307824
14.062343
20.678816
24.406628
22.49335
12.157253
21.743532
32.50435
18.379803
13.97025
22.534863
22.316998
34.47799
8.836424
38.640057
8.085961
5.9837165
9.832276
8.903508
23.228237
16.773697
12.984436
12.018209
16.23596
22.663923
13.585611
16.349869
5.545643
11.211486
13.368272
14.611969
27.640871
10.537119
15.052581
24.70345
15.741041
17.406582
10.148464
9.413812
17.29719
35.31527
12.439623
28.6105
56.090214
51.937016
21.457075
9.284303
13.492814
18.004858
12.955197
12.269837
37.134556
11.496128
12.695401
12.3127365
24.821228
28.20351
37.73301
14.122745
22.100368
8.436149
28.486538
20.504656
21.574583
26.022713
20.981224
39.755863
30.441683
11.246842
10.58753
22.046623
12.834377
18.886824
36.470997
31.410486
28.279856
40.57058
27.65781
22.418428
40.17125
26.211819
56.040997
15.713346
9.467822
39.851913
8.085019
18.258875
12.199466
19.825323
6.4795666
22.691422
9.254729
59.69334
8.52081
8.000197
34.977055
29.20256
28.670221
24.233093
7.302433
12.681641
4.058708
19.799265
19.633196
12.284595
15.809484
14.217167
22.562057
2.005552
16.21122
15.080952
9.097315
15.095219
21.222212
19.99616
3.1180124
8.994797
15.231815
19.493528
20.736732
12.928236
26.43361
28.780386
17.78162
16.942589
15.516876
11.857392
22.442621
20.924744
21.037626
23.14657
28.140635
38.65602
15.771204
15.985125
16.997221
12.518619
8.791407
15.626157
25.864796
35.253506
16.06748
8.684103
17.129189
24.089022
11.807534
11.74017
21.991766
11.460096
12.335607
21.291222
14.020041
14.150543
13.344865
24.59981
22.334558
12.963962
29.30222
11.227133
37.068005
37.39375
41.937767
28.46814
32.656567
4.7207847
15.695828
16.189655
14.259234
28.70868
33.24011
21.500938
36.530975
38.55401
40.983784
28.567245
12.532687
16.552996
12.01009
19.197735
16.575
13.824499
13.016767
25.164803
22.596506
11.823495
20.408691
15.110465
19.388391
34.594315
21.709518
9.724839
33.96804
35.120052
14.518549
18.69006
20.351591
41.41727
17.300053
22.829151
28.609024
27.24686
27.407455
18.237164
29.88313
31.974403
39.454243
25.399574
7.5292497
7.186286
12.685574
10.89802
9.955916
22.20751
13.724356
6.472575
22.649248
26.969841
13.197257
14.78972
34.880035
29.820368
33.94695
35.110855
37.89145
14.179304
19.292234
11.502015
13.367797
9.938349
8.264677
6.145965
21.447088
14.610363
12.157413
17.703547
40.073734
12.9184265
19.070896
17.02565
14.987699
8.25692
12.961919
40.2779
20.038435
32.843548
23.95145
35.399536
21.67641
23.80789
31.685768
21.749287
38.736122
21.83764
28.291653
21.9282
8.094516
21.702436
22.502403
17.640388
17.176044
25.980629
29.60294
20.825903
16.176363
7.714643
22.646955
14.667255
4.926517
27.312603
11.757046
12.919075
35.496582
4.5271974
21.655458
36.636726
36.42595
6.094978
22.910128
11.310913
18.446365
13.374011
21.362852
17.1097
13.730346
20.82074
14.461222
10.480249
25.098017
15.894264
40.90179
5.167349
21.660896
3.9563842
10.934776
4.439566
24.093279
5.867866
23.329754
26.138216
16.071102
21.01137
21.648325
11.374182
17.490223
20.421206
18.48832
9.75112
14.659116
14.259152
23.656805
27.617264
10.453652
23.164532
26.671886
17.162989
18.23341
17.777716
13.464525
9.503191
4.415378
5.124113
23.986895
19.50934
7.377902
8.784968
25.760967
24.255955
43.836185
35.188366
9.054107
10.312775
18.575493
11.229531
7.409856
33.982956
28.789349
13.859021
4.6498756
21.823261
8.705937
12.597058
7.1746492
12.919896
8.674427
24.565615
16.601156
10.51373
11.816538
30.073914
12.7003
7.7245717
26.948193
13.862566
24.526718
19.045586
41.954258
6.35544
16.473652
13.620972
12.366327
29.977167
47.958828
64.97122
45.335037
34.731625
48.093628
36.047955
35.195553
36.805267
25.981043
39.61946
23.937624
30.30079
34.19661
37.79055
47.0911
22.117847
17.234892
13.575212
21.699984
27.7714
19.750746
9.192574
12.862487
28.880764
2.7175858
9.901644
11.225399
30.431894
14.48237
8.206026
15.928475
10.949093
13.354218
37.264618
37.06073
9.888597
34.0626
18.05611
10.222116
10.372522
44.250088
72.050766
48.56746
15.371267
29.243181
35.89871
47.430313
85.59145
16.197071
20.692385
22.7805
21.346804
19.831484
30.584156
11.9643
13.661261
19.277773
24.867687
6.8402624
11.826839
17.175217
19.34009
14.912313
14.620195
21.042088
13.842396
27.544239
10.807718
18.992851
16.238342
42.406933
9.298563
16.871964
16.324902
11.785589
11.949324
13.803549
16.04806
15.515491
9.737193
34.65242
13.066074
10.254716
25.761282
13.242989
10.933711
23.680426
19.431713
18.53614
15.080461
32.664856
21.186861
11.978776
22.607786
28.083698
44.04827
30.445148
20.213652
21.63684
4.964833
23.055096
17.605616
14.570514
20.670233
21.124662
16.648754
13.887512
24.337997
27.5412
23.658625
29.999422
21.885387
34.248215
5.9625916
11.402674
15.513551
24.396255
18.834335
17.613928
11.798898
6.8374457
18.902908
27.435585
25.530926
20.611244
16.689468
14.509652
12.820346
16.64591
13.034999
28.993366
34.641937
16.538599
16.559332
16.282585
17.078249
26.057468
11.839208
10.641666
12.5756035
23.329975
11.07557
21.19874
35.24832
25.128191
11.001904
18.59182
25.551216
8.137193
13.8651705
28.076365
4.223072
20.787743
11.480583
5.372814
17.802795
12.640359
34.694263
32.995155
25.324848
27.926538
19.261305
17.361706
17.582848
17.01798
6.684442
18.204859
15.049061
14.582916
21.230894
18.722689
31.441956
21.048368
29.580872
22.441835
16.849852
14.371974
36.590015
46.61943
30.274792
35.445263
29.358238
25.549961
35.238472
67.74001
21.202742
38.906963
28.807253
30.873812
34.273426
33.33051
31.81182
13.225735
15.540533
20.658018
23.159285
8.181611
11.5250435
24.695057
25.999191
34.47205
16.502264
9.625774
16.091516
20.528759
13.23297
15.782348
31.104162
10.787907
4.8858976
38.081486
11.467748
8.102618
8.25096
15.537349
27.37155
10.130562
18.464445
12.929953
7.066679
13.030948
13.732831
13.9349375
18.295238
22.197626
40.11877
15.180359
12.355082
16.405804
14.392657
17.954185
32.59669
27.258512
6.139363
19.01341
8.7870865
11.544958
31.845354
41.2471
42.64274
9.43596
24.36281
24.6523
17.973038
18.289936
12.271913
10.635765
14.560408
20.735985
27.45427
37.42278
23.817951
28.407558
18.63467
18.31365
19.52928
15.996983
28.891289
15.281947
11.835209
3.53303
16.330193
9.837399
8.202187
38.2339
41.761017
52.88981
27.16714
28.58481
18.253868
33.073395
28.127874
40.302414
66.973076
66.89448
72.55612
18.344238
30.31727
14.386147
34.228493
22.188139
28.073235
9.455304
20.322397
31.914701
8.565296
16.869017
9.862417
10.043063
22.985188
20.154884
25.43936
9.003426
14.809435
18.521442
17.903889
19.9312
13.483082
18.130896
12.46928
14.200622
17.181988
22.123482
28.325195
43.340233
5.269824
18.412867
3.368576
22.930458
18.145708
18.916697
5.2097445
32.10605
10.4151535
8.02389
8.299821
13.750694
21.331264
15.190115
22.262407
5.8116093
22.811655
24.12541
15.544228
18.359539
24.07651
17.290884
8.241734
10.620399
15.0369425
19.873615
11.172458
11.219758
16.839985
13.745162
22.643183
21.591612
35.39431
5.7303333
16.20531
26.85837
23.697899
27.225065
8.868927
12.647052
36.79388
35.075294
4.8588424
25.366802
10.9852
34.051876
66.402336
28.354164
24.844961
13.082861
27.310179
26.931181
23.282543
23.906208
19.038525
24.549831
12.254223
16.192823
8.850776
16.800407
21.327171
2.2848063
17.9842
25.471067
10.533001
13.573621
27.24742
26.908367
26.239643
30.531588
13.46445
14.141074
15.236499
62.121162
4.6178923
4.368845
9.8976145
5.79694
20.757029
59.386974
49.95755
42.296318
55.840004
24.980347
36.770485
7.967227
12.610371
14.46878
17.799614
34.654755
27.023144
14.3610325
5.013897
36.129852
65.746574
66.63218
42.842422
41.25494
15.950949
17.39474
38.525696
7.450121
17.082094
8.908421
13.455214
18.111444
12.916466
25.276613
12.178509
14.832634
3.2005956
19.89572
23.345366
29.949175
30.813606
17.573832
36.08253
25.747072
32.5357
39.07503
15.7730665
11.041199
26.857674
18.01329
16.515366
21.602873
9.045475
4.7609334
22.566252
18.14103
15.216235
26.320059
16.878426
28.594555
38.576668
46.37792
54.03641
38.693832
40.97149
36.8386
33.58136
35.75209
49.22182
43.01775
40.732788
45.813316
46.574448
81.842125
68.49833
33.95903
54.812202
55.27606
39.213303
31.120346
35.08181
22.83978
15.045104
18.1849
18.653893
54.263382
10.4843445
20.72351
7.630186
15.497605
6.50373
19.49378
21.103954
17.201914
14.756365
8.394983
21.309141
19.725292
10.49182
11.594761
52.87326
18.99628
9.621082
8.997157
23.892908
14.7825575
19.539831
24.909687
13.354731
25.41576
31.611364
17.761694
23.585238
29.86743
17.805227
23.904678
9.518523
5.654207
4.4634576
6.814944
19.99078
26.815252
12.817511
41.343193
20.415161
16.618456
45.136055
40.14463
42.753544
12.271493
24.793598
6.778664
7.4187055
25.594986
18.493528
9.6044
13.320552
24.736816
8.281819
14.126143
29.378088
26.266235
27.35058
19.373978
20.863428
22.15224
17.789722
10.151801
24.37008
23.640894
17.607038
17.513891
17.484499
4.4577055
4.598413
15.862921
31.941055
17.353567
19.839378
18.131462
17.450144
15.223294
15.777033
20.104172
12.015031
23.10589
22.429068
37.829376
10.135733
18.10325
22.878546
27.591919
10.921802
21.981724
24.206877
20.36821
14.2715845
13.730403
28.825499
63.031803
31.15377
31.629799
31.635454
29.874065
28.021885
38.596264
23.414104
27.315947
34.037113
33.903774
38.24907
25.095448
35.335056
35.195595
35.71974
32.248783
39.397602
38.33938
45.02058
20.269676
9.445744
21.14003
20.569778
12.147913
14.504629
25.953415
2.9424884
27.97003
14.031262
11.373075
76.152374
41.83011
48.135204
41.748573
15.447273
31.536839
34.545036
21.034212
26.143007
32.39454
14.465812
18.412712
19.64768
38.987247
11.951712
7.992833
33.54995
21.108223
18.054749
25.031355
24.65121
27.22588
21.666132
16.055487
21.060196
19.904058
22.307339
6.509308
14.658163
15.035304
18.627266
14.185472
28.011236
13.108973
38.082302
38.771034
42.261665
17.94327
17.286793
15.064856
33.108418
20.112259
14.269152
71.27817
71.0183
46.6838
29.257624
21.013927
18.155453
21.939629
28.646513
21.659935
22.981209
11.072851
21.728376
21.559465
5.220999
18.609802
11.613999
21.19236
14.869488
24.19643
34.134518
24.769676
17.206793
24.232904
17.869211
14.5904045
37.18923
26.736656
20.76696
25.66896
33.08517
36.32914
37.45711
37.166786
32.769318
23.700502
25.508894
8.894125
13.6341715
26.311262
28.77443
24.845177
38.476707
38.245827
12.379156
6.552751
20.049284
37.64476
12.882289
12.761456
17.524809
11.844135
15.116467
23.14045
11.493377
14.945103
7.112295
22.860249
10.555796
16.587248
11.888666
18.376337
20.29543
26.851273
16.948313
15.093732
19.139826
23.198692
28.80834
13.894469
20.656973
19.55063
53.91275
10.14964
22.405798
34.962997
14.843032
15.77008
19.103636
11.828804
27.015572
44.673702
55.135757
58.052677
17.78549
12.743043
31.199953
7.6160603
17.963089
11.39404
20.858635
3.0921235
11.921996
15.950719
24.15373
29.058678
15.856073
11.062117
16.278902
1.9953568
11.738446
28.442339
3.2342756
12.945491
11.818638
14.067757
35.937054
21.550676
28.314777
38.384228
15.839904
7.466396
3.4759214
10.71983
49.05246
23.474922
13.599918
15.936604
15.05893
9.08784
21.626099
30.277367
27.762545
4.914381
21.670448
16.533127
16.58878
35.646187
13.791778
13.069288
36.57459
28.445707
10.147623
19.424166
12.713166
17.799376
20.31827
11.8459635
19.59975
19.444002
13.142898
9.885463
11.5685005
14.436134
21.04555
21.068703
18.838905
18.727669
6.9074907
18.004633
40.368885
33.164562
29.889551
38.149014
35.11175
38.67617
24.088953
42.030067
5.7378864
15.677155
14.515608
8.787122
7.8059387
13.45703
10.917254
30.131079
16.00647
22.69807
13.031376
34.062126
9.154947
11.610049
38.734615
6.5593247
14.653623
33.56982
8.606592
18.248486
8.717199
9.690751
13.414668
28.38635
16.125551
20.799776
22.576582
20.562315
33.30352
9.274282
13.280265
29.492817
8.442684
26.05802
22.712498
17.711517
24.306547
7.76016
15.21852
22.299946
18.02678
19.24732
52.361954
13.533805
17.74015
20.779648
17.521545
22.77873
6.893542
24.511953
8.617655
15.273206
7.9424586
11.311934
13.812486
41.93391
7.5593886
27.514776
16.723572
14.238575
8.018915
4.7605686
16.303009
14.698503
40.890953
50.961803
23.845318
14.521363
23.125517
23.963135
26.84775
38.299232
10.572175
14.880838
14.945521
14.864933
14.496948
14.280981
12.214491
38.92049
47.85938
13.558874
11.07513
21.08708
12.670807
6.7333784
13.857048
21.558819
25.54555
16.8651
55.5136
34.65016
50.011063
3.525968
12.499105
10.69928
16.076534
32.186417
23.297571
22.961834
10.852627
14.632577
3.8356478
4.962311
8.268294
16.777533
20.009712
32.19424
37.66273
57.943375
31.98843
71.68394
13.725207
14.775287
25.5602
19.205433
16.779934
24.200535
22.672596
24.27229
20.771914
18.610023
15.537808
28.070972
28.061407
11.006696
10.387643
11.324841
18.968649
32.82618
8.429524
13.8686075
7.358553
18.547798
9.608195
25.894882
19.37641
19.425228
9.481412
20.08407
8.611223
19.590925
17.313997
24.103767
4.554073
9.984784
14.817432
15.673107
16.216726
19.103941
8.189741
22.382147
5.664527
12.511107
18.98615
11.466371
16.551332
8.024725
8.122249
19.325003
15.952044
26.538328
21.212856
10.863589
23.7888
10.516332
6.0485497
5.8800592
11.104535
18.840775
19.083185
3.1139197
3.3495514
9.775517
13.125981
16.198267
11.095071
13.220633
16.517017
16.851517
13.352248
15.939472
17.092087
13.163974
32.196762
20.944553
13.538458
24.27185
7.302176
17.431625
9.411112
15.233342
12.525945
11.651948
18.439735
13.420544
26.905262
17.44997
2.040662
21.180874
7.794563
6.234709
6.0608473
23.902077
10.51162
5.67952
15.136563
5.8769135
20.538416
36.569813
13.209708
12.7213125
11.850001
13.58818
13.18224
10.362754
24.350574
11.346088
9.758033
24.769436
16.011127
12.2464485
15.354121
8.225568
7.471132
20.777002
14.285545
24.734505
22.842497
28.557766
47.055107
34.097115
7.227738
16.32271
12.983098
11.463365
12.102195
24.833328
10.036812
7.6195807
13.558235
19.065264
39.171436
6.730937
10.717945
31.607203
1.947343
4.4998655
32.374893
37.176735
13.281207
5.594229
16.1753
24.48477
10.302987
15.031134
6.4734077
11.080447
22.961231
7.6583333
16.202482
10.531964
19.898048
10.159274
28.65228
28.339773
8.310963
9.13193
26.81459
18.99069
12.844751
14.273177
12.77692
14.680107
43.58132
11.631461
9.217725
17.1705
18.951956
8.805441
17.205141
9.338879
14.921111
18.336815
9.932448
14.521646
16.255835
14.242158
24.018963
16.416775
20.912033
28.903772
12.09729
10.192633
3.6523962
8.9333315
9.701093
7.0154853
11.590533
21.21546
17.942863
16.097992
8.586235
22.731108
13.189649
23.631165
1.2913742
40.65297
16.976248
10.211568
18.533663
19.632206
9.765679
21.500166
10.795427
9.166042
17.324469
31.069588
41.66521
24.764969
25.857763
12.779156
19.82716
10.520017
12.418221
66.31249
38.003136
19.681423
16.09541
3.0060694
22.1632
10.273921
13.094882
15.1217165
4.9607506
11.08909
14.339385
25.962923
22.293247
7.0806093
15.92207
4.552973
25.148802
17.27265
23.88671
37.436005
63.30204
34.07697
35.262997
19.85334
18.126389
8.33245
18.608944
21.134686
8.420207
13.871156
31.242355
6.5102887
11.929405
22.811499
22.750767
5.1266236
8.354351
1.6962941
15.008934
27.490976
28.688465
9.807437
15.496713
23.745766
18.974394
18.387688
30.398415
20.407799
21.07448
21.894934
60.773487
37.439625
18.464876
24.48957
13.9534445
24.098492
6.5676594
20.889229
11.164099
18.937866
18.249622
23.260088
21.17495
3.1708443
16.645477
4.9047146
4.739632
14.718523
15.508043
9.041902
10.506095
25.42306
22.86111
17.990232
16.52823
28.393599
15.331106
3.1814451
11.839555
17.653353
10.235424
12.841767
7.0839095
11.402617
11.7804575
6.487581
14.009815
8.8501625
18.973347
16.441631
29.674742
22.71725
10.270459
19.757292
22.855547
7.3358736
11.914128
22.059563
2.1847334
15.388798
8.8113365
18.59828
5.918509
21.842915
14.485636
28.830128
16.99957
20.210896
16.066084
57.15735
32.602547
18.230722
7.0419617
13.0506115
9.675488
12.232711
17.065588
38.03844
13.644353
26.586079
9.371425
19.847448
21.2986
12.298305
19.001337
9.741065
20.809364
16.05322
11.348876
5.003691
31.140284
9.329073
15.9648695
30.734324
22.116167
13.386305
21.418037
20.98782
6.0817127
11.897573
17.373573
19.889856
21.588562
8.923192
13.960872
22.455582
18.72896
8.0757065
17.004055
17.290468
24.623833
25.699486
18.087347
10.864782
6.233296
17.605543
12.696807
9.074202
13.702516
31.945734
29.59777
18.158691
14.318137
11.200153
19.101028
21.556389
24.520945
9.6551485
10.717438
11.648363
10.374509
30.844776
19.356888
21.979815
20.251331
19.730732
9.826344
18.756409
28.387009
29.533669
11.24023
14.171603
9.277851
17.203537
14.700159
15.400979
1.6234543
23.29624
38.336536
38.562
24.812407
11.894881
8.230011
16.379295
13.163988
9.433318
4.1607475
16.544958
23.619246
9.501394
9.042419
39.79766
22.68293
25.65709
11.668501
9.452788
23.120777
18.74718
42.02395
14.94021
14.796077
31.944853
19.059935
54.494274
36.093678
40.225113
22.76171
9.70553
29.671377
32.27486
22.294966
28.513811
10.443988
5.8238096
22.731201
48.011154
12.109258
21.504028
8.57975
3.7744336
9.02323
19.64207
21.39458
12.107918
21.932579
41.799633
16.940744
24.196722
13.130078
9.389665
13.689636
3.402454
16.941235
7.602
14.895777
22.02797
16.787626
9.384473
7.876861
11.873593
15.83398
7.662487
18.302895
27.050522
27.728521
3.5897856
33.63831
18.200891
23.016783
12.115896
10.381387
26.174526
8.512762
12.044367
21.108295
15.847671
49.54852
18.914078
6.867041
15.450522
9.593198
16.750546
19.383091
41.65346
9.0343075
16.64218
31.991693
4.3253617
12.352581
8.733941
17.350569
21.679234
10.838017
27.953547
36.816772
26.150503
8.923411
22.21295
11.5457535
8.867705
33.96614
29.29375
21.247826
24.911493
25.469927
20.374641
29.501045
18.641186
17.834526
27.528767
14.152074
19.178984
38.212475
7.211929
10.893824
27.061985
15.035805
29.084724
12.106531
13.6331215
11.896226
11.28356
8.578582
24.696732
20.280981
13.817247
20.09625
19.313797
12.173471
7.6431355
2.965941
16.75055
15.129699
22.037214
31.216225
24.178013
27.773113
43.308334
5.285784
12.843126
25.182888
16.498312
4.4933357
9.476875
18.005531
3.978488
23.362156
11.2402315
11.347909
23.03058
14.752839
17.851818
9.259213
7.172941
26.02997
23.50101
10.119199
18.182968
8.271333
15.56326
16.872437
19.373526
10.239145
9.38229
17.329407
7.945679
18.823542
38.189766
31.397459
14.094119
15.769291
5.990592
9.6049595
11.155989
6.49028
10.9236145
27.225866
17.52415
13.387649
27.316204
7.3394966
14.663104
12.180537
13.901279
34.979748
10.084528
24.628046
22.409874
25.635828
32.22135
58.347538
14.519205
15.581967
11.63854
12.036716
13.191366
20.603737
23.903877
27.368765
29.931824
13.244658
38.005
4.25237
9.638088
13.958613
8.926761
21.774551
9.955088
42.583237
9.492606
6.597492
16.184038
17.9337
12.323638
28.628025
12.214236
14.467382
16.501986
7.41656
44.215755
19.045456
11.767658
30.56711
11.54089
12.844898
3.6340055
7.293063
7.105162
33.036755
13.4954405
12.999415
16.248459
17.569899
51.860195
11.634583
18.165222
27.022799
9.944533
13.045476
15.336844
14.675796
7.6592174
11.317144
17.892975
21.27644
27.463327
27.415815
36.135975
25.37376
23.857658
13.482616
14.133724
7.857648
4.6308966
13.119372
24.487638
13.694118
16.505962
17.969944
24.12392
36.758152
29.927856
14.43403
42.28069
34.84496
13.614558
12.377447
16.275654
14.310102
27.442162
21.866283
15.32308
21.776054
7.518673
18.286362
21.178627
15.446942
19.652397
28.084637
24.639013
15.651783
17.952543
6.4143453
14.103193
11.914569
11.8123
13.366324
34.664417
28.274397
35.179256
35.29132
21.859743
3.5004492
21.31841
6.8699584
8.827337
14.0071945
15.727634
6.6378937
16.323175
10.219307
14.589825
9.659218
8.307909
20.127808
35.29795
14.964891
31.812904
28.17261
14.346509
32.58834
8.301718
36.75632
19.888664
8.408976
12.044304
6.7321944
11.8480835
11.685204
19.789457
12.189056
12.157917
16.747116
10.629704
15.378589
32.076073
21.958534
18.897371
22.306791
15.0073805
29.751858
38.76322
43.458107
14.801365
14.500352
15.028943
13.795785
21.065767
12.704955
28.15191
35.404495
28.561064
9.0064945
9.205844
16.01509
18.278624
19.549915
17.670723
12.082737
32.82131
46.899956
13.717008
19.842972
19.020493
16.70721
10.420527
19.029488
12.026251
6.7090473
23.235493
20.549988
44.369316
38.56163
44.994823
62.85501
34.53478
40.505257
31.53333
46.801792
21.093477
32.411102
17.578316
11.6694565
9.428628
31.199486
24.658419
15.267483
6.5195894
21.104036
12.553711
17.337788
34.739098
58.973785
16.519688
31.78315
9.152761
14.548959
6.69974
16.059414
10.91718
24.539606
9.813461
15.254211
27.544895
8.830651
7.766202
26.976955
25.571205
24.704304
28.084507
31.781633
27.476917
11.936672
25.41973
14.954516
1.8248144
6.5163393
24.381742
6.3275
11.707669
8.488048
12.955317
10.261966
7.9803734
18.733042
9.968337
6.879389
11.270278
25.254938
12.571538
25.819824
22.811522
9.50008
13.288125
13.232879
16.14124
4.9634495
10.313752
17.802338
17.52761
10.347324
15.446863
10.665537
11.10384
4.9252305
6.5688257
23.067163
15.242723
18.263552
6.35648
15.462421
9.720141
13.628195
4.978812
19.150229
6.991831
22.111206
9.251533
39.877514
26.079634
7.1214833
11.003219
6.663502
18.208256
16.870504
11.085741
16.346428
27.254173
14.35383
22.53893
34.688324
5.9579906
22.108644
8.595612
27.163002
15.024536
13.867252
16.519943
37.26393
30.265205
19.66406
33.185066
10.350207
18.084175
5.9363694
27.820688
10.7945
32.47704
17.360664
34.85529
40.948753
13.1004305
14.97926
12.943906
18.378576
19.979586
28.072613
72.910255
75.01014
21.984303
2.3044157
32.42757
33.28183
22.170527
44.04352
19.517847
24.980518
22.817595
17.588024
24.478582
24.798437
38.768505
80.013176
81.13865
58.398636
67.93533
69.855515
74.233894
71.979836
67.93869
65.999176
78.46522
123.367584
76.358475
32.52696
34.63401
30.193144
40.274643
23.735424
18.756233
14.1309595
20.433891
17.743765
27.737951
40.951916
36.021957
36.329914
29.932758
8.600397
25.734533
13.770996
12.081688
6.5744658
12.888492
17.620327
13.5421715
11.561891
18.655931
15.807638
18.75259
13.251614
20.830042
9.106677
22.159218
7.6772575
25.261885
31.320566
31.697853
23.998753
24.937027
23.031733
19.51957
17.87944
2.1818101
11.470318
13.481092
11.45513
14.605549
15.492571
18.51293
16.651106
29.812965
16.431425
21.705774
13.569571
23.815533
21.207592
23.61901
9.578471
15.46731
17.511337
18.766983
3.5080183
13.4116955
19.713972
12.321216
13.019229
11.556361
17.763134
14.375893
25.714258
30.846128
14.73982
5.5206976
18.402515
18.303968
27.2503
30.963894
29.266407
23.128508
15.39489
14.377987
28.50849
24.558613
16.936726
24.73484
9.399171
11.52304
12.417498
39.97377
22.918211
8.490115
13.60312
45.90051
45.822357
12.848608
25.296137
28.076872
17.845417
21.965439
17.536203
31.16294
21.810148
5.970494
19.756538
8.5350065
15.01274
11.319567
6.811122
18.311518
11.319518
17.57994
9.786761
15.945249
18.37446
18.292593
23.856892
68.6133
36.001488
15.221213
18.358416
20.93702
28.549166
24.124641
5.6764774
35.308025
25.126902
48.621094
20.173065
10.775596
19.165186
35.237583
30.898586
17.756058
15.200593
14.725229
27.875816
14.576918
24.899168
27.8723
12.0756645
19.001638
12.050258
27.8965
41.3893
15.3868265
16.682741
20.76976
9.439749
14.823803
2.8468857
6.6987348
14.347773
27.344404
12.969858
25.624916
14.37939
12.64603
17.294273
14.036865
12.370258
16.439373
26.314655
17.986675
27.381409
23.638517
11.337534
15.020788
32.378544
11.285108
14.086168
15.897175
14.012967
21.796074
14.6151285
39.016
9.637412
5.3815355
35.15364
19.36129
45.361496
8.727609
16.39502
4.25396
14.147543
13.460453
6.321815
22.425173
13.772699
27.525951
28.099846
26.011414
24.660793
7.7785473
12.372764
11.749038
50.46383
14.273762
12.4299
21.35661
13.445339
14.15717
14.734814
17.159086
11.172868
15.850172
13.234824
15.167594
12.879469
20.31629
10.026173
21.417866
20.487053
36.546658
3.7875745
13.227703
10.105956
15.067286
11.997987
12.314838
26.972258
19.596355
35.275684
48.13373
26.849964
8.00084
22.725279
8.829331
15.387335
16.449753
48.559925
15.574682
18.617226
13.126469
42.269535
16.666006
10.153644
18.271143
25.719467
14.028817
18.511127
4.1035347
20.927029
9.771494
17.46738
20.57836
24.885183
4.839581
12.741064
35.38531
21.910933
26.417988
19.89552
14.9873295
23.345453
5.891257
13.844006
28.115944
17.384283
8.771913
8.957293
51.9984
45.0161
12.814603
13.431204
23.706089
7.3133216
30.0691
16.239918
23.368525
20.057594
31.99829
13.791986
19.825058
9.708826
20.734018
30.888443
27.271032
14.424972
34.484055
48.574703
11.735649
20.596722
24.90302
13.7762785
13.892281
18.43202
19.89497
27.89855
13.661691
9.861795
14.32893
8.321112
47.973244
8.859942
16.282377
35.63051
11.695371
16.160246
12.279179
35.17416
14.4528475
7.3808827
8.666285
10.077676
24.274616
12.075944
21.362904
17.068993
16.514927
11.184932
12.551624
14.672342
21.208538
14.20404
16.88127
16.13787
15.722472
6.9552364
30.666298
19.082745
18.022814
6.1452203
2.2162428
25.759571
21.0836
8.876634
17.224564
13.199172
27.216476
37.774586
28.977781
19.036163
17.19211
20.20117
15.025104
25.025734
10.52124
20.462515
11.009507
27.186646
25.993809
20.330652
23.580454
19.171877
14.626442
16.190504
36.37994
13.467659
23.612175
7.5981054
16.04158
15.265675
11.945157
9.397505
8.977084
21.081821
30.751646
16.740534
9.255158
12.49618
9.187697
8.510778
32.42931
8.808327
26.323528
21.172352
13.953556
16.245667
21.49149
11.277745
17.349092
27.042963
53.10268
21.694221
10.582908
8.334476
6.704956
6.428718
12.519579
16.870594
10.796131
8.994501
18.41825
9.340812
15.935361
10.771688
30.105392
15.884699
12.928846
20.940407
39.466827
17.209627
7.633853
9.703892
9.807896
36.757286
17.12258
36.78891
54.67376
10.629331
11.456449
28.83754
7.4787593
18.530415
5.422254
12.508719
