487.7533
111.96768
122.43122
156.29411
105.99584
104.73943
60.298874
98.43443
65.81343
49.02542
122.12492
53.151695
64.93877
36.045284
163.16655
49.56121
82.236435
72.997345
97.35248
115.87555
130.6184
94.603195
93.833244
64.38141
59.89852
43.756226
96.261475
54.255165
55.673717
119.98343
54.695404
45.3064
62.80776
83.56643
43.708607
51.754063
84.96841
66.72938
55.756058
71.886696
81.46919
32.158264
22.186672
52.653793
47.282642
52.474907
65.55008
71.17986
52.46524
64.63903
77.85994
32.791286
73.18398
79.699844
67.94311
13.621166
114.21278
48.54679
51.707108
26.41056
32.67773
107.81299
80.370636
56.433594
116.95853
80.94126
106.70226
42.942886
51.24573
23.225506
41.581593
53.09255
51.78605
53.424805
77.285164
100.166595
33.943375
58.29605
35.284466
39.464085
29.869932
97.73855
92.35184
6.407401
64.57794
138.8448
29.842806
41.533325
33.9766
120.84168
6.361758
46.240112
68.04639
110.95113
75.61006
54.4194
3.3851688
51.09054
111.014755
60.25202
26.437319
42.733124
80.64439
72.81887
67.255745
41.48208
78.62462
56.70361
47.937042
79.93353
43.589233
43.393124
62.356373
79.856636
61.637466
61.415497
37.891632
117.33234
98.74791
57.531044
111.0843
89.02046
72.00639
77.37681
58.085674
50.79293
77.465546
72.64547
68.323845
100.30668
49.38224
41.908104
42.47458
77.119446
39.21612
90.05908
20.005455
63.288586
25.974934
95.38652
66.94058
105.860954
26.803917
33.00538
84.85738
97.907364
51.021225
180.6972
116.279655
101.2231
60.5046
51.135513
64.515686
35.53562
23.604298
52.807896
14.878129
56.773125
40.126495
111.69166
42.405712
54.861908
140.0442
41.5418
45.791798
56.14598
56.114403
58.7063
46.53129
22.429907
11.571375
57.21115
69.09978
71.6578
83.96386
50.232643
58.1127
39.069874
14.516213
130.076
47.41186
26.23666
40.36867
62.451927
59.924973
107.33066
29.62056
48.430363
72.376045
74.14987
109.45816
37.44569
120.167244
80.06806
64.58072
78.15852
37.12918
65.71494
62.18513
58.744843
78.69243
79.937584
41.467533
21.110413
47.127323
1.6869122
101.5209
104.44259
56.259453
56.877308
63.891094
113.4513
78.0263
82.48026
46.59711
102.55895
47.545273
105.12898
76.44171
85.502205
44.712433
94.842766
41.524727
84.66397
106.70793
105.78989
27.503086
29.053852
83.41857
13.325684
29.960102
96.93918
56.845272
123.488
40.54047
73.13538
88.398964
63.15786
76.867065
101.99321
92.98336
38.446957
61.86802
102.09343
58.388153
110.49027
96.13403
17.751074
8.172213
22.203821
41.415234
111.726425
88.0248
34.442673
41.394775
47.340385
59.19561
89.4851
104.510635
129.07744
92.6808
71.24899
44.01495
88.821625
18.593884
38.27446
70.32332
24.023901
31.213894
59.87901
62.15826
41.86215
79.95496
83.97328
39.524796
54.92857
39.139748
58.538544
47.148697
118.71583
92.94726
110.54988
43.125137
27.422596
11.58002
78.82443
78.658356
33.206738
70.63425
53.763012
59.528187
102.350105
35.196236
26.31643
158.48737
70.83362
28.72557
81.03302
107.32924
60.31198
61.584175
73.58145
142.55191
35.109512
83.39083
87.56093
44.579575
13.257779
34.603752
53.78463
53.45389
66.949905
39.49861
51.2907
53.26324
25.329124
70.948944
94.88086
103.06331
34.569435
49.452232
47.980392
61.415
91.313835
101.678185
85.19472
85.41654
81.93422
51.374977
65.56061
82.2471
74.55706
83.46753
83.79402
56.503506
34.427437
55.509903
52.45827
68.2185
58.83131
99.6525
20.924976
133.50508
92.58316
41.648926
34.137978
67.52652
107.06472
7.359478
55.307404
32.40237
62.276558
40.801178
49.17165
5.896225
47.531418
52.22259
18.543812
56.6917
36.543
103.40392
75.82752
74.28728
45.163406
53.538998
71.474525
106.23575
52.04679
50.735153
59.44418
71.300674
153.20647
106.760765
80.52428
105.81979
99.681015
81.78105
99.456116
140.52657
108.64397
54.90172
70.63579
26.402899
67.10083
12.721335
71.84629
158.4596
138.87897
112.78501
43.509796
92.9691
43.827217
29.481897
68.87997
80.903885
92.818565
53.1024
94.85338
36.09284
17.704073
35.386047
67.73885
97.90618
73.7399
38.94072
46.5018
78.216484
100.99143
161.22661
62.095726
74.42813
42.811676
64.88948
85.290115
55.93113
94.405365
90.94864
28.436752
81.71331
17.41099
15.088551
50.14819
69.39138
45.465546
99.13035
57.921825
82.30954
86.41342
61.81238
36.775227
95.900635
74.300186
55.793594
37.925514
32.14617
17.937685
140.9524
88.84003
103.525566
53.148785
49.54654
79.12722
44.398506
28.921062
19.031012
118.90722
87.013855
115.0046
50.28313
42.32806
45.20427
39.139805
26.19827
55.21429
58.347218
41.465267
50.68977
59.75901
82.115906
13.153921
115.384056
57.489296
72.97077
110.124756
100.93621
37.471622
35.732685
101.83337
126.48415
60.398415
161.47253
49.817505
26.999287
27.008163
64.745224
49.244644
71.31425
28.917498
64.00184
48.529697
85.08795
48.986217
39.310955
17.127766
114.48625
78.11882
62.53906
53.230312
53.1215
66.2856
134.88533
67.23975
70.676056
91.19126
31.646303
76.10983
59.927216
145.8905
147.36539
76.586845
62.733105
26.592552
51.112305
74.6614
26.235935
125.872406
43.930542
102.937294
55.729263
52.58934
120.04901
87.14742
31.057373
30.26698
74.25362
56.433712
21.422462
70.804955
59.676224
7.9610744
40.801056
66.5278
47.295666
60.07187
94.07673
38.276382
53.14752
33.5841
100.065605
38.58594
60.172043
42.21214
70.10061
35.507286
64.07338
48.883095
148.66228
13.645435
56.781788
96.31715
146.16183
104.05364
61.346413
56.1213
41.176834
67.25993
39.07554
47.2519
41.531578
42.784668
39.633915
93.48057
88.07217
97.8102
40.576817
56.273598
48.83726
42.944435
41.026085
93.69259
37.007126
23.293524
64.96976
75.18863
62.379482
30.24113
60.63899
79.24465
51.623768
78.45693
117.15713
73.37987
77.75034
137.42752
54.759697
98.99254
68.891266
46.07971
122.33691
94.64213
12.939667
21.727434
59.316353
11.497128
85.79732
101.203606
93.6628
85.989105
115.58935
60.34251
42.15138
63.412994
70.84889
45.933002
54.286697
36.558117
94.270096
51.00058
43.594193
106.96132
82.739815
64.76755
54.736572
55.51986
23.35609
41.640324
6.7374144
92.08669
91.71382
91.60117
32.493248
13.002693
61.3604
101.2947
32.034996
61.2286
61.710884
48.2554
44.210194
76.829475
22.67594
14.081537
42.14627
132.92134
64.12501
48.47658
51.096973
55.669544
60.527744
75.19288
53.83754
68.96165
77.176796
85.37332
30.886154
103.142715
56.300583
51.968716
37.05955
61.13512
76.54355
57.181973
76.560326
69.8232
53.87999
35.590485
51.758232
11.420448
14.843803
70.81687
54.24006
40.822
20.45442
57.175957
50.003296
75.99471
89.22171
68.79062
36.803825
35.597137
106.70004
68.548355
80.75337
20.816387
75.55182
48.983482
43.526104
139.50717
99.6408
77.27338
77.977844
46.979584
70.00418
13.540117
79.41151
41.773907
33.42044
55.51795
78.03497
61.507168
52.271767
43.30969
51.0143
44.879444
30.566998
29.900488
48.114555
74.15387
73.09198
70.12863
56.701275
79.95865
135.77852
119.249245
68.02614
59.40443
41.232265
83.47883
68.340546
73.09115
30.289436
14.010199
15.221872
61.79491
39.75011
91.73423
56.764957
66.01141
71.64619
36.58523
70.91541
19.975172
9.423682
80.10629
19.770365
77.99871
31.10006
48.898697
42.046566
86.13135
36.01329
30.547642
25.277773
87.86621
35.892563
63.798164
69.31171
123.09929
105.49244
46.45195
74.22884
109.10518
63.21309
44.457455
102.62042
68.281845
29.579378
65.39402
60.193436
40.485435
51.16575
69.748314
54.16267
77.921326
50.199093
86.268776
30.351774
52.496254
60.319252
83.146164
83.504036
109.49314
52.44278
27.62295
35.352734
56.81928
50.05268
107.46379
47.109493
49.393787
71.21385
28.140512
25.965906
57.298077
35.30819
46.790073
74.369934
54.190254
147.1745
72.315315
76.64463
95.64583
70.57816
103.96409
36.815983
47.473423
24.511816
45.675472
63.870243
54.99002
45.70491
92.52658
35.885265
43.18808
49.507156
40.590775
43.71007
82.66861
49.538788
102.570564
77.1094
54.573708
57.327812
43.371273
121.887474
60.497734
38.853184
40.52243
35.173733
61.680992
31.193039
87.01531
12.639324
29.343708
102.77542
60.71602
85.84159
145.58296
9.7416725
82.937126
20.747839
45.71477
10.39793
59.068077
40.713314
95.80837
22.673067
13.473392
72.29954
11.532437
34.13539
34.69412
120.99542
22.557104
58.54823
46.73031
76.8532
64.47718
55.4107
21.801453
130.39929
64.19369
107.990135
95.43268
71.76743
44.722366
105.85651
135.13295
114.557526
129.07016
111.467674
54.597916
175.13791
88.94379
173.99574
86.38204
172.57619
39.25122
58.57458
70.10088
105.459335
59.777477
91.41845
82.520996
108.59647
116.68088
9.312272
78.0868
77.368645
64.35568
179.73018
35.43949
168.61035
100.01375
69.17966
107.22284
135.3548
40.06526
175.66727
91.02619
17.782738
105.50941
48.992657
127.28376
33.353207
136.34764
87.13508
213.22243
91.04632
141.23306
65.02906
131.42189
205.63882
123.3129
67.51254
36.532818
111.93552
54.232964
83.722015
119.96503
94.810585
103.86642
42.38301
18.83712
142.07816
51.212223
67.8262
116.48125
90.446175
92.52267
22.01688
42.699085
96.56582
108.995514
93.10733
55.290287
24.518345
52.30826
105.56355
64.458115
75.586395
30.68335
5.433784
45.847458
163.58322
56.222206
33.425766
15.56223
76.09753
108.965
28.707508
65.67374
15.944566
59.768837
126.51734
82.3426
36.66178
156.44312
128.48595
156.09819
109.15281
87.667
121.5423
162.64262
73.19792
45.85699
35.82746
102.879845
118.06132
70.15301
122.14241
124.52016
42.675552
123.06267
62.569633
63.313934
7.7251825
49.03957
68.407234
160.14948
66.50672
65.13675
80.57306
7.0747423
128.35506
101.086784
80.263504
184.44589
42.120094
132.46465
171.11029
143.32716
98.56045
135.03629
97.28265
67.063934
85.17718
85.18557
133.90271
61.013416
86.34107
67.086174
158.33717
134.0088
107.731926
71.57474
104.88084
150.23352
46.360874
23.768093
34.97137
74.34646
89.53697
107.46369
99.77609
88.68021
194.81303
107.22706
171.44633
110.056755
61.773003
105.78267
54.997936
115.11545
103.750755
59.01362
72.34409
84.02037
160.20436
94.76483
96.951454
83.72001
143.46782
125.72011
132.01988
143.76294
83.41946
93.13888
177.57016
139.99998
102.63366
155.90271
166.62616
104.7734
85.155685
104.75516
124.53533
93.327805
62.82511
157.52127
81.483925
104.23212
110.30852
117.365234
124.24888
52.37584
66.59024
99.98917
95.59808
142.96524
35.405655
20.06054
51.161953
46.98159
29.708153
105.79019
161.89505
81.97151
43.56616
101.477425
63.33084
41.10404
62.53911
105.39984
22.96513
133.85576
147.83217
71.9753
81.63422
50.74566
62.96197
55.58373
57.67331
33.92753
94.76803
48.8933
109.30309
154.19621
67.72367
80.99512
46.94275
125.55748
52.88942
40.132023
105.063545
71.15585
78.83253
180.12613
147.67838
144.27486
97.667404
58.976383
53.985363
45.889442
101.09397
132.41652
119.60037
97.70092
85.230995
113.01119
82.97261
42.643517
113.67628
158.58768
158.09908
39.326084
139.25629
91.96485
86.157745
165.70828
137.958
44.159813
82.05287
173.97655
92.918015
160.74779
89.22037
99.159805
50.123066
85.44467
69.532555
89.99877
92.155334
225.86246
88.01122
88.08513
107.09238
94.53834
36.129505
36.095604
94.845924
15.91518
6.189403
67.220085
120.87294
109.38787
70.54462
120.73574
56.399883
53.606186
89.0259
78.72568
116.939415
10.25617
27.724628
105.12563
90.38518
132.65869
107.69551
60.97946
108.32879
54.86363
31.524126
84.98374
98.830475
7.672235
136.48248
113.04521
49.995846
91.7055
63.449306
122.85471
127.7709
110.4561
173.63518
143.6182
89.636894
74.7354
117.55615
67.230774
75.25856
70.81569
141.90309
180.24554
74.342995
72.52773
65.97911
113.490746
97.633255
163.15065
55.56076
79.738205
39.123028
66.224075
10.874225
115.893936
89.42945
62.53387
119.4437
86.17026
94.46545
40.981625
111.680885
65.50887
166.82964
104.98926
58.73938
59.16746
111.29699
125.87167
180.51828
83.99685
54.07263
132.00996
98.88086
174.28145
140.40208
9.638832
17.306784
91.80841
170.98723
82.35232
84.18045
93.355316
100.86279
58.602554
25.80991
60.501022
13.913578
49.85177
101.61645
31.417673
97.21302
115.40989
33.063778
93.33708
114.97547
160.5716
203.3024
155.50215
75.26909
154.87506
81.7803
95.543724
72.62589
52.280895
51.545975
38.586796
108.06943
62.443375
92.014206
93.32517
83.83401
75.47669
19.359512
92.62384
68.716644
92.59046
111.22867
66.12792
99.07707
24.020058
61.899296
94.19166
79.41764
48.340965
137.38307
77.798836
82.088234
95.165565
97.31881
73.21693
44.530537
16.617987
64.37571
122.47668
67.91984
94.014465
84.3428
61.125416
118.866325
101.43242
103.10625
15.709622
36.808495
126.528625
147.11157
51.27509
62.321808
18.995888
16.035748
40.57423
39.412636
233.52623
151.36354
44.128616
130.36664
59.622116
35.453384
27.91272
150.08208
175.31548
49.64514
85.29428
189.77191
126.52675
6.2399664
20.514692
42.164146
73.001945
107.75071
184.08875
71.86106
65.541336
85.77985
122.93249
22.91229
103.40176
109.73582
51.4845
32.90726
87.76025
55.939896
62.417778
101.43777
50.38118
89.90196
99.60272
121.55557
160.21019
95.888954
131.5546
90.85831
87.537735
122.298615
54.204514
56.41729
106.50474
75.42249
146.05441
47.835182
114.21136
88.69536
83.61548
43.073315
75.524864
113.99622
73.34527
74.22856
167.4259
60.086563
84.32582
14.3552065
73.65462
47.371864
90.66967
67.299835
20.334959
89.71874
175.79102
116.058655
126.96111
73.33567
109.877754
139.73499
100.95104
59.64111
114.858536
93.39715
15.632199
93.70828
93.130264
82.09465
140.26746
62.059036
100.94456
95.111786
111.63791
52.63538
80.3103
94.958595
40.73888
164.9705
103.02988
68.37818
108.25802
102.72196
32.50039
82.52772
141.16304
95.00946
17.500814
44.209824
132.85092
64.28996
233.57208
30.411793
106.61123
36.5298
66.501755
152.70363
135.6249
104.97255
102.70861
127.142815
117.346214
89.80991
129.61049
106.86371
54.62966
93.60964
87.58889
56.196198
35.58927
130.41835
154.6481
49.44933
48.322277
151.05751
29.71415
30.861168
58.299194
82.13317
93.32485
103.47947
152.86504
99.99711
87.66762
48.010914
108.56567
59.240875
75.08838
70.34342
71.080124
139.13177
63.73737
79.51753
175.61496
81.937164
68.04033
52.913895
44.620148
58.511665
61.32481
63.065475
37.97212
192.65486
144.5207
61.789658
165.5025
70.00463
124.3774
123.556564
63.955917
213.65776
61.004044
57.447033
91.2672
170.8604
76.83047
134.68472
76.473206
69.10467
59.87962
104.520065
56.450596
119.806915
81.00737
97.491875
66.823845
6.4712853
119.07
97.89531
75.52179
127.181076
165.5566
96.08543
107.69827
88.771774
121.484406
118.958405
93.27524
51.050766
73.41721
68.00561
108.507034
115.02882
100.21695
99.36648
87.230446
76.93768
65.462585
110.542366
126.92938
119.95538
127.944
102.493904
157.66006
67.264755
78.993225
107.47015
49.22402
26.26367
86.03819
49.849457
74.844284
41.414722
88.06044
148.6535
56.548275
90.03132
94.75459
97.76402
8.72337
9.022406
76.37057
99.18205
132.55223
103.66635
46.058575
66.06625
82.52019
152.2616
84.01423
106.703445
40.43182
2.499332
120.043526
25.704945
81.36865
69.42419
52.724686
146.92642
126.6149
31.477571
143.156
52.461273
58.167137
56.694992
61.025986
118.65624
80.64001
83.155075
117.51336
66.52546
131.24603
111.05185
23.697683
68.59151
75.57915
79.65617
123.52929
82.30825
89.348595
47.738514
111.029015
34.546303
17.559042
78.01092
102.60324
122.53337
86.75547
89.51503
130.67905
133.16583
85.8052
85.705635
30.249197
12.842823
89.31717
64.88873
16.946148
44.733555
46.488174
186.44687
167.94287
79.35038
181.73843
75.810455
16.560646
69.660065
81.92665
43.49749
64.28245
55.77957
30.110615
46.734512
63.799282
153.2691
46.682327
106.066025
89.617874
43.91131
152.21115
46.57855
82.40612
89.54446
153.44627
113.23457
124.81997
81.65762
70.87019
85.2839
194.68903
86.13699
62.830887
38.112392
56.96218
47.76842
58.074986
130.39766
163.49106
64.05349
12.208044
53.825768
55.609207
136.15553
55.38137
153.90575
169.22041
78.60561
93.95634
201.11177
51.62642
27.21441
26.000914
145.97722
62.661503
117.438995
148.03012
170.992
96.784706
52.820824
42.07398
19.821041
22.741627
54.855415
145.07898
86.73201
106.21797
53.44631
107.92679
84.89386
119.23299
66.12209
61.785126
87.478546
182.12582
18.780987
133.15604
72.768776
126.05682
88.67167
106.10249
67.8017
61.54481
105.64991
36.099083
32.848663
87.4706
63.42768
153.40239
126.03216
38.827587
40.892128
96.85045
105.42911
47.935726
28.979292
134.06168
140.19661
61.340466
107.00443
41.413204
148.01508
196.62212
148.21167
38.906395
130.46239
58.943527
94.25328
5.5024743
61.584774
84.25813
59.593273
113.36699
86.158516
98.8096
78.533394
134.20685
41.73291
45.44829
74.735466
138.2041
55.976074
65.2667
44.468903
56.272995
76.12399
105.96497
170.88301
45.18065
12.448723
60.711937
32.986748
76.90684
70.051735
40.347973
170.03084
155.56601
42.342167
45.54944
64.83762
76.69399
103.408875
105.069084
15.594064
94.830696
75.46771
36.841694
132.172
88.828415
9.692589
90.58696
15.5871
66.388176
137.56158
80.70694
55.326275
86.62147
63.077038
76.35014
86.50613
113.99208
58.443657
65.44968
111.35129
124.126175
187.25308
39.51532
69.67478
152.72798
102.77692
15.93651
8.863894
57.447704
87.7423
197.59349
31.679977
128.55806
102.18335
104.20648
112.466125
107.89084
43.095936
90.11106
141.02798
108.61788
155.77307
57.79967
47.250347
128.91719
183.36133
101.5414
50.802902
106.85236
14.073933
67.02351
58.05442
83.67794
132.58368
140.24203
67.080795
62.172626
86.28666
194.99335
90.96268
103.19478
39.930946
124.54958
91.22137
73.33066
102.52487
51.788765
165.7759
108.7917
70.572655
59.559204
82.97816
62.18595
104.19007
46.158165
63.086216
109.767555
140.67851
132.63719
133.32835
46.542515
110.67593
37.39532
111.48772
135.30861
112.01431
47.712944
108.83554
76.13488
207.85011
98.68052
41.66023
72.77712
87.423225
72.16239
199.53764
61.52234
77.094635
55.934834
107.72896
89.422165
106.385925
82.79835
73.054565
75.63167
106.00625
58.057987
68.90268
59.985264
113.06497
54.056717
91.41773
44.903717
85.60251
50.982788
143.44508
83.83132
111.80862
159.53873
92.544846
151.61964
37.558456
86.26095
125.65123
32.42935
68.49759
14.518493
59.262207
71.49241
41.53233
97.70071
92.801796
89.73574
71.97488
109.15883
216.29277
179.7293
74.057
147.29958
187.53291
35.944115
117.17792
93.016075
63.51224
68.51458
129.92555
142.99535
77.09776
115.02713
89.26284
25.162975
87.12228
31.125713
30.94164
143.10133
61.68169
109.55099
21.751442
92.467285
41.674416
66.39272
233.3854
126.89296
83.42004
80.93473
30.980562
77.86213
210.32233
69.70356
106.712326
54.91303
125.45537
29.055405
55.69346
85.301346
124.886345
111.77305
90.63044
132.7398
39.62549
62.177822
88.40548
61.22004
106.27701
101.5898
86.59274
77.71304
60.19338
83.87932
124.855705
50.45639
44.392914
99.93729
136.20428
74.19528
93.53918
51.29531
118.21511
33.342026
68.69811
87.183174
34.57865
15.255114
37.783096
83.095535
115.813385
85.76873
91.08461
49.280956
59.734257
73.46962
73.46753
73.75579
80.78897
87.07987
93.741325
100.06558
94.9212
112.79918
58.68075
123.70222
72.95236
105.78957
163.72841
58.639385
52.9229
36.76082
83.509
112.36702
135.0146
84.41525
113.33169
136.35583
93.32541
88.029465
134.66133
170.71011
102.79143
0.8221363
148.765
199.86926
125.47757
74.41777
17.52902
80.16989
53.897682
141.47778
47.915997
203.6474
39.75398
53.5379
104.66787
50.208378
131.81297
85.05098
71.2883
44.61563
10.852252
92.435486
126.3104
96.7145
100.74707
95.91936
141.24113
29.169048
68.46664
30.684582
127.77041
71.382675
57.42057
47.474903
61.48108
66.50584
85.41126
85.07782
21.622385
51.258316
52.882423
83.85281
79.82291
104.77113
127.70671
138.1148
131.32857
201.89284
123.9608
131.39384
66.98306
80.60576
51.325806
78.505394
147.06035
89.33589
118.01158
137.22842
82.85111
114.685135
138.28398
76.65373
85.75242
111.484665
161.99008
55.59068
20.170662
29.638556
108.93679
95.66678
160.79065
84.35794
116.6571
72.817566
34.406876
41.635223
42.562733
54.640934
66.35615
103.29108
76.118744
93.215675
118.50632
28.349121
82.98123
20.377783
130.5355
97.10414
125.46466
31.636946
35.888638
76.04904
126.388054
59.004704
89.57993
161.40703
188.90854
166.4963
126.65932
43.30662
13.797595
81.38113
65.69897
144.25151
85.83804
37.93143
102.83059
44.97561
28.807306
59.326767
39.985424
88.32803
68.213356
74.793686
129.03433
104.61763
151.5219
167.62344
45.453434
179.46408
196.23878
103.18394
154.05771
72.04616
141.05283
85.98096
193.34569
161.16815
89.8146
122.23856
139.47758
94.97485
119.35739
200.17314
211.73352
70.16692
63.77388
123.94713
50.356068
135.67944
62.246925
42.42189
55.750797
158.68945
113.802605
119.912766
33.358322
68.88098
12.575862
69.96924
88.43555
61.93862
84.446
143.55038
33.929474
208.0317
72.69087
144.10406
95.90498
90.58551
170.03413
85.57032
67.10055
96.45575
59.737305
98.53328
77.64902
218.32596
108.54995
210.67126
94.52186
135.99364
57.47228
93.345764
212.15309
95.39948
82.303246
111.34937
39.34821
112.890564
18.774553
27.642414
11.158945
85.274376
146.04662
166.78949
32.457657
61.559757
33.301792
130.8398
88.83794
142.86012
84.35198
82.09268
111.66672
168.22253
106.63549
87.15329
63.00037
167.86919
13.463197
49.08623
132.37808
60.718563
189.07661
200.44916
43.813644
111.3647
80.89867
92.07593
120.855446
132.39412
88.074
82.328125
93.75845
47.897457
106.62653
59.91648
76.45649
97.90818
70.136086
18.117823
88.31387
82.21873
42.944565
90.26802
66.16484
31.526484
35.878563
109.26953
106.506325
103.886604
87.68294
62.062634
111.86322
115.80582
111.85389
97.658905
93.16708
92.88483
102.80049
60.80179
107.957344
54.29975
26.81864
52.408077
110.31864
142.84401
97.53968
139.34637
92.579216
79.9116
123.55799
36.541527
16.100456
118.946526
64.57733
43.515152
110.2623
39.595432
62.303566
79.10691
130.702
134.43167
171.47281
87.5962
96.945145
193.4975
45.35667
56.75361
19.763344
76.27014
98.205055
21.802658
102.54942
126.04932
86.42216
66.11357
93.368805
9.411991
70.4294
21.379831
66.42379
18.20724
77.56601
33.281677
88.13443
100.28427
121.41419
83.705574
182.61525
87.04336
59.614635
100.14714
129.07307
152.95464
115.51333
112.426384
103.10617
96.15862
41.329212
106.07199
61.29365
128.22325
27.596272
52.630596
81.834694
45.151974
147.60269
106.45132
84.38148
6.00435
77.45287
93.96241
166.19803
73.94527
85.46328
45.276993
92.53283
93.97029
34.3171
52.498646
37.583755
61.850086
99.546524
13.880819
25.637835
45.24639
10.980322
109.94625
171.16685
105.0596
61.601547
89.97077
86.33691
79.81299
48.10924
43.671165
74.10151
72.08777
13.911909
40.43637
146.4234
32.7617
78.03277
87.3906
61.914394
105.42836
104.97446
88.83889
110.93028
46.34539
34.968063
65.01258
65.136345
110.16355
52.579823
60.55522
94.41162
64.55827
61.888634
85.15212
120.39262
76.711296
53.045265
57.70476
149.95528
74.06692
105.89366
100.396736
183.26059
15.559588
116.35697
98.26197
17.87291
107.96158
71.97634
51.316383
141.7336
105.240814
144.94498
64.07688
38.122284
51.46238
102.305084
122.51932
27.761755
131.84258
65.8939
100.35079
126.099846
36.03475
56.7801
93.17612
74.43077
67.12276
13.110621
127.13009
124.37737
135.66782
34.476284
117.689476
47.08943
102.748886
111.808464
85.049324
142.50688
103.53801
108.779724
81.82984
76.11216
146.14278
131.89273
76.85011
60.324654
40.948944
95.29379
85.66357
198.23862
88.05795
66.68802
61.268524
112.07082
56.352768
59.38873
112.82346
64.29593
49.426147
56.609337
105.301765
121.2156
158.71654
115.27524
45.3481
50.035923
137.3526
33.966305
66.36013
107.14143
13.06695
54.26346
96.5385
81.64234
79.1107
27.640696
108.91822
73.96192
105.7223
92.40695
63.328926
111.78
169.13492
105.90919
88.42375
160.82187
41.398422
64.46694
88.5376
47.24962
110.93283
143.31287
161.46361
134.82758
65.85479
106.90776
165.40576
121.672295
82.25993
135.78203
56.79564
26.053154
59.86418
68.885284
89.477516
33.39073
110.026024
91.71616
100.101746
134.14204
61.30484
79.196304
86.29001
20.783348
36.020927
155.12575
36.526955
139.42462
181.56671
101.09332
98.36667
165.10675
64.21586
80.633156
36.303005
57.690556
82.90074
58.480133
184.25473
23.434189
124.92874
20.85745
98.24319
81.4172
93.80794
75.49335
31.075878
80.44479
63.34773
97.686134
64.88085
69.1657
99.57672
50.12754
60.758575
87.60606
137.77217
88.649826
19.488388
163.26445
110.77011
31.672697
146.86482
68.58692
132.52338
148.37483
73.168495
49.268867
64.71878
73.412384
57.982754
125.24077
83.52034
85.18021
78.43508
140.44048
106.8601
63.065556
90.06476
85.43013
150.79793
60.209335
43.194305
57.589542
85.52211
165.03023
59.008446
61.33384
88.20678
87.33012
58.83406
76.43822
130.47208
110.25364
35.507835
104.12417
39.671585
37.713448
113.91294
206.19398
105.40643
9.086132
56.82472
117.23198
126.4983
141.44907
19.332636
81.8201
94.097664
152.22427
68.409584
75.79587
127.469246
74.1543
136.57535
54.138634
213.76729
80.56373
74.33164
106.07038
153.83313
70.493744
102.28157
93.73574
155.62184
77.59541
106.23239
89.652
68.76873
148.39102
99.87365
148.49771
66.81189
9.475943
16.902504
112.25665
89.856895
23.783192
56.452675
114.389015
77.62518
111.47939
109.83464
110.75375
152.86752
147.72826
65.915344
82.44643
88.85748
141.44481
85.9814
66.46276
33.125954
36.235435
25.417164
69.16993
56.4021
94.75034
105.59249
88.97204
53.21919
102.32416
63.517845
68.00653
130.82533
153.83362
101.71076
177.27267
14.151424
89.46107
88.381935
96.451126
128.06265
67.10027
110.1363
34.92295
57.3318
90.8909
67.11543
82.947464
157.87021
96.97303
112.17027
119.616936
98.30653
63.39687
103.27856
33.656742
162.56607
36.70162
64.97416
34.495365
151.40543
153.83687
82.85396
62.561874
83.295654
19.874208
72.08426
152.99405
114.68029
71.42063
67.92416
110.819305
94.20054
63.389877
66.03945
105.43667
110.60691
60.815464
118.70483
52.501743
73.609436
122.011086
87.74404
59.34124
61.30832
80.192154
122.06021
146.59485
88.61485
81.61562
127.76762
50.17875
199.85771
57.55565
108.07384
103.4908
90.024
19.930304
55.55707
48.682083
64.53739
33.877697
67.23194
39.705517
56.196148
102.20114
37.96122
69.347855
85.57265
78.99127
121.021965
70.84673
165.58209
105.90818
11.710516
90.31675
42.495327
157.65605
89.85415
76.97136
15.691211
69.47563
80.18423
53.874664
91.05768
60.901455
173.80574
232.08078
83.74931
194.34789
143.35107
82.75296
114.262405
65.191956
95.73543
73.34874
95.89138
124.82516
105.951904
106.25332
78.7908
39.447903
58.381744
112.40723
78.88237
51.667744
139.93117
55.805363
89.45788
143.71573
123.92826
57.62774
93.61133
227.16681
31.865253
152.56126
93.17592
173.39711
16.41136
100.704025
68.621925
121.667755
65.097855
191.91367
67.42753
87.81814
100.06171
36.0625
98.67115
102.664024
80.45906
56.285873
143.6278
106.284935
79.40479
94.825066
113.35467
158.42818
81.01255
112.5995
86.29417
31.276592
74.185
49.134716
62.055454
137.35231
133.75903
155.87616
57.706646
139.27078
103.40212
104.888016
103.3981
132.93365
113.802414
84.083115
131.53586
59.131508
91.94762
58.277924
34.64614
123.923004
82.82077
120.58345
82.78086
45.082607
53.331207
95.911896
124.4241
56.80511
104.531845
56.93236
76.64898
84.18467
45.023754
11.892871
84.43517
33.58172
73.5645
99.16612
128.38774
138.45197
53.101074
114.20176
6.199149
73.7146
57.571266
72.745964
79.814445
125.483444
123.93587
66.62716
76.52067
190.13608
56.98908
85.037796
28.816753
81.580734
51.794727
19.240004
66.11214
60.222675
10.613934
129.05273
155.15103
151.76276
97.38313
38.00023
79.9978
66.82787
26.765308
59.870987
48.27753
93.31947
57.2221
29.37566
61.699974
56.388206
169.0122
66.447556
38.24367
58.376156
78.292625
120.51492
146.0256
70.01647
72.772156
19.518974
77.56898
51.667625
36.455307
94.17774
62.143238
39.003426
79.66291
58.274384
136.46942
153.58647
111.26998
184.21281
39.353264
60.629185
99.96604
66.27537
102.24157
62.740433
62.855194
83.86192
155.37672
111.4419
120.19977
32.847153
84.28637
108.06915
123.76537
26.957563
60.57453
152.28172
121.860985
78.71476
118.57561
60.53948
66.31575
74.79996
91.61369
10.538697
178.01547
55.824966
54.712013
93.51119
69.44451
128.59393
171.89929
146.65721
108.2124
79.18414
72.90338
141.80104
54.82002
75.61486
53.067753
87.80127
47.288403
134.66208
100.78324
51.34685
79.21448
164.61406
73.97894
8.278775
50.695885
99.12775
62.74536
30.238663
37.78324
66.87301
38.472458
74.872826
99.09833
38.478294
186.3164
154.59944
84.28623
137.99814
68.23313
104.74689
151.02318
48.3715
123.128815
128.40282
124.62624
55.228573
33.378746
91.57959
13.589402
161.00877
89.00032
145.02454
117.613556
162.13419
128.49747
149.70686
106.7069
54.917206
113.60447
59.262768
114.964645
62.866543
144.40065
48.85196
25.269695
47.877342
74.264496
58.185776
32.222443
112.0782
90.4106
91.5729
77.54766
69.68783
147.92003
136.3543
35.77972
98.12136
118.26943
162.73582
160.38919
64.00088
114.39732
42.852314
145.2073
124.80993
150.87048
45.697197
200.87746
70.8756
69.36127
160.87346
84.38008
77.930725
107.40573
145.9989
55.28449
63.186073
179.18881
21.557495
43.195366
66.72253
124.66057
87.87602
185.81085
213.93854
110.27667
111.98067
94.66371
60.585396
139.00223
67.898285
62.86177
23.453005
68.50067
84.1377
48.73509
96.80856
120.628525
63.63007
112.143585
93.67885
75.95087
80.40962
48.004616
39.71094
37.95796
15.213406
59.648052
44.80642
96.5722
44.140602
46.53554
81.53009
38.125072
131.49928
176.36981
13.621587
131.0651
74.778046
9.263747
107.93013
11.432577
119.09231
100.87844
93.525505
127.73564
120.76691
100.64264
75.46288
100.259636
165.1965
125.39547
83.688225
139.95912
39.47119
150.79163
102.9449
38.95118
70.391174
189.01056
73.09336
103.51845
88.856346
102.10418
69.5657
63.977615
59.866135
45.75414
101.343895
47.15548
16.775244
50.261684
129.7275
116.224365
151.44368
93.17243
75.67911
137.63737
156.21722
51.034412
92.594925
53.98835
58.091183
58.506874
76.290115
89.692535
55.279175
90.91961
39.60841
97.13477
59.665
56.994907
82.792404
114.873184
119.7427
48.013058
79.54146
92.60166
99.56216
78.22996
113.92312
76.865295
56.27644
83.12444
131.0974
95.817184
79.979095
151.95026
65.43805
115.0984
57.583378
90.90103
55.84942
25.168753
38.597668
150.51459
102.22014
62.176273
113.289314
41.17529
85.32196
134.949
53.445175
81.94569
94.674164
64.78054
115.47947
118.46622
114.48827
43.569946
115.66936
95.18664
38.561596
48.808407
121.875175
109.985306
136.56157
64.532684
88.90292
154.4858
147.05328
145.1028
65.1359
11.947851
203.25815
194.44579
198.13956
108.929695
168.39972
18.95389
69.50554
40.64741
22.407198
58.07056
90.84343
114.6873
36.75589
128.40234
127.2718
18.342815
35.065678
88.66521
34.822937
137.56876
88.27852
62.844616
152.75708
70.44199
79.395966
139.31078
79.24075
126.900154
84.06598
115.90699
76.07515
100.51294
86.100945
14.41218
63.47529
67.68208
65.12067
67.92532
40.17828
213.1117
234.30672
123.83722
157.59691
79.639435
91.55173
127.23758
117.71119
74.2743
134.48639
90.0216
48.00842
86.10687
137.90536
76.19558
92.4603
57.896557
109.930595
167.14656
97.02866
81.318344
95.01527
24.229609
61.555504
46.405575
110.12078
37.48674
118.313965
63.383442
82.50325
6.4789443
98.345764
108.51708
125.811554
95.39279
111.53841
94.50869
131.6956
14.667893
66.87624
85.73914
108.937965
138.69931
84.88857
78.83544
132.42702
42.488876
97.91167
60.797306
66.35599
59.606518
200.1351
181.50647
84.71879
15.634957
37.455173
151.32079
95.445
169.8224
102.73978
117.213806
151.21274
103.744835
57.291183
81.3152
92.41036
122.23962
48.440487
80.68854
138.08293
127.99414
73.83914
126.24731
39.156734
184.1859
72.994835
113.00961
151.9235
102.21756
7.4243617
10.462364
88.33409
128.94083
118.65915
126.73161
113.716896
60.620396
38.482834
14.375786
74.01321
113.21046
153.61317
99.21207
118.58928
95.13732
89.10501
111.98632
79.05757
20.04171
82.601585
101.97793
122.761795
126.825836
90.710754
117.42864
119.36882
113.456276
68.59526
87.35576
164.46777
28.838747
54.047367
59.865894
92.11384
117.88854
134.05904
42.558285
141.81625
144.15135
86.313446
86.45373
118.21632
77.83389
147.75775
72.8978
23.284801
91.277405
51.056763
48.84117
65.41464
59.154964
151.47562
116.50637
135.84923
106.47796
142.49458
70.15528
83.422424
145.80507
110.83193
84.92631
34.572586
46.16084
147.60822
120.74039
152.52353
171.29364
69.54597
35.65121
104.33635
91.6838
11.875553
65.80888
37.60967
55.761497
78.905075
185.75848
139.75975
41.5926
83.80371
101.32161
81.654
114.92721
63.161545
98.94529
42.584507
35.314404
72.43797
46.368008
65.0929
89.92973
9.846609
192.26686
143.7374
32.559162
92.50827
156.00089
189.99512
115.6824
91.8056
102.38247
46.00703
201.61224
128.87596
111.38838
41.99656
72.003204
171.78664
129.93526
125.37373
192.30362
63.75194
61.977535
154.46803
43.43654
12.75607
106.03829
96.961876
107.21725
73.477554
104.35548
32.18901
51.918144
35.093765
161.36829
119.10025
51.46249
70.013695
91.07925
85.855804
187.20917
94.768845
125.08954
125.40552
83.16584
148.64682
45.263092
136.66924
69.655876
38.347584
172.9693
65.44041
71.84743
110.60505
160.27512
100.841354
100.85115
65.15467
107.98197
42.555466
76.51222
44.92487
85.163536
70.72539
33.626366
66.166214
96.13766
19.560272
25.391485
53.59907
38.46857
192.31404
68.37548
42.200916
85.864235
85.87978
48.448944
73.56311
46.753857
106.51771
44.786373
72.09017
169.59306
75.210594
107.75607
37.21355
152.63187
43.598457
165.96236
136.3698
88.42464
179.93939
150.45389
90.86535
86.10196
101.19583
85.89314
136.15346
67.348526
39.01707
151.25148
158.35088
120.32261
22.568735
121.989525
103.30514
179.19965
110.82374
67.26038
152.8011
158.50755
80.73461
50.164356
90.458046
60.93757
103.17004
97.72268
17.47998
58.593452
189.3058
152.9217
119.2454
15.848215
63.9617
39.479874
90.331604
15.937711
68.40358
139.59285
104.29124
161.39813
152.43944
84.39194
96.94419
92.846306
47.060284
208.00209
116.19992
34.34946
36.086105
144.13397
149.35483
47.633522
71.99351
223.92313
114.99983
64.25744
171.83705
124.96394
79.43711
57.10957
14.949878
82.59512
36.404774
163.11258
93.26943
78.51513
96.09319
92.161934
149.94397
80.9463
62.755978
94.212234
119.593575
74.93875
50.880672
120.676544
85.10606
174.17471
129.69093
101.035706
83.97512
134.25935
88.473
16.611435
78.67078
76.27789
108.31586
56.93243
152.68054
121.24439
140.5467
46.319916
100.395195
112.92783
142.03218
82.81586
63.48198
72.5357
128.21724
77.87781
59.240044
136.27768
66.321014
83.502396
82.25166
88.241486
67.29179
90.12532
182.00444
44.560894
79.91043
15.956503
98.50865
42.094234
119.616844
90.49386
101.6875
52.857018
105.60522
38.226574
149.56534
85.01661
246.77238
71.522736
195.62146
145.00435
93.181946
246.45213
70.20081
67.35719
36.36653
4.031955
105.348816
22.983736
96.96101
71.902664
55.5538
170.34917
116.46262
34.54561
69.00957
65.702446
32.4896
85.608665
81.335526
49.92275
22.118826
216.28409
137.73041
101.13849
128.32216
196.2542
103.958916
114.469025
7.595211
136.41185
51.71481
95.166405
58.22401
85.80381
59.926735
102.96245
146.2754
156.20102
62.637154
183.93504
61.86888
77.918724
125.64492
78.77658
116.87203
121.3109
139.13718
118.58437
221.75165
48.638905
109.383484
53.864956
80.26547
127.73678
93.21747
100.231766
109.72855
15.202601
89.87162
52.889473
131.0839
52.97963
117.33333
54.9522
73.476814
87.29904
5.5469623
9.586034
81.63859
96.01711
54.11517
122.506004
108.2746
88.27716
87.49686
69.54409
80.854706
143.7729
45.072735
197.77931
86.79081
136.52576
204.67108
12.577571
51.26023
32.827366
141.19138
245.28287
57.30292
44.427048
115.79789
145.18777
72.5882
31.483093
87.172295
32.455196
103.23486
88.40318
40.637882
72.91049
82.38257
44.060856
58.50364
126.5136
67.15101
113.15137
62.12794
41.035946
227.63129
81.736115
53.89979
44.159878
89.405075
182.54102
107.86764
109.85727
148.42747
141.03186
45.3057
82.056435
50.469357
113.15678
103.05189
39.97272
241.76277
82.46373
113.89329
104.307816
44.475918
85.895546
54.769432
56.46063
94.64725
165.30385
92.45237
51.59096
140.49638
111.99457
196.4791
165.68547
155.08057
113.05752
107.5032
144.67764
71.62478
136.289
56.858604
27.593721
31.96022
96.46752
71.93714
157.24483
83.90669
138.84927
125.92584
87.37587
90.95347
145.46996
71.40045
110.31069
116.07132
135.16826
169.92531
134.7333
16.134314
59.420177
17.758938
95.42488
123.821014
83.19471
122.10812
236.2932
263.8382
81.188
143.44502
127.25719
108.4398
124.388
63.068993
56.233868
77.106964
73.61757
91.83475
94.26771
54.00465
108.171814
161.56018
55.45302
43.16729
88.19249
103.28093
70.09959
32.980034
84.417
136.62006
83.34512
157.08641
85.30761
122.7171
13.842221
42.99615
35.9318
42.834106
130.4749
173.00644
97.1033
88.550674
63.8841
67.97411
108.37343
36.577484
55.092636
66.84142
169.33916
16.730103
57.34631
97.04807
37.13901
145.3835
72.33783
150.49336
78.46659
132.8144
68.07798
61.26435
174.06961
60.933598
101.69527
74.4914
89.02515
73.37536
92.3696
60.55686
137.04721
7.820212
69.22211
98.619095
77.61317
136.97221
127.71731
106.71935
59.728966
139.89423
53.68237
164.82149
56.013805
34.8258
162.65588
64.641426
99.41721
104.250305
83.69049
124.60928
70.64919
63.150547
63.337082
68.47916
124.27435
125.61472
112.56518
88.32895
31.267738
115.39462
241.28928
109.15818
102.06753
123.92842
80.34125
138.48738
114.08478
102.95654
201.99588
136.08275
26.12555
42.036842
50.038433
75.2906
7.7749434
60.252323
56.49586
90.9772
169.86511
75.46147
82.713356
124.098656
39.322945
95.405754
108.97558
76.0319
154.10057
26.46303
13.461676
52.2744
66.78732
90.37429
127.59575
66.145874
32.91104
87.65955
156.93558
166.87149
40.835342
94.01576
91.54667
16.107168
132.92807
129.91142
94.450615
85.201385
103.84331
47.55807
46.029198
136.93369
80.62046
116.83326
48.173325
117.43357
66.30235
91.56758
102.63166
14.497525
113.14582
116.33181
181.7534
98.36789
86.76089
60.71248
40.466713
16.704622
60.76618
59.3485
111.97025
108.83558
161.93405
92.35996
149.2287
63.01146
80.70083
126.20976
174.26869
72.04196
142.19374
84.00335
105.03101
49.13116
99.57042
61.4666
130.84134
111.19351
86.02494
114.517044
77.96809
157.82166
75.88924
71.97903
147.10472
198.71896
89.54125
191.64867
108.80722
170.76137
9.974536
85.166435
40.08373
99.22561
55.05814
31.713982
57.312454
14.350146
134.39165
109.80178
61.460064
151.9702
110.12384
97.378815
86.238464
132.71078
66.31966
127.25777
118.08795
95.85385
117.02664
89.8717
136.95486
144.93694
41.519444
194.64775
143.60846
115.26957
102.35878
75.30848
102.804405
64.000336
72.835075
115.74701
45.004234
122.41581
52.48497
100.09452
52.044838
107.55918
70.22211
74.75913
72.02427
75.68813
45.99
59.1036
113.518906
49.23545
44.3482
158.6695
105.38253
93.7018
115.52388
108.34361
140.73062
141.28842
61.854733
131.2254
45.740463
41.22607
142.97818
135.89284
129.25294
57.123993
38.942616
6.3670416
72.17736
127.801834
160.70183
43.956997
82.025215
120.010956
79.51189
142.38219
116.09857
108.80866
113.5884
55.573643
133.88455
91.28453
79.57984
82.042145
117.76079
141.66415
77.027756
105.72973
73.36264
79.85123
95.750565
83.32581
152.38968
95.55981
28.767662
97.07288
92.175125
104.94821
67.32074
10.502148
56.98495
152.80017
80.030556
85.872406
183.17046
88.05735
55.997627
12.127918
158.89458
160.17317
72.78081
98.92044
165.47896
117.36099
123.32638
150.59787
75.492226
89.78848
19.774439
70.1069
68.08666
38.28581
93.10525
109.2672
127.04004
54.614952
37.534325
54.707382
33.885075
51.658066
191.07295
143.131
31.727793
125.92257
185.07869
67.45231
164.61493
34.09937
137.77908
87.24818
54.337757
139.85933
15.970821
73.235306
78.26877
113.42119
79.57998
28.919136
129.22864
44.711216
73.49613
38.459972
106.75772
21.145418
22.348555
100.504395
146.8748
58.21477
71.2577
32.710938
54.808292
98.11125
102.04139
35.515556
42.443687
62.420887
62.257713
66.980736
66.80791
79.73264
21.960417
39.32026
117.62086
86.61421
129.02048
61.592594
13.989863
55.371902
142.8288
167.87157
105.80129
135.64034
104.25471
65.083725
107.25446
73.550316
128.47562
61.952778
91.55967
47.79437
71.56795
228.88246
98.00859
52.28331
146.27045
40.347977
61.96366
141.01382
36.08144
14.375306
154.63159
38.377735
23.08954
87.87371
67.26656
90.49328
118.187805
99.38672
55.629696
161.17007
21.079636
86.92181
67.03572
84.294235
81.9106
105.662
99.60733
101.89009
94.70075
123.398895
152.7638
76.89939
108.51628
75.490456
99.85185
75.93487
68.90077
89.38875
78.424355
180.6425
98.17783
128.27248
71.51
106.504456
168.54742
50.489975
117.764465
103.96384
105.7114
36.479603
31.877745
13.44595
212.31042
160.8674
65.799446
92.02195
64.61933
106.83865
239.22014
189.77704
161.4569
154.06401
113.92619
48.985504
97.26795
7.214472
128.24928
147.05295
141.96744
61.543312
131.39484
92.322395
68.78767
101.159256
21.46179
50.375835
87.33925
78.02987
145.66344
197.9951
54.24897
34.253235
39.420834
193.0592
74.32141
81.75773
40.780483
65.99196
118.022255
86.92827
9.5191
124.27288
148.7578
103.34594
26.292332
26.55408
57.736507
109.25749
64.61664
136.03595
90.33705
118.77347
104.43681
43.874004
63.58369
79.771
179.36467
152.4881
106.29227
67.57919
63.75122
108.44876
201.14551
80.89475
73.84195
19.351082
157.06578
107.24924
117.65101
78.34378
92.63365
93.23301
101.1155
141.52258
133.08253
107.56948
85.421524
97.24333
141.43173
76.7707
124.02236
34.612457
84.70294
87.23002
88.790565
83.21933
96.60131
66.52107
48.548653
127.741066
100.76671
136.51973
113.906364
45.38936
93.13335
5.745242
85.20545
188.0152
148.97887
91.0822
91.739746
48.298756
170.0281
148.65536
101.30171
76.13375
73.45728
141.32399
46.737446
93.03857
234.12283
53.138084
75.69751
69.655235
96.10156
87.40032
60.939022
69.54925
61.81053
161.81935
156.08003
72.39998
139.05429
227.75252
108.659424
95.57211
84.13728
61.60557
62.373085
60.04925
40.037613
46.802765
76.70771
39.58438
45.630165
36.17453
85.39091
119.26809
112.83765
90.3194
119.42509
111.72743
45.179333
38.27241
165.937
125.63512
109.47512
94.43817
64.24963
65.76046
91.21896
77.88938
112.89904
138.22755
103.1732
64.46515
94.92697
51.514507
105.211464
86.581894
97.79809
122.188675
43.479504
95.39861
56.34407
37.732384
100.019325
117.908066
55.242996
101.746346
143.55135
131.94745
148.70403
76.94477
34.385086
57.769703
124.6618
124.073456
17.602306
73.6004
62.710033
65.489006
71.01966
104.162865
72.71902
114.90823
65.30813
141.32999
74.237885
93.31612
121.02498
27.868628
65.58959
139.2813
110.23246
33.61357
90.009125
87.004105
74.54975
87.070274
90.22401
101.02894
87.66205
67.362854
69.36569
106.26455
104.31931
52.955128
93.82761
100.50222
150.49222
169.73122
24.948128
195.88033
60.349873
86.238525
62.62227
243.59735
35.041515
87.10797
85.39536
35.91355
37.409916
105.5452
55.125458
73.48633
84.58033
113.1704
69.05906
69.602295
45.28539
94.561516
117.15514
66.43378
130.00157
140.94328
41.314224
124.15556
110.836815
60.819664
13.084903
29.625732
142.4488
181.62157
163.39261
92.16137
87.830505
120.54003
103.97763
29.582731
163.18611
70.47354
83.081696
137.5574
187.45096
89.373985
72.0499
129.84787
35.194107
141.00764
102.61563
171.97003
116.940285
78.074524
84.93784
131.76152
158.43164
90.19214
102.10549
66.10628
72.64592
122.631584
94.814835
125.84152
142.02356
29.888088
121.918434
91.39746
149.93951
33.302505
149.17764
89.08516
100.12904
85.84324
113.03968
81.3414
100.16107
57.552223
16.189648
48.40676
88.469284
41.61519
59.034225
74.3909
80.61377
24.189709
62.514706
59.078686
61.273205
125.67983
95.08639
152.34338
87.94334
52.021725
183.58678
152.173
139.06668
38.39001
88.76008
6.9103184
120.68231
167.72908
48.066593
65.713806
95.772804
141.57242
45.94365
90.46147
196.82013
133.21692
102.592674
46.12135
131.86725
92.682816
163.22327
184.43584
147.67287
155.93185
184.89915
197.72742
98.19818
115.12723
51.814404
73.32862
90.031075
108.50268
103.34389
113.754906
116.584724
135.22495
86.01119
59.356983
92.677025
101.2146
141.035
134.9101
162.73431
33.048836
56.4537
98.07261
158.53029
142.17809
108.379326
132.76613
114.11715
86.2523
94.6501
119.21245
182.16586
56.30003
161.0417
166.26453
94.81103
109.68501
59.171043
173.27415
38.863724
156.25552
51.404873
66.38583
124.76631
104.417656
73.41903
55.244316
153.90086
63.99445
60.366478
34.61429
52.805805
89.80023
45.50201
37.12064
55.32495
36.421097
44.35833
113.389496
106.15997
95.889854
122.79404
88.555176
98.36713
167.35262
171.61008
121.93144
139.83975
105.06135
34.75177
116.94218
161.91426
17.828588
107.068954
131.9007
112.61279
11.531203
43.12897
38.239437
110.65746
62.060192
104.239876
61.80362
133.32256
114.85292
94.33516
172.07703
35.788857
122.58601
67.82074
56.919125
107.13831
152.35378
73.370155
120.838936
43.333256
54.57715
111.79958
86.793274
84.097755
147.66522
147.93448
317.13165
86.67935
93.06543
104.72586
56.086777
155.81601
116.257614
105.413925
151.30934
87.3183
57.10699
64.54437
111.07537
51.39817
65.88399
56.857277
193.89088
79.08809
67.81414
103.39478
34.51511
74.14645
109.93721
78.39484
78.34183
8.326275
68.62816
100.68254
125.536156
65.91561
80.70474
64.16998
151.27408
126.82911
111.683975
110.028984
63.270405
61.046112
146.57079
18.495626
114.39164
109.25714
112.62007
175.18048
15.76964
123.24247
99.38581
82.214066
12.358198
164.29366
162.66763
188.77576
111.99992
186.47441
93.05993
69.284645
63.90178
104.32132
58.872643
86.39693
121.58141
87.48787
95.40503
113.97064
96.186745
65.428375
83.821686
75.69084
72.82234
49.67367
116.90978
98.42225
93.915016
159.03471
115.79094
155.41127
84.66796
158.53062
110.58748
80.11405
119.444336
78.81441
64.91128
113.63142
175.45802
93.3921
37.896053
60.861996
103.537315
33.02241
12.043379
96.66347
72.18079
160.52602
139.24182
136.56749
112.6234
143.28365
57.349613
134.1116
84.55871
108.92687
90.606026
107.93044
113.167755
124.312355
85.8129
65.564415
68.232086
77.63729
136.59753
45.56089
159.40149
108.94502
121.19454
205.64641
50.442825
186.3752
145.62982
45.104637
128.98872
132.24995
105.69349
56.033234
189.38135
90.75974
113.84822
44.800526
29.420534
75.24683
96.48762
98.326866
35.72158
77.52884
85.62183
97.3365
76.43616
181.88353
67.82939
96.16932
28.139807
14.745322
93.78188
68.47536
71.77941
84.661835
98.87894
116.31838
141.21977
65.1994
123.864784
16.29366
45.67995
152.1036
167.19707
128.39978
128.21974
148.04639
39.41605
166.65332
141.16132
118.402565
56.093052
57.835155
175.10657
61.124073
145.46559
95.58095
150.48338
66.57996
85.74455
149.89543
114.07767
30.744675
166.47372
102.590675
105.88776
102.92791
84.7235
47.970837
169.97523
79.28986
113.50908
69.10152
45.71903
98.82332
81.39285
103.28209
114.03747
83.91996
127.50748
65.51223
62.355057
61.013268
64.98273
133.43323
39.732594
100.28673
136.02199
110.60328
96.297516
155.07727
55.61904
101.85642
117.145164
100.98745
78.30704
40.263004
102.51852
81.04884
245.5473
115.82446
62.68534
106.23057
69.510155
134.12425
97.01977
78.900314
93.114334
82.58723
89.52232
115.94974
103.454384
79.09102
54.321064
13.937356
43.22831
54.8593
139.43349
77.48445
177.8907
129.48207
113.78047
148.64731
87.37389
139.52168
259.51102
100.849655
115.68949
8.977295
82.630745
59.542534
85.79929
51.51385
104.68994
114.09748
93.512794
124.79607
84.99198
132.64249
73.202
118.34919
172.51408
61.449596
56.990845
90.19228
95.22661
47.791367
114.62039
87.77812
124.32402
70.36543
66.46067
125.49172
108.80255
97.630196
234.82939
157.67043
109.622986
122.8471
42.551167
153.78276
73.55107
139.21101
124.18577
119.27728
63.527447
136.35179
80.34232
157.77556
206.22182
52.026535
44.00605
4.068392
141.80956
66.080826
129.72462
101.33959
64.91875
94.206436
71.62267
22.12423
87.58468
82.83503
60.803234
89.747765
65.412476
121.36279
95.31864
57.123253
76.37881
166.051
155.6389
65.15961
117.0052
42.78954
83.46132
111.29695
116.54289
66.173386
63.058994
143.38104
65.8024
42.80026
40.91431
112.42162
102.2461
73.20493
48.357765
97.479485
54.882412
111.69485
54.59321
90.641525
151.83627
97.38612
58.99644
111.23227
73.8637
38.954594
11.756357
99.12806
110.50189
65.61927
33.922688
86.931
71.64474
103.946266
170.83665
85.20001
99.02173
196.29971
111.406456
85.659836
67.47938
122.45885
55.98089
82.85183
140.07779
59.41085
154.1367
61.206375
120.05567
92.451546
111.87084
96.598656
56.957043
80.53709
59.00002
75.518814
93.61249
86.5763
77.965775
113.320244
110.92743
58.503838
71.94334
99.86148
87.43885
74.27619
145.45245
54.892574
88.95567
134.35197
15.536534
49.074417
127.366806
60.632153
122.6861
129.25433
139.53256
299.71732
67.64046
31.179976
101.86432
107.550964
97.94224
119.8684
15.639845
63.697216
61.60437
28.669096
50.889584
90.23693
98.2988
92.63236
55.21231
155.53123
9.056632
92.2773
60.984795
60.58376
88.04941
177.3324
36.32991
60.88677
106.818596
112.98367
228.16743
98.922844
63.552887
150.49272
10.960503
80.770874
82.59958
35.830414
107.06882
139.88069
75.44641
113.01267
79.92137
102.22551
82.254364
91.155
88.70929
46.636227
156.91304
134.17879
96.45983
162.59341
88.58373
70.3655
92.01881
73.884056
224.50818
77.79301
47.452713
62.005863
78.430695
88.004524
103.517715
41.03518
73.50756
208.0051
113.79862
114.37469
26.799416
175.49867
198.81764
99.84563
135.12442
33.116318
19.738903
52.27914
45.951626
135.00189
55.239166
129.9188
84.14572
95.02329
64.042015
41.131783
94.473625
160.09003
13.476401
75.879326
66.43842
93.77468
49.502342
80.16564
77.76379
68.90336
57.925724
94.48233
120.11026
184.97678
47.142437
77.477036
136.97707
46.63447
31.022835
95.27495
56.110855
104.00632
38.606983
134.733
111.770905
93.58531
96.139465
26.513987
114.485634
78.49289
110.98131
126.19824
14.567477
137.36272
47.524246
21.04365
74.175125
236.77155
41.7726
84.78166
157.94656
30.946987
132.1667
43.408215
96.32238
43.36314
177.2597
74.23068
68.597275
70.02487
109.616035
119.67906
90.38449
61.051624
103.14191
95.80503
32.504333
39.474743
130.29208
76.97554
81.43296
54.271236
174.66972
216.08266
150.19037
155.19466
182.6444
156.62868
126.33141
64.52153
13.046513
57.856773
128.60297
122.58228
144.61537
92.23204
61.3069
32.168354
74.733246
30.37267
70.14176
62.843372
62.24927
110.18925
159.90474
47.228878
115.34477
11.376789
86.88
147.00842
218.12596
97.825836
99.11935
14.520605
111.3036
160.42006
85.40912
91.825836
67.0053
66.59225
43.364098
102.21083
109.11889
169.1375
105.4204
59.289692
109.19708
56.465294
41.420483
131.01305
114.23586
11.29142
58.22269
84.21156
134.80289
139.14113
129.47522
79.46714
197.69125
60.458134
126.21231
129.6563
119.30613
67.502426
49.411156
8.628749
70.54772
81.88463
210.18884
57.071632
98.24312
97.17565
100.23726
88.998535
45.448795
104.89844
54.600044
85.41183
69.72124
70.62225
107.585846
117.50468
68.64182
177.22545
51.990685
74.88457
134.63405
104.80898
45.07659
116.93222
140.16864
88.80294
145.17726
94.85745
55.040977
86.52107
53.698605
88.80588
15.933816
35.842663
98.117455
85.76179
110.21941
62.226917
66.192696
67.07956
210.61691
196.718
123.83631
98.93531
114.02574
167.12526
145.37505
175.96165
93.084015
116.10103
41.39855
118.24096
49.57528
99.96999
55.561886
39.47594
150.76959
71.062805
89.20814
76.11729
107.41386
131.4176
47.620495
91.01363
160.6247
26.068077
67.14665
39.88868
94.09668
155.62126
72.24225
47.590897
96.23504
114.869415
98.00341
162.49576
60.193348
53.826366
13.601657
90.67271
75.51706
42.523468
152.84029
18.569899
43.009842
117.401955
177.7799
89.36371
69.5962
56.040604
103.537285
65.970436
59.11352
49.854584
123.42184
99.92627
89.09831
116.44284
118.41884
35.276615
59.507256
67.25852
65.78956
132.95143
159.62389
111.10656
170.84332
142.36763
82.17135
43.947323
33.24913
153.59052
109.95899
93.62172
67.19828
79.00906
105.65137
40.83361
85.172874
14.464972
6.1671867
110.85222
47.550724
91.72413
133.7587
125.41242
109.515656
32.84083
64.083916
59.90442
120.219894
63.93319
85.71014
54.426163
32.331966
73.21552
92.48901
35.630264
99.64649
141.65414
196.6404
74.52517
107.218124
146.08054
47.315357
55.68101
88.9201
93.21782
110.8642
181.31998
94.15248
68.86725
69.47558
89.34198
36.629677
37.704895
104.141914
108.36346
47.16528
182.68144
128.35907
145.58206
92.97704
113.06431
140.30994
67.63389
105.74232
96.05196
148.88649
100.442444
184.40494
60.132984
136.43465
122.19049
24.35998
34.08574
104.372185
110.62354
89.22999
97.84013
104.093895
223.89203
40.942005
53.8397
75.92383
137.04681
101.037796
151.36623
150.38548
16.54216
71.9991
103.90985
134.4313
144.51212
124.25168
110.748116
160.48683
57.04097
63.471756
79.48331
157.78667
127.69045
97.396095
78.9908
33.168587
190.24721
145.77544
65.20991
141.75923
132.1267
55.06188
145.06793
57.37959
91.51848
73.06705
36.58369
71.98273
101.26044
47.73575
98.1319
101.943146
189.58159
84.47003
111.60712
11.305446
81.01779
75.04795
155.11943
116.38903
156.84119
72.778625
161.98778
32.085144
84.49473
107.99874
112.36775
30.278242
31.56725
58.00139
92.75468
45.991653
102.45932
16.751675
84.930046
135.7633
136.18706
87.032684
89.80841
69.9716
68.458015
115.69815
83.56223
128.89175
81.98584
168.33041
71.23779
112.7905
44.882774
53.36449
89.10589
218.87457
83.71143
173.03125
9.466828
59.528233
47.329975
11.947986
48.142666
72.68641
123.015564
20.975924
35.595467
87.233055
19.393227
32.673
48.08228
54.531338
49.695175
114.57013
52.936245
131.06792
17.22544
154.747
63.27218
116.71325
100.79404
198.46817
202.87865
133.39737
31.092243
49.946964
86.94229
132.52979
112.51447
120.368805
81.335106
109.13699
62.432484
144.28053
171.61209
146.9497
56.940033
86.58975
48.249557
117.93067
26.707888
98.86223
71.73693
98.546364
81.12665
101.25144
33.205208
78.29069
60.07786
96.69213
108.31169
80.54477
64.72365
203.88757
56.357006
23.29292
65.330124
60.992794
135.6456
149.95961
88.42711
102.248184
65.4667
106.30825
105.0529
252.03801
67.76892
120.14205
63.33918
89.0429
106.625656
79.862785
197.86601
257.40875
130.34013
118.45135
237.11678
137.1431
193.29617
69.49556
124.677
43.696423
136.90887
90.95491
106.03328
112.07959
148.0411
68.23137
88.47953
81.836075
28.08618
93.77172
149.47948
37.780464
4.2731037
42.46573
94.197685
55.44105
39.31386
97.366554
34.81667
147.38942
41.2925
134.62752
163.08714
33.730328
73.34275
82.926315
158.93152
104.12714
55.02253
70.57917
197.69847
66.24732
148.95392
161.16672
120.62944
191.15019
65.39977
80.15612
137.46347
79.81036
84.64355
109.80442
108.555046
109.05876
142.64304
149.38419
178.03644
163.57564
65.22816
112.39686
83.75756
86.4565
78.36247
55.64956
34.899204
71.97949
68.91129
147.28207
144.79922
25.330713
76.84347
67.05067
88.507744
40.964405
59.54237
65.48193
83.20246
13.140443
164.443
47.828644
43.548058
25.24476
96.74982
98.832344
114.0755
80.427155
71.37492
67.58065
12.422171
38.62739
165.15425
93.2793
137.15555
105.11534
133.29433
74.92768
134.34563
96.505104
67.36837
125.02195
91.20781
66.27516
83.406624
219.0501
104.03913
71.517075
85.543205
45.121944
44.079
72.08657
105.713524
62.88714
144.97633
106.86628
96.11803
66.03289
75.74509
101.86995
113.77906
89.73961
132.9289
95.6393
157.20424
127.06172
137.97363
57.362587
87.90619
113.200485
42.08114
52.62617
118.28804
74.290146
52.923237
113.007324
82.2457
97.55841
117.390625
106.13417
90.33915
82.30993
93.617615
53.09858
58.142223
12.160265
57.283207
145.87096
86.940895
60.25574
21.817276
19.471266
33.42123
60.21321
119.777336
35.393383
171.73431
62.399796
247.84366
105.34161
124.53187
320.55728
55.798096
75.864655
59.687477
51.89402
84.44424
78.50927
121.42587
116.27042
121.243515
91.112274
5.061376
158.7568
121.93031
42.287033
140.74571
54.06853
121.6659
105.53455
109.93587
76.69008
160.65044
140.80153
154.52882
172.32121
95.671135
93.39531
98.66284
104.84918
150.11766
102.81582
149.64633
73.10777
175.89111
113.969864
211.03392
36.662407
101.72836
93.80692
99.43111
174.19006
64.76698
67.49608
65.70814
63.24811
149.06474
94.79563
26.830923
139.4086
66.63783
197.19615
193.84055
66.94853
66.83192
18.850876
29.259026
104.08922
138.8121
116.662186
112.02219
65.25711
81.538445
104.127235
74.51793
80.1552
93.19623
103.68629
38.329243
36.69243
36.38951
34.462757
108.52784
47.67512
46.121124
140.51065
101.487274
94.03816
83.67529
114.00953
62.649445
156.98605
43.00814
58.051613
65.87236
122.84502
151.18849
48.997326
103.914
147.89015
117.72524
164.38972
60.27192
22.482206
80.05159
137.98833
161.00818
175.89107
121.73489
66.6039
33.48404
103.11219
38.633865
35.22603
48.22546
78.320145
93.71582
64.3958
100.70372
68.83946
79.566376
93.94761
39.78744
180.90727
14.020816
158.24591
99.3222
141.2286
109.972855
98.44968
91.39273
68.84032
65.60263
67.30344
116.56705
29.500235
102.80564
58.497047
37.64805
4.8538146
124.32116
101.668945
98.53348
13.606265
167.45912
68.51563
140.93744
116.5233
77.295685
20.461031
42.847412
136.5721
35.596767
119.11554
167.21207
156.5291
145.34645
126.31052
87.21247
103.0228
71.1843
32.02952
114.29626
37.66448
119.726585
111.5168
61.347694
175.47432
146.0794
109.79629
121.59577
91.44658
81.23384
131.56339
149.55927
174.98914
56.40015
34.684036
69.70765
61.26337
137.46965
224.56046
165.87263
56.959297
67.54075
87.52009
61.123135
44.812817
43.057175
116.18761
67.87941
97.237854
79.15063
101.22269
118.418564
112.70204
118.419464
75.10923
8.495089
75.588745
203.32239
14.627176
95.691475
95.51308
22.825651
131.57275
102.6167
91.69791
65.24413
67.10633
76.892746
91.48262
143.7998
197.30157
67.29158
80.07543
41.069916
91.52361
48.485306
100.78416
122.36908
65.873024
100.75607
109.29575
73.98543
63.906918
116.98609
20.037117
143.76271
98.17401
57.46798
118.70393
67.121155
168.39287
56.24644
114.62257
117.474785
82.3044
40.369766
80.399895
41.325577
110.87018
141.79926
134.35307
99.12357
91.10518
157.51505
36.147724
42.160175
89.228455
108.13184
204.48988
52.905888
115.35754
122.76373
9.934804
189.96407
119.64836
30.635862
74.32004
253.50244
63.06517
50.31708
65.12144
97.54041
41.30579
74.03067
27.799768
152.40285
219.01569
71.28248
40.67419
125.22087
129.12788
92.86275
67.9482
41.460094
79.92844
73.468666
104.40169
122.78317
114.0364
51.758812
36.571625
1.6631528
107.70807
41.02482
107.30583
65.91601
100.99697
83.286
31.785667
48.551666
63.252274
36.23449
43.075665
144.5209
116.1738
75.1154
45.28226
61.58445
65.250015
93.36042
38.19722
53.006607
53.589787
80.01821
118.50442
111.87867
67.36082
115.35194
83.89896
71.52777
34.313454
109.74512
121.801994
96.48911
99.9209
122.8542
66.79993
105.08432
61.291714
102.91977
171.48187
122.90304
85.39764
130.21284
126.90645
83.032364
57.656094
125.67759
179.47014
52.237026
184.52505
140.24382
48.79332
129.98425
109.2501
164.55757
70.828384
125.02333
37.630028
117.30902
62.597218
136.61183
130.96371
41.8569
108.10227
62.57961
124.17257
92.776474
81.101074
80.03054
49.310055
114.87524
97.73937
164.20966
205.86147
141.32838
86.255974
97.38748
94.319016
40.67251
64.96871
113.99955
117.26464
82.07318
37.934944
76.360634
109.4633
44.878414
21.866016
98.01669
86.22299
115.87433
122.71027
122.198654
155.257
93.49017
66.83696
107.45254
88.70922
61.72096
55.205902
90.100266
131.73526
149.32584
134.18524
193.39465
69.74445
123.9583
107.896034
131.82065
112.26197
44.718975
122.09214
131.05167
123.06621
211.92314
90.3312
88.79019
151.58498
181.18073
78.15319
227.65295
122.383675
51.765064
93.96792
133.5069
35.913834
67.216896
121.38658
13.410519
64.492615
9.215343
141.36964
58.74009
113.0198
86.96937
13.315638
21.278774
114.83647
31.244867
33.681316
116.12996
114.5935
110.14584
33.41505
138.3478
186.33984
224.98433
60.05139
66.70666
101.86955
44.31362
44.449883
72.33733
7.9761786
60.706112
82.53763
27.112722
49.85463
69.45575
117.280174
123.91702
135.11438
87.47437
117.41548
32.63493
37.95216
27.874523
79.80287
35.862247
66.724754
69.09615
79.53657
122.51639
64.69349
74.44886
87.99934
126.99185
39.088215
85.86721
82.24219
38.06432
134.30356
87.08052
37.018646
80.623245
159.26715
178.36807
101.29733
123.86908
139.30019
14.764469
134.06802
102.495514
103.27641
163.70396
113.760994
43.61067
88.14014
123.7949
32.02756
114.94144
92.08669
11.420301
102.69358
87.3214
42.55957
62.876488
176.47372
69.47307
129.74019
87.275505
92.433174
62.695942
145.76111
15.920869
46.89409
170.86801
161.17084
62.079327
182.4058
208.72089
206.6804
41.27914
282.346
242.4242
93.702354
99.87054
98.91274
140.64394
61.764317
22.49145
176.36996
128.21967
226.21233
152.20218
40.18749
91.23897
70.30527
189.84276
68.479416
58.337982
78.739235
146.30052
135.85611
137.23445
145.52963
116.25015
97.33144
51.385483
142.45105
11.967044
106.1689
93.79332
148.0068
111.07192
77.52598
178.58078
87.24511
134.73943
145.37476
184.89557
106.7485
114.09383
120.96156
137.66805
199.9082
123.67066
160.55481
117.9587
102.73917
144.82106
96.976875
127.07244
28.89577
56.71622
108.13256
53.130093
86.42408
63.229214
102.21054
104.08227
56.843094
42.0681
72.80099
46.96861
244.59767
87.168495
30.867426
85.39883
89.30904
104.54342
149.21759
197.79254
126.70289
140.27373
83.909256
63.16396
127.06678
57.809174
120.67833
126.67947
148.73355
70.5186
61.713917
113.70383
169.84917
157.34628
174.74129
120.08832
47.404823
146.30083
82.2379
54.661198
144.38795
98.2514
75.10884
20.006296
39.67913
68.53925
58.532814
167.30952
125.39956
40.782974
142.5251
71.856346
39.941673
72.740326
68.37043
54.373077
13.58404
100.63223
136.76761
171.98038
83.63574
64.935715
97.064865
35.65732
60.280304
65.21459
103.097336
110.838776
81.06258
151.17824
180.58356
28.93248
68.69374
108.033195
90.93865
25.900227
81.63427
163.9575
91.972374
55.941284
156.55637
61.581913
102.68149
46.638916
179.00691
67.04134
16.511208
35.755108
60.524082
16.436443
75.93141
107.36336
95.89299
183.65045
135.28691
92.20096
62.77134
136.1529
184.00383
129.8405
82.70448
192.95851
115.99087
70.57852
114.23046
87.106834
147.81792
140.62553
123.76388
65.583374
39.44969
97.70731
91.30726
17.881977
74.284386
69.268875
94.79422
53.85374
95.50345
40.80299
160.09601
34.882923
80.548805
72.773415
81.02496
50.14766
84.60083
88.58645
118.54869
144.32756
234.74911
93.17498
124.26387
54.22773
138.97295
59.19585
130.6593
112.272255
67.41706
98.15478
92.03081
106.71226
56.666435
109.009766
85.29918
69.585
106.39909
49.778
111.838646
45.90057
101.06059
38.280827
63.802547
95.41902
110.05494
121.91573
89.228035
69.98554
121.636116
76.20774
21.92414
109.580284
69.611984
42.803345
53.502247
92.756065
64.8372
107.341095
81.4148
95.24529
111.16247
72.430756
108.49446
165.65437
77.75721
127.79394
148.63773
108.198685
149.42458
116.919685
173.65987
75.1697
71.701256
80.48775
26.202713
91.47676
117.40962
67.523796
58.428432
153.46521
48.407085
87.99302
100.382256
125.07296
189.7284
30.565441
42.616932
151.87639
155.62534
48.639496
133.74858
137.6438
96.719345
91.81826
142.67413
144.88834
105.08841
68.7032
138.14565
91.92258
51.700417
134.09645
201.96214
70.20985
70.7102
37.64492
76.68088
17.787209
9.682308
67.13274
90.96927
65.345634
68.01671
83.931435
109.028046
61.71265
115.70582
110.4413
56.802414
80.05159
94.95275
134.65852
88.177826
78.50648
133.71185
78.25753
17.211132
67.23256
120.57994
72.91032
68.64554
115.12855
82.338135
76.63935
137.83592
111.15725
125.97935
75.540184
81.069275
68.375595
221.37656
166.55573
156.0286
125.630104
96.90005
62.28852
113.661545
68.01956
128.2676
112.76563
38.390175
93.26037
67.363396
53.586685
135.94792
73.81087
151.55304
80.24332
90.24771
199.46545
66.58292
65.52709
88.51671
110.64468
96.779236
79.93516
66.01658
131.75894
53.977455
148.7355
144.86156
78.56313
85.31868
52.466236
113.299095
85.782135
133.82129
41.982574
83.5098
129.10156
40.533825
119.63423
69.050285
82.52273
99.32165
102.82025
62.31309
174.60852
17.883669
70.22292
118.97765
33.776634
21.803679
128.3874
56.727886
122.44223
179.72865
44.356518
85.38103
22.069513
148.52443
42.321396
144.51294
46.62125
133.17384
131.63588
30.804634
80.932724
116.50502
125.91061
38.059036
164.07643
49.92364
64.64622
56.323437
46.252438
69.15464
105.53045
47.0533
98.708115
20.997204
42.025314
41.87647
115.530685
62.226788
74.81134
74.2606
79.40063
115.28107
117.237686
192.87097
59.388878
68.305305
140.43541
30.042439
54.37561
115.35039
76.272194
77.20064
123.06802
84.9511
64.05708
87.18683
144.85072
101.49226
30.710155
66.959206
76.85621
64.67982
34.554016
63.119884
65.71529
146.2536
51.07439
96.625114
198.47563
121.10132
13.517359
11.651671
67.68547
45.341114
76.54825
123.385574
124.664345
131.37637
64.238396
53.87399
63.969425
70.44213
63.111084
33.086952
85.75242
123.332634
90.58744
48.820538
192.22766
39.252247
92.29997
63.029755
117.28255
71.84709
66.5604
42.08529
72.17981
122.0123
27.656643
166.61717
110.22003
129.96344
85.24206
6.552578
158.32214
142.16225
138.8795
117.221016
66.24375
162.43019
90.80716
93.1401
51.066185
65.22308
40.060997
46.593624
76.86549
40.60862
50.947315
134.21642
73.48902
6.8572264
134.51146
57.73725
112.533134
95.42667
141.1946
85.273346
109.02843
91.53581
61.519722
109.83129
71.96341
23.539785
111.11645
62.85762
79.84403
87.371475
107.59472
105.20122
76.192764
171.84201
80.81666
42.033516
79.78769
67.680466
69.106415
193.294
40.34441
43.136147
108.132744
125.68765
114.82192
74.20074
82.79196
102.19956
35.803123
84.66104
108.35254
116.02723
28.897541
106.57873
115.033875
37.386932
122.729454
129.48534
84.66737
63.14242
45.10496
45.368843
47.000244
128.44194
47.40504
47.049747
94.78292
139.23326
163.0776
204.315
102.7908
215.12515
90.9569
67.36274
67.04661
39.82575
83.73539
111.175285
107.26621
117.13985
82.85579
177.00473
178.08015
79.803474
108.838806
72.13958
61.70674
121.725105
83.149796
181.15936
74.49495
89.089424
60.88344
79.15696
126.793205
16.607271
78.651665
173.32755
146.58037
184.27228
109.84123
127.725624
76.471016
148.20956
23.288498
63.922173
46.669376
76.85237
85.6311
87.81888
64.34519
94.76633
58.955147
42.742924
56.86719
115.46345
133.23744
38.78437
56.30922
112.60747
81.05464
52.831837
63.900623
74.45008
124.7547
112.88244
108.62986
135.2326
122.864296
110.21955
115.07819
82.762474
94.69492
187.35486
168.73317
127.31462
133.34398
110.8085
66.89073
163.56622
120.40527
93.23564
179.30812
148.42271
111.144325
104.02128
141.38295
95.13201
127.64459
140.58044
65.48838
140.0939
209.0747
124.23274
27.990608
64.884544
133.9612
113.77031
62.1472
137.60165
73.74282
176.57057
115.57712
106.43615
75.08557
37.054813
142.11671
65.42872
81.2394
51.36942
52.093945
50.975754
110.291855
43.49794
142.58969
123.08125
217.77692
59.803383
95.8191
183.85828
94.830246
94.99993
129.17401
121.93712
131.32835
97.965675
107.024994
88.07166
9.916156
122.403595
112.19502
70.63511
119.96125
162.87523
64.801735
33.66343
159.02498
36.434586
46.64493
168.5915
193.01094
118.78127
57.802387
26.178885
173.69997
49.850674
152.40912
91.946266
98.700226
96.91739
136.51865
44.66084
102.42016
112.12037
61.61068
96.8875
46.891247
95.07142
95.089554
146.4674
142.31236
60.90995
102.779495
123.31814
118.439064
140.51434
46.50649
119.38165
94.0439
73.95685
106.205284
14.428563
146.34926
50.71657
98.91828
46.549942
20.872723
112.00085
70.03972
95.19624
119.59639
35.06977
103.7126
14.338168
127.05166
91.09834
73.73323
133.7921
41.873066
84.23155
45.361176
70.86559
128.14343
98.61004
95.740746
78.84384
133.05698
65.719505
129.77495
143.19572
88.8977
54.356308
95.21432
161.1253
121.874535
113.09766
168.878
7.6536727
35.229202
73.90418
64.29201
74.20697
161.07527
71.08644
56.533993
40.161594
44.976215
56.267765
109.88791
94.37542
97.35422
60.35477
46.89292
147.98203
44.93835
68.03538
91.438156
32.64578
35.18354
129.0802
98.201515
68.146515
35.66071
190.34326
110.02552
91.84169
134.37912
135.20943
95.26056
102.75336
86.19817
169.03111
29.387192
108.09347
111.565506
158.07988
68.59292
82.48336
65.80923
58.48649
117.6654
45.1718
49.48935
116.68401
57.941063
109.86706
84.15182
29.233091
85.70174
103.45712
85.017296
115.154335
88.47754
202.7602
88.548805
63.500362
110.766266
12.812091
36.06089
70.911415
51.425037
161.75458
190.07938
111.267624
68.89473
110.550125
123.69045
68.48803
123.40123
109.776566
192.13945
95.875305
79.75519
164.02562
124.86622
87.72873
62.416428
133.6079
28.514372
187.53767
160.70691
66.75848
56.24704
110.68008
121.54626
65.49584
76.395096
16.879698
115.68234
42.185116
159.81776
115.45042
50.78457
127.77606
72.2978
103.938614
17.79517
88.74286
16.45667
133.38426
70.43005
110.692406
106.739494
207.19539
88.51082
157.94113
59.194702
66.780754
208.09576
44.006596
131.62027
79.26064
68.027885
64.721016
57.32039
68.69522
154.08257
31.71355
83.51225
81.80643
158.3963
122.68632
49.586796
113.386536
69.5775
28.51718
51.541874
133.2422
92.613556
109.266
124.96595
41.890415
69.72679
124.2588
113.965324
90.65851
78.671906
110.00299
80.19165
217.20187
37.95442
137.44647
63.203003
76.053665
33.117157
166.81236
55.6702
117.30183
5.301494
35.654953
66.22041
132.98265
134.8035
140.32149
176.28474
190.88007
89.776184
69.230125
38.335316
76.526726
127.19023
49.56623
60.037064
51.224056
119.02205
109.74267
114.57017
117.71635
96.663124
119.30773
47.746845
161.05211
42.671494
72.56095
63.24419
92.70515
81.30934
217.6872
99.22019
96.03837
65.20165
90.98621
28.082033
42.260487
72.97833
40.183884
92.49428
130.95549
136.22543
92.748604
164.26843
110.480316
163.24008
193.22923
85.71871
142.72348
94.90075
140.68944
44.182896
197.78143
45.165337
196.08566
122.37709
168.32378
106.263855
72.45733
136.54672
90.99798
145.0657
87.31914
96.97296
102.79022
72.48962
124.71676
181.26762
111.483086
234.07973
70.768036
87.29322
170.32513
59.663475
84.3458
147.62119
97.02622
112.89314
160.63849
176.1215
142.9553
129.39398
78.85108
91.04531
78.04752
46.09337
48.269024
53.32362
88.030556
65.04958
50.500744
114.8877
38.200554
110.90304
34.70654
93.53467
126.70172
16.53252
43.118565
53.688515
71.258514
178.21968
171.13055
83.063385
67.687164
70.81101
174.7795
93.08072
140.50137
88.81152
90.62327
188.13992
149.24472
95.03801
8.401226
36.97357
72.09488
111.38046
81.99612
170.69391
87.970566
75.66605
107.03198
90.49621
125.425285
105.56399
188.89961
72.45076
59.177387
111.365906
106.4043
106.0467
104.29977
62.314686
88.671326
77.01925
77.47195
92.96245
168.64737
115.17963
73.038574
54.762123
210.8127
48.80861
123.483986
180.9007
95.709305
140.63501
65.486885
69.32135
161.95773
106.01915
119.76555
64.7081
112.97681
38.438892
90.48114
73.84708
43.85959
21.567106
40.731632
57.175068
168.70865
82.62323
109.87918
94.93565
100.51692
92.723526
63.71503
45.668922
167.11858
90.81842
72.49679
7.749803
79.0676
117.997986
92.65565
86.59038
79.625336
61.243595
109.68402
178.47217
125.0454
80.57923
163.02345
112.05212
35.41788
116.47758
118.399315
129.70238
66.418304
132.20236
94.305664
116.7514
26.42858
60.88215
64.47003
57.792343
113.2931
43.575214
75.458435
62.614212
82.44731
124.663635
9.292713
63.2342
36.102097
138.03159
9.657879
101.963234
49.15479
118.394905
138.7317
89.06259
59.64199
13.513522
119.64115
128.97177
75.83867
36.925827
18.608562
106.92002
85.65262
81.41919
137.27171
88.29677
109.65582
148.2388
187.60674
57.70481
75.63303
176.32903
87.47094
60.902
91.096214
48.148926
88.21408
65.07181
108.84027
84.98748
94.12471
78.17622
72.88969
76.06138
13.394744
104.143875
125.30548
53.87651
141.98788
117.3967
115.58119
140.99374
31.388254
143.5508
164.58194
65.689285
79.741325
81.79975
125.66465
151.69914
95.68972
228.74825
155.79048
88.44145
133.19586
77.67934
63.022182
98.02085
109.52752
34.061485
80.736336
112.69537
117.84818
108.51462
6.1675115
108.02629
9.979753
77.99796
111.55218
34.412548
87.69182
60.17826
146.8869
69.499855
139.31018
143.39673
73.71691
148.20749
170.08766
156.01411
114.36094
122.734856
75.952576
140.81076
97.74104
163.96693
129.84686
126.52012
28.757685
109.27343
81.62674
15.693928
77.61097
184.60904
47.26695
83.06729
80.56915
60.660385
40.11906
137.64392
67.76288
144.87602
97.46854
81.915474
153.08083
124.417656
54.36372
123.45473
55.927002
76.594215
26.511219
24.117708
61.29517
17.561434
117.03166
64.99978
113.012054
115.18268
76.29858
44.57355
27.943995
112.75432
46.772717
78.037575
94.68479
37.558144
136.4829
87.38999
82.709335
92.73299
81.59278
163.60168
105.564705
62.814037
138.06879
145.6871
115.83935
106.69437
111.44871
64.20286
45.76409
141.77664
64.01372
157.8105
100.960686
103.673676
55.951588
159.36281
59.1958
72.379745
69.75524
43.645863
71.26461
87.70655
55.6502
81.32634
60.210426
97.79471
102.5641
107.549934
77.79922
164.65411
58.636562
192.4545
89.81404
144.8793
56.47139
88.75143
116.023254
187.53186
71.934105
114.95996
60.949615
79.60082
132.13237
115.32565
96.29073
45.188812
133.7896
50.313057
64.54155
81.99301
136.18184
156.77606
72.66703
171.13101
63.158104
35.636356
49.788593
63.27921
82.50192
40.666977
60.648663
81.81731
107.68307
102.16079
138.71674
29.432533
94.82829
75.26588
106.676056
103.51542
158.20535
197.45737
65.120705
145.13321
66.558846
52.680553
43.59044
50.903778
122.08708
125.463425
110.468025
11.734119
110.48975
75.75744
113.179886
66.3076
94.06104
144.1011
146.68642
81.00773
109.08731
75.940575
57.67438
89.09141
90.74704
46.480675
69.472595
111.99652
164.42613
141.81078
55.231678
45.316086
78.83251
78.006805
63.433784
67.855736
110.03247
152.15329
55.938976
139.54259
44.654922
54.073956
179.52733
57.95567
42.197357
171.46182
109.95632
126.419876
67.24134
36.188198
96.77839
194.06934
161.7005
170.30063
167.2306
162.9816
106.723595
116.588486
80.408905
67.02538
90.59073
70.75914
65.08631
108.405426
134.10912
105.81936
98.27533
128.83617
86.03603
44.36089
78.55452
109.27135
40.613426
92.944626
52.80301
93.02839
138.0412
155.14348
159.99046
104.702034
104.513466
174.86943
6.9536376
56.730804
158.11145
50.421967
121.48917
75.45889
152.95422
130.46259
98.91916
114.91449
207.43654
92.12515
52.503326
57.951195
50.434784
128.4416
93.510735
154.16974
69.77952
90.13754
87.21365
30.197926
123.251526
108.932274
108.470184
77.99638
136.29149
63.59629
64.527054
62.794212
77.50324
26.764328
3.7521229
124.70159
123.10655
83.59062
119.26347
122.6943
101.79426
123.61142
178.99799
147.1305
125.15259
143.67213
123.90254
144.90605
26.456062
126.02266
129.16568
87.9302
100.15039
37.85164
208.66801
71.064476
128.52649
93.58131
131.82979
28.275454
116.72694
108.57366
111.208
76.280594
139.66273
90.40987
88.420235
75.27824
38.305058
43.539307
195.31529
36.02971
69.507034
125.92168
31.646233
52.4927
153.99374
120.4769
71.81777
40.00749
127.84754
13.816782
147.60626
60.399277
55.298042
132.73593
72.543465
149.62283
93.98717
88.974754
144.75743
189.57054
51.98338
94.160126
70.43193
41.16933
82.4858
45.90878
234.95995
16.773405
87.03743
63.077255
106.72195
113.8616
50.630753
121.25837
90.925995
142.5625
117.67959
83.65718
36.213375
77.443214
108.954346
33.60604
39.91609
78.19159
114.908455
43.90896
54.283047
63.576004
87.90711
178.50996
38.159077
48.69854
99.02041
92.44647
114.8351
120.62494
111.16399
103.375824
70.94783
36.426174
72.19802
78.39702
177.58638
69.11802
107.48692
88.39395
97.67039
59.462193
98.024
104.375565
153.74443
19.085398
39.02929
138.35698
86.62016
100.77909
42.40392
130.64262
3.839046
127.83839
70.63361
53.360825
83.1844
19.182083
45.74377
112.67255
92.69469
36.43749
117.25216
68.80173
127.18863
59.68752
136.88396
95.644745
37.51051
111.83067
137.03036
64.8093
129.34094
70.757
76.44064
91.603905
37.906235
82.69307
258.86642
67.36918
56.940968
44.254063
126.174416
177.61215
108.24951
134.22508
107.05479
107.029785
139.51324
200.7796
141.75961
135.7894
170.57716
153.03262
156.96909
62.552788
80.724434
87.32876
68.93342
92.5461
68.22135
12.055199
63.499577
93.910934
28.11352
165.58878
128.17775
131.63632
91.23335
101.24313
94.35153
85.05057
136.36061
61.408768
17.082119
97.29711
77.538956
63.654137
62.671783
94.21002
52.167557
58.262943
40.26495
121.35149
81.83372
109.70458
193.11932
101.261536
36.8011
85.192444
13.019976
112.43198
109.03582
98.06059
80.08088
172.2263
79.71349
148.90533
192.95695
114.92512
90.2641
168.45514
80.9285
75.174866
115.46478
84.17651
44.38389
37.702118
67.545235
110.97074
140.90512
36.9635
95.27843
97.29369
49.22409
89.33154
104.571106
102.90513
35.572273
157.89067
116.732956
257.8379
96.578186
55.454185
49.471848
131.72343
87.058655
67.22444
193.56007
49.63382
153.6133
44.772045
50.80832
114.10152
121.382286
74.01019
162.37273
156.27844
122.89693
113.19462
72.02659
51.179752
144.27455
20.020353
92.68078
165.32037
97.128044
82.26931
61.06948
143.27335
92.17746
94.04531
65.67099
58.916298
91.31892
44.334766
57.215614
90.5979
115.49258
132.04376
48.833603
32.263615
136.09404
111.707695
114.36734
33.438995
85.06
65.532074
97.3139
166.85805
116.78255
83.74879
62.1689
134.50641
113.293564
110.34868
63.297997
64.510735
107.70773
171.74998
159.35744
112.35954
73.73653
79.67386
95.09748
97.7971
116.75835
86.174286
89.070755
133.56894
197.32434
66.75969
133.95673
97.44165
94.16796
151.54155
123.23107
13.84723
19.814016
116.66978
168.32501
52.318825
95.35278
42.885597
65.00768
41.065792
71.031075
80.11863
89.02543
97.18066
55.80777
226.32545
111.44717
32.742844
124.744255
154.88322
39.488182
64.706474
123.989876
3.3401072
74.953804
77.0921
74.72534
82.921104
70.634094
165.71616
88.102356
72.25603
96.43224
63.017
112.707726
114.42054
46.824894
35.536407
122.78623
66.205345
120.39506
114.59061
113.4766
116.4658
31.090366
119.01582
52.63443
138.36093
79.909195
41.827736
18.759533
67.03633
80.83464
99.10801
16.300983
132.11461
209.14525
131.8683
100.97795
129.3497
41.69164
57.103546
126.10891
43.051495
36.355843
130.12872
70.13145
61.86768
66.591286
93.52291
92.560486
98.60519
78.83249
61.017643
105.322334
80.344925
174.94077
48.874195
45.05209
115.07793
110.91226
75.21231
53.083687
89.03171
108.56137
72.223785
136.16074
64.10841
101.974144
89.051796
87.12761
98.71011
90.823074
89.47772
60.701595
137.1684
38.454617
59.400566
43.394054
11.090862
33.634506
102.59963
128.76909
132.02684
142.82794
184.43102
122.36077
62.344902
95.26975
123.18775
88.42386
6.690644
43.346134
74.74527
110.912575
104.39007
182.10588
64.928444
88.615486
83.64442
206.6301
137.47348
160.21986
133.54791
55.415474
49.526634
115.17197
11.201393
46.12655
168.74492
136.61096
107.140526
167.08359
174.6158
61.73463
187.97733
264.55997
83.0053
77.60537
73.07825
57.18916
83.01586
98.28317
68.831474
51.51705
87.91098
63.24499
145.18169
58.588203
19.402874
43.91659
80.88664
92.07241
71.54132
149.16374
67.516945
207.92436
142.44418
72.89576
120.29148
51.440685
108.43939
95.48897
103.91239
157.30692
106.92504
95.88339
120.02066
72.36921
107.84297
74.67148
115.15471
132.90062
69.533844
58.311478
110.536064
111.32367
105.410995
89.971954
44.274803
107.52859
96.31831
125.25059
39.92952
112.63381
87.9782
111.97485
186.94272
106.00322
42.18617
87.81354
61.872784
66.64609
82.77683
44.000233
29.112461
113.86224
16.284107
81.41468
35.625755
37.630314
73.465416
49.50017
85.589005
129.47673
18.165386
37.153316
135.70491
76.57391
96.52867
117.1887
69.25928
52.71335
113.83312
33.319473
128.20729
48.901733
58.174362
106.2241
200.91344
56.59353
123.10249
81.92146
180.42238
156.80875
87.76276
65.75723
70.68149
146.28235
102.32781
8.693737
30.555801
111.740524
111.57264
99.02818
95.99197
10.600024
67.017
125.908226
67.04031
92.25031
42.883533
102.554535
39.046925
27.257322
86.5554
164.7817
99.716545
74.95679
27.76441
30.668543
48.29056
98.45529
200.08762
74.0077
94.00395
83.66461
59.527237
101.86516
58.626007
173.77055
92.8277
58.741734
8.822834
77.17028
108.673485
107.98496
144.75215
142.15498
181.86964
178.11281
145.20497
81.47015
88.25545
71.88089
35.0833
138.60455
57.91349
107.644905
85.29971
54.896122
103.04062
210.75375
83.66617
35.053383
59.485542
41.774445
158.78064
89.570145
84.90133
77.36247
66.02057
76.428
32.187927
83.61702
11.813141
35.38314
89.34423
139.64932
34.571518
160.38184
83.55154
105.55609
199.68825
92.7585
9.690786
40.161297
56.622276
95.37357
197.37372
145.33057
20.662369
59.215897
101.82278
70.780235
168.72096
111.336876
82.66409
56.899364
120.75697
126.44537
71.15411
138.83836
167.96309
175.72736
54.16352
112.8904
87.11764
167.5293
20.395275
64.95805
132.69183
114.48259
19.161825
92.092705
185.99033
77.66116
180.26146
97.63842
34.700687
77.61689
67.77505
10.040177
94.40618
56.894215
82.66511
136.34496
119.99143
65.28658
99.73764
147.8962
150.23456
151.68024
124.613174
53.90626
151.9052
116.00481
92.294365
108.05992
99.24709
36.286747
141.64728
110.07885
123.31943
119.5557
107.88309
56.55062
67.69468
77.91301
92.2476
83.37723
110.34584
51.810787
135.36037
77.99992
115.8843
239.30309
127.479065
75.234314
9.759502
69.38815
203.05327
103.149376
56.34577
139.96416
80.55341
90.38079
15.21266
66.46032
165.40916
40.373493
69.2087
63.750656
100.427376
112.75893
69.29265
97.978134
47.810654
72.13909
17.829256
82.43489
93.71766
87.476776
128.2182
175.85548
84.189445
94.62891
69.85884
41.747383
9.735763
59.84926
194.96109
73.497314
132.58014
75.1823
27.355013
109.89761
82.3999
83.617096
52.136738
164.22655
65.33089
176.1621
29.90988
108.40426
171.36014
54.278477
69.179695
84.76158
87.27608
191.25427
220.04361
166.29288
81.1379
158.60861
146.99196
53.99011
212.22755
53.047043
49.57233
70.703705
100.29251
128.01334
38.195126
101.80818
142.09413
61.50982
121.48628
74.452034
106.96473
60.514782
55.712246
47.01699
175.36218
112.7358
122.9806
141.77325
47.811127
19.76992
170.19603
125.98421
118.13662
37.131454
50.405087
187.31696
132.41595
114.3872
175.2398
36.20869
145.07901
100.9385
56.3167
138.91077
129.60107
162.65263
154.6253
156.81519
62.240326
38.98691
65.3
172.63652
59.159332
114.77963
60.396065
120.27451
85.017204
184.6006
117.21115
75.79526
15.1557045
86.64335
142.1284
57.518047
53.63592
89.95873
79.28037
68.80276
196.12347
99.23005
92.17931
84.39306
111.69787
106.12529
110.74594
92.95416
87.75645
59.95021
159.5102
87.902855
31.018538
22.973747
201.18268
67.14382
108.70521
47.77492
47.16921
201.50395
100.75039
59.80711
46.66024
85.395195
93.45584
67.81232
36.31212
92.2075
55.188255
31.73053
40.32976
55.100967
63.200184
111.870514
162.52641
106.46489
89.23248
48.430885
121.16763
59.915695
125.12811
53.49159
68.901794
56.390453
101.06905
57.269608
86.711876
63.99154
71.319756
73.25154
118.92795
118.076324
63.516197
92.44974
43.748165
39.27705
127.57819
56.293137
75.54372
60.273388
37.180305
115.83103
130.4131
120.93628
66.034164
147.24925
79.28272
117.03072
85.36713
54.695126
143.53539
100.286
146.78442
87.645
92.291306
9.88302
36.314632
68.84592
95.224014
13.244529
53.37328
101.09536
134.54993
105.57243
103.05875
111.15171
88.508095
124.07659
177.57619
82.251884
91.27508
122.618484
91.12417
68.11025
181.03845
34.84065
90.6262
74.70276
84.34805
72.455124
109.595215
11.415414
116.3699
49.700775
119.69842
153.43208
52.70009
78.11017
211.38393
71.73749
89.09233
65.57595
140.15988
136.08725
57.75801
64.84566
121.07906
152.27579
143.67671
87.887474
43.161358
42.402863
105.109886
87.63812
52.086323
67.43105
102.63148
92.23213
59.582558
34.747543
86.3146
161.1607
38.11431
165.4604
90.23079
125.59018
62.077805
74.18339
54.0068
52.93931
83.153885
70.64475
56.713985
103.33612
44.600155
117.582756
117.04481
39.121597
89.95362
86.46327
34.05506
90.48822
82.32544
97.252045
201.90523
30.476713
74.212845
132.39128
65.936935
10.402882
30.187305
95.70053
50.182594
92.99478
20.857328
53.25863
180.18988
30.906738
24.120647
55.261112
143.00238
100.38668
60.669014
70.5582
78.364784
106.93027
17.277119
108.79032
89.38502
117.165375
34.982697
13.28679
28.240086
105.69437
68.46086
55.997734
57.640236
76.507545
66.3237
65.766754
71.718185
51.36447
20.43664
60.781635
122.98047
36.16563
93.85135
200.74246
43.424362
63.16982
108.786736
272.5156
31.481697
59.887375
83.813934
71.09288
130.46295
89.61003
136.81601
16.418344
72.96286
110.41358
151.22484
156.79065
61.157833
115.652054
83.05305
63.329052
133.91983
86.08396
91.77393
29.515253
103.72547
62.890644
84.19743
91.99177
111.97129
41.88008
40.71978
159.92683
178.0933
127.17813
129.21193
82.658424
139.77676
56.030224
49.474087
118.29263
49.613125
66.98003
39.772232
90.62298
164.71477
121.35701
77.57668
119.65057
102.28002
86.05627
95.56798
34.66593
116.84316
135.7571
144.70346
131.69533
132.30972
86.09491
170.64801
97.35819
131.56978
70.53774
73.85335
113.010925
81.94475
148.75949
160.85025
92.27351
73.58575
183.67754
110.63795
42.984486
90.121445
127.3501
61.262207
102.219925
117.6267
128.8854
63.742767
140.6443
102.157135
201.25748
96.30218
128.20612
86.899055
97.97413
42.209606
105.28538
63.74521
44.03265
46.093746
32.839973
47.588844
107.1242
134.16537
149.59232
104.216484
42.31742
106.99129
36.978867
80.34028
128.54323
69.26245
37.73266
119.44977
111.17382
102.745125
295.2547
95.69881
38.049286
101.79528
16.845158
114.1272
129.17561
146.21039
121.48539
93.35068
78.83085
87.071075
130.05653
148.4882
87.377754
91.98384
83.58419
89.51289
119.704666
119.9427
85.830284
8.741973
16.471766
87.40276
72.277245
108.677734
37.75725
107.31086
99.16275
14.795111
30.881475
65.27343
90.111465
64.540375
122.59553
95.296295
58.418804
58.46197
2.0045214
40.278454
107.85092
22.244663
5.865347
83.610176
45.79061
117.8142
145.93962
173.84976
103.3331
98.8511
62.932945
70.838646
44.31461
224.02956
144.36627
69.96457
98.97129
143.90694
80.52728
24.144224
142.18518
141.39476
91.72311
127.52239
96.14599
139.70355
140.69777
102.73205
109.842995
218.89107
132.35017
114.846886
63.22527
153.32936
53.24343
62.823578
153.93233
224.00902
109.22453
82.941536
58.55162
120.110176
69.54558
39.79944
41.88445
100.77245
113.64611
164.77039
181.34073
8.722806
127.38288
118.27455
36.277645
85.18585
181.46133
65.45407
63.2975
65.6837
133.3254
100.9871
66.9371
94.64073
168.01094
59.88102
102.16505
35.163284
115.94695
142.26003
144.79347
103.88335
62.816
121.9371
103.701035
130.23701
134.74925
148.8216
113.08917
13.446536
40.922283
87.27814
48.911186
46.24666
94.68406
95.40451
105.95324
83.10147
111.99892
29.678617
95.721756
49.89912
20.750608
62.533802
141.38545
109.32091
18.345146
171.5201
87.08535
159.717
19.278292
37.252758
43.787216
112.07094
130.47557
99.26764
79.96605
136.82564
97.298645
65.50407
106.67935
42.833237
159.26605
149.20903
42.76992
186.39905
93.17436
87.18215
50.096367
40.975483
77.18462
113.74404
18.012527
142.43286
106.00829
81.459915
115.41159
133.86584
184.65092
99.46254
115.08301
139.60838
75.82642
58.280357
39.71378
124.65368
75.732574
133.49579
141.0063
127.5792
99.62989
61.448593
81.904686
184.551
195.02225
60.200253
90.262
30.508318
59.780895
74.51211
129.56332
64.98808
68.551544
142.86076
162.50458
108.40335
135.98105
131.21773
147.0168
59.97639
69.803566
133.82643
136.24554
85.079636
65.80965
84.524216
123.87343
120.74289
100.95936
85.98079
102.520706
104.97608
249.9771
189.24583
40.01535
38.394142
138.26276
83.57227
77.89583
118.68949
148.20024
112.88173
53.461773
140.54565
112.4393
71.32546
37.10496
64.444756
76.95036
67.32703
51.988476
151.80328
46.267933
107.95559
77.79319
60.45116
90.15252
43.865788
173.69313
108.61289
34.07983
64.77731
56.172287
93.588974
147.37622
84.037865
55.262657
82.840614
100.2919
96.25674
139.15671
73.538925
108.89625
174.82414
71.34134
57.5896
141.2145
71.28743
106.47877
104.11683
42.015957
7.198862
66.81154
179.85422
143.37502
38.09233
63.88977
104.2807
143.31796
12.14998
83.88914
71.873924
36.18715
93.69175
27.164698
116.952324
35.663303
133.40434
145.76764
40.95388
231.41415
40.89869
122.529854
54.161312
158.55731
126.52273
87.278465
161.74603
66.09006
103.93809
70.31038
145.614
100.71966
104.23552
98.974724
145.28339
145.06572
90.895515
89.62863
121.581406
132.32921
97.2858
156.92328
143.72685
72.643196
32.163708
57.440285
55.864464
131.95052
144.98651
117.747734
109.45556
149.44612
78.37804
75.17534
31.378618
123.26385
125.08674
143.71844
116.706894
55.233204
137.26753
64.83899
76.69297
144.6369
34.742584
90.63309
40.722836
191.52066
150.41603
226.60117
119.04101
120.2207
102.91726
70.86122
121.370636
132.83151
132.0968
27.405962
79.39079
84.30548
54.287056
107.88707
127.03495
108.157715
48.038055
127.779274
176.14824
74.949875
79.24477
130.43936
50.14399
99.799164
53.41998
105.54605
78.95965
176.68367
120.1534
62.93218
52.27993
68.3576
58.837524
75.85051
104.607155
154.39548
135.46643
58.498867
107.747314
94.403145
95.030426
102.53957
129.47209
52.89177
118.44137
52.59813
100.80651
165.07841
94.91776
71.03599
42.943253
36.26183
42.388702
108.31354
84.90339
48.293102
20.463448
47.76044
188.87753
224.66545
40.93064
121.564964
114.75993
66.092285
64.638954
118.44025
178.78334
201.87222
8.387809
80.04406
96.83081
27.343403
112.52169
108.73357
87.70933
168.6757
187.82684
95.704834
57.78399
14.796208
18.269773
65.80112
134.27586
83.022385
66.40533
121.016594
139.96942
131.68379
93.038635
204.5291
132.01776
147.4258
33.406723
89.28058
80.64512
129.07848
71.8917
32.555943
112.91937
103.258965
239.02951
82.21668
84.00208
52.758602
113.35652
137.06314
72.39969
137.76924
49.064552
145.46385
213.3813
142.73657
115.95502
133.30568
98.932625
112.06219
142.68347
162.12506
276.23245
139.20723
74.55644
125.44228
124.57659
142.17946
54.42168
84.92507
86.79157
128.31168
146.09628
45.535988
30.325401
56.49313
67.187485
68.080666
83.16469
48.56637
66.94997
62.562668
56.208233
46.05852
66.66151
185.34625
116.04143
68.46607
187.27983
69.67994
80.84824
190.39676
101.36878
42.51721
48.62378
35.097286
50.170376
152.48073
117.81124
137.66913
94.41196
233.857
145.50027
46.16372
87.20728
71.58394
131.03943
83.06336
132.33986
131.13823
105.58494
49.355698
111.22837
116.26729
36.887463
49.278263
64.44764
96.760635
124.053604
12.98951
150.1407
77.516975
85.28269
125.28989
203.63231
48.23396
112.56093
27.205618
62.332832
19.299274
105.743935
114.465744
47.471592
56.755615
100.78617
101.702484
97.03839
150.15442
162.40727
134.77031
106.107765
116.73499
91.73951
55.047638
73.43796
62.224335
155.7751
105.58106
109.40833
57.049976
75.93458
132.21126
66.39601
146.98984
61.014862
71.721855
39.654198
85.23273
145.34529
45.347904
100.4932
85.29212
35.065678
89.13793
38.945423
82.267235
111.34854
91.14391
43.649384
112.08295
47.308426
79.70225
85.08796
201.76436
103.40859
114.690254
97.60196
129.20241
59.167446
79.23298
117.17504
139.71748
158.03409
126.76884
127.25067
139.77853
56.81648
136.54623
157.58209
136.85648
95.95122
159.09262
89.44748
148.3835
136.4479
135.7527
249.50356
100.43679
34.151352
80.134674
133.4561
14.891689
125.04432
70.37967
107.47311
145.32352
77.7779
130.5703
125.681915
93.98505
38.605644
128.20601
106.61865
73.88297
95.70922
53.446133
36.478493
90.45995
56.6944
81.82303
69.917946
12.534255
132.18947
133.02022
105.28729
67.52022
39.16246
97.57177
86.50376
138.22794
33.934433
108.7177
118.17422
147.75323
169.01257
90.87753
122.91543
93.57756
133.5526
107.695656
70.253075
46.75597
123.165955
163.38754
68.42685
118.77847
130.89853
54.98429
180.48602
127.039925
55.593155
96.45666
157.4323
115.57558
47.365463
95.70493
114.004524
37.831898
22.942549
59.22914
124.248215
83.30635
154.70471
143.72626
216.69164
77.44878
79.719055
41.34038
47.214874
70.98823
68.83864
59.518333
25.810705
110.23228
89.527405
88.14539
103.03286
114.9705
174.98175
33.90872
50.851196
100.07053
68.376366
51.733078
41.38451
105.15924
47.771656
93.79929
117.20073
47.672203
173.2066
106.00374
106.67547
181.73048
35.49731
84.23937
88.07371
155.7058
191.39745
66.60378
37.33405
113.78389
116.14336
111.56016
129.08417
66.71689
120.11924
98.23468
143.76523
111.949745
154.28363
180.24263
53.92355
47.31096
40.336857
14.623453
74.198166
162.65666
33.200424
44.44314
101.35211
96.58709
160.80432
100.76459
87.107956
117.86791
14.41346
34.90286
44.50717
142.89372
67.90296
89.21412
25.160002
116.76047
119.066605
77.20337
46.090977
35.5226
73.45514
40.199974
57.997047
73.838776
125.053894
44.965332
165.47807
147.50533
77.27719
71.185394
40.407986
45.3757
26.170277
99.28679
146.804
33.982975
75.28877
127.796
71.16818
123.84997
120.784706
75.17547
76.72663
40.076427
58.888447
116.142235
57.21107
167.87756
123.11215
64.72258
164.13918
25.445778
37.110203
143.08208
171.40521
84.79615
34.57335
67.03208
79.44007
65.94686
104.50456
125.031105
199.91537
117.645325
72.10938
64.62163
138.3603
154.07832
71.85668
73.93393
109.51047
53.204697
111.82251
141.62755
85.09218
68.281105
70.93935
140.2481
99.60882
55.332935
117.55491
59.33798
74.03093
83.51312
36.012794
111.06753
50.358482
43.37379
132.33197
95.96359
233.00067
172.73926
56.079823
171.3421
85.905426
39.273624
89.18062
157.59961
130.87297
32.274906
126.0181
101.7751
76.95809
11.35841
188.94771
42.10308
42.00987
81.22031
97.036156
62.646587
82.61707
122.013504
56.422504
136.81235
117.945564
118.12919
77.00488
97.11699
207.52336
186.07085
96.08502
48.310772
99.23712
41.92949
40.72322
180.31586
43.8554
178.47441
87.06607
128.18248
90.35808
98.13413
66.917915
144.56294
41.78877
101.92048
144.25954
185.90771
36.887264
88.7026
78.92111
86.03784
129.45453
58.413822
103.37845
118.60006
31.212978
67.70661
90.75764
45.404682
114.304474
135.7288
113.14425
163.60776
132.28473
49.09841
73.03143
91.880066
50.52671
62.718052
142.38452
130.49849
88.89244
80.10698
168.1776
86.45004
90.20026
91.96474
99.190674
105.008156
119.68171
119.665764
143.4409
138.38318
69.77761
63.195446
80.714294
233.3077
70.816444
15.163174
45.157085
76.686745
17.013662
109.21956
127.19586
70.22787
93.466354
75.52291
51.00125
110.05198
156.27225
31.31931
89.72707
8.996321
18.62008
54.679943
74.824455
102.750305
96.71016
4.6266127
196.43826
77.22296
40.441525
34.28548
34.92157
81.71659
95.69887
54.511803
98.30881
151.643
74.82705
154.66278
62.463314
163.26216
100.230804
149.92067
52.630547
150.14749
83.602585
99.880684
84.08884
118.679
89.81038
34.51658
33.448544
108.43737
116.081894
162.26833
29.1263
33.4384
47.96805
108.353645
63.765503
11.3099985
111.54843
41.66189
63.9801
65.82157
76.947174
92.19867
143.90361
115.02141
170.61232
51.514908
160.06436
141.64163
45.032578
92.25934
160.49185
132.72392
97.05414
102.52274
148.15768
80.366516
172.39137
95.790436
159.18684
41.36851
94.0615
35.281525
73.995804
184.95024
95.20281
42.439903
68.83692
65.89907
66.4208
153.90163
6.533621
106.39504
54.330162
120.0315
103.86369
40.42635
74.69998
64.69741
77.57256
153.14134
45.015404
104.24222
23.672653
91.86123
99.44844
124.754684
94.15534
80.41201
49.281128
109.84762
119.44834
46.080185
49.142635
47.955055
128.17207
201.9067
172.9839
91.1507
78.085106
118.03843
35.07368
108.736595
45.261738
68.00543
44.61074
39.48002
107.650185
113.99884
122.85742
55.11327
75.85984
87.36847
80.69952
18.331436
89.11036
36.439842
116.25248
95.83751
45.070854
105.24386
38.39279
208.48834
11.427372
84.593094
118.93547
164.51776
104.10617
200.55536
72.77986
73.047806
102.003456
92.24945
261.16602
174.89299
130.42755
88.659294
34.20906
92.76046
222.21318
96.86451
191.86948
116.07907
69.221924
44.442272
70.651344
135.25835
115.43318
142.71234
75.38295
63.013885
37.175858
84.391785
95.42766
120.12304
72.96938
35.22634
87.25635
152.99358
73.29859
239.44627
189.77902
153.93982
150.8517
123.31931
62.936268
194.98041
51.65361
120.643936
86.93686
87.8218
197.93709
62.715157
91.87834
155.56268
56.01224
94.866135
127.40747
103.96135
68.691635
147.46587
37.612335
197.62794
47.196827
117.72779
81.13027
170.96991
121.79791
99.84986
148.15463
83.41702
121.32291
43.69045
66.69905
62.08132
9.188816
82.91022
16.956612
91.100266
52.857
45.06253
121.406456
75.73337
23.07932
118.11343
87.72014
63.67261
111.43247
109.41711
18.661644
31.594915
167.72717
151.31213
63.49785
112.99757
74.41263
115.99769
76.44656
105.01755
109.42282
86.25888
34.119457
93.58047
111.311165
61.137096
116.24603
45.188595
116.32913
114.14021
59.729202
72.38777
57.530704
61.62129
67.98867
114.27461
118.31599
85.571846
151.07892
133.2923
93.44461
76.96666
56.007923
216.11682
171.27538
142.69391
74.43418
180.66464
55.502216
17.898363
73.69048
120.69288
69.57133
146.34827
65.9513
116.177765
148.3172
177.22089
163.26906
154.33878
95.46063
77.64696
88.32562
97.68551
87.82251
37.465313
31.480305
134.90114
69.00104
44.508038
18.326138
80.12877
40.73553
197.18591
97.454926
105.32981
168.57555
111.51402
42.107788
67.04233
92.89208
43.053898
122.246445
95.085205
53.490673
12.971325
59.080097
77.95057
154.92688
180.52753
43.50424
35.713127
56.911575
89.45329
74.38876
49.17646
85.23842
86.206894
72.78581
83.107346
76.76023
81.195404
173.78815
130.48407
178.36777
120.68945
38.3177
125.477936
126.36772
126.264275
45.25926
110.78933
92.44215
14.86896
187.05937
22.029926
40.66056
112.03879
82.14517
16.627989
94.65656
8.766621
56.84865
42.098305
56.99507
77.42148
87.741066
150.14421
68.79594
121.812874
103.8953
66.416046
72.13967
89.69673
61.37735
98.71447
67.61337
101.783905
155.69038
12.410278
50.72182
124.15498
107.277214
143.36299
140.14815
18.71717
40.391186
85.643524
40.915745
10.717259
61.661972
93.266426
56.76121
97.0586
86.05158
143.54837
150.59392
125.38752
85.95488
67.549934
158.80536
169.04597
56.4593
151.02426
60.403885
70.43001
116.38236
112.71797
98.903946
174.0425
153.75186
130.51146
84.80632
47.05143
105.00683
78.94974
109.82911
122.4092
121.81656
89.48525
49.882706
62.32497
117.038155
114.83631
130.57118
31.782402
25.434616
107.88823
115.09803
77.48056
99.569305
182.4545
134.88893
218.474
47.779694
46.227325
64.99788
62.10333
120.745995
80.871704
84.55655
82.23971
186.34145
109.72549
127.00364
79.64618
131.23131
78.26877
157.0275
91.85839
120.25533
56.15206
66.15813
64.77459
104.396614
100.12119
74.040115
89.4666
15.203785
130.30833
121.357315
186.10039
132.5206
35.758503
61.586857
69.13373
91.18505
124.878494
66.13416
48.48833
53.83304
35.635445
53.36869
108.63631
111.923225
45.40089
87.084724
102.85489
7.745971
43.601574
105.03421
50.285156
105.97854
124.28324
123.660446
48.21947
76.442406
142.34181
126.348785
87.34175
23.629864
54.963936
108.345985
108.14882
113.20505
42.07191
52.301952
133.4749
85.88828
55.839264
131.33803
71.67766
100.015724
95.43025
113.38015
144.19118
115.71191
70.73111
49.795116
104.08775
103.54646
142.84813
95.71546
144.50716
79.993675
30.814034
110.104095
97.797516
57.81313
36.041103
52.210716
111.549385
67.80075
84.406975
107.34411
137.57625
108.7696
234.60973
79.57641
64.45423
50.026123
178.74594
53.75075
38.911892
66.77648
42.769005
163.88579
74.27217
118.82318
31.946785
121.66712
171.77525
72.58033
30.532509
