355.4327
97.921425
38.33344
75.142166
72.24929
49.411278
59.298653
62.83386
57.438797
84.89767
77.40203
35.026577
47.55746
38.56325
21.342546
36.766716
69.77193
80.179665
50.80849
97.767395
73.52308
52.121017
16.419046
31.249453
31.480253
98.7598
48.056713
41.932785
15.919625
59.14814
35.12716
15.032585
46.052723
59.15222
86.48277
69.72649
73.263405
36.05223
44.455776
27.178444
60.702866
45.65944
67.352394
68.28979
44.405323
35.20659
77.09834
104.304276
112.307205
84.625465
60.128105
55.310543
52.063595
46.50764
98.87507
47.499115
92.79379
18.785034
8.093056
68.162506
33.195374
31.573225
94.80757
43.319225
56.389584
67.26301
33.450146
28.616156
72.8923
28.73166
61.29995
82.9734
60.317028
70.549484
111.13042
28.734419
79.34667
49.09419
49.357887
34.264153
51.23293
54.766563
75.539795
110.213455
61.16502
28.987537
39.503193
29.736965
69.223206
37.114925
64.48415
10.315535
35.358063
21.444231
41.356434
81.683556
57.7403
97.253395
46.802704
33.8198
83.573105
41.102352
78.913246
39.865074
34.848953
96.22593
79.75458
41.421364
54.620052
9.148188
34.631706
74.739105
50.447548
33.673786
54.980312
24.788824
94.2512
37.912865
46.74396
69.11877
24.419792
75.99767
63.18527
75.95978
66.97181
65.150696
110.406525
47.65377
34.040607
91.11813
36.03282
131.3478
63.07747
93.57336
54.333305
37.698368
19.661821
60.71543
3.5019555
34.49321
37.107407
90.717255
61.640278
60.525158
36.219837
76.81095
62.42425
57.412354
65.76437
125.40893
41.046597
41.994682
78.73187
26.658167
69.59034
67.48739
84.00759
42.398544
40.341984
41.05341
105.93721
62.230976
37.92023
92.75775
18.440998
76.96923
93.27999
41.25051
94.45275
17.043308
50.481915
42.51826
12.72242
29.529482
51.414074
24.340761
106.02316
20.871315
47.16434
50.64359
88.39994
75.141266
42.42742
82.88237
38.48601
60.973526
10.782432
54.59886
52.38864
81.372215
82.45596
59.650402
94.248184
59.1389
52.51099
49.647606
48.14145
69.9855
40.71573
63.319218
23.045088
76.91407
52.07572
72.57604
50.762184
60.727417
49.847675
31.322502
80.06329
94.37549
42.116
50.220627
33.31894
81.62604
74.57477
47.26173
15.862654
82.57976
57.47942
14.238648
28.947102
24.889399
65.568085
89.81948
56.558
90.290306
44.624966
50.25368
44.308575
40.73634
35.09326
45.947838
40.910152
29.939125
154.5309
83.29667
47.839947
11.383078
89.3245
106.38077
56.43256
32.839455
41.243843
46.179985
52.01718
37.01065
62.869225
44.078888
53.20738
57.723843
47.17643
42.284668
33.87359
53.76153
58.36226
39.892216
12.329364
46.31914
102.32217
124.78736
61.096123
64.696106
22.518953
63.333424
41.68312
120.826164
94.62201
111.15875
36.33883
65.55577
27.20746
28.11526
51.962162
85.47514
40.249516
67.53543
59.942818
45.556583
74.23968
43.89341
71.55527
55.13778
83.692245
28.740297
53.704468
64.66006
70.59761
54.994785
67.16127
60.241016
31.7378
59.67566
116.77727
32.66078
112.38306
36.333107
58.08976
25.356361
92.09475
40.8427
31.303679
14.683761
5.3275447
19.742304
49.37225
10.62816
36.789543
56.428185
55.72454
95.9543
93.52058
37.49634
58.18296
38.601486
12.090015
68.339195
53.00705
27.94027
34.71326
39.255306
68.68993
77.24499
55.371742
80.851456
40.333317
129.51111
43.693985
69.1609
40.296627
60.965942
28.673912
31.539719
40.891018
84.01985
89.51541
50.24432
8.190991
108.53665
74.02143
17.901976
21.067083
71.76422
63.509544
35.479053
66.24844
30.35681
76.92302
57.310863
60.503906
19.68521
36.282646
54.897396
66.47294
59.721264
80.43869
28.872255
64.43008
38.644646
36.73705
37.25876
24.58042
20.236181
23.082531
94.84203
66.056786
114.09131
35.727486
58.83925
73.497795
18.085823
57.21188
52.45625
52.914394
21.07782
52.193554
73.030396
58.793873
42.149887
67.20686
42.894363
35.66138
76.32575
94.39966
29.677387
33.037903
37.153088
27.998323
15.13292
56.046913
53.351475
46.369118
69.914406
35.386387
37.30015
83.49075
55.820995
63.47498
22.672558
109.01174
47.869835
88.889084
71.61735
10.539532
23.629805
45.250786
112.44793
42.60376
26.501856
58.43345
41.530533
52.711258
57.817013
92.93999
24.679455
60.84914
28.204496
47.667694
51.686947
77.99618
58.294502
69.99839
90.090645
26.199865
28.167925
28.449438
27.525202
38.469208
81.85256
48.72693
107.16761
36.320248
88.84848
31.294548
64.4921
70.3118
71.839714
86.96304
31.193108
47.37882
68.794395
59.5362
44.506855
34.31129
57.14971
34.82151
35.754166
35.235306
51.53526
55.578037
45.6404
14.235996
85.5967
26.473778
39.530136
31.877676
44.30875
34.471195
63.969772
94.73784
70.27802
52.283268
82.80609
78.358376
44.612534
30.357471
31.568874
11.714574
87.519035
42.3189
93.85904
57.45128
26.32418
51.48458
12.6349125
28.24951
27.362194
30.146778
45.62214
40.52829
58.43944
25.374079
6.0327578
70.58023
27.35663
66.06051
42.092163
63.591557
66.31523
27.265038
39.679676
38.908863
53.399647
38.576538
30.145613
35.25956
55.51505
81.258766
53.220016
45.504723
85.32541
80.83453
41.535328
50.26278
47.5904
61.590576
89.52981
95.50837
41.91223
98.23604
32.115326
40.2522
38.98016
47.268814
52.458775
37.282707
65.29548
28.212685
55.73381
59.36165
78.300995
10.608267
28.541828
26.390215
35.6029
34.677425
78.15275
45.15921
78.54647
63.355766
25.038837
56.418888
46.599564
20.213587
75.28651
63.82077
55.043533
36.663185
46.40091
27.004848
26.392971
39.70025
122.14997
36.06974
55.26921
41.867085
38.586147
38.964523
41.217022
76.968864
87.23564
87.59383
60.242924
61.37164
60.753944
76.02953
34.720215
106.04794
62.793144
69.80683
97.08565
20.417461
80.26147
43.16719
70.91757
59.992817
102.87874
70.643486
36.11975
36.940197
66.19726
58.64878
83.475945
75.60244
35.61266
29.565014
69.68806
116.22314
92.135284
34.730515
31.86608
18.15994
34.932117
51.9318
83.99993
73.57525
59.029316
50.294575
128.82567
68.943794
28.426132
55.659054
57.011124
31.706352
70.32519
50.955944
75.17786
93.40042
62.37974
49.48804
46.38382
40.105003
22.69074
52.249657
32.84386
65.99108
94.28801
94.69207
112.900764
90.338264
135.68713
50.02656
64.679726
82.78233
52.69423
121.18631
35.432327
28.91639
38.127403
37.80281
59.037315
102.7296
76.85
41.84336
96.01959
76.360085
63.318535
56.20291
33.65423
34.427616
49.212616
36.019295
45.1072
59.99626
21.702663
28.160608
84.807625
62.40725
16.721874
89.51002
80.75186
44.76299
10.952828
54.149643
21.330334
32.87899
30.10585
39.39035
102.74717
70.39011
45.912037
19.827272
15.970554
64.467255
48.27516
51.672276
50.24588
117.50213
34.368465
79.68563
38.880405
89.204384
35.464115
55.150494
62.08812
80.96929
54.14919
51.706566
56.548595
86.51099
33.037777
59.94372
46.589664
39.269886
32.177624
84.77317
49.314346
58.437733
57.50963
38.97441
86.768234
124.891464
76.48868
43.36806
49.317745
56.82002
32.37776
70.875465
64.05062
4.870816
6.119676
62.712006
55.914253
12.938088
27.731688
15.894714
119.22124
25.955551
74.70717
51.85416
25.774569
71.299446
96.78763
67.417885
30.643677
65.8565
46.709717
50.705303
35.999813
38.421364
40.55029
43.66555
31.156563
44.574085
32.153698
21.117718
14.023668
7.7068763
67.45328
82.57198
44.761406
26.876183
44.732742
38.319595
52.737617
72.47296
34.88203
85.9741
45.898415
28.85752
16.73571
27.281204
31.829351
105.66908
68.83499
49.506573
11.121086
13.28319
37.196095
79.1243
55.094303
23.446556
65.42567
31.34193
50.254654
51.672916
74.81092
41.413467
50.332165
20.162922
65.43135
33.48855
101.51666
57.99635
72.61313
15.605206
51.237095
37.976357
60.90236
55.19118
46.373024
51.584213
47.746826
6.2765617
51.06628
21.659906
12.6279745
50.08162
105.88578
23.429205
60.758644
37.72496
42.936893
41.57666
49.49138
58.150135
82.70477
30.913103
25.952333
93.792145
45.00406
53.707867
17.27404
27.989286
70.934044
18.94371
88.96621
48.188248
85.31801
46.356346
33.488453
56.24504
52.752617
114.408714
94.531075
39.91052
91.17922
36.650818
78.15322
81.344086
15.270753
60.78964
3.4242373
33.778854
87.82895
86.55878
56.47906
46.87831
17.217304
70.44813
92.062355
71.86057
48.245396
23.22079
72.90047
73.568886
80.61621
55.99922
89.35205
15.1312475
22.842293
24.212566
43.402344
61.846703
69.84557
49.992306
84.76762
34.83302
39.66715
46.418785
55.375874
27.457788
113.04298
63.57698
59.378372
32.336437
99.91783
43.798725
93.85538
73.30435
129.10272
12.233849
42.616608
31.94725
41.182568
43.1238
55.35344
67.161835
40.710926
58.048317
61.139862
94.9862
51.11305
40.091698
67.32552
38.135227
51.666637
57.480118
62.753628
92.683174
102.56802
130.65529
109.89924
107.49805
53.88325
32.941216
20.67986
86.24497
69.141106
17.548742
21.268335
69.53823
60.88105
54.69906
30.49906
43.490868
48.21703
75.91236
50.197025
86.31305
25.3863
67.23622
48.921547
85.06293
49.732864
32.126038
53.636826
38.162674
36.920513
60.076527
29.926712
81.991905
41.87231
45.053467
25.079407
54.639908
20.81432
23.131548
26.716917
27.554382
107.11439
55.25052
64.16965
42.217953
37.166924
85.54188
29.857203
37.86399
33.10622
69.556694
45.98084
72.17108
106.47427
48.097553
38.618626
66.63784
68.421646
39.51604
19.420952
58.384274
66.00494
51.316757
64.843956
104.62811
49.676212
74.13352
96.263885
53.169605
76.50198
38.78519
32.63634
50.48294
52.41609
77.47989
35.96968
9.978927
71.59155
64.95043
41.630516
117.05459
64.07723
95.39911
86.983284
57.84354
103.22978
17.077063
30.194553
25.962988
74.810455
35.48579
45.92363
46.17154
79.14466
67.46781
69.74477
46.206512
46.092846
75.82237
51.483868
40.303146
35.290565
77.01812
78.76037
41.175636
53.119335
22.141855
18.96151
55.17833
42.077812
20.125948
69.51336
21.404116
42.055614
37.210308
57.68698
85.09867
83.5796
26.623676
56.93926
21.395796
34.51576
11.667607
39.20766
29.860895
132.32571
102.69288
30.253733
73.80277
46.677635
27.596516
40.595306
31.340588
60.31035
73.728806
23.740671
79.55663
56.549854
90.83876
66.08781
34.05292
57.844227
29.886795
94.88629
62.4758
19.599693
56.232254
85.585686
11.114706
23.033403
64.51506
55.238926
78.12163
43.349243
83.55696
64.10475
41.35404
52.985886
75.30601
24.17229
49.81948
44.00103
37.630672
94.82681
88.97105
39.75025
51.418476
73.04296
50.80562
84.32307
22.571499
31.840017
63.521645
32.724472
42.961258
82.54461
68.32819
78.38946
34.614033
57.066586
73.48335
127.07974
63.359764
58.130184
95.02501
78.95602
115.27644
71.45191
24.529358
55.200855
69.53173
59.927143
28.113491
79.94824
57.89248
72.40981
60.336205
88.27795
80.006
53.705162
32.756397
67.43548
63.13175
19.817232
22.106516
36.437874
54.554527
62.880516
62.90278
80.22472
33.760815
87.59257
45.89164
63.18107
75.500725
35.45961
111.65024
60.201344
100.49213
27.889698
17.782354
41.68668
66.733635
64.58624
38.983738
26.164976
54.364468
116.672714
88.90262
40.834984
81.62004
50.405132
69.42653
32.36006
35.562202
113.501564
71.20545
76.14325
56.194637
54.50073
16.76651
29.602789
20.777065
32.83231
44.80875
53.977295
42.45991
40.529205
96.15025
49.681732
41.567173
49.05511
27.000677
26.971272
7.344182
56.410973
25.448153
34.30059
48.30541
59.70701
50.087246
86.42865
64.46952
54.10695
37.421185
13.219216
54.91151
45.101974
87.41037
45.33669
36.843185
48.43836
64.777405
65.13364
56.28399
67.25515
62.0813
47.954525
97.537735
41.66091
33.650326
42.06677
65.429855
35.9948
59.841084
58.364445
40.253765
45.270382
44.691216
23.258883
79.601814
29.455479
54.62059
26.686579
97.253235
45.04613
59.884354
78.354256
68.52826
13.5991
64.41761
20.82889
58.170097
38.743423
43.96169
45.888077
82.75384
89.54763
105.20246
62.205307
38.006016
67.359665
67.89182
70.062515
48.11822
28.589828
58.83479
62.9511
62.362762
40.676754
30.690107
54.70091
45.373375
89.052635
57.022903
47.385143
39.11053
70.66857
52.696293
79.22604
108.69176
100.83737
67.34283
41.813965
113.19082
30.458254
37.392433
24.452717
59.28367
54.087646
7.7826567
69.79185
37.636646
22.94387
54.527798
86.99722
35.23735
73.97621
19.210382
69.56785
61.729977
70.02423
68.2473
66.20579
41.504536
46.575985
44.91418
38.865757
37.885746
25.367544
53.536552
62.415863
107.74336
62.381947
40.379627
37.95705
56.475285
57.654854
25.020454
114.145515
44.006447
29.968487
46.025238
26.46653
31.10935
58.116215
37.112816
20.51579
42.69836
21.86641
43.994507
53.231808
51.202396
11.030452
40.86912
22.153091
61.392982
90.81989
63.919388
67.883194
79.60025
33.5008
77.82146
26.967564
43.870605
42.579838
95.27
50.22686
88.16291
79.97704
98.59717
54.67304
75.58539
30.166603
39.053604
46.750664
100.741
38.799927
58.78177
67.13355
62.110905
32.46629
73.8048
62.149586
21.998213
44.219604
55.44293
49.609512
22.299555
27.908484
49.26078
68.17386
73.49084
66.53823
62.87126
6.4971967
19.653059
60.19088
80.82075
129.77863
48.98867
48.719868
74.02481
56.62287
69.93551
79.095726
68.9908
102.40981
94.182884
17.037085
42.72306
63.357475
38.018936
82.12956
38.87864
28.410072
50.78111
36.101
72.14785
63.98645
22.322083
44.636684
79.48452
54.849213
60.58184
35.411987
102.99826
80.94379
106.694786
86.22999
98.00784
95.9412
66.53653
96.258156
46.2507
66.31252
64.6375
43.18332
92.11856
77.53801
44.768467
34.894073
20.741995
90.533165
20.936968
39.27468
8.628003
55.901608
85.73999
39.876553
41.477238
102.12951
69.64951
74.508934
55.724926
44.39033
72.690315
19.64287
35.480854
59.606556
42.933956
53.853737
56.408295
67.09427
79.126945
48.98752
28.656532
31.820839
32.755096
27.60288
32.335316
98.53061
102.841774
63.42322
82.19405
77.30355
45.51051
35.43491
96.056984
71.81218
24.959526
46.21509
37.26559
34.571438
52.493362
106.236725
81.06186
59.377724
32.04446
69.928635
34.646397
42.57793
21.300177
36.43974
9.647002
57.90313
26.443987
60.79188
42.014034
88.35826
52.896416
67.90159
85.11805
103.04499
63.99188
45.58525
48.799706
55.025448
36.044594
75.51189
71.848366
74.75191
42.278763
38.30389
62.128754
24.932302
35.848373
75.50574
83.505135
69.02522
89.748886
58.98774
38.55291
32.25521
82.666306
73.11119
118.18569
71.891106
87.14962
50.97838
64.59831
68.16662
77.82139
30.98869
53.705482
88.45432
77.52587
31.452282
73.01603
20.439606
16.030281
26.058304
69.16697
78.78378
112.29169
33.849438
44.46954
74.66122
34.248627
30.106857
85.311775
47.328506
76.83413
59.416824
37.32329
24.069246
38.219257
54.073753
38.49116
61.538254
48.99209
27.929193
59.87349
81.088425
29.882837
23.834806
69.1174
108.52111
54.544724
49.34234
71.175835
106.79432
107.63381
20.161005
52.80355
43.49355
58.64608
67.464
14.333166
133.38551
49.874966
56.89438
26.507278
60.030746
41.248672
34.161266
45.613823
57.213547
59.422432
67.51853
87.69333
41.770905
17.92352
26.261318
66.88138
29.016003
49.34041
67.28509
28.620432
62.9131
20.770275
48.702625
68.01295
60.099873
37.834797
46.53167
38.272644
64.750725
32.573517
14.7816105
93.644035
76.3454
26.505674
45.668724
73.32678
24.320412
85.905876
9.05105
62.74492
77.91189
56.07466
60.04518
47.08245
88.26246
33.27174
65.027336
25.103628
64.864136
74.50844
38.57403
17.129313
53.06588
56.959522
41.271034
105.37544
44.396553
44.091675
70.96463
50.422665
39.801586
59.81529
64.73527
30.89319
34.418194
34.88453
59.15573
43.655697
29.85845
126.784744
16.043493
25.243916
58.524445
73.54728
41.642467
84.85543
59.15546
130.3874
15.2333555
61.163464
82.13873
46.10087
31.907793
101.20064
21.786455
102.966125
137.94511
60.854427
17.751202
73.81894
79.219284
49.68666
38.04973
94.99159
101.70741
35.50003
112.28899
76.789734
141.79976
78.39594
46.86229
120.56735
32.592052
10.535951
4.801817
79.88626
86.53882
51.52204
86.18918
18.693499
22.43642
70.24804
50.11992
43.040836
46.142387
64.68591
16.422321
90.573074
109.206696
94.959274
33.05822
46.82269
54.161137
51.57336
57.5346
51.264717
71.167206
78.6598
24.639206
71.47141
56.659615
66.768456
24.531763
60.28339
136.15416
52.254936
79.306946
52.88447
21.156982
21.137165
28.909626
124.73719
65.47512
114.865944
110.44101
66.04291
78.93526
93.857735
106.08883
100.51471
105.25562
37.51191
65.545265
57.710636
67.71158
38.222878
64.157425
7.8214183
21.345274
96.5898
82.60048
110.126
10.764639
20.966236
14.463635
72.43598
82.95951
28.378017
59.67467
61.29045
62.15109
89.523994
69.72072
109.54747
19.30684
86.37308
38.202023
23.439835
40.646652
84.00716
47.85866
39.227467
65.21211
48.629864
57.871983
58.2372
80.35516
72.648705
40.634926
77.54295
46.539555
91.585266
46.31538
92.813156
81.39499
51.127735
59.026733
18.216963
38.526306
63.160233
92.59927
60.670948
78.63353
70.85816
27.269583
44.53978
65.37215
101.079544
27.007193
52.525883
19.846544
106.66465
22.274204
87.20322
29.22921
36.014004
92.728226
37.102955
61.046913
55.82574
53.406284
49.300156
81.77057
95.383255
43.01404
21.20882
107.98304
97.38591
31.86806
71.361115
48.577583
36.234764
22.530926
28.394566
26.207668
9.194052
41.531185
73.12864
66.24423
94.60858
86.99616
42.035103
58.657494
43.38712
83.22335
39.793743
32.798145
29.339453
12.094333
44.53493
78.34394
119.91238
85.56021
99.792755
40.827477
72.991234
21.051062
24.88692
19.529692
59.788746
55.426216
62.954647
41.09762
88.80156
106.18552
18.406725
50.98684
45.885048
45.721783
100.358444
65.848175
109.92154
61.6668
96.058105
27.340557
36.827095
60.421825
19.5318
12.588689
33.480526
13.541473
51.91549
47.16975
51.394268
50.09788
35.1369
44.06124
41.02044
115.38341
96.96624
63.34343
39.923836
39.33465
34.536243
50.171173
28.66094
25.998735
46.64231
30.358608
61.664215
81.46916
11.996121
66.4587
51.577095
51.47431
65.53756
88.43523
54.814816
35.121216
75.722626
38.89818
25.359808
55.260807
28.339495
43.048706
83.44063
51.53847
80.44828
69.421165
69.73525
80.60656
32.08991
71.549324
36.188515
74.52244
22.879055
74.46577
27.817394
87.19338
79.51987
26.228926
83.02498
75.80746
20.036926
41.44252
49.805008
72.52509
47.87033
103.6168
149.28497
105.9375
33.191544
81.18784
64.66559
130.47295
79.2848
85.56902
88.98855
10.665479
64.66293
72.9292
34.6953
63.941395
68.35124
60.83818
33.10528
85.67861
42.180283
94.48082
94.678986
41.920666
78.17562
104.709885
52.73579
25.490633
16.18052
30.727009
20.545046
32.510742
35.316677
40.996273
8.414048
15.94802
12.858411
28.865828
28.715944
36.616783
8.582731
26.508167
65.930504
27.785416
32.066715
74.23947
96.85082
71.43671
51.66816
30.6386
20.136679
86.48948
33.474842
85.51101
26.339085
37.22161
49.15782
105.14744
88.79803
39.32233
26.674576
89.05956
74.51761
87.5888
69.58338
23.385534
66.925316
41.42735
90.34947
67.14282
77.41761
62.975723
64.98135
28.045408
77.3262
27.242905
24.075096
54.521427
69.4791
50.792007
70.63419
37.80012
53.525112
8.393269
51.561546
29.59443
41.755436
24.816975
37.246986
35.950146
60.25593
4.7905025
54.84724
49.936577
25.523466
56.06603
29.014952
51.59417
98.05478
69.630516
66.50718
78.74938
37.058613
50.65786
68.312584
44.783775
29.75892
24.865637
45.046844
32.70455
97.28227
72.606804
50.79775
38.021427
78.77113
114.96805
43.69357
81.85076
40.79762
70.61746
36.027184
67.53093
70.17831
49.55633
94.31602
35.82708
63.07694
22.86419
17.371252
85.63501
43.703247
26.17146
33.85196
33.32332
77.652145
67.27015
49.619152
23.962238
93.25367
79.04953
38.180477
17.419786
64.072845
48.002647
55.517685
39.18086
56.92624
69.05148
70.440475
75.584785
68.66629
81.34174
17.2572
102.10138
8.08021
45.013687
54.344936
31.247248
34.961037
53.214317
30.008884
24.95562
49.31679
42.02045
74.88952
13.694445
67.01605
68.09608
77.22938
38.49004
31.122574
53.800915
68.451065
74.864975
44.179935
29.026789
53.391132
15.610186
50.863285
73.24873
41.90452
16.199501
53.744217
80.98655
41.04478
53.97989
78.01732
67.07932
64.53264
22.936213
42.665382
41.268276
96.50366
66.71835
103.80426
20.17826
29.636833
33.81149
89.82524
42.653282
67.05471
21.449213
58.95857
83.856445
29.965448
63.233086
44.65532
33.12757
37.522747
62.387115
49.78027
47.35748
23.08584
77.258156
55.767548
46.801804
40.026283
53.179756
77.50937
29.228548
47.854538
32.634605
34.21032
49.40921
16.673971
76.052505
89.872246
67.41079
21.530447
43.856556
36.6515
60.51831
62.39702
48.469044
75.748
42.40395
32.3738
25.95287
85.481224
59.4056
18.965528
28.105225
32.49275
23.66063
48.41073
84.009766
53.66083
53.94904
39.744667
85.82268
16.03167
23.169456
56.85289
68.87149
40.42454
95.01542
48.910362
25.758615
79.71327
101.27941
76.95001
19.347672
42.512516
56.141495
54.644787
83.164276
27.471783
91.64104
48.05387
71.28748
72.23756
51.35394
71.06167
74.38323
62.337257
45.72375
62.082066
66.507645
56.242477
39.260433
37.139103
86.64539
68.82738
54.58526
49.95353
28.860037
33.161163
74.065315
22.079134
63.49378
6.9878817
45.182995
20.401333
55.2763
7.5822253
47.87099
12.485073
62.02062
51.841827
61.389984
71.94546
71.13139
77.28471
63.223595
38.406326
18.881056
65.414406
56.763805
78.38881
41.054108
61.9585
21.912195
45.855854
49.907387
104.532135
43.3437
39.664936
11.560338
39.37715
47.562172
67.69438
38.226295
32.45419
54.065872
52.43482
89.19614
95.79767
22.357632
69.08176
55.33354
42.234398
22.307327
96.793144
49.373466
88.713936
21.420069
51.40343
47.41676
35.738674
92.82733
79.18097
53.300323
58.89003
40.806683
55.170082
82.18499
50.784195
47.345673
57.443295
87.80421
80.622475
76.07981
12.988617
51.29965
31.458397
60.94282
38.208385
45.19191
68.36824
20.029037
39.39907
36.965046
77.6303
51.42341
70.70649
38.780224
55.975014
11.185307
29.797268
51.04424
89.30302
46.186924
41.695213
52.42093
41.184486
36.266197
24.141756
61.28181
63.03669
46.617477
97.18984
60.047997
26.739336
74.32727
89.41811
55.190727
47.015305
26.350628
53.870636
30.042126
74.47568
38.23186
62.2352
58.73745
26.663733
18.88119
100.76901
42.89952
68.89428
96.32513
65.71663
80.56697
72.30918
30.497509
41.0334
15.638576
21.784948
20.04325
76.47884
78.867325
68.907684
34.686165
93.28742
18.946325
32.381546
59.789894
53.22391
42.30574
92.79802
52.007538
43.287907
46.21158
50.104515
97.96495
37.973103
50.827374
94.11763
81.37886
57.60925
40.790173
27.255377
37.53181
39.65883
34.635147
45.50526
99.458466
47.225933
44.25504
46.26222
49.3298
52.017567
7.178813
69.832245
64.89097
69.38748
72.23771
17.892193
67.123505
50.333187
101.051575
62.40784
56.263584
52.906757
23.33931
19.586647
77.06674
48.036476
36.55781
58.372696
57.92393
100.458084
42.602406
42.81147
70.23697
67.92598
32.504
49.036667
54.436188
139.17783
61.970837
123.84433
54.208805
56.48873
36.724354
74.01878
25.150616
37.589264
64.135956
35.59264
32.102684
61.86626
30.21364
65.1362
67.86831
64.67501
71.107
78.339066
42.564766
117.38077
38.348373
38.251846
32.173122
32.93275
64.73639
31.476734
60.606922
36.313282
94.172516
65.24355
66.68493
8.71365
71.23716
40.002125
54.626343
72.162865
74.94375
72.524704
67.19715
21.490713
42.611084
91.123055
73.23477
34.340145
103.063545
48.745792
33.386356
26.935093
57.789574
60.764652
31.657106
64.008934
23.494175
89.30764
77.43397
51.586723
99.704
122.04911
77.17415
32.07674
79.87731
48.195362
21.41672
77.12498
41.396347
33.513954
54.794865
40.1697
32.054737
75.586624
89.040085
62.801037
74.044014
71.30394
65.50128
45.149395
72.13244
78.55522
45.209217
54.26737
55.232887
71.416534
82.86785
56.621128
42.704758
21.918743
62.959476
68.08254
53.24777
60.761776
46.19726
44.6166
30.607546
51.4833
30.881136
93.4858
47.216564
35.610313
58.018887
19.297344
75.021286
31.504532
79.189766
28.703745
96.48072
89.90805
21.540257
29.790745
50.53828
60.13822
59.94704
20.273617
42.980434
68.83228
31.352127
21.116796
67.83034
26.584194
54.153774
52.232445
65.16144
80.42959
63.558697
61.166718
56.662613
56.987476
48.033466
39.088882
60.432606
42.889088
65.72152
32.38325
96.328514
118.54684
66.842476
81.197205
30.192314
99.85705
69.4863
57.734344
49.23545
57.357174
118.80493
55.30756
36.514816
61.666126
47.477715
50.111
102.3819
71.89409
74.0768
58.83828
51.63093
22.23912
65.42452
65.23387
85.65749
130.04233
77.48229
48.59224
90.12985
75.99492
36.60608
77.99729
98.93714
69.466965
67.765495
13.045858
22.637196
36.62554
59.766953
53.01191
46.034477
36.363186
45.55985
24.108242
42.25185
53.934135
60.439884
35.964333
54.344494
70.1979
38.16422
29.619106
53.762276
71.651054
16.672514
75.53424
107.07968
38.072086
50.987362
32.293747
34.079807
32.26101
43.73085
29.409395
60.463226
58.801537
58.829845
60.74529
48.953384
78.09036
51.89755
66.83884
100.602165
93.58733
66.147606
46.887543
52.931606
66.128235
36.398327
81.217636
32.74053
33.247887
26.096272
88.61498
51.41018
58.46878
46.381783
72.15197
93.90541
74.272644
55.889282
96.842064
52.527977
57.354366
37.76167
7.384267
34.067463
27.843496
64.3169
41.653603
50.857826
31.98562
51.333046
37.19998
33.25285
54.021225
35.24654
55.153214
41.49128
36.537327
64.10369
60.45437
42.197742
28.156994
67.06908
64.574135
48.487617
27.03277
19.367952
84.0391
56.05722
67.65961
42.129356
43.48424
18.661585
67.340324
46.358673
56.434967
100.343956
99.39184
22.207989
83.92641
65.31907
50.357315
32.367416
47.682682
97.892586
45.050323
120.33554
34.115726
87.69722
36.983395
68.52192
79.34568
25.492886
54.051464
73.51252
104.46924
101.03836
105.82903
103.32172
90.51757
106.6315
69.857765
25.007822
21.48021
84.64381
35.149513
52.378708
46.366653
68.08387
16.007652
70.02507
42.235073
53.24354
69.65954
36.59578
88.938934
69.81996
53.119686
9.923073
61.74037
69.46926
49.843468
66.45614
56.664745
37.378246
19.40183
45.251152
40.15998
51.86391
42.90443
65.04002
18.272652
50.130478
82.156136
59.840977
42.29001
32.597626
34.708237
89.66674
19.137602
50.12272
61.677246
64.49642
57.233746
62.744198
36.967026
74.55407
59.042606
35.29231
39.34176
87.04577
33.024982
77.46946
74.16604
68.487274
107.2448
85.67044
16.398653
75.54197
25.437233
89.27135
46.78653
27.845325
48.06086
60.211502
48.312325
51.88002
13.068664
83.194115
31.718365
52.716816
48.15064
109.555275
94.31949
56.221504
50.33355
54.948223
134.68748
37.981007
7.322063
92.79892
34.09491
73.99308
70.004875
44.966263
37.148712
32.678864
58.248085
84.39407
99.47363
110.28131
66.2905
4.9684906
51.50806
102.951996
34.15875
75.253654
84.27404
26.015291
111.76691
44.87695
74.893166
43.515045
126.44182
40.699413
57.46715
73.144485
48.716766
36.765923
41.594513
51.933075
55.19137
78.38173
28.342155
15.582275
103.111885
34.97707
104.861595
40.608566
31.057705
40.893105
66.51779
63.88613
41.415718
82.395164
85.31043
60.28101
55.44531
63.791397
36.878227
6.152251
41.076626
48.348705
51.894432
48.4383
59.478355
32.973106
30.363537
62.407856
82.626465
62.439125
57.938644
58.14804
63.520283
81.0429
57.074318
72.73225
63.948875
49.17187
84.2024
72.09332
58.538906
68.168304
100.80158
100.81195
86.22159
59.050724
21.594193
47.18087
45.106876
65.06601
102.79789
80.77591
36.73364
72.69166
56.425987
37.188854
57.619194
66.30135
45.001503
26.941057
73.21209
70.408005
91.84986
50.02893
55.415283
99.59744
20.470083
43.644325
24.779966
57.846695
54.49646
69.88289
46.816063
39.727013
49.368126
78.28523
21.127722
48.18331
84.66497
84.68104
36.929535
68.54636
32.1209
32.210968
59.531403
44.51372
79.675644
39.081547
20.872105
33.840916
25.285175
78.79859
62.389225
19.254786
74.20662
101.8483
52.993584
59.1965
66.12505
82.518654
73.01585
42.757504
30.76078
36.806496
51.56147
83.34957
97.656136
92.79284
16.995441
28.157738
67.6071
67.87893
73.39199
33.923843
54.253487
80.47864
96.442375
50.63064
75.28349
26.515345
24.282896
51.29648
50.538227
51.2966
42.972523
38.935875
47.897694
57.793106
111.59748
36.379875
62.73389
22.036736
104.45993
89.112175
45.080093
64.377815
26.464207
14.699723
27.178356
23.24256
23.156101
77.78651
22.189547
43.307053
134.27136
47.722214
36.555363
59.381046
93.64324
42.51541
68.012314
75.88988
38.854893
30.797302
76.338036
55.11991
40.213287
40.274952
62.943016
92.53884
84.06265
55.30509
108.70444
87.67514
92.3133
62.107582
89.966736
57.061142
52.313366
38.521038
71.70437
60.00648
74.72889
61.015846
50.273453
74.263336
56.53198
21.910864
28.274578
31.346575
60.46014
63.788788
102.39617
62.494293
62.329105
38.432194
10.711373
29.622732
47.97534
68.230965
87.31453
49.009388
69.99447
69.11308
52.04501
29.977196
109.104065
65.64607
71.94079
11.123704
36.211044
37.634975
47.35212
11.687948
80.6678
68.49295
30.240967
26.953547
92.66783
20.562849
103.349815
77.357796
51.017242
72.896286
75.050865
44.03758
42.071075
53.345016
112.74226
75.41617
58.015118
93.500206
57.723877
15.56316
78.59522
45.437836
91.002815
51.81325
41.961044
22.559362
67.46302
53.41855
37.90991
54.64113
75.82134
71.522644
75.04166
33.193386
68.7832
27.96455
97.9194
68.106865
24.656836
87.3398
75.786194
59.50465
68.80954
40.978775
28.751995
57.48774
52.96227
43.58686
35.833946
48.743126
65.75189
31.799944
52.397083
31.707834
24.718063
72.2435
73.72413
35.452106
57.069897
90.5677
106.02926
60.59678
73.87035
61.172535
86.7284
39.19767
31.530859
58.896606
44.95477
70.07177
24.58346
127.51651
75.68665
42.626476
29.616282
67.029915
79.362144
66.87787
48.482735
86.42467
21.065813
80.741165
47.39138
45.698612
50.09125
68.0779
46.485573
33.153675
73.88294
16.732336
78.28658
68.319214
46.140594
63.56069
24.305874
60.850025
34.90227
35.249325
63.153202
23.622356
27.863117
23.667974
78.17005
31.123203
37.13469
60.740532
66.79984
34.64988
97.99671
34.71224
25.721424
71.47234
147.68224
64.628525
60.828846
42.14247
54.320343
19.533476
61.739086
40.035748
45.81669
36.335644
42.556778
47.24324
62.051895
29.968853
44.183914
31.576946
28.973516
128.91762
44.486523
22.545628
38.912758
56.322037
26.780968
32.45086
52.224876
20.229046
39.03004
104.09217
71.99424
102.46375
107.69458
102.51078
56.685925
71.00349
20.991179
12.270721
32.399418
91.198524
57.483643
57.04696
24.228561
32.389183
50.36925
28.370855
57.567337
37.55184
27.64599
24.096453
55.053116
70.2668
29.295532
51.142258
59.645596
28.761063
30.257183
88.85532
89.02038
66.61746
74.03123
94.76574
157.28325
75.09564
63.785107
58.349728
95.40462
10.197558
13.893628
27.161133
43.106033
92.12543
41.683216
47.548634
60.204323
35.605118
73.89545
24.944153
72.4453
100.76274
75.306175
33.34024
56.973045
103.342155
62.068794
88.99047
48.772327
53.937134
47.850487
65.5785
31.374685
49.530228
39.459606
56.89863
64.06174
77.66246
58.081905
44.148125
78.01843
11.950466
62.349903
45.971092
92.391594
40.503143
81.723434
68.94476
50.89872
98.969086
45.67004
41.687954
28.663218
39.036766
39.96544
32.113575
97.629074
35.28657
61.229847
92.06003
24.025213
17.290556
12.342498
29.76069
38.52199
13.417323
39.027954
42.772793
80.73308
68.10921
49.22531
43.4203
77.093475
62.384228
76.58609
28.012545
47.94474
44.234177
71.305305
54.918346
36.43678
60.330967
63.266136
55.69164
69.24632
45.438236
45.190704
65.28342
93.752174
63.73705
59.168846
45.012054
37.38327
21.720486
38.416046
76.6091
66.4028
33.41404
61.375244
89.486404
52.3553
93.70206
32.899467
48.755157
28.664047
24.58741
77.50614
58.660946
45.209347
31.6508
77.918076
34.722214
103.14715
67.74066
77.21128
33.98518
40.558586
42.930733
36.680588
47.083725
22.1301
75.7089
54.301884
52.328487
65.04748
63.6546
31.445684
68.52375
47.371994
55.933937
72.73433
104.29303
45.698765
20.33004
79.4088
42.3094
58.85974
72.37348
53.237404
55.029293
63.679413
52.55638
105.55803
47.918976
46.07213
55.214455
56.944775
56.174503
33.59091
59.519024
24.207796
60.094345
100.01253
73.79364
145.22118
36.024273
63.415733
9.790519
66.160645
78.07037
55.499935
53.662758
59.40854
82.75778
55.753197
44.68073
32.8122
40.868504
23.353455
24.506592
85.135155
27.631968
16.857086
22.131584
65.824295
55.550053
42.849262
40.625282
64.48467
62.038002
42.86879
74.60465
117.20254
41.257423
34.537254
23.34056
26.67485
82.692314
52.501328
66.82843
42.561146
89.77106
40.040565
67.27552
46.8682
47.29326
62.80943
69.34773
72.194435
34.245773
13.4916
35.906143
62.644497
59.317883
39.54972
16.325857
93.29162
35.06881
114.756386
69.95455
31.043999
21.135653
78.59781
30.154617
36.736088
37.09514
40.97325
58.838
67.07856
68.40823
78.373055
27.179287
40.06635
38.25241
5.2376223
77.969795
51.895374
38.174698
70.21343
34.192596
83.42714
26.348526
21.36498
51.981827
29.670097
37.827568
85.28633
75.47837
75.35696
35.130184
69.0706
54.805737
63.27367
41.512997
78.01909
44.443687
72.895744
58.13524
28.23203
61.753334
36.125698
67.55716
71.25866
48.840576
75.896164
38.26416
23.551586
58.10487
67.95938
44.463184
94.40596
21.663153
35.817623
71.32768
76.12276
86.36789
81.73016
39.26147
14.844965
49.749004
39.54661
61.55931
68.600334
65.10428
34.073105
81.54121
79.557976
33.609657
36.07085
44.592808
74.72248
69.224724
64.70237
95.17842
66.2263
53.226498
57.280914
55.218456
31.231636
48.365402
100.65255
62.715405
51.551826
59.619263
91.69346
20.91883
101.15182
54.83732
44.395977
43.713
74.04638
56.991146
95.895584
58.748634
75.02474
73.067795
21.836077
27.632318
53.89766
18.82398
34.42349
27.009315
26.98378
38.137466
27.682716
61.482216
15.735391
5.8686604
56.42546
45.824974
61.6966
46.11724
54.33813
50.556168
93.18859
80.76745
75.3745
30.29791
62.569714
59.140064
44.312557
51.67287
53.624123
56.37802
54.993393
77.175766
51.47522
24.28471
61.343372
56.256508
40.034794
40.440674
32.60871
52.23267
95.97734
102.09518
70.63045
61.57478
14.893602
8.30764
111.69185
76.25416
32.555386
83.98998
71.30247
37.1005
2.8580465
54.11502
31.402979
49.526703
46.905846
8.471889
41.41395
29.76819
80.9572
95.40315
33.086655
57.927837
54.556866
64.227295
85.78574
64.05526
87.31998
75.63426
21.290892
36.2156
46.134415
60.57695
96.85581
132.13266
57.478348
47.138706
79.83478
49.231426
23.50778
59.750343
60.150963
37.59184
73.94513
52.41924
43.92733
71.57476
45.20607
22.786497
39.61614
24.02977
88.0038
42.961803
16.858215
144.0788
40.082577
61.56995
100.02544
65.36732
56.031387
29.201689
41.02115
21.511597
82.87119
7.1659007
83.25244
51.078026
42.45161
85.78409
43.34661
14.574152
63.55359
26.008265
67.029755
78.46946
90.417786
67.97816
93.07795
46.87706
34.590103
26.600971
59.18162
97.33169
70.92272
71.81258
43.726547
51.663204
52.813984
80.38108
72.42101
58.541615
34.296173
44.65887
59.457314
19.956146
40.30892
43.37729
140.02342
51.64919
62.312733
29.666437
50.22588
97.71726
96.5307
49.678444
78.918915
36.103157
24.765842
22.519499
45.695347
63.361713
48.607704
64.131996
22.853045
23.952488
49.769726
67.180466
21.177187
48.660416
51.591198
76.72244
25.530735
39.107662
79.357155
45.463345
73.946335
75.35433
25.207485
32.378014
33.133854
53.03153
17.821749
59.73498
48.15069
42.954185
47.13609
45.232243
33.24736
61.24917
138.07756
40.2631
4.647391
64.35832
34.370705
46.84687
97.26699
111.125305
38.3816
38.99162
93.31223
30.485712
23.193537
49.159267
76.12913
31.932518
40.593094
81.3344
49.02778
58.63757
11.291635
44.822086
88.41956
37.10117
69.12227
80.89736
73.95603
64.38388
40.10724
76.59719
91.56107
65.306786
66.91145
43.2993
107.6646
55.159336
56.79375
124.7689
57.893272
45.804153
40.176533
65.02066
48.803925
35.244026
46.236996
41.733322
35.658432
88.726555
63.082325
71.259346
40.334167
59.25344
69.563576
54.698265
45.056362
35.937576
27.38543
63.23739
69.447655
118.32317
73.41391
26.636652
51.41515
76.45058
108.56603
82.85341
88.74958
73.845085
41.14919
39.59812
12.611585
42.044384
18.874544
59.28934
28.54057
56.26133
67.32342
78.45451
56.298603
82.4287
49.695396
76.36665
23.538519
113.21869
105.59606
70.301834
29.302683
45.210503
60.45864
51.163307
17.603708
50.605377
13.984176
37.539234
35.42781
66.76002
97.91594
37.580593
10.484269
49.545097
51.355392
23.709173
22.892525
48.83908
31.02361
40.486866
58.5783
69.75
84.33956
88.302666
62.582443
33.680298
57.824947
15.074786
36.15381
78.502525
8.068033
61.673676
53.07417
94.50207
63.78784
40.75457
60.339344
26.386736
64.98687
65.62811
26.010517
76.18729
77.33588
61.420933
51.82295
54.25061
76.42419
53.488476
78.327576
51.55498
55.626896
61.650414
24.135872
82.0292
70.161
65.141365
30.542229
131.77855
96.08887
76.17055
34.534096
74.13325
25.529295
33.28039
33.71465
62.045868
74.34629
85.047424
14.697938
13.6985445
30.689302
11.33278
68.369514
36.353878
27.91156
40.43628
60.950905
40.72859
73.05154
47.668964
84.82163
63.786644
58.92684
85.45323
52.957867
8.070161
68.205635
67.534546
52.18869
31.605946
36.269726
67.93268
33.0256
46.360123
69.570076
56.785778
87.17191
25.52987
43.053883
19.67104
64.14789
70.61957
49.9248
61.396626
21.253677
58.38851
65.251434
114.38394
55.024734
35.222694
44.722496
46.421463
34.802155
71.58132
25.577568
68.117905
16.887524
40.187977
29.425453
79.65004
40.439774
81.7869
90.54418
62.91398
81.276764
30.040966
34.236393
44.97705
58.350597
10.050808
56.011757
60.92496
55.01541
87.02587
34.16176
54.441185
25.88411
34.291893
19.735785
106.00897
22.694239
30.803438
58.8589
87.98541
76.439354
58.89098
48.97557
74.902954
42.338505
55.79054
28.591398
29.196447
41.332897
55.985443
62.50705
52.535034
36.73785
26.73305
23.513216
29.114439
106.9337
89.99553
82.217636
75.052605
51.243298
42.561356
76.23905
73.81826
47.3715
61.393536
7.582947
74.15304
76.88434
83.15338
79.1956
47.973446
22.710325
51.096237
57.230537
32.07424
56.05036
74.94438
40.025837
75.25496
50.05144
136.40326
132.83125
38.35032
38.84705
40.681824
37.005756
22.182741
31.25961
18.704414
55.66661
56.340992
62.28856
54.074905
96.23362
76.94592
88.52323
83.860954
48.981735
47.355278
48.456776
58.742138
8.052947
53.088245
60.25188
70.82675
41.905567
56.087086
33.070023
50.693783
32.016506
77.85536
14.106409
29.075891
66.36551
16.63271
24.151901
65.24208
53.192936
70.70229
52.359463
75.03472
50.57927
79.72297
52.324547
73.63608
31.143164
52.879795
31.678928
25.538244
44.649376
60.02361
45.803192
62.81624
23.565771
56.26558
66.71327
41.3856
16.445393
42.340664
82.33228
32.242683
34.6225
35.436554
39.24751
93.08035
31.438204
42.277184
50.13654
41.707474
25.233692
67.3639
81.599945
64.641426
101.44002
78.462006
74.46756
71.54751
71.70706
49.334103
46.778477
42.20584
52.537613
61.756317
19.785639
94.24152
85.50463
78.44236
18.940828
21.596794
54.520355
18.941763
80.62976
46.721004
41.83085
74.82581
37.704525
23.723892
46.611828
45.327755
50.673717
3.136822
36.34984
72.198494
32.13573
32.82717
60.872192
77.60521
49.60519
72.74985
67.45885
59.750824
77.84284
70.536736
93.560265
54.925003
41.132904
24.148527
7.096865
74.119484
43.55905
53.143665
104.709724
40.784996
57.85587
20.456493
24.843365
32.241184
41.148785
61.389786
33.512856
37.53633
87.86373
51.312675
45.749916
74.519585
78.441635
52.412994
45.492134
29.839085
80.71714
75.76959
63.702015
59.24479
70.05867
78.42307
23.032879
23.328041
65.69904
88.02047
9.062941
55.41304
64.381615
49.26034
69.004486
7.391161
55.84686
28.649092
80.353584
23.90419
67.3234
56.028778
21.702126
65.70815
56.11671
9.73255
35.625816
53.160397
69.55314
75.33075
63.169273
81.25493
79.959496
32.17891
27.464907
69.245705
34.829845
94.06514
40.837357
58.948174
61.685036
40.604523
107.206436
36.803146
115.48053
32.918655
46.441574
45.597286
118.360886
56.423927
55.50187
49.797306
87.39053
76.51994
79.6008
13.479589
37.463818
87.43847
45.035664
54.25698
33.10211
65.475334
51.263206
115.71512
27.33301
10.1875105
51.5963
63.928017
94.081345
50.700584
67.81165
60.38626
62.51294
48.92709
57.497368
56.574448
15.3660145
24.633678
45.219814
65.84266
8.155808
31.067863
31.66961
63.53505
37.816193
52.54328
39.51301
15.853891
40.745415
60.64474
59.26166
48.8566
55.736816
39.894176
57.197865
54.637623
84.204414
57.22041
44.57706
37.256824
39.531517
8.69273
53.080204
52.352695
45.78575
56.689693
53.30246
42.085762
62.386757
65.80548
23.297651
19.012362
27.3181
97.03495
57.524124
38.27025
64.9791
36.363945
98.23892
88.3329
104.04429
81.90036
53.08971
62.178032
65.079254
62.18104
34.771263
36.84813
19.879623
47.92057
21.790127
53.35414
22.775515
113.308014
46.81685
69.59163
79.833565
70.59499
82.54548
12.33868
45.283092
89.58962
55.848213
65.92319
135.96576
124.863174
24.256973
75.381935
61.299854
48.846222
60.025517
33.096474
19.530056
84.728806
24.24665
81.1996
34.69307
17.670753
54.867973
72.174416
46.535244
25.413023
28.609829
42.45732
68.905945
92.184525
46.002056
40.070946
136.6012
52.947647
99.650734
52.841976
59.7418
59.00865
156.02475
101.42194
42.701027
23.600985
75.04125
46.820995
61.93244
44.774673
40.57397
37.797184
32.732716
45.76454
90.130035
21.582392
26.747263
24.888105
34.49035
79.604744
23.295221
41.780285
21.365685
36.43422
59.05832
109.42279
80.62879
35.105717
76.103004
93.14316
110.18102
49.756123
102.50864
15.644296
24.343695
28.95696
73.42398
102.464355
74.135475
51.37594
96.02533
93.75767
22.722279
46.09788
53.744823
37.17697
92.743866
113.52692
82.05787
18.883804
111.17041
52.680573
63.811974
58.608276
44.77083
23.244106
60.918648
64.064255
65.99439
23.182775
79.38996
15.837533
62.70292
39.804047
63.1264
10.590551
22.600027
76.641205
81.68781
91.77617
52.54373
71.994415
41.13944
47.46086
51.03571
13.943096
44.622124
72.27324
73.94481
39.68132
39.512756
54.520226
24.492535
32.325638
53.265125
37.207275
31.451397
80.28828
63.67405
61.192368
58.869877
36.670853
38.457916
51.307064
59.10191
15.133465
54.56226
38.255127
55.708317
33.39197
44.194473
55.095936
91.54291
30.324003
64.3267
50.94978
39.243763
22.81857
52.088707
21.99712
30.477617
75.93189
30.421663
72.89087
96.34976
31.078238
59.000023
92.27579
41.955406
42.471035
40.83627
41.97018
72.3745
40.32376
76.041756
74.809265
96.88194
24.86704
55.173256
93.78625
29.907139
32.604053
30.601357
92.021736
74.90755
20.134289
25.039236
80.99544
55.149414
26.640448
75.27352
16.886297
42.781353
23.223082
61.288227
67.97391
58.784435
26.333101
105.28808
89.467926
64.83005
21.42271
71.24923
6.129307
51.979706
51.91469
38.004025
74.459366
83.111435
74.776
25.328054
59.967438
51.342358
59.062748
73.218254
32.23115
70.49038
27.683758
50.415417
54.980522
84.04168
68.86238
46.687363
50.073776
60.946953
35.97473
41.111237
51.93041
134.41376
35.5692
40.47835
57.409836
22.507458
67.067505
30.656244
10.665276
60.653717
61.795395
52.300766
72.66133
68.70644
118.90357
87.50966
63.115814
96.21854
13.154693
33.990345
42.381855
51.336006
29.82699
58.383373
56.60983
56.19884
35.676422
32.50664
46.2136
22.087202
41.479507
63.529896
74.19857
67.32229
57.58426
66.60806
38.08853
53.033913
61.29489
35.257904
68.222786
166.30524
89.33959
60.24983
37.047665
15.437757
73.94864
52.50527
69.95286
70.03311
107.324524
43.65582
35.635513
50.937138
63.59387
102.9569
54.63143
22.659796
23.050575
51.632027
33.721474
24.432432
46.659447
50.130314
40.923702
21.621801
41.303402
26.990728
58.502247
75.05318
27.077564
43.004837
73.53975
41.656616
67.03861
33.155857
50.463203
76.490295
63.118465
52.15207
14.906969
9.001012
23.137566
42.152187
83.21509
56.947754
27.351274
54.609543
63.897755
57.39987
59.04934
65.656
43.60127
34.78311
47.774338
106.86432
86.88045
112.485504
18.66677
33.222836
53.828236
100.24028
27.74585
60.180676
12.424255
66.44221
35.314896
52.264893
24.998804
77.47488
41.96453
68.17218
61.60693
86.02922
87.98836
75.0913
31.415857
37.65982
45.087734
33.127533
31.789185
39.915848
33.7887
36.60773
39.9478
30.813374
17.035107
21.95947
46.832306
37.410908
53.120235
26.200464
72.75093
37.63532
60.05913
43.18267
22.02505
55.294067
67.44156
40.977974
51.3921
78.625
39.294624
53.256237
72.024506
16.666904
98.38165
46.322254
37.74152
44.87252
58.032032
21.138977
137.87411
58.32628
84.26881
54.29019
45.756424
29.728474
73.70041
59.840546
11.578151
62.685947
29.929295
59.6569
84.365524
82.94931
25.45155
38.61448
31.889904
40.374897
36.97626
65.826126
71.505035
22.912693
48.760826
68.707146
62.173077
19.071606
45.282906
83.83331
42.137188
36.76502
34.786976
46.491634
54.60285
79.93661
67.47509
71.214264
40.356678
62.614918
82.831894
55.14757
54.22179
47.938587
75.42871
63.547836
50.045414
94.041214
57.496307
29.282156
19.925137
29.450413
26.144756
59.291767
70.78442
59.303543
55.747005
36.779846
37.609425
33.47485
33.2915
97.44682
46.891857
61.524166
126.79493
121.56564
109.28086
77.86124
37.01853
54.91162
45.323143
44.886417
35.917355
33.915295
56.230072
68.1547
47.113007
68.33776
31.485167
74.238495
34.08352
73.08422
44.41597
72.98619
11.750732
42.885487
55.607113
79.06545
19.848402
20.467379
39.316654
94.13339
88.23005
55.085045
39.605854
39.26371
29.337658
52.7718
75.24898
54.474808
38.31469
67.14649
48.279964
75.62254
53.784203
64.94651
74.60628
26.329258
33.855236
29.742687
46.373203
51.06184
59.338226
25.971458
44.65433
43.133125
14.255767
25.791643
83.68568
8.957826
153.90512
80.09425
53.01754
76.89004
26.243498
16.887432
20.132786
45.830605
123.140686
53.39853
91.75162
72.9468
70.03442
44.591026
78.16372
47.89896
35.036846
36.400555
79.11332
77.37337
79.43832
47.855057
24.446999
47.45481
75.00524
103.60303
57.829853
53.15091
48.90827
28.669487
59.732853
50.48111
27.028692
22.531494
69.17103
46.35208
60.994564
60.05232
8.720644
64.209305
36.87756
67.41855
45.041683
61.908924
37.190914
63.089825
29.98884
58.15524
57.346176
59.61189
29.01989
56.070545
90.53893
20.546412
13.677569
87.84522
64.049385
4.9444633
18.817032
84.011765
59.60527
72.014084
57.0978
38.572315
22.52486
80.17816
61.378918
20.108068
55.10501
14.493021
88.67623
68.933556
72.9634
28.502243
51.417133
69.605095
21.798784
111.427986
24.574802
124.05636
70.63664
67.5451
24.86302
110.051414
55.354225
102.95755
28.520693
11.63903
29.03294
28.3099
28.821394
56.846577
74.39324
8.347234
28.482986
19.78128
52.61939
105.35759
38.688354
61.46592
27.33448
42.28815
23.577065
21.880566
42.05603
65.9254
62.776226
41.004204
79.85445
65.108826
43.980385
54.44463
82.73587
88.148125
45.153492
38.988636
77.42354
26.309454
49.610153
48.967075
56.44416
14.712473
41.83123
59.10706
32.621876
46.57545
51.45007
15.098336
32.88005
31.625822
37.962944
34.95759
41.572544
100.93515
43.601303
42.977676
72.16747
65.822655
24.766651
10.716042
51.607437
59.180313
84.92386
84.80665
74.46835
32.22648
36.82402
81.36485
44.249924
58.35303
78.9025
29.402475
27.046215
70.301735
100.939064
10.249897
12.061933
50.324356
100.451004
66.063324
62.73774
88.52983
52.012623
46.927624
112.29548
58.46821
64.42537
58.01447
76.058945
82.1234
46.44592
59.81961
59.051407
55.573784
57.45937
29.83305
52.13774
47.525467
67.75288
16.484434
33.745316
52.343693
24.186417
68.00326
73.10192
82.30674
36.57851
42.673912
66.493744
100.223236
123.98921
44.358078
55.912098
92.58552
89.206024
15.843562
26.903513
44.727528
61.384865
40.098927
86.353645
33.609646
61.888084
51.953136
72.71181
78.36389
80.92148
67.95751
39.454185
20.31951
32.758102
7.2512417
35.687527
57.117416
21.102488
67.39842
20.831314
56.884003
13.628827
45.992867
26.260645
24.506275
44.5591
54.808784
62.567417
38.94122
62.15435
32.557846
41.0505
28.521194
65.65212
11.305594
49.389385
23.769066
75.116394
32.524467
54.183243
47.85286
28.84341
62.382328
48.46653
107.77497
63.67957
25.70803
38.341076
75.10583
76.966324
51.678993
40.17648
28.6617
36.825127
30.0465
19.60823
78.65596
53.20421
43.807167
49.51931
30.778643
50.738678
57.57781
37.28312
62.50437
60.899326
14.740958
25.736122
62.774315
84.90124
30.741238
35.415226
57.382565
80.97165
76.77388
77.24221
65.74495
70.02524
55.222565
47.828823
96.36991
89.459785
27.738304
83.84036
44.44589
96.64278
28.495508
63.98853
82.33123
40.926563
25.499916
29.826065
65.81788
20.74615
35.2727
134.28969
32.955547
21.494118
23.302668
29.104002
82.300255
113.52675
60.261364
67.79687
54.13729
83.33357
54.283413
38.65166
41.537437
63.54215
25.368586
110.59159
35.763344
48.054356
54.274002
64.61962
56.085464
49.612125
61.667667
67.87574
43.962326
41.75774
72.1998
46.420864
68.38932
34.34939
64.045494
59.009167
42.072357
56.501488
102.07503
95.0149
46.191757
21.524223
22.324883
67.62705
37.02033
36.609898
51.104443
51.99986
37.76847
21.465815
31.792646
41.06001
54.80043
31.885471
70.90806
62.349743
85.18862
81.28497
40.196667
22.440994
67.58757
69.4473
63.874565
22.825613
87.979225
57.43081
38.631405
37.431633
28.732376
87.668564
109.01131
63.971607
5.311827
39.119297
44.10662
21.65316
27.408257
32.606644
57.44887
64.23854
64.51895
71.53636
87.522354
51.108353
52.02422
77.72584
47.458797
28.737005
100.42126
63.465904
38.49156
46.570236
39.921062
37.982533
89.029366
47.564545
51.85481
49.03004
25.716524
55.173195
45.31489
59.38246
46.59406
39.394577
67.91517
43.93657
94.91479
56.709156
36.74824
67.63392
59.35719
66.03774
57.677975
56.85704
104.42227
52.129078
84.22345
18.464111
27.234804
44.102924
71.14279
60.49027
34.551353
85.86208
44.275826
42.612343
59.048477
25.681852
57.409657
55.110973
73.39771
60.74806
60.016075
66.491516
48.95802
65.049065
59.50152
11.883282
52.7249
36.690468
45.0985
45.36781
57.576607
40.34386
107.66249
47.734974
92.51023
29.029531
50.055824
32.032257
67.91845
16.466333
56.644154
18.947483
27.904394
46.74923
39.820183
61.998253
62.066948
22.049267
27.51364
25.686943
39.19779
32.32427
38.284595
49.41471
45.353416
37.396786
35.43487
69.58686
32.730606
31.886757
60.792988
31.587837
38.960346
80.79108
89.73414
29.065197
82.61949
120.26106
60.191605
54.764633
77.50958
82.03676
49.940014
80.174416
42.882816
60.027023
54.570988
37.530792
65.53776
40.679157
33.178173
56.654633
118.481155
58.56146
20.187328
30.323112
72.535126
49.77862
85.37579
63.74944
48.687252
62.230785
39.55643
46.354767
68.18667
73.04193
57.17779
46.266094
18.6825
45.26795
55.459843
42.636036
37.390392
75.720924
35.2014
42.66997
7.003142
57.394894
57.696495
54.98319
14.987091
76.74159
27.297785
79.4275
55.60243
54.75794
82.94915
49.63398
55.11759
49.986797
62.86197
33.122696
25.309109
91.68285
27.365934
36.685207
46.049175
9.029279
56.306503
86.50595
47.911144
84.66479
45.068104
121.101
35.42753
58.934025
69.08001
45.97947
55.36418
55.629356
56.04498
51.216114
24.668022
29.463379
84.08495
58.992355
40.520386
46.19265
24.165443
44.046246
52.243107
69.149536
25.994184
56.83127
31.99696
21.222702
39.51678
68.31738
49.30184
54.61502
16.892998
58.58248
45.466328
58.27293
52.15382
25.144407
50.03177
74.920456
35.137104
59.195835
87.4091
64.129105
81.80309
43.91922
25.350548
61.181656
39.932743
70.87378
63.566654
32.087784
11.430294
13.172463
51.186665
76.85761
84.5979
82.268135
43.159103
16.53228
61.663956
67.767715
44.836147
58.339012
61.042114
43.680923
54.467674
31.798914
44.358833
37.9308
41.657295
74.99252
41.200996
29.417778
124.78416
25.751108
54.01266
64.03703
70.698685
42.24617
64.53347
40.336098
68.587776
90.46523
65.81156
42.968296
95.00227
101.55506
23.089802
43.24908
43.481792
64.77617
37.04656
34.228382
14.9312315
62.931934
30.020123
40.42207
34.67882
46.50768
22.008184
75.83169
31.375051
81.90513
81.56129
39.88964
84.28328
68.1741
40.85513
127.71529
43.846157
72.69378
66.567154
79.75426
52.3638
35.16583
54.95409
42.686058
41.19444
20.755726
86.39299
43.738766
60.31515
66.73581
51.056305
36.76097
55.261475
54.82869
93.61486
53.18134
55.26578
50.595993
75.421585
76.9694
36.499214
23.19403
25.209332
33.519737
84.20148
43.584023
127.82865
10.782314
87.656815
63.14254
31.388042
18.420412
60.38844
79.196686
69.1067
103.85705
42.763237
55.0181
40.276966
47.43203
47.5351
55.90918
95.32878
26.290125
58.128292
27.011868
28.263067
43.238262
24.086977
66.52946
70.18603
79.80533
68.68875
101.88439
106.857254
23.05931
65.64253
47.44923
51.71411
44.51217
55.00635
70.90817
62.097305
15.642439
41.31459
21.05833
12.363507
22.778078
95.71575
29.818508
81.976006
104.909134
13.422208
67.001335
63.125053
46.896255
73.24783
115.110535
26.81318
69.84137
65.8482
55.95897
8.533134
44.231537
41.23253
69.35511
23.257158
66.88602
67.23074
76.8917
101.13069
36.826153
30.44976
67.50681
38.591793
27.583479
73.06807
30.758356
74.24777
36.860565
124.995804
40.47968
67.0565
19.183304
44.061764
15.091107
14.508032
54.93422
17.84278
22.248648
69.3895
43.551197
70.55884
104.000626
49.38719
11.300206
23.541449
46.07781
100.45704
30.042358
84.058105
35.077923
73.86015
19.050085
50.954445
29.93688
50.648895
82.70476
34.944134
54.66543
113.71505
40.96952
22.045238
40.10154
34.576195
15.503254
54.37052
78.006874
39.780766
64.28949
63.101994
28.350237
54.34038
36.348377
60.460693
38.911022
98.523155
37.41664
20.598482
47.244213
73.63987
24.15872
64.53507
25.489513
12.423574
27.042692
39.73866
60.41541
143.13153
39.04675
69.91757
64.18186
46.081303
39.44592
37.60314
82.51865
68.942635
56.09811
102.667725
45.77127
95.183014
55.08248
30.010077
24.718529
40.62033
49.18959
92.12513
9.640231
82.24621
40.472878
64.76844
22.836306
62.657963
44.559277
47.600727
82.35246
53.144257
140.20692
58.28025
88.816956
105.117096
12.217188
87.44459
100.122894
40.4523
109.47412
69.658806
96.83396
45.103466
101.9066
39.77724
77.44948
93.027214
27.696487
40.4679
51.123795
113.18367
68.405495
86.67966
31.718203
44.864147
43.970352
55.788437
49.37522
72.58176
70.22107
40.69368
57.78264
53.238007
61.119022
40.28304
13.414558
57.943916
101.87717
33.50833
27.743248
60.592655
82.08292
80.33848
96.01295
82.22834
14.20681
42.62122
69.19429
31.002165
50.458763
63.291874
37.53083
78.40023
50.693783
33.497856
38.537457
29.602242
23.353819
44.280373
44.339108
97.74241
33.464092
37.908524
69.28576
29.91085
71.29279
44.14795
44.233532
30.125666
39.55686
27.84599
39.95973
57.331505
79.9897
70.95261
42.742027
79.77133
98.19754
79.15301
74.51365
48.762573
74.811775
75.579315
27.370872
19.139452
14.017321
25.52942
70.839355
54.654034
70.44099
50.573586
60.570484
73.75202
26.078894
32.598293
51.218246
52.205986
39.521248
41.99213
28.395214
60.95728
7.8163366
52.18007
47.78085
111.38135
84.69224
39.170616
28.306519
59.049572
7.141111
59.899727
39.64284
64.130424
34.065655
86.16728
34.297073
43.47053
74.43466
131.70604
51.963272
85.76984
109.75258
29.31728
118.451416
72.9494
74.73231
39.837135
51.974262
23.78805
57.607437
65.51607
68.47435
96.27707
40.185097
24.941555
45.124954
49.42406
28.926228
58.36421
46.094574
44.39191
76.824005
51.744015
28.456741
12.920879
40.675648
55.633564
81.63987
79.888336
23.98888
46.6763
13.849732
74.13434
48.688877
74.34789
51.154354
38.134613
57.29327
45.116783
106.924675
52.54409
19.793327
89.98491
89.074554
68.306206
18.31498
28.171148
130.57193
37.36435
45.719574
23.824509
41.6134
12.35733
24.056814
70.95773
75.53347
18.778095
23.026464
28.293264
65.47105
49.946808
28.129402
103.16822
75.86029
85.13959
22.448933
64.646194
79.72115
37.920982
51.098827
68.83904
75.04399
38.94596
72.26704
59.39287
112.62041
54.22493
24.84874
85.876465
60.210316
50.171886
71.47211
54.139057
124.271385
101.417175
54.682743
53.70068
32.971817
68.14249
83.2694
18.039993
49.934338
40.508686
89.6492
75.62813
17.0622
103.89412
8.2751
126.223465
38.55451
106.375755
30.958565
92.74403
84.4717
93.87311
19.780916
75.84889
35.902847
52.03828
18.488708
27.0068
42.051537
85.831024
66.27675
55.971684
28.048826
36.921345
67.50266
68.5338
83.12984
53.87734
39.57201
112.03801
43.42812
91.3616
23.484539
5.5948925
54.504227
57.250195
95.179756
37.236683
48.542057
32.951385
105.66403
87.442314
96.17698
83.34463
106.248535
74.096596
87.846504
71.65464
58.145485
53.614906
31.905483
74.538246
55.047787
49.196293
58.782913
27.915468
63.36638
74.964874
42.821022
73.82477
45.68045
34.499146
30.909128
70.80761
50.9438
90.5924
17.4385
61.094677
55.95894
17.831219
56.007496
65.76333
22.911135
54.451332
99.74532
74.209496
48.965107
20.625023
85.95195
41.80146
71.29981
87.48902
54.1987
60.21209
97.98469
90.555214
58.123466
36.745274
38.849056
95.464645
24.019236
81.25796
90.92569
76.766014
69.37836
71.00891
104.63787
16.369465
55.712345
78.44215
40.179188
60.175644
74.3582
37.0902
100.07325
38.137844
51.467907
60.7408
70.53519
66.53979
56.29641
58.77665
51.85123
31.675299
19.71568
65.404816
101.81836
68.408806
25.671436
71.324844
79.79003
36.553726
35.123775
50.433525
55.791676
49.08516
85.09996
41.54787
28.143564
76.58066
24.090765
53.825287
29.111614
48.892696
88.68527
24.958763
141.08115
35.818382
33.432194
52.79036
64.4599
77.54329
44.047054
40.361717
60.695446
35.998287
29.138046
86.32091
46.08107
53.781162
60.18391
86.68244
61.166817
35.287594
65.84916
50.457836
42.961617
60.821285
50.76109
41.007652
49.648243
76.86589
102.72745
50.479908
55.631725
32.61909
62.203503
58.111324
67.63695
39.724552
23.363567
10.1900625
20.723421
49.65729
85.66566
68.81989
7.114015
42.50813
141.04893
47.704594
88.764854
114.627815
60.23347
62.693024
39.823315
17.42669
47.559395
80.7244
64.04216
33.43202
47.156742
75.73641
32.34849
72.8043
68.2478
27.000826
56.99874
45.15138
35.764603
53.040092
21.049324
34.973125
31.443968
47.996582
39.43188
12.9499855
29.010479
36.446877
18.10245
74.55857
45.830658
63.996323
30.702076
39.788544
63.40684
91.796104
81.332664
34.394352
46.252113
22.572512
28.960337
20.53579
37.45464
91.829414
32.171547
76.3533
95.63149
35.76464
81.520294
81.20252
85.435265
52.99034
64.436966
89.55989
122.27582
36.45354
75.2792
65.10161
63.839546
112.82039
53.51088
79.48762
49.742435
50.03955
31.246967
24.309097
103.788185
49.25233
2.9326463
51.108734
31.953846
25.70713
55.138405
76.235756
76.10244
57.397427
109.53961
81.23196
68.98518
34.95038
39.54908
70.54795
62.51936
30.974648
79.2559
37.67804
37.44476
106.40304
87.38676
51.80667
36.40166
39.380226
49.496056
63.01861
24.476982
79.37958
82.00991
106.937004
58.87953
75.56866
13.543049
57.77173
61.382504
106.02852
103.67365
41.47398
88.36914
35.453663
36.337082
74.60639
40.44879
35.6588
76.79973
68.97178
66.85086
50.37297
37.61347
55.21661
33.731453
12.861917
56.889874
53.89737
58.01193
25.330376
111.71632
38.69305
22.581932
59.34284
60.981937
43.75243
43.205116
24.697107
70.27779
24.997185
40.4646
52.141727
67.2765
56.9572
62.623848
54.373253
77.913315
46.91706
32.45526
80.14337
44.39288
38.89248
106.97551
66.30272
48.090504
100.017334
43.592197
5.58211
28.862696
55.298412
48.104595
70.49499
26.410652
82.77175
29.594671
53.638126
55.009125
29.277674
32.497753
45.090282
65.72732
26.610023
40.19516
41.25615
26.642418
54.762245
40.09016
50.6593
88.551025
30.159992
26.463163
6.051657
9.5562525
46.729538
46.243004
48.866913
41.92481
38.221222
20.89962
61.827343
65.999916
22.395937
72.141106
59.98094
19.188168
84.16427
41.724438
23.391712
83.349785
59.08834
65.33588
33.824192
55.615425
47.561172
52.390015
86.03299
60.34138
86.50554
48.496063
65.32043
62.07939
54.287376
38.311417
30.400024
56.295204
39.492958
62.87313
91.44445
56.93123
90.44845
61.483307
22.389746
86.41004
44.457718
88.49456
31.72514
49.73166
47.14755
39.915627
51.25562
79.871
39.7219
38.220818
57.827045
73.22316
65.571175
37.62029
23.886106
72.12273
53.529484
52.578648
40.73152
75.70196
78.52339
11.930372
48.40499
22.00209
35.76807
87.31368
146.94669
91.42676
50.40627
63.179214
44.846416
15.850468
105.66015
84.18101
38.29215
78.47534
51.29173
52.563408
70.21191
30.214705
81.339516
32.85728
37.56075
69.06769
80.96432
47.18939
129.74649
15.328303
99.830284
70.995514
12.331674
20.751596
63.532604
95.49791
46.74161
37.574467
75.87612
57.698734
74.684525
23.060575
28.646826
59.385216
51.150925
44.72567
21.512974
24.124468
20.426231
42.04794
46.570927
64.3655
61.219593
7.314635
33.327892
23.393095
64.796585
81.55672
38.862007
60.3535
54.366844
48.670746
70.49436
11.390561
104.50748
76.92287
19.017017
84.48799
31.552343
53.923946
48.92889
52.392357
20.313793
56.95712
56.430695
30.656105
45.635555
60.17139
56.948994
64.457855
44.998547
29.337109
56.888397
70.62395
19.38251
95.21508
43.614967
1.9066265
43.109257
94.25125
14.005038
56.48888
2.8341916
55.201782
38.290417
39.431202
74.45333
107.42795
30.325693
69.86648
50.93564
49.445404
25.404491
18.90754
54.795586
21.905672
42.446007
50.451553
59.716587
112.32906
27.183167
20.998709
35.291916
76.638985
36.55218
31.980658
62.465076
31.248774
57.696163
43.596764
25.10281
67.47614
73.34964
87.0759
66.6124
23.492315
46.80542
91.77024
30.997383
67.2068
21.215748
79.77544
76.0708
52.917747
41.514717
55.214577
39.449783
51.39313
64.20056
37.70266
57.7757
10.660166
48.90346
76.90496
62.819164
80.47338
51.328785
49.251305
97.45233
37.017647
52.965347
65.599174
82.60844
120.31382
26.54997
57.355892
22.293623
35.932083
23.120916
40.142006
38.358574
55.70422
91.620995
62.798946
47.58676
103.31212
58.56522
64.08537
55.757633
29.452915
40.874928
9.682495
57.768833
55.7155
84.45217
18.636642
50.187218
114.944954
55.59828
77.41636
61.223587
12.482577
31.1208
57.672928
49.176655
71.77553
41.422997
69.64859
58.35997
98.37555
109.92111
95.96276
58.096783
33.764004
69.32737
61.928173
60.00612
56.370907
37.737816
35.963646
42.362038
89.58713
27.137373
76.12384
56.79609
87.09404
78.31131
21.870363
45.68598
49.869408
72.639046
70.66532
70.455246
73.87249
48.379517
61.432423
61.08773
53.08502
36.97859
47.665905
73.70238
66.893196
22.07146
97.22563
19.445208
86.17945
55.095997
57.794235
44.36064
7.6623254
52.03175
28.989092
57.83595
31.940615
104.3758
13.20505
43.375546
39.809586
79.40352
73.476006
58.848995
35.664257
41.78024
84.159355
43.017826
52.99214
73.32024
48.006954
109.21443
14.522339
37.115135
43.114532
44.78967
21.89341
23.466652
61.648003
72.88687
71.25679
112.38309
57.73359
73.70176
68.50246
21.23809
41.698868
61.589176
37.985924
46.60472
92.40755
35.156387
31.177801
28.608364
69.68041
56.272873
44.39477
56.336185
70.48363
24.649696
22.52702
23.432274
48.208633
36.743828
32.83
59.790733
94.63976
26.54166
63.826923
98.84848
100.48255
46.93225
47.326206
65.46922
34.559296
80.96461
157.77562
90.00018
22.871132
59.035587
69.507225
52.54958
58.19001
44.1759
47.946198
56.848682
86.81129
47.422623
48.83847
82.01083
54.93562
99.347755
75.285736
45.127857
43.796207
10.598949
43.142925
72.84026
27.556097
70.193405
38.357285
58.98521
91.70961
51.683792
69.90015
52.808403
50.175575
68.01509
65.56003
13.108629
65.631195
63.535614
77.31873
70.67203
53.068348
52.44438
65.65691
28.963678
60.88594
28.693935
125.50367
57.553543
44.39413
31.513338
48.51217
27.40422
27.819014
45.843266
63.974396
35.600143
48.053047
61.31182
44.184204
77.17741
38.8344
75.62116
74.32293
50.346954
41.565464
44.816025
66.66448
39.305016
79.96944
20.710379
41.168858
32.919865
82.48953
37.03066
65.72674
67.14873
27.978472
54.571476
64.02517
90.18764
46.716476
38.03796
77.97767
67.64517
67.21958
67.47344
61.974316
84.43702
55.087578
70.20203
47.876396
52.144146
44.650536
76.78644
76.4528
84.78593
39.170517
55.392056
36.01697
13.003853
43.48247
46.01094
91.70609
57.14019
40.58387
51.30845
64.4253
65.874
60.844357
25.508709
57.975048
73.896996
62.987095
28.713963
75.363144
57.564423
51.352814
59.857803
52.568882
60.935528
88.59348
29.44478
35.746845
61.30541
63.411495
33.0115
90.611496
39.386593
41.67234
33.11686
56.20494
28.058704
32.601982
82.27426
55.973614
24.927412
42.45095
45.006214
43.921173
53.0374
22.641424
50.964527
28.1337
76.813576
44.077797
37.349277
50.775787
68.27833
58.165707
19.631536
35.208424
78.055435
64.31318
98.7186
37.999096
39.37307
76.76085
30.335915
96.50931
38.100574
60.033546
67.78067
33.507774
16.795103
39.448685
92.22154
56.089752
34.439526
112.00362
19.14462
79.78339
68.9035
9.859831
65.64175
17.98215
74.57662
59.66282
43.413815
84.51871
46.29115
87.722015
29.02503
49.350998
55.892635
77.26523
56.1682
76.9582
32.16876
83.09144
102.24326
53.991512
34.910812
56.904957
65.19234
95.97305
78.41546
74.06312
21.100994
54.3073
36.5113
62.68328
72.250145
31.92155
70.50485
111.34287
21.230867
52.36184
92.94954
96.34399
58.613876
19.98585
6.8040767
53.013847
29.021141
35.356506
45.346825
36.979897
54.06459
70.06131
36.385902
62.70748
67.76224
151.42558
75.05163
90.699005
45.32937
54.204437
15.392527
46.031372
60.686893
31.295435
11.550002
41.737457
47.22144
23.398054
48.997196
11.1376705
61.61711
59.678116
98.29837
57.70081
34.943764
37.288452
58.737133
51.41281
67.02603
49.221474
42.700485
123.0179
20.2786
64.49298
26.306458
56.18225
54.867264
65.983116
30.376654
30.563309
61.970734
52.42627
39.118847
96.987816
11.717424
32.81568
70.84063
26.418251
53.42463
37.2401
52.51822
58.163074
62.037357
24.124128
83.8237
50.52876
113.826866
53.674908
117.6272
36.725945
80.31872
80.150154
42.52146
58.429882
32.87354
56.666
63.131332
69.75028
118.735886
74.83774
65.22643
28.2284
37.509518
25.309294
62.936836
49.924873
89.28157
135.5029
19.959341
31.141155
67.54078
19.91358
31.573292
33.30821
19.80005
66.81129
45.00168
33.254013
53.19912
67.40518
66.09186
40.81428
60.261524
28.21608
31.0497
32.927746
51.667835
74.52811
23.640217
56.66399
50.25461
47.143135
43.515106
44.113625
60.558804
98.57958
107.704834
30.298878
35.204758
59.543858
26.747627
56.81269
66.700485
37.99655
81.039215
65.58114
104.98319
33.251205
64.65109
43.23912
91.56042
121.82114
132.65523
99.39926
117.65287
21.795034
71.01938
78.639725
77.0352
112.59657
92.41819
19.714607
29.88803
25.998314
71.09034
27.888647
51.286522
51.329872
57.781017
55.591496
83.45916
44.276352
53.196144
61.61876
53.022404
77.538895
20.878687
28.099329
37.414574
74.0814
81.26257
37.02459
99.62222
38.116608
27.885204
63.10449
57.236317
86.01846
82.2056
49.150043
74.60369
97.21871
23.515879
23.366209
79.07372
38.452377
75.23923
23.65165
72.10511
57.51205
77.978035
87.01985
24.566853
57.092632
28.7492
43.041943
48.662033
83.518196
33.29924
35.289883
53.48183
14.886863
77.428665
49.136997
57.315155
56.427334
67.13389
38.03167
27.531273
105.97707
62.01542
49.333603
98.04781
50.59863
103.330635
55.35619
10.793013
73.77113
37.66856
30.873299
40.65492
93.86984
79.507034
149.9076
34.88805
57.21613
41.24507
55.15371
43.969017
47.098896
53.93434
35.991806
53.189312
108.67711
40.597916
53.993763
30.39406
40.399113
61.830006
17.208
15.927215
9.602314
8.186833
36.397717
63.106613
52.806812
42.21596
6.439892
45.2639
43.26439
28.55614
112.39164
14.180875
78.830315
52.25
61.377975
35.869484
84.12754
2.569455
30.166428
65.778175
74.16711
76.73304
63.616558
55.79955
53.80693
59.09355
28.464523
76.41737
57.007137
61.150814
64.26891
34.20597
52.057762
46.89169
27.254536
57.189297
86.080185
48.033096
88.47133
53.34992
59.038406
50.024467
30.010273
48.613148
54.50001
26.734373
49.00401
57.76458
102.14358
22.880877
50.769325
27.776297
112.81446
51.39601
9.7555275
40.198395
57.44824
27.13291
65.7141
22.387253
49.31743
58.479874
65.96501
85.62253
43.540665
86.33152
37.480453
28.0988
65.82267
54.10842
80.115105
46.7644
37.61862
24.096546
77.25351
79.3123
48.344704
26.69619
66.447655
46.068584
37.2523
45.32002
60.493847
35.037006
56.27795
80.36634
58.036064
27.706352
45.42278
34.102245
32.170135
61.837418
50.25835
75.5514
75.02827
12.631323
79.242355
85.92764
101.07453
37.35468
31.986567
39.751343
34.585762
58.486893
59.84905
93.87982
105.30343
12.541678
42.948742
42.580997
53.52146
78.14741
98.95537
57.695175
58.98164
91.53609
76.42421
74.21692
36.571667
62.583683
24.328184
56.97733
22.635979
82.83189
49.18557
29.56003
40.12806
52.294678
27.580496
39.993835
83.34852
29.89239
9.2330265
49.40196
69.83065
59.657005
38.443474
39.92648
92.54157
58.821133
36.80011
43.03453
88.94667
72.897575
41.829082
90.22621
49.717934
36.113
28.717295
83.757034
27.904543
25.220003
38.567616
40.12435
49.713985
50.238506
28.646616
97.35839
40.6149
30.330744
40.182156
126.907425
58.539352
45.972748
46.42676
39.50538
47.026817
49.603676
45.05971
25.904364
17.82094
74.88406
30.504622
42.29166
9.877834
24.818157
77.43247
45.154465
32.993355
81.13495
47.711533
40.09755
58.12786
60.78078
25.210718
30.65954
79.98978
102.29495
42.682934
90.30493
38.008972
41.15635
81.14046
56.021576
15.496912
44.217438
75.640305
53.15654
37.41811
47.118824
74.262474
14.601382
61.297375
61.780243
37.90291
36.94501
43.428444
71.58567
13.634706
20.791313
62.375957
62.165493
29.708961
57.03379
36.86426
61.36628
72.68861
65.39317
77.88689
79.70502
52.329155
88.4116
4.0671434
82.641624
51.042618
95.943146
56.739418
77.28559
20.465425
65.260124
32.63448
39.004257
80.19501
30.481663
12.972557
77.90939
54.67065
40.273148
37.72428
30.13578
87.099785
47.49978
53.24153
63.81108
64.04421
107.96641
40.983803
83.40691
67.762276
38.64369
95.104065
73.20382
42.326923
64.03026
67.862656
16.185709
36.559044
27.347248
61.106674
84.33873
23.21283
81.62502
26.653381
91.90192
121.26605
81.47197
27.557915
108.231804
46.922516
25.920937
67.75515
43.298058
26.878098
58.811325
71.683426
39.594357
75.78267
34.541424
46.196625
40.397682
31.997168
57.73671
61.585724
79.80129
57.74363
58.048668
45.93199
78.01978
28.655262
35.519943
37.030445
121.40736
54.265347
64.10729
42.783955
51.38264
12.315538
40.701736
59.123657
104.59777
41.851036
86.029144
12.8347645
71.04638
45.714672
88.183945
47.12413
19.17068
39.429337
83.53592
72.38957
68.04104
74.025505
55.22396
111.356735
96.40685
14.900056
44.281757
24.5936
48.579037
96.45117
38.80525
39.29045
21.573626
16.0797
26.267204
36.142147
21.644516
29.730135
14.020866
49.42564
36.886124
31.10704
27.314245
69.96199
36.0318
18.790302
91.22077
101.034325
36.456543
47.641502
70.74341
38.206753
41.331383
4.3085275
35.83039
34.425583
96.564545
39.04576
10.704599
113.971924
30.122786
31.34986
57.179665
50.74001
39.554474
21.96056
86.074844
67.72073
71.66414
41.106693
12.36231
66.07043
56.707085
74.298485
30.077671
92.49814
35.67877
66.783646
60.36749
55.362274
77.82451
67.89876
58.11089
23.548464
49.881527
45.13293
37.427944
21.806797
51.209427
58.04531
68.59498
76.78418
64.5328
125.07614
82.126076
38.881485
80.4465
42.51509
47.643044
57.819653
42.651054
24.722618
29.283516
32.495125
68.54673
47.77414
40.06414
82.585686
88.87238
69.161354
90.47652
123.743
38.01322
77.55563
88.06218
44.0825
46.875633
64.19985
43.652576
120.20861
52.839203
51.111523
37.85138
37.498802
8.505292
83.47516
62.111916
57.37369
104.1
61.432037
71.29124
75.360466
98.87057
53.158756
46.935272
39.12179
80.49733
66.99841
59.336655
26.649626
40.804245
42.84993
69.7314
98.614525
48.721195
72.403786
51.905148
40.90917
79.12042
50.8936
48.909046
53.257988
33.86262
14.448324
65.61726
66.067024
37.52811
75.444824
34.092655
61.08814
88.03219
38.67931
59.731766
91.63191
105.53902
154.82544
81.21397
52.78739
55.89014
75.82834
91.023834
130.91554
90.63572
62.576855
70.1313
59.82241
67.04066
9.391631
14.9037485
81.74449
41.63105
42.084858
41.953472
31.440237
26.510553
65.56983
45.034874
76.07604
66.22162
59.070045
10.815996
69.615906
54.557247
39.213303
46.593483
83.45519
93.08635
49.63288
65.65996
21.85389
65.419075
95.58227
54.317276
92.8366
128.29025
54.98026
18.417316
9.912797
23.900007
34.85318
83.518684
56.56068
65.96239
80.1545
46.379547
34.41037
54.765923
59.252125
70.69869
20.429596
49.757446
24.981577
66.47672
102.041565
42.73888
55.060413
27.020151
65.56439
25.518944
34.23615
48.640903
73.20505
97.72779
69.00044
60.8494
36.12124
29.12859
79.781624
45.28524
41.134537
12.17992
60.55509
43.615665
37.120815
39.518333
4.3027296
30.81497
10.628083
34.131737
37.7166
80.14787
87.32878
38.197872
48.38469
61.342266
41.9634
42.73827
24.274815
25.51839
72.83118
39.09787
39.953587
67.0702
49.632637
25.60403
74.53251
46.320724
109.14333
41.952824
56.82141
18.069582
86.43057
20.817595
32.13946
69.58746
33.549374
44.210796
53.097042
47.461216
36.020348
60.89269
41.08116
20.498665
89.95808
27.944586
12.050747
32.855747
31.340235
58.87919
80.97323
56.36732
22.443632
30.44004
88.26621
64.077095
19.49819
103.69991
65.814186
66.00876
48.33794
79.8893
58.96561
64.962326
57.37438
80.90084
21.608948
102.97985
54.00977
111.03419
33.746033
91.01587
65.798065
87.41848
45.706192
91.72945
54.11652
33.188118
25.019321
30.516323
43.726025
24.384478
47.93865
24.67294
55.912052
90.99474
61.763626
47.62364
80.69994
70.97731
88.95137
24.388878
86.43524
66.78442
76.79052
72.36956
70.043236
75.62781
24.414892
48.359844
105.71534
35.1884
37.007812
39.765255
38.75637
25.956863
73.861824
30.345947
46.480072
85.18328
57.600445
48.812885
40.515316
64.75946
75.65744
28.037987
40.04929
58.22578
34.579483
7.6907477
41.857582
24.459751
91.09692
35.180195
44.434486
66.210495
37.59508
78.75969
69.194466
47.202045
53.41291
116.08246
51.224876
69.834305
61.282784
47.737816
84.936554
35.324844
45.474396
55.653217
66.8688
52.21722
57.01962
41.281845
53.7248
117.492744
56.90698
30.783592
24.109104
72.21543
93.442696
73.18771
65.50607
98.74832
49.813286
75.97638
66.148285
27.506367
7.893409
48.715748
42.89749
66.50414
51.449604
38.437855
63.27977
29.173725
61.81354
8.41814
68.29153
99.73347
20.150675
85.06246
29.305386
21.49508
56.725075
46.849854
13.091627
13.005993
104.69169
43.63168
27.211548
27.39224
39.131893
76.58372
40.367226
27.336742
34.585022
35.167664
50.1962
7.625711
36.47125
42.553932
25.345474
71.472176
37.9041
103.369804
40.517838
77.99691
61.315506
61.99201
72.11833
80.57583
27.596802
11.673828
34.826435
42.121456
42.305973
80.49393
48.422592
63.659008
71.7151
108.17926
58.806793
54.615726
64.29852
62.451015
54.322018
78.45746
41.734203
28.501066
83.55991
57.171524
48.508076
53.208096
98.42944
39.155502
45.99536
42.45745
76.88809
37.633923
95.69765
120.23748
9.518162
27.728409
67.41189
107.467064
60.919434
25.430702
94.81687
29.91661
49.088627
34.997955
23.809067
63.307198
71.421776
41.154434
28.22687
51.636627
16.743107
66.266335
76.93055
53.606483
44.809128
82.33064
42.999603
8.861468
38.506752
32.053288
41.75458
62.251534
21.109566
78.76496
77.42693
32.864
37.969933
23.245506
61.23383
49.458614
22.830418
27.42491
59.03594
68.8438
27.406872
31.374428
58.770996
44.093765
79.67978
28.52568
28.328093
15.196334
66.80774
79.40055
87.578026
31.686604
64.424965
54.867218
47.96795
25.188318
82.240456
68.96799
34.311226
75.873886
96.056755
6.6510973
42.86972
59.656055
78.11547
73.06743
53.703156
35.200157
84.110565
73.57952
70.17589
45.307568
29.951082
46.38919
40.353317
21.571978
31.433828
77.30728
63.532837
43.136208
94.42667
75.18885
43.261795
32.703426
76.681274
62.523563
88.7176
63.922558
36.537853
73.6721
10.884302
45.872505
55.909775
53.35336
84.40523
40.653183
55.781338
45.677246
30.407055
43.52516
66.6127
69.38594
73.544624
65.96494
102.721085
67.163704
15.956832
108.01705
54.271168
52.87449
25.341986
73.862206
75.90623
52.536777
116.32198
26.535357
46.569355
68.10808
25.923027
71.20621
72.304794
121.953064
39.547215
63.298985
68.67025
69.54432
29.040865
37.950523
46.761986
43.62086
62.664772
33.850174
40.753128
99.64163
22.928844
14.738971
42.665436
58.113083
115.81051
39.715065
19.702114
22.180243
39.955265
8.277219
63.501625
53.55559
56.561195
44.40712
52.845654
29.417986
36.128586
102.129
51.32029
53.596626
78.76938
96.704834
51.826237
12.386352
54.294556
33.269398
78.134476
95.61492
31.785362
57.406506
20.111025
23.268618
50.658573
111.97238
36.218666
42.3016
67.68862
50.90815
79.48959
80.8787
55.199673
61.2499
53.690582
72.45531
33.82413
40.311615
64.80846
47.71935
28.520655
23.86037
105.36785
68.366936
48.022717
93.613434
49.769913
75.00777
99.98913
45.57817
46.500877
23.251337
78.4765
50.831223
64.954315
51.858833
10.833602
119.279495
37.096493
122.773674
25.791912
90.88529
106.83566
31.8786
38.692062
87.142685
50.26023
60.171997
17.875668
37.88644
67.58798
58.016678
45.632202
39.42127
31.36518
59.010445
6.486493
73.14613
95.85129
25.350061
31.70059
78.2515
30.438953
45.620865
56.935352
37.62051
57.536064
64.038216
10.33086
27.066015
38.81691
64.49804
70.385666
84.35313
66.1331
28.933138
97.97681
40.7281
79.40103
74.65167
106.677635
66.9296
29.556326
24.222221
43.72941
46.54494
29.710138
42.49079
41.634052
61.2766
73.943825
79.031044
32.219345
46.62461
59.649048
46.846745
52.47674
74.3853
16.797213
70.19688
131.92479
73.73962
73.12019
41.679356
106.965775
55.45813
61.554405
84.50045
116.24055
90.86733
47.68223
32.506237
76.13001
56.839302
25.915886
32.066452
88.05353
42.962906
40.74437
40.422054
70.51129
37.343964
89.71564
38.204597
22.22854
51.65037
8.193001
36.858166
105.86146
42.409824
39.417564
39.97862
44.977543
43.904488
67.672615
73.520676
94.95373
33.846
12.2274685
151.13503
73.34561
79.61465
38.33548
62.742
64.4587
54.07502
45.398365
132.32097
67.83677
21.529688
53.652203
47.525482
41.413647
83.130974
163.92662
122.39355
69.05309
26.231138
74.2134
56.52236
72.28555
37.560272
61.88961
40.807804
46.96838
55.405655
81.082306
101.5158
59.365635
36.143776
17.973866
53.181934
62.8173
54.685406
23.20753
58.38993
74.13787
25.421537
68.32032
9.772019
37.59833
83.6074
64.0697
97.611946
70.72333
71.685555
68.992256
57.760567
34.884686
41.440567
37.71612
33.677494
87.34465
51.915543
29.956427
78.76038
30.325935
8.73416
45.197174
41.083275
53.50731
91.10233
57.19313
52.486137
89.86478
14.486991
42.144234
50.918755
85.87076
44.75815
59.14115
39.907944
60.056778
41.05103
101.83504
58.63872
44.409073
50.68567
62.662647
33.573063
49.835365
33.934208
41.15398
73.78401
45.871666
31.770454
12.752197
65.75639
74.23644
48.217125
46.497765
11.934457
65.94294
39.185925
40.65894
40.915184
36.106174
74.23872
41.49486
113.07001
92.50363
48.08649
30.227257
38.11215
23.963728
49.327183
73.284935
63.549026
36.177624
28.431927
76.78421
71.21768
33.877785
66.43702
62.380547
16.6701
24.2609
28.34522
38.37447
50.75474
77.036736
4.450975
54.111366
66.42081
91.00506
35.820248
30.782354
74.74165
49.001163
59.42636
15.274112
38.299374
58.332836
47.63165
38.67932
76.25006
64.776566
63.91898
89.092804
59.94763
60.27363
77.093216
29.975
22.21877
46.8551
4.7805333
25.802553
32.73899
81.03618
62.993443
37.973038
55.311527
11.928868
49.359776
48.67773
56.589874
48.71864
100.51946
69.22322
33.331528
52.089146
58.009468
47.66396
29.794178
58.03069
78.568985
30.232134
33.829178
16.203136
47.590347
37.130455
62.5002
35.980335
66.754005
45.663345
32.143394
57.39144
22.690899
39.348717
32.96676
36.66335
62.84453
47.27014
64.69955
45.348305
78.89047
49.944138
43.612904
23.27436
24.925764
98.13488
96.36531
46.55811
29.91049
91.50282
54.03378
102.72619
38.095882
30.424026
86.76869
38.12366
33.431274
37.2064
42.319527
17.619265
39.839863
52.46697
40.46107
53.639774
57.075645
79.66872
76.53763
70.863884
120.29157
37.461594
45.973602
56.26901
106.320305
73.72121
58.819717
71.558846
57.612465
36.030514
27.924446
58.160854
18.949684
64.23854
136.01395
37.89104
73.84928
29.676357
75.85092
69.74717
40.435825
53.618458
83.16319
56.20369
51.426407
60.805996
105.22701
55.18011
55.916996
24.926373
110.266594
80.28749
84.31123
84.4934
81.39065
85.3966
56.10259
19.987675
33.124252
64.00686
4.093524
35.44033
51.317474
48.554893
117.63902
58.321217
18.365911
53.28499
44.272583
42.6334
29.594484
95.23914
89.193756
82.425255
54.12333
7.3641024
20.85866
25.440014
52.147194
52.20924
72.60992
60.798233
34.234886
96.520935
44.16469
21.514257
109.793365
20.945036
41.21956
59.616554
109.45961
69.92347
63.006813
78.36233
59.781757
67.713615
99.020744
42.55027
90.445755
34.424206
102.39736
72.394264
138.36508
70.732925
19.708714
13.84337
98.11628
86.01445
91.53457
62.511898
90.124535
42.204765
42.49807
73.568855
49.9952
91.4079
25.555325
57.92998
91.72042
24.81958
36.760586
23.378147
62.18523
31.921247
63.003117
22.091713
22.14293
40.26663
57.362026
54.612816
45.766712
37.366528
67.27738
99.95901
26.034218
70.18918
40.079613
98.334854
24.834723
67.5989
80.09906
42.863144
27.720915
60.119137
41.790157
41.216152
53.679497
53.44856
99.89676
21.080406
61.4213
6.0829034
75.61405
60.049694
86.31821
64.08638
37.023064
74.75625
9.388281
47.13407
16.025742
88.23879
33.860336
69.02012
56.408047
48.18687
27.201563
29.143822
23.134958
36.332443
55.063385
38.55094
46.698727
66.322014
70.85104
21.290726
25.733444
35.38744
59.320084
69.06674
55.740913
93.796425
52.89537
22.359947
30.488632
27.727623
78.86813
9.821332
37.934063
71.673874
72.62691
18.444628
45.357872
64.809814
130.389
70.112206
46.537582
65.185524
50.94995
44.883144
63.149765
33.867123
60.015656
35.07961
22.45393
39.786198
39.481117
64.4908
51.60191
84.06383
55.786392
27.472767
23.47281
23.237865
22.830738
10.121642
102.30447
68.06366
55.44105
96.8818
54.582184
56.760582
50.46922
97.44211
133.54224
82.299385
30.516148
11.699445
50.70724
62.145073
32.95595
38.819717
62.704716
34.3753
83.76987
33.250847
40.609177
87.1982
31.886354
77.69986
42.73431
48.826767
16.723862
70.70483
81.739944
81.00578
35.361443
18.840992
59.05589
35.332897
63.05002
25.149841
64.63207
40.236267
40.59293
78.39323
93.41086
60.952282
21.273262
52.167515
89.365746
35.021103
64.69497
40.04283
74.72592
31.978098
19.230165
79.64343
31.783445
24.301228
26.155247
95.63344
63.74318
72.58996
115.05675
17.430305
38.332397
71.339
74.29069
37.289062
46.113037
38.129894
38.85422
49.538685
52.919193
15.097065
30.231766
36.331028
73.73079
48.712234
59.571163
24.886477
84.00572
54.631016
34.68981
64.47915
39.60529
47.933937
40.426754
62.840336
95.69871
112.993385
107.706825
35.410446
56.573906
12.883363
61.33915
66.85489
103.15654
58.41349
65.98022
30.832214
40.358517
21.168268
72.67769
55.769043
20.334732
45.032345
76.52136
47.837414
79.51738
52.697372
78.64455
49.27424
49.521393
56.374756
32.65626
27.196083
104.87002
27.110157
86.83709
67.48459
63.29199
33.886135
26.625906
22.893023
46.348442
50.048218
51.101917
25.086218
42.752186
21.37368
36.625946
44.29497
46.991768
25.970325
11.503075
55.911446
49.828663
12.550416
61.206512
19.538012
31.09204
79.31994
83.50314
63.421825
87.274
119.85977
82.92148
105.88753
144.42247
70.70105
46.69118
39.54519
65.02446
14.988958
25.76184
17.167896
23.054916
64.41922
72.20259
85.4588
83.491394
9.934485
47.247738
56.331787
64.93287
96.86695
24.551258
68.49026
50.000328
104.70211
35.755516
25.28936
48.7403
46.057144
66.41152
14.40149
17.778624
41.838238
32.99086
77.49527
52.285015
64.09199
14.124921
37.037014
25.554947
20.948616
64.81503
32.20963
36.36432
59.083794
29.846897
35.64581
33.71531
41.167477
49.767754
51.39783
38.544003
54.609474
34.721146
65.41864
84.12276
36.473274
10.633618
42.355324
92.19004
43.263405
46.677616
46.35143
60.47757
67.85876
97.06079
83.95954
48.85644
39.87368
38.633102
47.16527
100.47741
18.966253
20.218468
48.15264
21.28559
97.0428
39.882637
63.64019
25.442184
29.450884
93.81406
34.485035
31.280437
43.886063
20.461636
23.139887
63.538292
38.00825
43.334625
141.33955
49.987637
33.700733
39.38942
155.1328
77.5947
60.705276
67.19155
25.507456
65.33282
90.147766
68.72174
30.875029
67.76368
57.031185
50.819057
24.993237
59.79452
32.155846
60.809414
13.812427
78.711655
85.47718
65.36596
113.29462
28.10813
71.317024
56.2471
50.577023
55.778946
23.014353
28.196705
35.564796
39.204643
46.764004
28.326515
29.215359
20.411016
31.057915
6.9970465
29.298677
94.614426
39.014908
95.26447
31.825308
74.54016
39.924885
59.682518
82.13059
89.63909
52.032196
72.27123
49.97533
88.22496
39.968224
43.133408
97.95625
78.45655
44.200123
68.82428
67.82645
96.28846
49.8253
55.46396
67.311005
36.04065
47.973717
20.659443
73.4663
21.47483
62.058075
47.968437
103.56132
33.18327
15.935677
52.328358
120.66993
31.38452
108.828094
63.29189
32.056866
55.799843
33.389706
24.40375
68.42896
34.104134
51.747715
72.36656
24.950367
34.451305
37.3442
94.52193
16.247562
69.051575
26.764587
25.313274
93.89658
61.509064
28.25757
40.270767
49.776524
59.824635
53.061535
70.56133
43.603138
105.72183
53.51799
4.966916
56.742813
32.910297
19.701015
27.943884
53.221855
52.292904
29.582308
73.21168
34.566776
65.30996
74.69365
4.7555904
62.576572
46.904263
46.21307
20.734726
50.016724
66.647255
94.10439
48.76824
51.231445
39.852127
22.915283
22.335606
78.374916
50.807377
65.157265
7.4906044
67.21961
29.903288
74.95387
39.3566
55.876137
39.22919
55.436157
73.18179
71.36738
63.77024
7.321358
44.565907
28.023737
61.918163
14.225408
58.36914
17.36424
48.068127
78.10584
22.94049
69.88891
45.283813
39.995068
56.554188
64.38962
29.567463
24.974144
58.847565
51.182743
51.226826
15.945521
31.711748
47.949894
11.994882
37.33929
13.062331
28.912949
53.61687
82.92961
46.844986
18.409256
51.01622
20.836594
65.43186
77.667435
56.187885
79.60057
123.89318
79.72443
28.129648
37.96227
60.12847
30.98191
85.94035
74.93837
36.781723
65.09825
41.867306
60.322334
111.14853
81.61829
93.68507
31.055239
59.70502
18.283546
71.37821
36.691933
119.63985
45.415646
105.92007
35.126556
71.659065
41.651367
72.01488
75.788864
10.908344
77.69911
54.824936
85.73591
50.439564
28.290108
15.358539
45.25553
59.102177
13.418754
28.014332
47.82002
39.42283
76.28895
44.738598
90.11685
83.46311
95.805885
43.941498
45.12094
34.822575
36.819298
29.413965
17.295103
55.98288
24.929722
73.342575
59.569332
50.696487
56.88643
38.888096
77.08913
21.540916
25.628267
30.00619
58.38459
54.024117
26.026882
80.96467
39.011696
69.77813
65.76477
69.89032
12.93928
38.98948
54.16853
31.197361
50.238304
7.936817
79.64593
53.569942
48.986046
25.66339
62.797653
31.657402
31.893614
28.58488
58.456654
29.89596
11.825746
100.04805
67.76764
38.848877
78.04183
33.414757
31.750603
36.115578
32.59189
108.493805
67.66997
56.134975
36.621002
61.194748
67.16892
113.0423
72.55625
56.83217
27.920366
101.25875
50.35447
63.422577
35.35786
52.881035
40.438847
39.765263
61.687557
78.220436
85.226295
50.172657
79.200294
105.112274
38.329357
34.26158
42.080616
87.14166
21.74594
79.53994
22.275816
46.72231
39.53029
79.632324
108.873886
68.5412
110.39006
71.54938
51.189415
43.839542
24.39446
53.47264
91.65746
72.714714
9.924997
42.014942
11.384723
112.978516
73.66934
50.472775
50.355106
15.671395
23.323298
55.955864
62.41056
13.256336
46.193584
70.30726
37.158546
112.48129
24.191442
55.543957
85.37094
79.688545
77.197105
68.116234
77.24677
96.17519
49.59131
44.324387
30.18892
45.996475
73.0307
47.49146
58.3748
28.989492
26.83797
81.50353
40.963314
56.20136
65.74142
39.36063
100.03408
45.133648
18.186255
23.89686
24.91014
46.593544
41.11644
34.273838
69.12326
40.111378
28.36249
70.64435
54.496605
42.973038
25.658176
53.215626
73.537506
70.63003
74.8301
24.349546
58.219532
70.68387
66.94608
28.123018
53.334805
40.91283
78.59439
23.046242
22.103222
42.34286
60.202602
38.473232
42.03718
65.76983
95.27686
37.527237
30.301035
53.55497
100.96133
42.950394
72.51008
38.226665
26.868662
24.978603
25.16143
4.496191
51.76414
40.536057
76.72673
8.823981
20.081038
42.41903
48.070667
56.511986
45.847378
30.1329
90.469444
56.571377
25.21181
56.48235
44.448437
85.202644
29.795506
44.052704
39.78796
48.26215
24.970203
81.25178
52.726227
92.775604
110.87709
82.30482
59.663727
56.263813
45.365368
53.91497
60.879253
71.80543
86.80673
41.969173
51.32111
40.090626
98.77232
105.353645
33.08854
83.57165
64.523094
17.922169
53.407883
55.914047
36.609413
63.064438
66.092636
124.09965
48.461594
70.93996
42.31463
88.943054
109.63491
55.27214
26.452621
52.72419
18.596342
39.602882
50.92374
45.811367
23.853722
44.931496
40.184193
37.41983
68.25629
65.721466
60.433212
94.36957
41.568764
23.463936
71.85924
44.501663
53.730553
74.83438
40.950356
95.30325
42.25466
71.92584
34.094418
63.01012
50.660473
79.23322
29.219406
45.15718
67.82797
91.1459
80.32376
52.91982
50.134888
94.83308
20.756031
82.54436
90.68726
48.2875
50.52162
38.094517
64.570786
77.177505
72.28134
24.45093
53.641216
31.185259
57.4348
42.754784
32.27152
61.441254
31.306868
43.0968
73.24732
33.351795
90.638084
113.49551
11.636889
79.886345
28.377745
8.797836
52.68746
21.306997
92.63076
42.69008
44.890522
45.573532
80.10718
12.093451
63.596935
60.607735
53.890533
15.021002
88.91658
21.54032
83.99149
34.511356
56.53873
92.90802
59.354008
56.614655
71.623856
68.10453
45.09579
78.634026
54.892803
65.0204
87.60776
25.498053
98.24692
30.635908
24.185297
86.18702
73.59754
30.733807
10.893228
60.69409
57.722134
53.263184
89.34903
53.811176
23.005415
102.8898
81.03562
49.976513
49.370907
83.09627
9.775142
26.741522
115.63856
27.611
30.999584
34.315033
48.142258
79.56815
28.691404
63.77228
100.99202
87.39939
86.898415
65.759384
68.00149
59.536556
103.65176
10.146843
51.099674
23.090591
42.562378
37.449833
40.62315
50.46945
28.484613
50.479145
24.024025
26.580727
61.672413
46.63645
42.720047
77.22642
33.389763
39.432384
55.080406
54.61168
45.063797
45.51266
28.45257
73.15872
24.339651
62.22463
96.78893
55.509487
88.83272
74.18147
70.176994
53.64319
35.46564
88.91909
7.7663965
40.77447
14.485205
23.389198
16.919388
43.231617
75.22361
64.69836
37.66404
35.06362
135.51332
45.33377
61.632008
58.595318
85.12441
39.39367
46.2401
54.88053
49.827774
74.36897
49.489647
51.23328
48.0711
59.659935
58.811974
104.902405
53.780426
60.701595
37.063175
16.7082
41.316685
60.455276
58.473114
33.71503
54.343204
82.886604
80.616104
14.151468
50.188385
76.826096
31.719507
50.331383
49.670605
21.550632
27.353313
74.5794
59.087086
29.174805
58.00928
102.26103
53.73513
61.3517
44.341934
39.405563
96.795334
80.02702
60.829376
47.78883
62.40498
57.245556
34.87363
54.825184
56.24915
75.79248
28.2361
72.78127
75.020935
59.04566
82.27295
20.451197
57.48281
52.335155
41.549366
39.890118
40.080345
84.38114
22.13289
66.25196
62.95148
8.751099
43.14646
57.509605
34.38417
72.86868
30.845379
81.76303
76.839905
42.221073
56.75619
43.833664
21.291899
45.58937
39.472748
70.32581
50.621655
43.85714
197.76709
45.01498
85.02909
53.90686
73.42603
53.369434
40.289764
32.466137
21.922968
52.072105
18.812698
35.821606
32.611942
27.072083
19.970469
26.40382
48.532352
20.654507
12.403079
48.32391
71.84598
40.957268
65.767
27.09956
49.09881
93.405624
62.49791
40.021645
40.18574
91.584755
13.977095
51.797672
56.68834
52.46599
52.623898
15.694422
56.891323
50.09673
30.336285
12.621648
100.78267
26.56987
23.450188
49.389355
50.13707
58.113113
49.57164
26.338356
38.783615
20.105719
48.125294
55.892803
37.62991
24.347658
23.462269
99.72464
44.60788
22.318674
53.895
43.564713
58.396122
69.98148
20.993614
37.15916
26.89159
65.35091
65.18612
60.605606
37.482124
21.241993
61.018932
9.417281
98.817696
39.708443
41.814465
40.10631
31.834267
34.891613
19.232325
24.42112
20.71972
69.18094
33.244705
9.593575
39.594933
54.19623
56.740345
39.67148
50.948273
83.35229
75.23316
101.3644
52.69257
108.9812
71.39044
47.73669
22.869135
98.162735
54.16797
29.445574
53.49685
61.72818
83.286156
31.873743
44.755714
46.09404
79.59607
61.67862
21.793446
30.406958
38.40646
83.99206
85.74705
22.959755
43.682682
17.382013
66.678024
25.43961
74.45635
43.205246
103.32334
16.972305
64.83242
49.722256
74.26665
9.753101
74.82149
56.95389
81.654785
22.107203
72.9105
59.93112
68.459114
80.44923
18.050644
54.022022
68.67326
27.348692
63.564423
7.0365596
9.186777
77.84004
42.921112
41.09408
18.826916
31.109922
5.493563
46.230236
91.1771
11.660802
22.56753
44.280216
38.040585
8.175834
26.280092
36.27234
82.2584
61.988
131.72382
111.081985
51.96645
104.097336
53.913197
53.403797
63.447105
51.181156
17.242659
70.10934
45.746437
61.787735
46.651222
8.987484
62.19731
14.779843
11.045418
8.914992
55.097607
13.73275
35.720104
84.073395
55.3757
20.264042
52.273945
85.47594
49.5162
31.921507
31.79475
78.65005
34.332752
52.38062
67.29674
61.32976
37.289352
39.271008
40.728916
74.247185
32.24465
52.352577
45.206455
41.598373
25.860065
40.158245
51.757046
80.73299
88.35515
55.23827
39.32055
49.148838
11.5457945
36.38846
115.932755
27.818153
49.87039
41.800312
46.568207
89.74214
78.25186
40.714684
77.13315
32.87145
17.08622
60.503036
58.83149
53.457558
15.8784275
41.931767
99.7603
33.17305
21.30142
140.53546
31.613506
34.6793
48.228085
66.63798
105.999855
107.322655
32.008022
26.930305
26.104263
84.85124
52.61087
53.237213
44.59324
106.596504
80.538025
27.240139
45.597763
64.86851
78.41647
57.24778
88.79538
57.282818
52.638096
71.858185
114.30915
33.88761
49.093086
50.253746
25.286768
46.228836
7.07421
36.932415
55.59819
9.158575
46.070084
45.368893
62.09126
33.5276
68.204285
51.26877
40.76282
7.980283
25.251211
93.43786
81.98361
58.217735
106.698
46.229523
120.66106
22.289839
61.38219
70.46832
73.16627
54.81184
31.105145
88.674484
37.839066
75.68284
44.29541
103.85289
57.09895
27.093256
69.07819
95.95152
53.03517
44.330414
31.974472
74.56299
100.186035
59.422237
70.97383
70.830414
52.012684
22.399189
26.445677
54.817806
16.88064
61.335064
29.824429
44.08702
44.700367
72.79662
37.285473
31.859934
139.76334
68.93952
92.04094
31.444128
35.065918
125.74201
75.074165
27.953533
46.326904
98.7087
26.911114
64.18418
51.307026
56.313297
39.20106
90.24256
70.67459
59.041927
6.3520994
42.23503
3.7215664
104.20914
56.5443
52.510757
51.726646
55.97958
69.184715
137.26353
70.21972
118.61406
89.18623
55.210274
78.019646
55.14483
17.070627
53.83003
49.641953
28.845783
45.229767
43.061478
90.805626
34.913403
64.12649
43.04651
11.789947
87.23494
51.064186
78.46694
67.78049
89.164215
38.802933
34.659317
29.913311
77.09619
55.29634
53.823753
34.85628
66.0189
95.73075
55.906925
19.058905
25.222212
51.06606
62.321457
64.88065
29.552698
35.38241
32.77431
20.869846
51.28402
18.573185
49.074265
104.043465
50.409492
44.9703
27.78351
38.629505
62.750454
29.166676
79.121925
35.975254
43.865204
85.0819
93.63972
34.250893
83.303085
95.78415
66.90124
63.784325
79.19421
84.54641
70.8694
88.49647
11.625172
51.776505
31.708174
37.10082
58.560234
68.68238
29.71648
18.767233
66.82952
35.312523
44.324966
69.56868
68.10886
42.972115
58.03941
100.81225
49.954136
26.035286
73.468185
46.587227
44.610767
50.292065
92.223724
76.61824
66.17644
97.39784
82.21342
22.181204
44.087284
70.70653
82.75655
119.31222
53.233192
38.77884
27.546421
32.94502
33.713642
49.73866
31.840792
51.03172
59.965977
24.089788
50.179638
64.44722
87.54995
66.876144
44.601646
88.91738
39.663734
74.985214
42.331005
89.72094
68.33261
77.14096
27.146997
42.381046
62.257267
89.89809
103.96518
49.152027
53.34277
39.188297
65.004135
59.857388
44.398872
6.042843
50.099274
67.69387
56.186905
54.03258
57.448387
94.3985
52.295475
78.66974
81.38289
49.86298
29.34759
84.55801
75.89184
52.23516
79.016716
23.414299
71.92417
38.936825
37.10903
48.449173
24.375332
41.92479
78.5235
27.371284
65.05904
81.374794
25.768867
80.741325
77.46508
50.55034
68.0742
8.270101
6.9480577
23.287392
38.552643
72.01497
55.425293
52.75441
44.454292
85.62894
87.312454
59.701675
24.53369
63.47186
45.503803
18.455242
32.57882
22.014132
21.348146
41.41271
55.309147
87.63487
80.30234
120.72931
56.799843
81.98557
58.66938
82.36164
62.728992
57.71718
66.17455
45.337997
97.835075
54.51148
36.024715
119.78394
60.648617
55.18572
35.00978
71.508865
23.22908
68.73625
26.097536
37.949375
51.08357
96.590645
22.024176
30.448536
15.991003
39.17276
74.36638
67.580215
76.89793
85.67922
22.392214
36.560883
35.51992
31.001558
77.84383
41.35636
55.601913
40.87981
54.843243
70.69041
92.76691
55.677944
76.99633
110.62063
23.654245
35.165394
37.03085
55.49656
57.168034
37.161125
24.961311
59.239933
95.70169
47.177845
38.34637
33.789867
25.776648
66.67735
16.039343
91.816124
61.92641
58.57718
25.603199
50.803062
21.945745
28.701597
44.660503
71.2177
93.64283
57.813778
50.232227
50.992958
71.97614
19.266228
135.24646
67.086586
15.029956
42.425648
80.50869
50.794926
60.213123
59.06482
46.537525
55.456303
72.24504
13.615688
70.47225
70.659325
72.29542
84.96868
55.606686
53.29252
23.109936
55.630787
29.301956
22.358181
77.18373
73.414734
25.403023
74.89617
15.951297
40.859158
50.79633
33.52751
92.356094
94.220314
80.874985
120.50897
85.796745
54.658672
74.3063
65.82676
72.693634
68.23211
44.70369
34.164757
80.10483
30.58379
80.79682
45.359886
31.130606
100.19878
26.744534
9.722353
26.216887
79.5717
69.49855
12.759098
41.465797
55.33517
53.532333
13.440557
51.44563
41.1827
84.94772
88.208534
39.47771
54.378506
43.817307
30.825516
25.658176
32.73849
62.90622
45.33034
56.0279
59.393078
48.023182
60.726387
56.56866
69.74478
78.17118
81.3849
36.113304
36.703224
22.550623
55.706768
50.26648
93.624626
63.874386
37.974213
28.443558
35.939785
81.07295
78.51231
96.75083
61.894806
51.960587
73.31793
24.393187
10.8642
46.60469
45.193058
63.581455
57.17163
47.769096
88.00946
43.97981
74.39181
86.772804
34.448536
40.722626
14.051495
92.46219
88.77918
10.53858
39.295826
56.534245
57.62354
63.90554
38.25871
62.513138
55.32798
69.56436
7.453084
48.11256
56.709995
100.19246
54.153255
86.58329
74.692444
60.515297
76.723076
62.860485
71.92795
41.673397
96.078865
38.106125
39.686756
50.60411
25.897022
93.32719
45.022327
55.92972
62.560963
44.277115
58.80795
43.78291
37.341614
31.744291
70.96583
72.47316
57.615677
27.672998
37.87706
78.1749
56.977196
74.902664
55.127388
27.107578
13.177072
48.985855
51.848
38.510967
80.95567
101.11004
30.638853
73.06636
60.44575
66.316666
46.235226
79.210556
57.281372
70.09607
32.58697
62.98616
98.94584
81.924095
14.735438
33.83185
38.451736
48.305904
102.977715
62.60039
44.390213
48.282913
61.091816
75.893814
10.90064
12.625567
68.395096
31.717278
62.009296
49.243687
56.36143
23.945354
41.71395
81.86162
55.55019
82.373604
57.776733
44.862755
27.431229
61.33941
70.78633
62.517338
24.357729
69.73028
54.042904
22.452404
12.952926
42.828594
65.98463
86.826866
21.820824
43.069077
74.29289
50.762012
99.72845
59.993385
35.828102
40.58668
17.461975
40.3094
21.76049
39.76365
106.116425
68.817535
44.70707
73.606415
41.543194
40.678078
14.895514
39.93125
54.35958
54.969006
70.62659
60.416615
61.282295
70.42959
103.72325
45.41643
46.272648
53.80835
42.11185
94.93086
77.48916
68.266136
