372.41528
108.41145
148.24904
90.76281
56.59837
63.682915
53.79815
47.83187
12.831141
51.001537
41.111427
23.458244
63.53573
83.02644
63.845
60.688583
51.8598
48.07562
46.11072
38.582672
39.367588
30.344482
97.97368
40.72731
41.257935
8.075689
21.70785
88.00788
41.800888
48.461716
59.0252
66.19185
25.999756
47.417377
54.998646
76.86296
39.09971
44.78078
57.028442
42.056496
28.701733
32.80667
44.764576
52.79028
42.772495
70.16955
43.32677
44.369457
45.1739
17.825535
59.070885
61.50914
31.01448
14.85941
45.8662
30.646057
38.25676
49.380436
37.078587
43.200962
61.233078
6.7844863
105.264496
12.11727
11.364942
20.253096
36.692142
73.43406
12.626286
27.839205
37.902103
46.054966
88.25977
27.839073
56.331127
90.87393
41.3241
32.78044
35.726482
50.028664
79.20724
34.550014
41.094254
52.430973
23.130318
36.35407
34.328564
38.86
67.459404
49.77816
30.970684
28.005354
37.27904
33.99927
85.75076
89.37613
131.8596
53.82291
42.29878
31.03896
45.68439
58.746006
60.97524
110.368065
58.405018
64.80686
45.267296
86.77182
79.68386
51.53908
74.30451
64.5376
69.62918
48.103355
55.34758
31.990528
57.152
33.80278
37.83095
34.507286
65.9838
38.31634
24.12977
23.841974
43.16758
42.650448
49.463158
82.531975
28.27723
6.9761114
32.6388
18.051474
40.782684
54.904613
25.792517
53.216774
49.53409
49.62413
86.17809
54.040237
55.67051
62.58922
49.49147
22.50304
29.44527
27.241804
23.634304
53.72548
31.227575
74.39044
64.42178
52.90086
46.209347
86.79123
95.404915
69.97616
72.44239
100.882195
21.700293
23.435555
35.700573
36.626507
61.114742
60.7592
81.45973
92.510345
60.04189
39.09404
68.54105
106.094765
26.486502
39.151478
53.762054
38.028248
58.631226
21.679388
58.554577
34.515385
49.93135
31.858894
35.715134
56.193687
31.717283
56.23321
77.38292
29.352795
26.943323
44.12539
16.135647
83.89088
24.104643
18.89194
30.19212
23.487171
43.59457
52.10984
26.6975
72.21299
37.355247
75.807365
95.60849
74.714714
82.55928
19.47407
45.671707
64.71799
28.326582
9.405071
56.399914
31.774485
147.1597
49.74617
53.594276
40.20522
36.409767
59.13291
100.72983
31.479275
23.8306
37.072094
17.889772
52.98275
45.633472
64.24759
33.29463
48.952896
52.632755
56.97875
75.32189
55.74871
58.305874
102.8961
111.699295
75.09696
65.25841
80.12614
9.827164
61.31117
31.728859
49.961002
52.791
44.801777
55.922638
38.10833
10.624489
56.665527
103.76696
75.886696
70.26895
55.81909
18.122225
70.75386
52.35622
45.557106
31.215239
28.334368
13.774006
23.496498
33.666824
50.79159
43.392956
26.84152
19.317755
37.44701
37.749725
72.83608
63.83534
30.731712
45.664623
81.760544
102.22221
35.341164
99.15912
18.36238
41.30735
16.629519
46.016464
67.60632
33.36524
30.529043
14.726892
22.620317
40.781906
12.238531
69.502106
25.758694
58.173843
35.466015
55.524433
79.64705
85.65005
60.59998
63.588223
67.15676
67.78529
22.535255
29.864952
12.721152
55.58229
14.0062065
16.944433
33.867462
16.876577
30.980007
37.24959
19.713331
18.406055
26.688719
10.62721
38.7725
16.423626
6.6100793
21.852135
19.047985
28.625856
21.493908
22.648754
13.581844
11.014657
18.168394
27.712322
12.754687
30.749662
30.573225
33.198326
7.6340556
8.100809
17.459143
21.66223
42.244766
23.010077
11.853332
6.9618874
4.3063555
24.594887
33.919533
26.607292
9.540049
36.211327
26.458687
51.41908
32.925
11.089816
4.660479
18.059225
26.392859
38.74084
51.703438
16.62001
28.067785
28.927317
11.663843
12.957206
13.824453
21.81991
11.307273
28.202364
28.434387
20.426018
46.4492
21.03524
38.136368
18.651386
43.828686
29.56395
41.670555
31.47
23.182068
29.186697
53.140366
11.038935
33.154266
36.039295
10.2142725
43.697792
16.794434
31.335627
45.08782
37.810772
18.207455
20.858763
10.756854
19.74726
7.293633
21.354568
25.113104
35.126278
40.47694
9.700613
43.788624
17.676064
29.151861
25.742441
28.612593
10.30628
24.030928
14.579389
23.455717
16.342995
38.91019
11.054719
28.031626
53.15845
65.259155
27.00621
43.809673
48.604374
33.422787
34.78781
51.71884
25.089258
28.96375
49.402767
41.981064
59.887123
54.409462
58.010147
73.153946
67.036736
56.70614
47.700027
17.195557
24.692167
33.641525
28.022358
20.629494
27.836521
24.982107
41.50206
34.402977
37.56035
24.480066
24.783466
14.925498
23.877703
24.223984
17.578897
38.99624
36.596657
34.987717
47.135353
7.5962834
24.252266
12.948674
40.828117
16.306147
23.24812
22.998468
17.864172
22.885046
14.380342
17.056934
18.587587
24.145803
21.147747
20.591063
28.444138
12.819248
44.39361
102.54106
39.003834
29.180614
14.078388
36.53605
21.87012
10.127465
18.787046
12.856606
9.3119755
8.08751
18.237175
27.942236
33.992825
28.013422
29.93995
25.49541
30.134094
35.125687
52.968052
26.40645
35.089993
43.11822
56.3275
11.75195
37.453785
12.274502
18.905659
24.1083
22.382185
12.662916
23.414482
13.724064
31.566553
26.921638
20.20511
13.594337
22.345537
32.048817
14.225516
12.385851
8.613014
33.084682
22.295015
22.938606
17.234583
15.464782
20.488708
11.855572
22.997414
19.131948
14.746983
9.696492
6.706381
21.298134
14.6272545
17.522371
14.458612
7.9362755
20.175379
37.084305
36.56248
9.711559
16.93075
26.72529
50.824932
39.43795
31.968277
44.521114
34.53724
16.093697
19.259016
16.020641
30.084196
25.812813
17.188393
19.993408
53.33718
30.434717
16.106897
10.90597
21.097519
22.619621
26.20589
17.925688
22.27281
24.835926
25.007374
23.342667
12.510819
18.872692
28.79118
10.04737
46.714775
17.824753
23.448145
9.242853
12.96116
33.373405
23.877312
7.018965
19.755129
29.823278
35.411022
23.752842
20.547703
15.475361
11.102844
17.498222
8.2138405
10.411725
2.8359613
19.78698
32.304977
43.813797
28.164661
32.205395
24.250578
20.526321
5.584097
5.197434
32.258926
13.213665
37.020756
8.553058
26.19859
19.285574
22.406023
20.691479
14.874165
19.440966
18.141054
33.974037
29.550232
26.204258
15.522733
25.110415
19.691284
28.47794
45.960995
25.478735
50.0106
6.841661
8.290449
15.135564
19.780869
15.153912
13.637311
15.574128
33.763184
21.725908
13.897015
29.868227
8.886037
36.90141
20.273577
28.498669
26.025078
8.514421
16.213062
7.793389
16.648846
15.069023
18.484224
17.077368
19.605787
25.059027
4.9289002
25.413694
68.02062
28.759958
44.72064
21.269539
15.325083
44.53975
19.270956
17.07809
20.82031
49.14954
25.672264
20.308971
18.781029
21.25702
41.727474
31.556892
25.130547
26.316505
8.018907
16.518396
8.128615
26.230894
19.919237
17.059715
24.477356
15.43437
20.485369
11.245852
4.3809133
44.513287
28.886648
19.297644
23.335808
32.120728
23.755362
44.342968
14.6990795
28.284246
26.176888
23.392275
18.018194
37.90686
49.511993
44.170868
22.302044
19.257917
23.135365
14.745711
11.595907
13.110115
16.52688
18.0746
32.273422
28.445137
17.38551
10.045134
31.728134
26.572979
9.07538
38.54892
14.360045
9.934315
18.667046
34.0912
31.24855
20.58149
9.932137
3.0273874
19.076183
5.886876
30.89706
16.771917
26.473198
15.124896
16.15091
20.481821
25.23742
9.882951
11.986851
19.364357
21.087133
23.963623
19.296867
15.308536
9.932622
16.912354
16.114408
22.851141
29.986439
10.988766
44.35678
31.05749
19.20444
22.793373
21.398457
18.50608
18.68315
32.8446
29.664856
23.555271
14.795111
12.316677
26.606007
19.007584
46.729244
20.578102
15.272011
20.5727
24.011814
29.398365
25.704008
16.465597
9.489604
13.017893
27.042707
32.834103
29.879921
16.174404
20.894695
42.69162
51.52373
33.916107
42.35985
19.252419
16.721333
18.618347
47.1547
80.95301
46.740303
37.42577
29.034979
24.324884
24.542664
31.465733
35.73225
21.572464
21.674397
15.409423
30.98756
32.48184
25.563862
37.9027
26.547174
18.227995
16.384113
24.509119
18.271662
17.954586
20.678713
21.539131
29.107054
26.087309
42.90095
98.02111
68.56897
79.92276
71.40923
68.61881
31.394688
14.3327
26.361511
39.49154
17.406048
23.055527
9.00234
34.027664
30.503918
27.6383
5.7097545
15.985805
23.44438
12.4272585
10.464172
27.452007
18.178503
20.714321
28.437397
24.66014
46.296154
31.31094
37.437096
56.331455
33.31998
64.89229
51.21118
51.796154
58.439327
75.16726
31.28948
59.031116
43.812714
31.889664
22.35844
35.266823
52.88902
18.950441
22.526373
35.35151
23.43473
16.73167
38.304405
38.15042
44.16227
30.187828
19.124641
14.156659
32.496506
9.628231
29.273907
20.489164
51.2884
15.223891
37.61865
31.144575
30.852375
41.57235
9.215446
18.055258
22.507036
10.4279995
21.3373
21.28947
23.137793
6.165599
30.50958
19.401617
28.746305
31.250784
18.712624
26.396631
18.90849
33.204735
12.814575
16.953276
18.40495
8.118771
25.231356
37.146362
24.318047
43.80592
46.28771
16.190666
21.630283
20.008701
9.736651
20.970747
16.161816
57.550526
15.32453
25.154491
23.027193
11.240622
17.361732
4.8250217
19.587883
24.533936
28.67901
15.578316
22.697563
23.737896
18.081131
14.909039
14.020885
29.300116
17.297287
33.046967
10.31363
26.785385
20.439093
20.648602
14.175002
27.722029
6.8555355
26.385244
16.514734
42.854424
43.38112
51.677734
18.738188
36.948727
25.970078
10.296849
6.78534
24.549763
33.070435
26.918528
42.415443
11.867306
28.314987
26.729473
17.099215
19.640038
34.660614
19.127253
27.556196
40.397404
23.785044
34.251274
57.58686
25.853188
48.381817
25.775337
7.9019847
27.5675
15.187039
11.565363
29.649649
23.98919
28.923758
15.5384035
13.107362
19.842758
26.294252
92.087555
10.434379
6.799195
22.976624
12.537647
26.08587
14.584838
19.59122
37.717762
31.999535
18.714785
24.788757
24.480947
34.30908
47.721733
27.81426
11.54745
18.496696
28.547844
25.108511
32.2604
24.626436
13.187461
24.61029
29.697609
39.895638
20.571138
15.433764
20.796965
33.920235
30.888845
34.45519
33.787487
46.46498
37.812534
28.365252
38.159504
30.641474
31.798273
41.280693
34.09669
17.448418
24.769848
34.39533
16.9844
40.22321
23.122465
29.21508
26.888094
16.751478
11.369556
18.63812
8.587473
13.320387
36.47415
14.531556
21.00489
37.13108
23.937668
13.730952
17.020393
24.974253
50.97519
21.294706
14.597036
15.866785
50.00534
56.048107
63.319935
54.258507
50.289967
52.94284
26.027075
48.873344
85.05576
13.077174
36.834496
19.944603
14.851544
27.403328
20.740385
59.299183
55.818657
50.056606
31.515635
26.566704
30.615454
36.384876
20.669031
11.4898815
46.723824
20.154446
18.201822
12.0079155
27.744057
18.602787
27.866938
21.117966
9.580706
14.635656
16.325413
21.230383
12.339526
24.917997
31.762146
14.1659355
30.631313
29.515259
23.824629
39.911198
25.052069
44.814346
33.84938
46.11598
43.556366
66.57639
34.81221
93.346085
25.126816
24.919863
25.612726
15.991591
19.106142
11.389923
27.425884
20.708696
15.681188
24.9287
30.2878
12.755161
22.658289
48.69001
18.096972
28.567772
7.277815
31.751049
26.521467
28.050875
30.299122
19.348894
12.230173
37.748646
22.38292
39.634953
29.773596
11.498443
21.154821
22.359268
13.20158
42.89303
18.088818
29.067171
10.624365
16.072756
29.719772
18.688232
12.759505
10.756134
15.368316
28.097204
17.028587
28.612238
11.921709
20.87098
18.19579
12.111459
18.797012
43.997406
24.37596
29.0888
33.2164
38.531044
15.229664
16.50197
35.99046
10.2096195
32.10595
19.396696
17.536095
19.227015
22.50132
28.932608
10.204764
25.188635
13.43928
10.214183
19.994524
22.81095
36.784863
47.893387
39.45882
44.89193
43.82554
39.595253
34.089592
52.14208
42.73115
23.302876
27.418686
31.106817
15.857187
26.853151
10.024562
17.338715
30.442427
19.284464
34.676613
13.248614
26.12882
20.649324
19.060959
21.324656
14.014204
14.429805
16.599674
33.54707
41.63884
28.501118
38.508026
33.711735
49.189022
39.663265
17.167032
30.059298
25.93061
36.921543
8.115985
10.0282955
21.573315
23.587244
38.09869
22.021284
36.96237
32.986626
14.838284
20.797585
32.989803
12.47648
18.43687
33.05773
37.95456
36.885616
46.58416
49.447296
31.274761
19.453188
15.919878
11.153352
9.758533
13.280349
20.676281
36.879185
10.981215
15.79405
11.021969
27.831764
12.554902
32.590675
50.024345
54.716988
30.77723
17.680553
23.751144
17.86733
14.211998
4.6158233
18.334314
16.202837
25.622398
45.896717
22.825005
23.084621
45.711823
25.268366
26.840408
54.331192
56.544056
57.567482
60.740616
37.05247
35.48486
10.209646
23.657967
45.499252
26.074862
22.534096
30.58091
7.3750615
23.89428
13.066685
24.314543
30.666515
24.265663
38.071484
18.190737
12.6385
30.96575
19.148382
31.983732
26.162258
36.024548
8.352603
51.821568
48.403934
36.93816
33.281925
20.761032
18.700293
7.7920723
13.188133
24.403915
16.395523
31.476553
4.016567
28.587612
18.46645
32.602238
42.94061
34.502193
27.172356
20.449644
21.28373
57.90407
28.882296
22.018614
12.610056
29.32048
35.931557
12.035409
5.4566393
23.790405
24.769892
28.708487
48.074833
61.345108
8.494017
15.0946665
35.615726
27.03749
17.789768
22.091175
26.715445
29.65
38.085285
32.132423
32.803535
27.394829
32.785805
28.579256
30.41778
35.138348
9.350642
18.511702
13.10782
14.745493
8.714879
32.658375
31.459589
11.946602
29.999256
21.55734
18.851564
22.676592
29.920355
45.057785
63.671043
38.694324
39.48819
59.43011
53.249176
48.70972
85.541046
48.85183
26.276472
36.61168
48.02727
51.929066
25.043114
27.001692
28.12423
25.515793
34.50844
13.505942
23.274792
25.436749
28.810118
33.16216
12.729986
26.661272
20.328194
23.455124
35.88837
31.282454
10.409158
29.576082
15.560799
12.667558
30.984524
35.32693
46.263916
25.747732
11.271947
3.4167068
19.823362
14.726409
36.040962
15.61565
18.73467
23.94512
20.373764
18.106041
22.968163
14.57066
26.137157
6.146427
17.553577
21.775051
35.53264
56.81374
31.03021
20.625525
31.102066
51.666924
32.83008
34.519997
34.885197
21.535007
35.59467
18.678268
50.570724
37.158596
37.111767
32.54343
23.051071
23.653366
13.985912
16.046495
12.319598
18.555103
24.597395
17.586456
38.35771
30.86865
24.809649
16.919506
12.252549
41.00873
38.480827
49.09342
45.928013
50.369213
59.841328
64.10926
5.7492266
30.62649
28.997309
18.21559
26.880238
18.503578
18.438845
15.360029
11.773005
12.73963
12.2532215
25.906197
26.29393
20.024014
19.622545
7.9998546
7.774734
22.71489
28.390356
23.773474
20.345156
8.46194
16.377806
23.790699
20.973003
38.02551
44.85516
16.784277
23.882507
27.505318
39.223812
23.165125
60.672462
20.020277
35.796707
13.48098
17.6891
16.148779
8.306258
34.873627
24.864552
29.984211
33.07978
21.629524
25.154697
25.076485
52.17697
46.871914
25.014502
41.05231
50.416718
27.294512
47.094215
9.771598
26.890825
13.232447
11.257898
22.539028
63.156002
23.762266
13.410966
21.22509
9.061989
46.92046
14.389894
21.38982
28.108904
17.026665
9.339245
13.281892
17.644232
10.64656
15.9397135
12.716796
19.534935
10.052077
25.11215
55.319225
28.481323
47.682964
32.653698
11.820326
12.895633
43.930016
38.80296
22.721252
16.434525
29.046738
21.058107
24.29428
8.464658
27.88428
19.537943
25.88929
28.526691
36.319958
29.865662
15.594099
26.587147
34.85
20.41248
26.65354
22.623896
25.0934
28.925383
15.156543
20.756882
35.37704
3.4508038
11.672025
31.68492
13.962673
34.06797
4.849469
50.89442
31.851694
35.025517
21.374052
18.426811
27.505344
32.98031
24.302729
7.0160937
31.265043
21.26479
17.553442
16.333094
13.590834
37.583527
43.539776
16.890663
30.500877
7.1397743
44.760242
57.059803
38.91129
70.28876
33.09543
16.659863
51.393497
29.011002
17.583796
24.093407
31.100254
16.137413
18.13499
21.218071
48.22932
38.12072
11.943372
15.000445
12.568626
16.377161
18.96334
12.509639
35.31593
10.350984
15.415875
10.670941
23.887585
36.78034
40.97561
23.237871
15.437627
18.521706
25.397354
22.899956
65.71804
29.491116
38.19802
34.359276
30.155855
25.847967
9.686313
23.6122
6.2822437
33.66826
16.52831
44.574936
50.08023
41.579517
55.83812
40.672413
18.214935
38.293034
51.01487
26.458519
39.00333
40.252743
36.685146
17.803516
32.23842
10.203987
17.686068
22.564186
13.877189
23.19743
10.438018
7.4186
25.901627
24.558052
14.296333
36.075344
22.039324
14.136616
14.657749
23.138561
22.531015
15.2392025
18.268827
24.196291
17.308558
38.553272
82.77636
72.436134
68.487465
71.81541
16.668402
7.596619
19.132263
28.412441
26.460701
28.558678
14.0401
15.480299
41.040707
21.834349
22.991953
18.423502
15.01853
47.315346
33.324898
78.616806
34.236866
48.913662
27.820023
50.854424
26.914663
30.088535
10.414704
36.438168
11.708879
17.550592
13.227076
17.643997
13.54408
14.930699
21.428484
9.201066
36.53956
7.3081083
8.524504
36.584255
65.359436
62.79692
77.508545
65.4179
47.61226
22.637762
7.0222735
29.227573
31.45446
27.87922
29.69683
9.346004
21.815449
26.190361
17.347141
25.762676
47.579025
31.63078
22.44949
38.859283
26.109856
35.20665
7.2308197
13.701424
21.007847
16.737095
17.18095
19.64972
21.624922
15.475395
11.490844
5.235168
21.31959
11.975977
17.517529
26.185705
27.565037
29.32238
11.9716625
15.512165
6.9804783
13.941387
19.64963
29.7645
50.526943
45.653423
25.652885
28.099873
92.926315
11.637525
17.337357
19.911549
27.179323
33.864273
22.98007
25.333443
22.238508
26.596348
14.231114
18.66324
30.529787
25.646862
13.784588
33.77784
21.383991
24.69368
12.650268
10.936343
25.487534
30.649181
16.86439
15.574737
12.037366
17.161142
15.910549
44.49275
12.306262
14.926022
23.409082
21.536776
43.163246
49.227627
38.58159
23.304531
24.584743
20.086216
43.18706
27.696901
11.293634
10.586992
31.360615
17.36795
45.573544
21.8328
20.940681
21.41978
20.063
18.260115
23.388445
43.191418
16.234015
3.0869808
12.145541
10.611206
8.096953
42.218365
35.602837
24.908043
26.085981
18.354706
8.30063
33.245625
14.7187195
29.708263
27.929766
76.81201
45.182716
36.942078
37.791718
39.97571
61.729717
58.92946
78.1365
74.31815
65.78935
56.49862
39.007214
25.607372
21.861658
21.474834
25.272802
23.498814
23.4895
10.192484
10.443333
17.216202
10.023319
29.870634
37.59689
45.24393
48.678757
33.719845
32.299377
39.299034
29.61933
4.3805485
26.4288
6.6742268
13.359655
27.116993
43.253403
16.114159
6.931434
52.461807
65.59824
31.373127
35.621746
36.81627
19.7235
32.711678
5.609098
23.125034
21.965288
30.060589
59.17913
45.3453
39.726585
44.168404
42.100933
29.466564
38.240524
29.510157
20.689299
29.847178
12.899758
9.087593
15.092599
29.606848
19.98371
32.260387
17.529259
8.708575
11.73308
10.619901
15.297582
16.695625
15.690812
13.908856
37.868168
36.973366
31.057201
5.98159
6.968517
8.650939
21.470634
20.455921
18.73864
12.829388
43.158554
28.185596
50.197628
12.7044935
30.489292
14.399507
20.480242
16.63243
27.254953
11.4394865
18.3093
11.458965
20.70303
18.207716
17.540197
24.061426
25.899145
9.435716
14.318367
29.113523
35.0914
21.288603
8.684581
32.405926
24.033396
1.5872796
21.009392
9.474595
21.866272
28.000446
28.803143
40.351345
39.95283
9.862135
16.187244
24.549982
24.241404
24.98644
13.732009
30.88379
29.339981
19.872915
14.915238
23.770454
37.35135
39.110165
41.04573
15.075645
25.198292
36.714333
37.28668
19.410599
25.88592
12.097162
18.09329
35.41713
24.292282
34.169586
12.485556
12.60109
20.278992
8.983696
43.084423
24.777212
23.928877
16.63711
28.539474
27.16
38.466488
51.92859
20.903414
19.835949
35.742302
38.87033
44.39903
40.186985
47.97271
60.966976
61.715553
56.5944
45.146595
16.166143
17.183311
24.437996
17.392725
11.380429
13.783126
13.674182
15.5689945
37.837345
25.560236
24.889046
30.25039
33.056324
17.782866
35.369965
13.790067
20.725428
28.249435
30.647799
43.251095
51.340424
13.017645
11.215425
6.7444477
15.503344
9.938967
17.728409
24.300007
10.701669
26.650688
26.091469
11.001779
27.301245
28.773022
30.207403
4.741306
24.065746
4.152829
14.486184
39.8214
28.633955
28.491753
17.466322
10.734995
25.453707
25.932583
26.314997
13.913288
31.119667
9.48363
7.7384877
15.0192175
21.468983
9.389178
27.920738
16.906027
40.17163
10.473213
20.61649
27.629969
28.7927
36.338062
39.861786
8.969878
38.522865
25.953554
41.850494
3.0146418
39.56049
28.547945
30.68292
23.963675
5.42102
28.744186
9.688217
10.755323
15.069082
19.472853
40.562103
21.182293
50.40048
31.991295
14.270668
9.136386
15.630058
20.532969
21.972588
13.209604
16.364614
7.4809265
21.789135
37.450485
11.775613
17.32808
21.802614
20.476517
27.602451
42.279835
47.921944
18.592913
10.86513
24.914288
25.846275
30.156605
9.32666
14.308442
30.708214
25.574852
41.35325
16.791136
18.28038
16.19383
57.08086
14.984729
47.97409
15.264643
17.921442
34.544662
28.962881
12.474449
9.888246
7.498456
17.135212
29.876171
18.100212
12.625213
18.563715
15.920989
34.707
34.243122
38.21106
13.723758
18.66991
8.378413
14.124014
26.446266
30.763317
20.108667
35.164948
11.875261
24.421074
35.43584
27.205679
20.919834
20.781065
19.417524
6.3050404
19.090147
8.230727
20.956785
20.15032
18.91236
23.165756
29.63183
32.28048
36.63416
23.349085
54.07867
25.303747
12.805254
18.49106
16.444511
38.316273
28.943665
54.491978
34.311146
26.464361
31.299763
47.58817
34.786198
38.69502
30.621992
17.505043
31.221966
20.188732
14.162124
38.97871
32.24275
11.70302
37.825275
24.251707
28.3518
28.217995
44.828136
18.442762
26.599333
32.7858
31.610743
36.795357
23.810757
25.476019
26.045626
60.454403
48.966183
64.53689
46.198643
32.89382
13.891949
22.129429
47.62709
77.067856
24.4991
65.42616
52.035454
14.375974
15.733271
11.205476
14.151745
25.091137
50.309814
20.641914
37.574745
41.365067
40.857475
29.994507
46.898438
31.568253
50.634068
13.08666
21.432016
14.832486
17.599632
11.707729
14.608163
16.881987
20.562881
30.59456
32.026062
28.882318
35.42437
26.312323
25.976204
62.61004
36.04885
48.784924
21.568031
13.604086
17.87491
16.52024
33.162426
20.17246
51.48781
25.028757
44.65904
20.61896
12.856553
21.674889
13.873853
11.403727
26.245481
32.050278
43.20335
7.251688
21.647432
29.464546
28.129461
10.732696
29.453697
19.243298
30.271902
11.432972
10.228814
41.703705
51.069996
16.501825
16.689949
8.10456
22.837461
31.123613
20.579573
17.599829
44.55718
16.540562
15.405081
42.60708
53.224926
23.836845
5.91284
15.269724
26.085135
14.60046
21.884184
14.486129
15.594138
22.129423
48.386436
25.941896
25.03855
19.000374
23.423168
24.137749
21.620031
14.407138
24.971058
12.026563
37.91949
43.937836
34.04708
20.984814
37.724014
49.526176
27.472023
22.115612
22.802298
51.384712
47.913185
37.975536
19.164227
16.689302
34.463314
18.809992
50.13401
21.14469
2.9233923
19.260445
7.8627276
23.936974
10.307821
13.6628685
16.411867
18.439917
27.027712
20.936024
39.38799
18.567226
23.09774
26.923424
27.248127
41.757248
49.61208
14.666629
17.12633
13.380279
31.98816
7.728801
11.717075
33.342445
32.88464
12.473202
8.127771
24.405502
39.869484
19.857824
10.81978
29.604248
24.081154
25.816353
49.528988
47.38837
37.2232
20.322924
15.558663
30.057959
8.912553
3.036211
19.846125
15.3595
23.763037
16.0031
10.17886
15.758919
31.656096
10.9491625
14.184917
13.336134
10.468725
21.550247
12.924624
20.552237
7.161458
20.301317
11.886266
7.8452373
16.512405
18.639853
19.80216
32.863956
16.046078
18.565231
26.643953
17.285564
8.004792
13.6941185
12.546881
25.391665
12.098764
52.75054
44.56646
30.344532
22.236221
57.919052
15.8256235
8.34961
22.875505
44.667057
43.34359
17.075241
13.405237
21.282085
15.587049
27.756721
43.335636
30.408209
28.633385
49.437782
53.21271
35.485165
52.74899
12.713646
18.69464
21.125217
13.243573
33.12224
19.082582
23.517048
6.7478466
16.48825
29.36294
18.402763
7.951036
34.361855
14.813729
14.369759
12.815264
15.561118
25.225334
21.755434
29.186243
33.4066
39.02447
25.586536
11.463717
25.599281
15.956207
12.213551
17.622871
30.413198
13.052779
20.400534
17.756205
49.138607
30.609154
19.723198
22.354666
43.100098
8.843457
9.568272
11.614279
22.680565
18.568123
17.937075
43.60669
28.302044
21.995611
13.48614
47.039207
19.252556
6.154887
30.099829
40.706085
13.205126
25.734446
11.192796
23.122812
27.324251
42.78076
31.676878
26.296667
37.038143
38.380844
34.565388
35.050854
47.84657
32.358097
49.314865
22.64101
41.708786
20.400723
18.711493
18.783253
20.303196
21.993574
10.449937
26.08828
19.252851
11.1068735
17.674828
49.588608
15.982876
25.39623
15.777885
13.513601
21.860895
9.479161
7.5990353
17.65983
5.214211
18.947504
39.616634
11.605273
8.312684
39.322998
29.61909
26.255363
29.23889
39.769768
36.27068
14.809731
20.69322
23.226957
24.613026
17.534079
15.503231
6.5738606
21.652351
19.714087
30.95424
20.048563
21.321255
21.726328
26.643835
12.857602
19.197813
49.624073
20.43599
75.8149
10.963787
16.36707
24.486023
12.339429
22.206692
17.814144
10.264501
34.303513
23.55156
9.551601
23.920218
37.354393
19.424528
13.901484
38.84892
37.64527
45.758358
24.438017
31.251345
36.31002
18.015638
45.528893
16.931007
26.240887
14.912288
17.924156
22.432966
18.262466
11.990612
20.96546
45.477085
31.685434
13.915933
24.641521
16.93072
27.921606
22.21444
25.297226
12.838793
19.714602
14.015175
12.844264
28.65038
13.016437
21.634333
19.070606
22.532387
8.392901
15.442853
16.141548
14.347932
27.53277
11.724668
24.075367
17.958677
39.916943
36.469288
20.648386
28.60288
41.533707
25.243792
20.118507
18.303354
36.13557
26.86766
31.531471
17.668486
61.90565
40.221382
34.724674
68.33307
17.701105
19.115925
11.570049
25.892284
24.484034
43.826744
31.563477
39.42438
47.263695
48.970806
42.132988
38.145428
18.412346
24.078903
23.967754
26.126709
18.844551
19.059956
26.868101
15.040105
32.18631
15.990142
26.805464
14.653993
14.139248
11.007159
33.799828
31.82297
40.0301
12.4206295
14.140848
19.859394
31.28151
29.039108
35.527378
19.942398
26.715418
13.334268
22.03703
20.260052
25.20667
31.734392
29.292078
25.678377
12.842413
25.836365
25.444553
39.732082
44.462147
20.132406
19.24916
40.99027
23.726814
33.290653
28.72325
35.85949
23.281816
19.345278
37.251217
26.59145
49.81279
32.391033
34.74873
14.511192
10.373614
11.254826
18.885841
39.085648
31.921259
16.817354
11.18205
22.270166
18.712635
22.891708
35.210957
19.285215
17.723316
13.932033
20.702866
23.115734
43.711205
19.647608
25.052778
41.97782
48.373463
58.15339
39.892517
32.366547
31.046837
23.06042
26.037182
21.7414
56.169044
50.719902
45.616806
70.86135
104.383224
27.753498
11.3860035
25.028496
26.706598
69.29109
33.73899
26.65523
9.234624
23.151762
13.616233
23.13577
57.72798
52.505856
19.814613
15.350395
30.893797
15.489082
21.225767
33.741344
15.931411
10.095792
7.1165056
16.897171
14.681239
17.05755
47.705547
13.511256
8.069939
23.181345
21.423601
13.627488
5.998356
15.083597
25.944477
25.885818
19.337374
28.901602
19.25795
24.39467
47.2774
9.4567375
10.312004
22.916725
9.285815
29.446047
17.694016
18.136202
27.716808
62.9657
29.40476
29.582764
24.519386
21.724897
32.934376
16.961847
9.297871
29.475506
20.96243
41.62399
33.620453
22.743425
37.606583
41.1717
31.575712
24.565838
31.319902
22.939028
28.491186
37.165524
43.08993
44.43898
16.180592
35.8728
21.135979
24.533934
9.677021
13.667458
26.717295
37.161476
41.51348
69.63099
13.63457
43.919422
20.18699
30.16794
10.592665
13.743233
15.066695
21.403397
31.822037
26.867908
30.97875
45.201416
34.46567
26.220095
47.42363
39.44504
23.4272
8.317599
37.99932
10.569658
20.435719
10.538351
36.12437
31.99727
15.613969
44.17044
28.317337
30.047297
24.881311
28.289421
14.661339
32.422287
30.12792
27.439856
20.362822
34.239265
55.101425
15.70819
23.48147
32.329674
5.987875
6.5382686
18.544971
22.868835
37.611313
11.232936
13.451574
12.036101
8.649372
10.265721
27.664862
16.902826
30.496939
13.973998
18.865898
11.7343025
13.1747875
31.090322
21.685118
14.839069
14.259251
24.123507
16.678253
13.458958
17.364012
13.457045
15.108888
14.146693
36.41515
40.300858
39.591045
28.412579
33.161835
28.392735
18.295158
14.049107
47.1234
32.774025
27.051992
26.526134
18.483624
22.001177
13.207075
12.407836
17.725842
20.631973
20.399483
14.686448
23.94708
9.661518
7.0690203
20.71046
16.593733
10.299889
31.92802
5.479257
25.563274
37.343155
33.745132
35.759037
34.114918
62.40217
49.394554
24.135933
15.55911
21.2503
12.771375
52.002544
9.204227
37.93542
17.167784
34.931984
11.818378
16.900421
31.33761
10.423147
17.932919
26.960142
20.16996
14.095867
32.084023
10.280079
8.83525
13.747861
13.377999
12.07917
17.000736
14.725326
19.822886
18.581602
19.233282
10.689252
8.28947
22.400402
25.649391
33.65485
13.252573
20.945969
38.958797
21.367022
18.105175
15.001717
17.477425
12.68651
50.77785
28.712566
53.714096
42.132336
17.105335
14.24962
49.357758
17.141087
24.507463
53.59143
24.123201
28.677906
3.6990912
12.464147
8.18922
13.221792
22.755434
29.981773
18.103903
27.467922
16.368134
61.53193
5.357478
20.209806
28.798784
14.256395
33.72349
23.184525
31.453035
39.990826
17.014011
16.73841
28.986895
37.52271
48.08177
21.14806
17.823767
17.339903
15.358817
13.937408
43.653458
17.628223
19.457466
29.851042
18.361135
5.5703807
10.899189
12.368494
8.805661
25.535261
8.82165
17.520098
65.70716
52.094006
32.28677
37.983105
11.270472
15.028491
27.827532
34.02694
17.133806
8.491775
19.787712
25.299002
25.352196
37.517494
34.542004
43.966427
67.26706
39.573315
11.234391
17.12339
32.823765
18.038097
26.422031
26.541437
38.354156
37.33826
38.41711
37.617794
42.47087
25.329466
24.105244
15.248608
36.032722
49.17263
7.8831153
19.029673
33.036354
13.891216
14.713872
10.986019
24.393198
18.845602
41.631714
49.035145
28.352869
20.892418
11.342852
20.923437
19.826283
32.251442
24.799078
28.754358
14.956586
35.61658
15.557328
38.296524
31.451567
22.668404
21.654518
44.419907
10.903341
20.028095
18.240015
31.147661
10.750977
22.162565
15.017696
16.636992
15.739492
9.974867
27.582607
31.007057
23.35872
20.33173
17.400057
9.325353
24.878784
31.163513
24.954645
2.4724689
8.623513
7.3681927
16.635143
51.586952
14.541213
8.243944
32.0828
22.142366
44.219616
16.544209
8.060769
14.535287
11.119785
18.357676
10.643211
19.669212
29.859846
45.620102
12.903149
16.378395
31.795795
12.754764
11.902553
11.430589
12.171365
16.815498
21.301058
12.603894
58.374374
36.9123
43.105072
43.009014
27.021101
20.895048
14.613443
12.824615
16.5113
31.60757
25.886553
29.82591
19.081354
22.142527
11.934269
20.458899
30.93316
7.65557
13.786303
10.64814
27.168858
24.982786
13.435181
24.775948
25.528328
19.022835
19.796848
29.582619
19.140512
26.110611
28.991684
15.186689
36.50024
44.97255
19.155628
39.795856
16.682877
24.151752
15.327753
37.391983
46.309883
26.977646
25.362476
49.935036
46.120014
59.71699
38.275684
20.373459
35.21385
39.98903
38.426804
23.538101
35.45735
18.265423
35.23117
29.681486
74.287445
36.08874
46.382904
56.540237
45.91976
40.825344
21.366938
48.751007
31.438
14.178288
14.871357
13.60069
27.908104
21.687428
14.751355
23.710833
39.418736
14.413107
36.443985
20.832712
24.483644
22.24927
8.797036
38.404613
33.42186
27.066902
17.632051
43.609726
39.782536
10.554488
35.630173
40.632614
14.018263
43.113087
8.384821
34.735287
20.126713
21.269835
28.853844
36.908375
31.15498
24.182598
26.23095
18.664665
37.856018
31.628008
21.095015
43.55905
40.496082
35.546772
46.50921
26.333336
26.849703
31.155796
22.861782
16.076502
50.133446
6.7660027
22.035402
46.25911
12.945937
27.148972
12.23266
33.091194
29.203808
17.502876
8.124666
29.183628
34.642105
58.865147
34.58556
49.76
40.912277
37.843555
34.48839
35.698227
32.50674
16.264612
23.132885
18.73963
8.124604
23.383364
18.003187
7.6540737
27.871382
25.625462
28.055937
35.346954
48.279823
50.57759
34.04274
50.87693
43.145683
50.261093
16.75854
16.051891
3.966228
3.8868906
18.103045
23.510574
13.252017
44.237152
13.0163355
17.997528
24.560308
24.161873
41.86313
16.121859
5.538978
9.063059
13.528399
17.585953
22.498909
39.118107
20.889442
26.27872
22.984184
21.987751
25.939445
6.5437074
36.60266
41.593983
39.97196
31.557146
8.362813
13.549782
38.10541
29.139168
37.891087
35.32926
15.504111
25.995605
13.306214
4.5502715
14.527116
20.818047
24.978123
29.417461
26.410227
36.56716
31.889088
28.939669
13.4091835
10.852054
18.589432
17.364504
11.953749
7.4736934
17.751978
12.006736
13.540218
16.215462
28.530745
11.977989
22.009972
6.1234584
21.424318
18.670317
25.70269
32.391655
17.701933
18.610855
48.68376
23.703241
28.63113
11.743832
23.290573
10.793419
18.778658
13.685045
9.505331
19.830946
15.239973
15.18356
20.07256
12.228155
26.787745
17.067533
19.20432
34.133873
21.94234
54.859966
15.166293
16.517044
9.992095
9.845665
11.519009
9.515906
29.40896
50.530025
86.47321
95.88578
38.277267
56.33644
50.48683
49.03613
48.68576
38.36732
60.432926
52.40072
77.03196
47.851475
79.10648
85.97338
79.84853
84.40108
74.6869
71.430695
72.59006
74.38791
67.13803
91.13877
74.97622
98.6787
36.234512
33.29569
32.760277
21.53997
13.2980175
5.0367894
27.706507
27.24798
26.943909
12.644731
16.495905
20.458838
38.51009
40.890663
32.841396
11.670018
12.03072
13.260495
20.77746
9.440197
38.93515
38.516624
22.8825
23.657997
4.374937
26.395039
23.924694
19.435497
20.625097
19.428701
7.1056404
41.196983
44.0772
28.15052
51.183693
51.31079
47.347218
45.509003
72.28003
59.915512
38.7192
37.944527
50.84836
41.08092
57.519688
48.911274
20.535887
11.200946
41.79803
22.312977
10.767041
23.082886
18.725374
51.906075
12.727343
27.637405
12.76477
17.521202
12.485675
10.657554
23.811768
11.647985
15.414248
19.38527
19.025648
31.690456
36.21703
62.011715
63.27717
61.295166
74.64837
23.618628
15.297525
27.350674
17.390581
28.405464
30.77144
8.473913
26.071064
27.90599
10.061786
12.901322
22.516548
28.630487
20.806396
13.637747
28.155096
31.91067
21.431877
25.32406
23.635431
32.192787
15.751409
4.822329
28.499758
31.026112
9.678
19.660252
35.26665
41.443306
40.62272
23.787895
33.225903
28.021648
16.700455
35.275673
33.14306
22.672552
23.639221
14.629314
18.991596
21.014782
15.790367
29.918318
22.312386
7.3888874
23.923477
25.669693
11.016236
17.230415
17.802649
14.706809
19.333225
13.8743515
9.09938
11.061315
18.92164
5.6969395
13.060297
20.398493
18.870203
29.016836
13.422771
30.297432
27.465662
29.079397
8.567299
36.79824
45.624245
26.351269
6.683482
5.410444
23.993528
20.383778
39.60792
17.79287
21.311495
30.465174
44.015316
43.432693
25.74968
14.980722
20.437996
45.208946
16.124016
25.254644
16.39939
21.897732
23.551146
33.87769
21.763561
26.475515
22.346481
40.359634
31.173481
32.83843
46.55149
34.086533
55.226192
30.780054
45.11013
72.24978
59.77659
74.359764
57.46602
50.046562
18.042446
35.11097
62.227352
49.71558
52.17779
45.02433
19.374496
11.142168
10.101172
12.37877
28.993187
28.95867
29.333408
21.600664
23.859917
13.89645
38.15125
18.970154
22.18336
26.395359
22.14816
29.83512
31.78924
24.831812
24.254751
16.4203
33.241554
34.419064
55.888554
50.367115
94.8584
23.292288
17.56341
24.696419
25.526993
26.255064
32.66574
38.152573
30.466047
22.643156
40.87122
25.338415
27.472633
28.144016
12.181975
15.215763
7.1947603
37.878395
30.402084
12.965424
26.119776
2.965708
29.676287
39.80236
22.414612
15.108903
43.359318
46.430763
49.260834
34.53415
47.75543
50.59855
49.050995
78.33578
67.96714
38.792847
35.34155
57.559006
24.708862
28.205185
15.6305065
36.529636
29.661654
8.241183
14.252437
7.209353
23.652988
31.481958
14.078848
29.878983
22.317715
25.262667
21.442383
12.667749
32.275963
29.453154
36.28557
46.42714
19.845238
28.506725
41.99535
14.744825
6.073739
43.092495
7.1516767
20.907036
25.05178
3.023495
30.986496
15.854649
44.241043
38.720436
31.937899
23.747513
14.6260805
9.790635
22.426289
26.177004
22.944818
15.442094
22.240324
30.629145
27.704405
19.36688
28.167719
29.1036
24.648804
29.325787
26.678139
13.098785
14.842927
27.354948
35.61766
39.25633
18.057856
31.661697
16.920645
18.04266
28.052906
28.188055
31.275219
44.710102
32.01903
47.500908
33.296894
24.289585
29.565367
22.436403
6.6847115
25.279255
12.08641
12.560469
18.256231
39.575397
30.17274
22.623686
41.35577
11.8731165
33.843273
30.062492
26.254517
30.520027
12.759666
15.751534
25.912914
22.755997
8.454611
20.582033
27.333042
23.402393
22.31549
9.157431
23.79167
19.06562
30.906715
25.826963
16.124846
22.318306
14.157561
10.41397
13.468768
19.648464
12.370226
24.76239
25.702831
27.397766
5.9691634
16.728899
23.198797
36.75029
13.247571
22.912273
18.726929
30.445356
22.368149
21.432018
36.69615
43.855957
37.706623
34.36059
11.086609
9.441254
19.2989
14.720037
33.85228
9.639889
30.077375
42.74145
43.000088
36.96338
36.083263
38.40128
42.08302
61.357193
14.0782995
8.999134
9.571782
23.563643
39.65205
23.267437
27.008705
24.872698
29.535158
29.815851
31.803492
46.040054
53.66291
13.400897
28.78751
20.798044
28.687254
17.185286
28.892006
23.16218
8.3452635
25.567116
35.158714
22.646156
10.141908
13.687862
8.043934
12.635109
8.218467
33.24166
10.284045
9.280647
31.488632
31.481594
25.425318
7.503656
23.846373
18.418379
18.97651
22.024372
31.670876
23.952978
23.573328
13.384397
35.78103
30.618706
21.393991
24.378384
17.351631
7.380648
11.416466
19.760668
15.714001
30.69736
25.212063
26.226835
24.52558
42.673424
33.290787
27.6291
7.612958
12.843056
22.811125
9.837539
15.522073
17.597635
7.9730115
25.539684
31.16615
22.453003
10.329635
12.088435
30.16999
25.202105
10.258513
31.130836
10.542907
12.893696
20.881105
26.30689
31.81501
35.444057
18.4935
13.861702
21.889349
21.447693
12.104174
30.709745
17.53312
10.473678
27.865229
21.144915
11.752642
20.784807
25.740467
20.231209
33.195946
34.42356
36.498764
16.577972
9.662788
21.073458
33.85024
17.762201
16.704945
42.15758
22.316362
12.964866
12.333748
39.784348
14.117676
13.380292
13.902766
28.800337
26.994768
29.239292
7.354837
28.794724
28.358025
46.029995
39.393875
32.905296
39.12184
16.816977
21.318914
23.232012
18.798433
27.237099
12.662106
13.104009
15.106337
13.6936865
17.368776
29.940987
29.063248
31.18776
33.066124
53.182274
63.112217
32.921288
50.90968
40.72688
31.531506
38.18618
31.467947
21.541582
11.648508
26.546797
23.378487
23.086737
11.223267
17.46159
17.087198
20.10427
32.992508
21.867691
11.17572
10.582981
15.473501
22.70568
29.382624
25.611317
30.119053
31.245811
15.86626
25.37758
17.415487
15.231052
32.662544
26.581816
18.96714
12.258224
18.701057
33.22461
17.401602
52.964916
13.137007
21.669321
21.150566
17.5991
33.764343
35.722763
19.557964
38.34056
23.507595
26.930279
59.00187
30.023148
17.447123
25.980253
10.179043
28.74264
22.910295
68.387886
52.0543
36.094017
46.906525
25.21078
38.7707
34.957607
41.430252
28.464327
29.805317
18.737226
20.727053
19.839418
28.298166
41.829
18.554634
4.922733
21.791147
11.68182
14.3197975
15.441581
27.02566
13.761588
36.55307
32.735905
57.076363
16.898518
15.453009
13.74567
41.842545
43.556427
18.561228
32.197533
8.508519
9.03493
27.794487
35.099186
24.476633
21.712679
26.434082
13.629539
29.712631
20.858784
26.640287
13.982538
16.688234
21.796738
12.220337
15.14526
29.965158
34.14415
21.292812
35.968998
17.3049
32.142197
71.83826
20.784264
13.494629
23.110126
22.942146
16.864124
34.00094
45.72274
24.663528
11.391443
16.832172
16.330667
22.624195
34.42358
25.598679
40.766727
28.847414
43.701748
54.30854
52.622696
101.37802
14.141718
26.435617
12.005372
32.06123
22.16583
18.025082
27.8553
12.89628
5.7947955
7.7172523
19.114447
16.317709
32.034176
28.712227
32.00939
20.76695
15.409504
7.8082685
34.81673
27.21509
30.423264
18.689774
13.1116
22.96936
41.130405
21.107737
33.495934
28.105928
9.658283
17.306658
10.68399
15.196185
11.258495
8.485602
30.43103
34.553356
19.885069
32.976646
39.718964
26.832825
32.259632
39.76992
26.19057
53.19664
84.22575
34.520145
23.513573
49.88127
24.666393
38.33306
19.860275
36.378136
28.314426
14.357627
37.6527
8.691806
40.640545
7.6674776
44.62326
5.3732862
13.88529
29.281404
39.779663
18.571201
23.877617
25.912031
26.338903
33.68373
42.95768
32.893158
18.60983
23.149195
52.79944
32.984222
18.042963
18.694
28.189281
37.97846
13.313995
16.851137
25.384706
14.293934
14.710452
41.50815
33.05228
23.052515
23.777258
21.352806
26.079023
15.170609
16.226452
17.26655
30.475527
18.30094
15.324582
10.685936
36.86808
16.71183
30.846367
13.960698
23.471535
31.169006
25.866112
11.806074
14.559545
8.762753
8.074131
18.507753
29.719254
34.797997
9.764412
22.647583
20.271152
23.417519
14.42822
47.86149
31.205835
7.8287206
19.579117
11.784696
19.243807
31.960224
39.34797
19.046549
19.621746
22.695908
22.543053
22.672466
46.384388
48.872
17.271376
15.381839
33.480103
19.04669
16.531256
20.433748
13.717303
11.704275
36.58045
20.130686
24.67112
15.508237
15.76514
14.502747
20.23183
32.945168
16.162113
47.880882
21.01995
34.860756
24.720825
19.376375
14.43504
40.65446
22.33611
30.684006
5.874355
8.601157
34.97259
13.963304
19.718687
18.308022
9.105408
15.41644
42.339638
11.331134
10.758994
9.588168
28.322708
19.123411
46.20409
12.21953
32.46286
40.738464
15.18765
7.569125
17.422586
12.027618
12.548201
15.951128
29.252918
22.19228
35.055847
21.139236
22.243586
11.453975
31.172956
39.40113
31.686401
37.4889
27.291964
23.681702
26.578773
20.341284
10.780471
40.491085
40.346348
34.33918
14.341927
26.09364
20.595928
16.547886
41.072857
12.355304
14.714843
25.868292
16.820011
25.506973
15.232388
19.540976
25.732037
14.8404665
23.929382
5.287495
42.731842
12.327946
12.185694
30.298393
18.656889
48.967987
7.1946263
30.221628
10.112854
18.852346
10.350185
14.286692
16.609411
15.743158
18.742231
26.81319
25.24362
21.692253
24.48685
19.903908
25.017612
18.794712
27.49158
12.871381
28.748913
18.654297
28.783422
5.651472
14.455555
31.766722
22.784168
14.748678
7.6272297
37.868587
54.062397
49.89996
10.568744
15.890511
28.306076
19.6301
20.09648
19.36963
21.829477
15.108539
35.428204
29.87307
23.662086
9.995666
19.804571
33.83659
23.977882
28.533699
28.658401
41.48105
23.106318
26.063532
7.9083333
24.639866
17.53234
33.23505
20.415688
16.183966
18.40304
16.92405
19.772131
22.884575
24.849571
19.167547
4.9804096
15.951427
12.215257
15.809374
28.941816
18.376045
35.793076
42.921677
58.017887
52.657032
41.905113
19.470047
44.64836
25.36821
20.523918
8.179413
32.73792
20.33538
12.302959
37.06122
38.18853
28.925438
13.694579
24.520586
19.361029
16.84412
19.384024
49.461388
32.310516
23.97043
38.53939
69.42856
38.627213
25.077574
29.978645
8.057857
6.154267
46.593628
93.43249
85.81143
17.055763
22.541365
26.366045
12.0036545
25.18076
24.863916
42.059994
37.974113
43.361465
22.283674
60.475903
39.500893
16.219172
12.74631
20.109053
33.88491
19.591555
19.66327
20.195503
18.956518
6.997471
27.526243
18.427402
31.71741
24.59129
10.495434
12.944815
37.29678
26.73871
20.404552
14.609006
23.414156
13.451025
32.040817
8.472372
17.405039
19.240995
40.463608
57.391552
67.54329
30.585365
15.001971
13.049486
8.179035
25.36975
11.673217
14.734516
17.540327
21.33546
25.590237
20.025126
29.278816
30.512192
16.839153
21.079079
16.234428
9.390046
25.404242
29.247568
17.835424
25.087456
16.629652
46.18478
8.870027
17.092382
29.367321
29.248472
29.53777
22.252867
11.569015
14.278974
5.890531
22.375435
17.565916
18.043055
20.015793
12.905632
12.749499
9.016184
14.933066
42.584244
45.505116
19.740582
7.8326178
6.313823
15.220711
61.719242
32.65983
35.873547
21.030804
8.951995
23.162569
16.200327
23.947569
32.830917
21.218748
15.212268
10.232511
25.226954
68.88846
18.734875
25.626396
11.388581
16.790003
12.779072
26.159475
15.21231
19.397696
22.693087
8.678752
16.326357
37.090992
9.860939
33.013622
23.068138
9.367559
12.163056
10.190024
9.234437
25.373955
43.84865
30.915058
20.227766
18.346842
39.187485
16.714897
10.817829
9.26655
17.374945
25.070232
14.24316
16.8992
45.124035
26.865793
16.719572
19.2278
20.1115
32.206646
22.963003
25.809029
32.296837
36.9357
16.508812
4.5840034
18.761549
19.393677
26.275938
34.87222
12.440341
20.357569
25.78525
8.986499
13.03677
19.600458
7.1399574
63.847534
16.784729
28.802996
12.656397
18.80715
30.09546
36.03885
32.661312
10.768398
16.569324
7.5867615
11.19819
14.203888
23.148403
10.877608
24.627344
22.320196
24.919924
23.625633
11.634543
28.229027
20.77683
12.716757
48.814396
8.657505
22.45035
44.834328
20.388016
29.953392
40.712204
11.965315
20.23302
29.140497
15.208264
31.876648
25.718687
18.186813
26.92794
31.109491
11.825561
13.84302
28.93226
12.9384985
38.13348
15.153572
17.509516
30.068432
5.305618
28.683535
12.909978
8.323299
12.95756
11.196394
20.861477
33.660767
27.258162
12.658594
40.563915
20.350016
14.643598
20.344803
6.7366014
24.921072
41.252365
23.264273
12.555378
35.481728
8.837835
41.6067
31.044748
32.65295
29.290781
17.069294
3.4201694
38.115307
48.72112
43.359253
54.03554
42.523994
23.57794
26.849155
21.039839
26.567202
2.0543528
14.06563
24.006653
17.169243
25.199263
30.391687
19.650908
15.968446
14.822748
16.723824
35.174088
46.411743
17.989483
19.692537
31.794506
13.763833
13.198661
38.36527
17.378775
11.022172
44.119785
18.287556
32.429176
8.482527
7.0971375
25.822342
15.28737
11.701588
17.920525
26.275269
9.314497
36.78367
66.40401
42.366695
62.142246
47.56405
29.001657
27.797697
38.22462
46.29492
35.88684
21.347263
19.522577
3.548656
31.08343
33.766922
18.997883
7.9159894
11.532291
18.124592
30.587086
20.473461
18.521984
25.81556
11.316803
25.110987
37.49731
33.37877
37.282814
51.142246
69.1631
47.751923
98.56373
77.94891
58.740685
53.472904
48.299297
57.640347
38.756298
40.2272
60.2604
13.5419235
23.932568
18.697193
19.89255
31.624851
45.68229
68.02871
30.095398
33.771862
11.143741
50.589306
33.03677
28.804312
13.337698
19.02442
19.748604
18.087547
27.691181
21.210966
19.964231
11.994406
16.806047
32.173386
21.309477
50.91078
18.40234
8.488686
18.593018
21.569473
19.784906
36.726723
35.87064
16.456287
24.485344
17.913029
15.559404
18.437181
17.405804
14.489708
9.079731
56.329292
10.793761
11.266287
15.870691
12.151559
18.621975
35.651997
22.792122
36.99017
21.861643
30.579208
15.937571
18.57327
38.23214
12.371882
31.13434
26.515038
24.648602
26.194626
35.458282
21.220112
18.235193
11.976086
26.899961
17.579205
17.586102
28.89013
30.215149
14.005255
16.126911
31.810349
33.180367
30.18957
10.356868
38.080902
20.537607
25.41013
29.463587
20.950598
24.775331
27.127436
27.625933
40.510727
29.91617
28.542608
32.47635
45.860157
9.910467
30.8026
34.2181
6.3706875
19.912853
12.032853
10.672725
12.049303
33.761097
5.156313
28.845083
44.051292
14.863056
25.959692
15.400841
35.758495
21.78955
14.366877
19.04802
14.3267355
26.411552
40.7047
10.986868
35.08507
6.098009
22.874086
14.372054
12.689242
22.761856
7.101131
8.166076
7.2559566
11.025475
52.941383
29.982891
28.90782
11.592913
18.674162
41.675865
25.925692
14.28454
4.389017
13.460564
34.743954
16.162823
31.110176
21.64969
18.930487
25.117945
39.12211
14.67049
7.4858437
19.593935
36.29047
13.626792
11.69845
23.168852
43.625053
34.2687
20.194551
12.2454195
51.22201
41.017532
19.489092
24.290215
30.029165
29.549616
27.590652
8.087532
30.450806
19.137817
26.041285
32.983673
19.68441
27.422863
13.774184
16.71704
24.82678
20.224102
37.74065
33.67028
42.201637
27.611727
28.480366
20.054855
55.347435
28.551636
19.803137
10.516193
24.292244
10.47181
26.835014
48.438057
14.475491
41.93761
15.32977
10.639043
11.373391
17.960218
8.898462
31.454111
14.9532175
14.964786
9.404377
20.00398
27.247862
21.615063
46.325874
20.140488
18.174114
9.199738
29.395813
20.31372
26.120615
15.2630625
36.31647
37.504124
16.633127
26.641376
22.88594
29.23509
22.553003
16.853981
10.867623
33.461926
21.89749
14.015267
13.956049
18.12387
7.8523836
9.203648
19.299667
9.372128
17.217537
15.501656
17.19449
9.412764
27.523352
2.6703436
24.30473
21.975624
19.508383
30.312937
38.03225
23.691963
10.768532
24.910904
4.744932
13.5365305
8.035216
24.18857
14.129691
11.800434
14.933804
18.748573
25.47774
32.883766
27.849266
26.668629
10.427498
20.214334
15.184342
19.44126
33.5166
27.199253
30.071331
29.27416
46.038467
50.443027
37.274197
57.35639
47.918583
15.483944
4.0074635
24.260296
32.119423
41.680435
33.257603
27.38704
24.1025
45.21861
18.467537
15.897494
34.705856
39.307735
50.969513
24.925177
40.068237
35.237343
42.107212
32.46353
36.557724
33.328426
19.004255
16.165455
45.694756
17.043638
36.988075
9.958185
14.781908
17.981834
52.3651
33.298656
31.757532
13.90428
15.084564
26.523222
20.68764
8.287963
15.5351515
36.9907
17.72601
31.127583
24.693825
23.713585
38.79104
30.195774
24.137842
25.770868
26.337847
40.337738
30.324942
39.308704
68.64007
51.035545
58.014874
59.46383
62.91709
57.543427
64.695305
58.485416
24.394766
38.074074
34.57191
26.603413
24.957813
28.926855
28.565351
20.512974
45.156006
39.648155
40.051598
38.7567
42.555195
62.826973
40.1574
49.11467
58.660908
59.501217
46.340965
22.45295
10.133578
16.37513
17.002815
34.479992
34.278114
6.5434585
10.83356
18.126564
18.77534
19.884554
23.3133
48.474686
45.25631
15.836623
22.786993
22.797033
30.140844
24.009266
36.200554
47.68717
9.870632
10.210074
20.817608
35.415855
20.48911
32.15329
38.814507
11.330001
33.233837
33.88274
9.312991
23.393476
17.553658
12.750669
39.945656
19.709919
73.10073
9.843235
16.029516
14.412767
26.222534
37.824745
30.459324
42.56877
44.705563
35.33533
38.229664
23.873665
39.111385
43.68513
29.753569
25.437063
34.918854
35.200584
30.681494
14.848625
29.376978
46.78569
30.09096
16.676397
14.501645
4.786311
14.847068
16.386515
21.937614
41.96882
29.500532
15.484486
12.24986
23.440632
17.58822
23.962217
14.962455
16.653004
19.115551
24.840948
15.586815
25.910175
18.320688
62.2228
26.584927
10.856772
24.23895
12.150107
25.263199
34.34822
14.189678
21.646894
12.549104
21.060759
8.897791
12.671434
25.673817
22.069693
28.529995
10.8636465
24.852417
18.367788
13.595092
12.036848
29.869802
20.742632
4.2128778
4.866126
12.471483
31.042635
23.850775
65.65611
30.297197
45.584667
54.21782
39.15827
23.858145
46.899673
27.99021
61.609344
46.469864
17.321075
22.3031
24.820005
17.793869
37.318825
25.837984
37.280163
26.656967
47.831524
33.648693
44.078014
43.24227
47.415443
52.99498
34.775177
43.194862
36.63048
13.642024
29.585657
14.296632
8.124667
30.833145
34.365814
26.54959
48.560776
44.59312
16.136093
23.878258
19.719212
6.1770372
28.31065
76.55353
13.416509
17.28723
15.897199
42.975887
30.318062
16.198446
17.82012
36.40083
41.21794
37.93132
13.792837
23.835745
43.382103
16.581755
32.67923
11.799497
18.449463
22.87717
12.819559
43.410053
15.664462
31.157183
11.735285
22.939129
3.9534266
20.85449
28.60186
42.72058
19.002205
20.489126
30.79868
27.602455
5.9176087
16.502073
33.00449
24.821646
39.846504
55.808266
48.3905
24.045742
23.765049
23.341856
42.365337
40.316566
22.68957
15.810958
31.37935
19.855637
40.23436
8.355019
28.14598
10.742223
40.927387
31.74955
11.023783
35.28845
17.381384
15.429675
29.131878
20.415071
11.642748
13.5915785
24.725811
28.111229
23.030571
27.120596
12.251518
30.898296
28.635183
21.745867
20.831501
33.545746
24.246235
18.508738
21.367373
38.301804
15.328016
20.035904
16.64014
27.77663
20.049719
18.694996
17.241287
48.36096
5.2502294
32.30669
25.204216
25.897633
27.222246
14.940998
35.48819
6.550835
15.908352
32.141476
25.315456
24.315529
27.369783
21.169868
12.598004
41.102016
30.340622
43.919014
36.5242
24.850246
45.777157
40.91541
27.580051
22.796124
26.836693
40.65077
43.889164
42.666702
85.56267
53.72374
61.489727
70.27671
77.31189
84.19068
64.26178
32.14514
40.414597
24.466005
29.57576
34.706043
14.188274
31.280201
18.840998
20.85281
40.809376
38.018265
17.676146
11.041244
16.42502
33.71325
26.100014
34.545635
27.41912
29.465431
42.544952
53.153885
38.044525
18.179138
55.991142
35.684395
27.14187
25.622608
5.0108685
23.600962
18.585323
37.113605
19.7627
42.559025
28.914394
76.589
62.201805
17.511787
29.487305
21.979797
7.515192
18.127583
7.406318
11.135602
24.146906
15.194581
38.41609
11.724569
19.02563
5.559169
14.842339
10.72184
21.146015
23.286749
33.97123
25.141438
37.988365
21.78942
13.615949
24.694187
6.2915187
22.857468
19.674736
26.441303
16.048405
27.628107
10.296514
13.938912
44.849884
26.45371
57.372406
37.920914
24.573126
34.43628
30.912518
31.522564
46.71256
43.26792
41.316086
39.258224
48.314262
31.249367
16.197914
26.63522
44.3339
30.015127
22.930315
55.704002
32.92502
43.686203
20.632463
27.9425
25.964855
47.33821
11.550129
35.77159
27.895815
41.0305
17.505108
6.567309
9.907956
24.369097
23.308226
15.031687
29.903557
29.860085
8.189649
25.222305
33.525646
25.906322
37.82738
28.287165
24.884758
22.582623
55.180832
46.108204
77.78832
42.312374
71.33853
23.561531
27.020168
37.956783
87.12989
31.350122
25.49364
17.475273
37.916027
33.550106
11.202921
14.233931
3.6296084
17.690313
16.552698
19.469574
11.5997
32.91991
35.923756
15.337305
43.752388
33.70204
31.499817
44.504658
37.36201
37.68237
60.2955
34.59003
8.90633
38.60503
12.392845
33.839325
22.510237
33.241505
36.203712
17.739363
20.372751
8.872028
12.233067
17.918804
10.010365
25.283003
24.369627
35.048748
35.58944
47.45944
33.654034
51.461422
13.650753
38.778473
18.665762
16.848866
22.88486
15.1592655
12.0116825
24.034527
10.467915
8.622888
14.754168
18.691841
27.499119
4.55512
12.63992
30.274693
19.904716
15.110376
18.164183
35.348248
37.93747
51.176735
56.42097
20.437645
14.127444
70.31403
62.45081
51.2848
18.732166
14.157751
16.359781
11.045118
26.62583
39.04198
6.804807
16.889717
67.09097
29.4402
22.953598
16.532309
17.25181
21.003454
17.932203
9.625274
26.453466
9.858067
10.61149
21.787476
26.990768
21.24317
18.55461
22.898394
35.440445
27.587706
30.488941
48.752407
19.25829
42.053383
33.1179
18.53941
19.658804
2.9010513
19.357388
13.315203
19.391409
20.160023
24.450525
21.218454
20.913319
30.51504
33.615246
11.282433
11.9308
24.618118
14.106358
14.00632
21.742949
28.396544
38.20355
19.61092
40.896664
28.189194
12.515264
18.674097
15.576609
16.128368
15.366787
27.145157
6.398976
14.474828
23.78997
26.149065
36.478947
16.904123
19.504694
33.999638
42.350346
35.30937
47.024227
31.482431
31.987768
43.539146
59.94271
24.24105
26.311134
61.2055
33.236786
45.73176
44.76735
29.355688
62.103012
16.56039
11.230923
45.27485
23.25937
26.98073
22.964567
11.977767
20.136974
26.713495
26.165073
19.805178
23.365915
18.002806
22.02418
9.58962
28.767895
15.510806
20.751698
14.748504
19.739546
13.454555
9.087476
19.214624
12.544314
40.27241
17.42792
22.55609
20.151442
10.08239
74.289406
40.777447
21.01804
8.7488785
24.548733
19.920467
13.077008
24.650713
17.500652
34.934853
18.671263
12.762821
36.95355
13.2032
33.870934
19.442186
35.70515
23.629456
16.822872
16.905048
15.476192
19.766495
29.8266
14.185108
36.82285
22.978273
16.012554
9.8724
33.706005
39.928905
15.275792
17.222506
19.255882
32.412777
29.57511
37.1861
26.060339
23.767666
31.98034
32.15071
11.340076
34.326946
3.73156
21.32018
15.080562
22.851797
13.574845
32.509964
16.134306
11.2218895
11.170707
10.538799
25.56236
33.902554
43.99889
33.811615
21.24558
24.460188
26.765505
38.280018
40.87558
11.022941
42.935413
22.64303
32.850746
14.203351
47.481133
18.852522
3.2681663
11.928093
12.388489
12.878104
23.563232
11.718008
38.67004
26.136808
33.943253
10.679336
30.704334
39.37237
42.375168
32.14981
23.761328
41.796043
16.329977
11.802648
16.730078
30.244968
31.701576
41.24466
53.736534
42.4229
16.623505
18.299995
16.677832
32.347576
32.5628
25.176716
26.688068
19.693733
21.9916
28.304659
29.62423
5.978943
10.758998
36.03194
19.241964
26.706732
43.027977
19.879566
13.159672
21.344576
22.368248
19.834972
16.242296
27.850863
67.40019
14.645447
20.755213
36.23317
59.03875
50.28121
29.892906
28.480541
53.77858
18.381384
30.294968
42.45763
37.868282
41.26437
37.719185
65.05726
71.29636
41.870583
32.263176
36.798073
43.428623
16.989983
30.416265
46.370026
37.691036
38.70355
46.7604
45.543262
36.777893
57.85479
64.141106
38.368084
12.738886
9.328774
18.831398
19.278376
14.495692
46.991646
20.917809
21.423538
11.004298
25.46781
27.173916
26.633917
28.35714
26.811068
30.43615
33.72479
14.675484
11.707117
30.174824
37.04796
40.699814
14.586801
47.853424
33.17008
31.556818
35.292618
38.747017
21.7602
33.43884
34.22763
33.78446
41.59707
26.078733
14.794038
12.730225
22.390657
11.939841
16.500223
14.635587
33.524803
17.287424
47.44179
27.243872
29.208696
30.352345
51.753387
25.122646
15.279335
5.5309434
21.4736
25.50217
41.24489
31.527206
21.675512
33.65327
30.733038
13.559307
6.3922834
13.765765
23.965263
13.179843
15.896911
30.063482
23.758934
8.773445
19.33594
49.10476
39.555695
19.857834
35.64652
33.630787
24.974312
43.029346
31.559616
28.049524
36.041485
30.602972
72.151726
46.54403
12.771645
19.955765
9.819805
50.90995
42.193253
35.75296
36.438805
35.88954
35.01777
21.811617
49.0245
30.675879
32.99966
10.888863
27.709633
10.524794
39.560753
34.580357
9.382783
19.489815
6.9858747
13.429975
11.3597555
6.728917
13.587172
12.909493
7.8386397
7.605506
22.192122
15.8851595
41.84991
28.360918
20.958559
32.72289
6.391452
16.365503
46.55835
15.974451
30.478605
17.428835
26.497622
12.23903
29.936705
17.179308
15.208256
24.09369
15.451727
13.004762
18.101954
18.514072
20.971128
13.399911
15.29984
14.237999
19.396235
24.82273
12.695417
16.303091
12.675233
17.991993
9.0342245
36.04152
33.661064
18.791283
21.792137
10.068171
9.824004
20.84703
20.448198
30.174955
20.471733
21.426811
3.5631144
12.197353
14.774361
21.705177
11.3982315
38.443436
20.219604
19.878984
26.779873
14.852421
27.46616
18.056522
19.579395
13.653354
32.123604
10.073425
32.022804
20.338964
18.057377
54.082188
15.488986
23.147541
21.405678
40.15685
41.844986
40.156338
52.246254
12.412907
12.050226
19.144262
20.44703
28.77616
32.83123
5.881642
37.18315
35.645683
33.25691
36.11736
55.289913
35.60727
18.701387
11.901585
14.860558
15.10401
35.656296
21.94274
40.459473
50.351185
44.55019
53.55167
59.972244
39.088917
48.976063
58.80727
33.811485
9.21369
12.809956
26.052546
37.4417
22.475048
23.022087
21.753845
29.838686
13.259655
35.047596
26.276283
48.037315
32.12376
47.88613
37.05317
32.122425
12.387202
36.269615
10.416325
27.213633
16.953537
21.787876
29.192436
31.274664
36.642002
40.76398
27.683022
21.368214
39.290806
34.38124
34.09917
24.479542
23.141535
9.657461
21.329718
6.3879247
17.357677
31.522625
12.811786
23.753878
14.218666
11.99963
13.634021
23.308422
10.01173
23.49125
17.416788
29.218452
14.520685
33.32813
14.502998
53.850792
20.350399
13.733079
33.16826
24.235126
11.0522585
27.23591
10.340115
38.35944
30.045269
15.010196
6.902165
25.756836
11.856632
49.127262
48.634556
12.946443
20.930456
31.636353
21.358955
24.15372
50.9677
46.64705
31.54378
26.639194
35.391605
22.05665
25.472437
8.096402
28.544434
42.494076
11.492733
26.200466
27.602148
31.288742
38.08382
62.04846
21.631943
35.86614
31.324762
33.66771
20.812996
30.25966
39.572243
18.067297
34.989185
37.206444
42.17568
22.236055
22.852339
19.229927
21.044338
20.418818
9.471989
33.77792
29.925686
25.45155
13.155619
13.4337435
28.713839
16.011778
17.299006
55.594925
20.105513
23.59112
24.604006
17.444763
15.330235
30.067854
30.114712
34.000755
12.429806
10.788604
24.404129
10.320356
12.120888
15.607221
38.532112
25.426138
11.752022
36.263256
27.790268
14.530876
11.52824
17.050282
28.455978
19.570702
12.1620035
25.75423
11.589794
25.202417
14.368009
9.248902
6.3950453
22.980764
16.117975
22.279604
25.369324
11.678737
17.083952
27.448912
54.344585
46.655346
52.63412
46.396435
42.45156
32.350903
30.87172
23.047947
33.475437
43.765224
61.234486
56.79062
51.58867
24.863884
29.197437
53.447987
5.0846205
8.094598
18.233541
39.09372
23.041224
26.967093
38.13947
27.186714
36.946835
13.372371
22.139929
22.657076
25.010536
23.006737
10.361127
8.119693
17.68737
25.685686
22.876255
20.40958
44.579315
48.492393
5.5633855
36.24098
10.612238
29.311855
27.307182
39.466938
14.03922
53.10113
18.350336
9.554544
4.3760858
12.602304
38.984432
20.167116
22.08454
20.352253
31.64962
48.051834
49.251266
43.682518
45.630383
21.99944
17.00754
11.362994
5.30848
20.472641
28.03697
20.77072
5.3908567
23.70177
27.064825
17.68302
10.132388
20.499474
10.854046
22.60371
16.975857
15.600342
35.78223
15.024474
14.940843
18.570179
20.611261
21.518913
19.419762
18.759857
17.446112
12.6191845
16.92329
19.472445
42.91699
38.73898
40.105602
22.793562
11.219416
16.98161
26.50326
28.729124
41.63684
17.501202
14.584789
11.899633
22.757635
28.98025
34.330032
46.803207
40.392704
33.79953
30.111197
51.86351
33.025574
15.488108
11.023147
13.986881
28.280603
25.254421
8.245557
17.017582
22.389809
12.471365
17.711643
7.441406
8.92523
24.597176
25.65432
27.011574
61.02797
66.14213
21.82068
5.3230743
13.972854
14.704432
26.281477
14.47965
26.888958
28.481068
27.475258
35.907413
35.78577
12.584423
50.329994
24.79001
13.4848585
20.623516
27.997309
39.969933
20.791288
35.74614
36.93183
33.44185
46.84365
37.167206
24.32822
45.45227
59.119926
35.24537
16.574385
10.386091
27.021852
8.610192
11.740584
19.068626
10.93022
11.537287
19.61513
42.649487
19.286629
26.841805
32.73499
33.48614
45.65487
29.143225
20.37663
69.56609
49.358223
65.34316
47.21582
52.83353
50.379097
50.615494
48.81585
63.917572
50.43486
13.120332
8.8331175
24.864765
19.016768
13.507488
16.580013
10.216582
15.312068
11.094071
11.24469
19.220613
39.84176
23.172077
11.196606
11.569195
36.624413
10.898225
13.208338
18.171997
7.142743
17.794287
8.884059
31.351734
43.520756
9.708594
35.436295
18.984247
11.840213
25.166262
33.46072
12.840913
5.504068
30.554905
44.631504
35.03914
19.917175
16.225462
24.017027
18.380543
24.24271
25.179924
15.908792
22.00973
14.172145
11.408477
9.406753
24.852867
18.44294
28.749744
44.822147
38.529892
19.387794
68.07017
11.319728
8.894452
38.67092
16.239376
13.660117
27.03561
11.103324
19.676077
15.934107
19.759947
9.630199
13.807381
6.768777
9.469258
10.595124
28.011734
23.499916
29.269293
32.5752
29.50571
41.486534
32.325912
35.756763
9.082165
11.834123
35.037086
44.827946
13.707074
30.460108
11.917505
14.482345
25.227993
17.985899
18.285917
22.016941
18.836994
30.01493
18.468452
19.848326
17.700968
21.155718
32.735912
27.958616
17.731485
10.860054
15.829323
20.31353
9.969631
17.125734
26.15987
8.146221
22.250732
33.935333
39.031986
21.037931
27.13666
26.128872
30.409418
27.894604
41.662186
13.585045
12.647368
10.992898
12.133287
21.36902
18.99946
7.2507243
17.40693
16.166933
20.768528
22.158648
11.462294
15.090531
4.301622
23.302391
20.82013
20.124184
2.882313
12.622806
12.3358555
9.542974
7.889023
19.591179
26.481474
21.498524
35.160034
17.91969
9.082411
31.31957
19.419025
17.076082
12.211747
13.012379
12.593823
11.289606
20.84322
6.1810055
17.6183
15.335309
26.200956
15.230152
12.738773
23.409784
15.37031
16.10541
14.984319
17.369656
45.977962
27.862585
29.277098
42.37322
49.231667
29.316961
32.235878
35.06664
34.58636
22.946213
77.904175
23.201965
30.491978
5.7824593
13.592568
43.92841
14.65624
20.443972
16.518368
10.825906
6.6052594
11.518286
20.561914
24.38983
69.36995
35.414574
48.965878
17.098759
16.71702
31.56971
6.7224903
21.7069
17.713425
5.5610256
8.79825
24.391563
12.782901
20.216925
27.943596
16.413263
23.081865
19.42929
14.659708
20.088219
17.745193
41.994293
14.816292
26.77159
27.093634
37.31716
19.714611
41.581158
26.675583
11.8909445
19.93026
32.473133
38.32545
17.457794
22.540745
43.013756
24.60847
12.927591
31.239891
43.8464
32.13429
17.754911
19.041174
21.382597
23.524664
20.28509
26.912104
19.337662
31.372652
52.465435
28.11498
54.482616
29.176085
37.108715
24.827513
26.674593
27.307793
27.625898
6.605898
9.155936
19.367704
23.816257
24.678135
31.808962
8.830994
21.31116
16.390598
20.164022
14.912237
17.526653
17.814592
17.801462
13.924752
33.331352
14.219212
32.67744
36.55023
33.537247
41.55148
44.574154
52.184616
42.416992
29.951317
24.17354
28.017942
38.314648
4.5106473
19.474052
24.066607
22.464058
26.33967
13.766252
24.212343
35.64226
20.235683
29.664124
35.019848
37.877495
28.090927
11.538211
8.806986
11.053372
13.3325405
22.758821
18.741188
18.535934
18.73556
7.6157284
27.518871
14.556331
34.0716
33.30397
18.013294
9.81483
18.410002
18.24615
26.289692
24.837454
24.285574
35.54805
17.174374
40.008785
19.624815
25.1704
33.71524
42.479248
43.15567
11.966798
26.531702
27.469238
11.963893
44.685333
44.322987
36.226254
38.26424
18.159416
38.346004
21.058662
9.992108
12.448251
11.951858
21.61637
17.750937
19.77239
10.919861
17.02289
37.10442
23.493435
17.602713
14.756686
20.335264
18.826826
20.405937
20.134634
35.604893
19.175016
6.5450854
28.453133
5.9808497
23.204273
29.793818
19.840014
27.983776
25.714893
19.51047
18.292461
24.203114
17.931126
12.880274
22.646809
31.84875
34.01835
15.413028
36.32046
16.45192
12.996302
14.665579
20.407944
21.993141
7.9493756
23.837387
19.083242
13.007018
21.367283
10.643798
19.07329
23.424824
29.372822
14.864632
28.95037
16.924082
20.890587
43.333515
32.59551
24.358606
28.09583
20.297953
39.62225
33.613945
22.751171
37.004272
29.394304
9.712898
29.117725
10.938681
15.392704
17.24633
39.497036
22.240095
17.147272
10.002976
6.4300294
48.10883
15.1209755
24.00951
21.156286
14.902763
30.717968
27.93614
20.794827
18.170103
30.053967
15.141051
24.739128
10.455744
14.565027
18.564642
16.39655
15.501659
23.473457
11.53674
18.621061
32.769585
24.377197
13.575595
19.66559
44.57968
32.80861
16.234928
25.517532
19.166628
20.128284
20.088863
5.385287
9.803978
28.658175
22.218306
13.666515
16.364038
35.14819
25.04622
16.098688
37.869904
41.332363
22.450987
19.752552
13.028613
23.326155
12.347712
13.623394
27.032953
23.865686
30.83893
24.587347
26.427061
33.019085
34.0898
56.316036
41.278107
47.95513
33.329865
66.75711
19.625616
18.697075
7.82984
18.472342
14.232147
3.5316443
37.321407
18.437662
19.79906
16.361547
11.302402
19.295681
17.756617
9.251926
10.605139
16.06864
26.004
24.79111
69.33628
18.838158
17.157581
13.200975
21.918669
11.626901
13.387951
18.910385
8.698511
14.120988
8.704096
2.570163
14.558913
12.683691
20.839302
8.784253
4.9161315
18.80039
20.359774
5.0888295
29.12521
39.841984
43.774097
7.018738
30.15185
15.981816
28.016775
15.746112
20.293072
44.996315
31.752342
28.972622
21.069277
28.510134
32.940895
51.37132
84.6603
40.37729
37.18643
31.585016
22.516447
28.36324
12.173539
19.230736
24.24209
29.22706
9.168073
25.45369
13.709497
15.788316
12.876796
24.428543
11.366826
31.83988
13.33543
44.030132
31.31291
27.968016
45.6157
40.20702
49.859116
51.062443
28.046127
39.828068
37.992382
14.810707
29.126587
11.825284
16.875738
2.8943102
9.791545
42.250313
17.701654
25.78499
14.5304985
15.061406
5.2842035
15.707471
9.447907
13.2155075
30.197569
19.279047
24.286795
15.5645
23.218857
14.371272
30.479713
30.46746
18.203766
11.53151
12.823306
14.476727
4.830101
21.000761
26.255093
19.603191
22.719994
35.74095
21.614983
21.531889
8.430971
27.224648
26.113438
37.100555
34.198956
18.89463
15.548308
22.794949
24.228209
23.069984
12.643799
72.05114
7.9458966
15.022815
22.425709
2.9484794
19.889336
18.687706
19.623322
26.260658
5.618715
39.983105
26.885841
28.650677
20.213526
34.28689
14.266144
32.85619
21.25137
5.778537
18.500881
52.66188
8.3762
17.272541
10.864252
16.073109
12.975589
17.048021
13.164464
26.306581
10.207595
10.116507
13.996746
28.543447
23.417902
53.14638
39.99232
34.777588
42.697784
30.243095
58.681366
42.353615
67.70415
50.636795
32.685963
26.817837
32.844727
27.545298
36.315025
34.06398
29.872236
30.774542
20.978256
13.580918
8.971977
30.526392
18.28736
15.866359
11.029431
29.707281
16.195894
27.592518
36.505745
17.585787
19.554386
19.4355
10.620286
24.319935
25.40407
37.234924
29.819555
33.371113
43.674217
6.2242455
17.975645
18.901623
25.975985
5.1607537
31.282679
18.701685
15.691972
22.658052
7.5543294
20.402424
15.417423
19.019764
27.242031
28.23967
26.82113
21.381159
14.048672
33.926884
5.968955
19.10432
40.97602
27.463684
23.597336
34.07267
21.829502
13.016824
43.062576
24.814228
36.32461
12.724112
24.674433
30.756786
14.631051
18.393618
7.490852
13.838798
4.3114567
14.337671
34.793564
21.860306
25.139294
12.883179
22.529238
13.563639
10.174328
30.444538
23.112524
43.31805
37.142006
45.674328
47.83121
49.896976
22.27206
34.033974
41.587242
40.85021
41.41121
42.38189
43.51538
69.26221
8.174321
17.806543
24.797707
9.762169
22.61492
17.51999
11.777504
10.6813345
23.852808
20.08889
16.154026
12.616773
18.979677
21.299473
19.673038
6.642498
14.282057
36.242905
56.682533
29.896582
11.675824
18.998278
25.176428
22.831371
24.065773
10.468461
18.321732
21.322271
23.302406
11.132006
12.299387
8.946588
16.819555
7.743136
9.628113
12.33799
37.930782
24.560633
27.464506
13.6057005
30.018024
4.099367
37.561584
20.502224
19.720299
29.753107
31.48984
11.663735
8.56905
9.606838
16.356682
26.165894
25.252808
37.606354
37.132843
25.865019
23.2943
11.972455
9.184521
27.385515
11.778787
18.859953
21.82052
38.553905
10.402134
32.539505
8.109339
9.980781
23.07904
12.541129
31.86641
34.374435
18.254932
21.638113
40.76107
27.527964
9.286524
6.1539087
6.356641
14.33615
43.349422
8.336376
15.662388
11.606625
23.20042
22.696255
21.829887
8.845567
19.12509
30.524214
14.155592
14.759209
14.472803
60.31189
49.807407
28.060911
14.324618
18.033178
9.463233
12.404034
3.8141356
15.336381
23.470772
27.383062
17.995186
16.61033
22.38183
7.281097
11.530868
22.21432
11.184155
15.073864
11.031495
12.730513
35.866833
15.262204
12.1285925
19.728897
39.6939
19.445646
20.333094
9.189707
42.95045
15.523264
26.367214
17.391766
10.514784
22.384804
35.330685
14.425315
14.524732
16.60726
15.551308
8.478029
17.222313
31.438173
14.258894
10.427954
15.004895
17.23041
13.866005
28.814617
17.214972
10.947716
23.3198
11.931445
9.701319
7.6356
22.549702
27.923515
22.019217
28.737707
30.777927
37.38645
25.662922
8.498188
20.409494
13.001196
26.104265
5.217623
25.94498
27.665411
11.573717
38.836525
23.853323
29.689627
33.333057
10.829595
19.185213
9.230617
10.538697
10.660962
34.567825
24.039417
17.054085
17.699003
45.20434
9.037373
22.181412
17.297165
19.728355
12.699153
7.5643086
21.392756
21.591608
15.873827
33.085598
17.327835
24.881037
9.497299
10.305404
8.2600565
8.661997
16.694487
19.44167
22.576561
28.700377
19.805754
21.253668
25.951942
22.798826
28.074457
9.253378
28.345171
58.856937
21.163244
15.707406
21.725609
19.064804
7.9929824
10.002607
23.973783
13.735366
23.327673
23.644264
8.453906
7.6280403
6.4032025
11.617815
16.993938
42.116997
8.505748
10.870955
19.26738
23.426601
10.72681
6.4025307
12.999903
24.084139
14.868927
15.130948
7.161022
31.640102
12.143785
13.749372
27.8289
30.475836
15.040319
35.19752
18.256927
34.6377
41.27357
24.812424
27.083899
38.401997
17.904997
24.064503
10.443142
8.258297
22.88282
22.453392
36.186558
39.118874
20.437443
11.278526
25.103054
37.492443
29.798574
14.05069
21.945705
16.637863
14.932182
10.215285
8.66338
13.51982
14.404713
15.849612
19.87017
44.561188
12.258628
19.7009
14.277635
23.29062
21.896229
32.659584
39.10164
35.782936
44.89708
19.588629
30.19167
35.330624
56.212967
31.304316
45.114864
33.95316
48.32079
40.46328
70.937454
40.424057
56.485783
48.019764
49.329926
99.155235
33.116295
43.761864
28.1866
18.057114
10.486776
41.727783
23.911125
40.862152
27.881
52.281788
50.951096
35.13811
52.767128
58.65953
47.763283
45.870663
30.23791
29.351387
13.478974
21.684843
21.96692
29.671595
20.45223
11.903168
33.048996
15.744469
27.583155
50.64878
45.919743
15.5646105
29.791878
18.796564
39.77739
25.15155
23.42817
17.322275
16.465372
27.124208
16.94001
14.589343
17.192852
24.352383
17.712217
16.877422
34.00903
9.25908
25.002792
24.873344
36.623592
11.994495
31.67164
43.45267
6.6702023
12.79356
17.963896
11.675123
17.165411
25.699858
14.383698
24.180471
18.13089
29.488771
20.004292
14.375278
41.36844
7.5269775
20.533928
5.1836805
26.87665
30.007812
33.991783
10.469377
20.448137
22.79804
17.812143
31.20009
21.341236
16.025995
7.3719506
38.428646
10.074466
25.668682
10.892953
22.216225
19.145079
13.285757
11.287054
25.336306
17.114613
31.842009
11.967251
13.839649
31.038208
9.240039
17.712543
12.836122
11.012088
20.152327
17.296394
15.666515
7.5441465
10.643354
16.77541
27.162256
33.380573
40.144974
22.188303
16.583961
12.252303
8.993213
15.562278
36.805954
23.548262
23.534277
9.320597
26.51717
18.29834
29.001143
22.359125
20.228626
10.045798
50.783092
21.953012
12.028068
12.534449
15.066828
5.236029
20.637022
42.69172
35.58014
28.63015
24.963884
14.929963
9.300047
16.451384
18.757889
14.488296
46.071934
9.949503
29.34452
42.691807
22.198284
13.009743
22.893862
29.552923
16.066664
29.966328
34.56505
35.499935
36.283356
11.233748
17.196972
26.4537
8.903585
13.678786
22.960938
19.715914
25.440737
21.295465
53.994205
51.1319
41.170998
56.942333
45.95644
51.27893
44.708385
50.55483
50.611576
23.61833
16.220585
22.47244
13.345272
12.148595
14.7774
11.764556
12.136367
12.348364
13.048589
20.63057
18.867027
21.190641
37.640812
9.27552
22.089289
4.308832
11.647174
15.698749
21.650457
3.5348012
9.022451
13.761465
9.987625
20.83879
9.786695
20.67436
8.827904
23.843132
17.664335
34.602257
29.024696
32.51936
23.122143
38.944733
16.494097
34.57723
22.837326
25.160067
24.82542
16.190525
38.132904
6.10648
27.708977
5.3800545
19.56205
10.875318
9.295723
19.655516
14.091103
25.529016
27.671804
38.883137
30.242956
5.0495677
29.790428
10.854868
13.149309
10.886383
26.558176
16.52975
8.715916
26.38317
19.965082
9.022613
10.056376
12.043597
33.145454
25.513287
21.804163
42.002453
35.156673
39.70883
52.83592
41.79173
21.707798
10.601193
10.986617
32.45681
24.284601
21.642284
23.76942
28.221216
38.63699
31.806038
25.369907
30.1975
32.459183
31.033676
38.214584
51.124718
72.63029
15.537889
31.278278
25.902428
28.232847
28.620327
26.022602
39.55226
71.67812
36.79449
21.730837
19.2376
33.2297
24.573725
30.834663
36.844547
20.35943
10.832712
12.648586
18.792788
7.2407374
9.152458
26.779325
7.711284
14.679298
23.739738
2.8255134
20.989614
19.440872
18.895079
21.68421
12.074052
45.931534
54.204723
24.59857
50.45468
6.4356494
11.801379
18.751146
22.619692
15.049374
10.91781
9.343097
13.589171
22.372826
9.620652
30.101286
18.041716
13.475268
25.779438
10.180525
18.703787
8.013717
17.32581
7.900613
36.79683
22.925112
30.776995
16.009974
22.493494
15.827123
35.360622
12.370559
46.24566
14.878465
15.488835
14.274436
31.726929
30.011625
40.397404
2.8647392
15.859993
8.944107
16.34801
12.480927
13.800079
15.977379
13.886988
18.60112
15.362971
8.535279
22.317402
21.683472
25.02286
16.529686
7.99738
16.893696
15.877629
15.464926
8.94023
25.055574
22.225723
24.872034
33.147152
27.582241
17.364454
12.6455
13.250148
44.21287
11.27961
35.614887
19.528994
46.31847
38.22918
30.6193
37.765713
12.616303
34.61276
21.53662
13.067103
11.33221
13.4329605
24.85834
33.237293
22.839546
40.110664
59.320957
37.32022
18.715607
30.685514
16.348755
14.992065
25.460726
45.174583
8.694588
10.391723
33.56488
11.4499235
32.46577
22.7074
20.80276
22.756447
22.513395
15.546023
33.54246
16.506058
9.500111
28.322283
19.604322
12.853852
16.766243
19.658829
16.180988
43.37668
37.260487
14.767316
13.624678
22.51159
41.859825
17.193567
25.415726
4.4951253
18.768824
15.021832
34.930614
10.7701645
24.196648
20.647558
5.0590053
12.491946
11.552773
13.776504
22.126406
17.661083
21.129175
4.6522946
23.301992
13.416557
22.469454
24.60014
36.259945
44.684757
18.005085
11.385767
17.464737
62.16776
34.023026
32.79113
42.033756
34.70695
22.266487
14.956251
20.959156
49.703896
20.00074
17.890972
13.629573
46.323265
15.185515
51.92536
8.3061
22.31388
18.208954
14.255794
26.361399
18.820816
25.846878
10.46622
28.465296
17.69861
30.54938
34.611107
33.730495
31.28854
48.724663
25.259617
16.973799
20.347055
15.054496
21.836926
24.36291
11.017411
22.209421
30.329758
34.515526
28.34557
40.758667
15.885899
26.136154
16.587303
17.757692
22.228897
20.46331
11.690369
15.65433
21.878395
16.93832
20.581642
32.920578
19.156275
10.135659
24.307398
12.236442
20.337543
20.258326
16.792795
20.484364
29.078445
17.408428
34.77987
19.647198
35.635094
10.762834
14.157543
18.958878
14.278889
9.369117
9.862031
17.649837
2.2596233
19.505152
14.77306
12.954815
14.871357
25.629717
25.421412
36.062428
23.100414
29.076187
38.056156
35.70592
27.053371
11.252337
25.867748
28.52458
28.832888
53.41261
22.588526
24.705189
31.978758
39.628296
40.17187
18.413258
12.318447
21.688957
16.83121
32.174114
9.137949
18.453367
15.198447
17.428629
15.052387
17.466114
17.416445
26.365145
15.808668
15.95312
10.470844
21.922337
17.243847
16.23101
29.799253
28.433876
15.284041
33.530384
26.604824
32.29327
11.320051
16.883512
62.13144
49.22937
33.261402
34.25719
33.80282
13.333545
4.0049653
10.574991
17.6765
9.954477
6.931651
23.305891
12.492304
14.456998
17.101494
32.111748
22.072803
23.76135
23.695566
27.318415
17.272432
20.400476
13.8817625
21.202585
19.86302
23.116856
18.170752
21.931675
13.35586
11.523236
16.23911
16.63121
24.485569
21.176844
15.2912
21.694841
26.047968
13.586666
23.26557
26.653
13.796692
10.4248295
20.863716
32.595047
27.734758
16.896812
8.353948
28.914827
34.77036
25.216103
24.943567
31.16979
42.975853
31.663935
37.723804
19.948725
23.307522
32.35172
22.809107
25.876358
11.175078
10.364634
13.047812
32.462574
21.108828
46.455433
16.750801
38.82095
35.04662
50.259716
56.965908
78.74429
62.340843
66.0706
52.429684
60.092075
36.116703
38.286903
28.967617
27.834421
28.66018
31.4503
29.241234
41.163242
54.393448
27.004488
27.222979
26.233828
24.905571
20.851568
14.154862
12.085258
18.590977
12.998112
9.277755
27.449202
23.073906
20.950268
5.69444
29.708559
4.78973
8.342373
12.507987
49.67027
25.68105
51.01787
43.43966
23.417957
22.505695
19.048172
21.59588
21.09543
22.528374
19.08889
31.46887
25.584953
9.820505
14.954896
22.793022
18.024971
24.89046
13.578687
6.9650536
16.551678
17.348927
40.9024
8.892933
5.5356994
37.459316
20.25124
11.5346775
24.00872
21.076866
22.519077
25.59911
9.561878
22.813942
40.15095
16.249289
14.709858
7.6407275
19.895868
11.408006
11.02222
7.938058
8.790222
31.278261
16.94444
17.60664
12.444008
23.171808
52.483463
31.612751
29.84032
8.589413
13.79222
33.645638
14.76777
13.778973
10.706593
21.252525
23.27139
17.333338
24.657272
8.19281
48.885197
7.582262
20.755947
14.3034525
37.932068
3.5726736
15.622303
19.172562
49.28106
15.440159
23.671162
15.51148
13.749916
11.795881
25.175886
22.732014
27.197351
17.795927
18.260323
21.206343
32.566277
30.620508
20.370363
19.70182
21.96319
30.56408
57.139473
24.048557
37.34208
33.240307
25.562223
49.868828
32.885258
31.289837
34.32057
30.439653
18.88451
21.823042
21.022486
17.21494
10.035211
10.040564
14.530205
24.188057
42.078648
27.892384
4.861248
25.15565
10.036671
16.274525
18.763529
17.093151
24.317999
9.559384
17.783182
15.802111
17.23867
30.821884
16.619913
7.3199196
17.523064
14.842428
15.942862
29.548878
34.338173
13.838528
16.09475
15.2483425
8.991994
15.168923
31.710588
21.021904
15.171536
12.361959
43.610138
12.343989
13.874001
21.20685
9.721144
28.10355
16.573673
18.321186
43.56667
17.93088
11.908704
22.03405
16.286064
8.230455
7.556948
16.495613
23.202147
51.87158
33.865654
46.094383
21.899475
29.489761
40.411022
18.91182
18.600115
13.713502
12.536979
32.093136
13.837168
11.073251
18.187698
24.508808
39.23716
27.896608
30.81885
23.29928
23.62686
13.690335
31.683771
24.330793
18.429949
19.56643
21.460909
29.72272
40.63636
20.85698
18.519873
28.3885
18.817427
30.550915
14.003336
13.334153
24.535349
15.262217
26.943836
27.615765
20.841084
32.46117
24.648178
12.075404
11.848132
54.250046
13.725538
25.501776
35.35092
11.159569
15.127774
12.482671
24.042425
32.895252
28.15433
10.631726
19.867287
22.529175
9.8833065
23.92886
16.402428
19.146751
24.54943
14.343512
22.617458
6.029643
20.898453
10.848412
24.689905
25.614466
19.325607
16.313253
25.454487
15.179485
33.93336
21.58804
34.066475
16.995783
15.244584
36.18706
5.37524
15.067279
33.08027
22.715733
47.158813
26.68071
29.464756
17.510292
16.735765
16.948307
3.3972657
12.349373
10.979951
6.5579443
8.546946
19.669172
3.9718223
11.250736
30.008625
11.966871
12.895247
13.886257
35.636307
25.07863
49.20674
37.14724
13.805144
13.527087
24.866264
30.550169
15.355134
15.387908
13.013178
25.098667
26.138166
18.43349
14.170096
16.06103
28.182539
9.108577
11.177107
18.376104
9.485983
7.559572
18.107351
11.780823
21.748253
12.86513
22.340988
29.518692
42.469627
20.559952
12.6239
6.417362
15.640227
17.042553
18.500195
17.401335
12.8202505
18.497194
18.020283
6.294356
8.157726
9.856972
27.713669
42.253647
40.9229
7.601926
7.2414746
4.645699
27.877752
8.969346
10.03839
12.38048
19.128527
19.279894
13.916108
22.416128
7.294245
20.166891
19.788385
20.455042
55.36187
42.758663
38.0198
45.745747
33.36046
17.072054
18.352777
28.691845
31.853409
32.524784
28.773603
24.226685
24.507452
25.043419
34.4734
37.05372
42.417427
22.313816
32.921165
29.607098
23.58065
30.843456
55.17156
38.852406
49.641098
42.508705
55.307056
55.02468
37.2804
45.13764
33.773605
29.178764
35.465626
31.298557
17.134583
19.378473
25.27555
16.681107
8.833597
25.260708
20.16993
21.58095
15.570896
16.788206
21.979544
30.77792
31.021635
19.694496
32.92244
22.895506
20.641823
12.029933
5.311264
19.708914
35.14759
29.267874
22.506077
5.2164736
19.891253
14.205562
13.669873
22.832718
10.011539
18.981104
31.3118
19.114607
10.524823
21.06549
6.5721736
11.8428335
20.828508
12.262585
7.6476955
33.36407
29.245234
13.871768
40.639248
19.51047
7.331929
20.62342
21.466303
23.186928
12.719424
28.149118
9.943143
32.130642
23.959946
36.175407
33.755775
9.24303
18.08803
7.5188766
9.11068
24.618813
15.661882
17.170988
18.041834
21.734455
9.886966
21.06034
34.066917
17.031239
14.656377
8.099536
14.232433
9.059517
16.663742
18.156937
11.357761
14.459411
15.749936
7.6964445
24.170288
27.887068
9.000729
6.5934377
3.4349134
27.15678
32.136887
8.025869
23.56931
21.377398
11.628582
18.49456
14.190098
20.324785
11.776694
11.0173855
11.879564
12.258161
32.477936
39.76344
18.456963
31.215364
37.210266
29.558508
54.188488
38.719845
28.895401
11.337312
18.7314
12.602103
38.10273
17.156448
28.344648
27.997082
12.503985
7.264273
19.810614
18.659267
54.429947
10.656253
14.310016
12.384566
30.879461
20.501389
10.694294
12.067034
15.995147
8.2644825
14.03082
16.472729
19.242071
56.452972
13.391697
25.825756
24.570337
8.95728
17.730911
11.194518
11.974419
14.108654
8.750689
25.06306
4.5135765
40.46713
17.153997
12.756989
13.4552355
18.095604
17.388544
24.910002
29.006676
12.590346
39.357853
29.448809
31.241604
29.566658
41.79245
49.687424
49.445
23.377258
37.86189
56.227886
44.53088
16.99717
18.69556
22.864307
19.26322
9.380882
33.188156
40.53012
37.273766
23.93159
25.182955
15.018935
39.40095
18.071041
21.448128
28.774647
28.386812
40.533802
12.308153
24.45293
24.739407
25.616796
20.39245
22.099974
34.924038
22.282804
10.87524
21.326532
20.627281
10.893635
21.020258
18.689182
28.675425
14.203579
15.386383
16.17546
12.328612
11.968243
8.46407
23.258984
48.809902
15.211307
18.072895
23.11784
15.680519
16.263502
22.145098
20.98562
28.117844
11.343692
21.691458
21.328396
54.988205
22.549297
18.813814
23.152946
20.375982
25.095781
31.091341
25.17854
14.819684
45.61159
26.040798
39.547707
18.645142
27.071165
16.147612
20.161976
12.371256
22.8214
42.727413
23.058338
20.02794
34.531734
21.551426
15.414302
3.717382
20.716537
11.548016
16.000679
14.949294
45.22878
16.751097
14.892381
15.126466
17.872187
11.178242
15.839032
13.57434
17.6072
13.9749155
25.739914
11.3146
16.948584
22.750263
39.931183
23.746574
25.071318
11.011593
19.81496
15.99808
19.320593
10.727007
12.5271635
14.3460865
21.054722
22.221899
20.568132
35.324493
30.294521
9.81542
19.516624
12.7903385
11.619206
3.8108027
24.246384
12.335394
12.556546
20.349312
9.291368
27.93743
17.118834
29.963223
29.69903
17.792559
31.10821
11.393713
11.884386
21.576832
7.426222
22.23201
14.274259
27.181347
15.065066
9.967406
34.9967
15.913656
12.939463
25.756916
12.0182495
37.58597
17.346235
14.171878
17.339323
19.83462
30.09994
17.78932
21.891142
7.938913
11.752136
20.850079
22.4906
20.034632
7.9227796
7.0078254
35.810097
29.772633
25.703882
17.962408
23.974487
20.189625
14.970157
6.4918537
26.126167
18.70558
9.722302
27.467358
31.758066
12.956507
21.950325
19.172129
31.248106
15.726196
22.6054
17.465893
6.2892437
16.57064
44.741577
16.08104
18.709158
17.382433
35.813683
27.522846
23.416306
19.535614
6.489088
3.023497
15.929901
10.576925
21.37207
19.59986
9.237034
7.1064634
22.684021
11.399476
20.407763
31.212734
41.220493
46.13136
52.63248
62.554478
24.667385
7.612861
18.763348
26.602808
42.661133
27.238907
44.22987
36.76691
36.954514
19.821743
17.413202
10.366202
16.00928
18.30651
19.251709
34.331654
34.655926
29.136307
31.233027
46.89594
49.388897
73.88757
34.385
7.001214
11.8953285
32.599503
27.609322
54.828323
39.46248
53.02717
11.740619
18.098204
35.1359
60.40028
83.55487
18.958647
11.394505
19.851927
30.591791
51.824257
20.46741
25.484123
22.658907
21.358397
53.625687
31.296253
23.213778
41.04359
35.96878
60.925083
39.625557
29.73538
18.694016
41.189106
13.775648
28.264027
12.188031
26.494474
25.595177
26.585413
17.007975
34.755135
17.684175
17.966808
21.010696
49.62237
46.00696
53.966724
50.352074
61.33373
50.99981
20.11634
24.824419
41.850967
32.543533
25.813166
29.048672
35.538734
40.978283
25.927763
20.243557
35.39376
21.997942
38.051872
61.246357
20.712019
12.578854
7.663956
16.436815
31.38632
37.976234
47.462788
40.708237
55.59427
56.699398
77.55133
17.522024
22.675632
21.607647
20.158876
30.289997
28.554026
17.076733
20.064995
14.846413
25.394077
56.506336
49.86748
59.71305
33.88543
89.57366
43.13498
49.839622
32.432365
18.129963
32.76243
41.25174
24.033638
28.728123
15.866399
18.242264
28.339062
9.484081
12.872525
27.960033
10.958308
22.959368
24.318579
20.326374
14.649779
13.876206
21.801191
22.827036
19.667116
18.22306
42.095577
14.826546
23.109749
13.070163
4.184268
6.8705335
10.582389
15.612641
14.712803
29.234095
27.049143
31.203875
9.314838
39.244793
10.602709
25.907085
20.889267
10.524252
28.049715
9.991062
16.367516
31.570951
28.591143
28.622696
22.942192
13.034135
13.736013
13.942913
14.30679
21.270235
20.643843
23.383204
15.558259
15.456328
25.462202
16.905766
17.89092
30.449862
15.825225
31.178062
4.605632
16.780817
27.630499
8.23553
19.871351
8.852453
2.46109
11.50188
14.941306
3.4809558
13.089578
46.751274
31.843847
14.4203
14.810963
11.970684
13.659305
5.21712
29.511614
7.593796
35.283073
25.551031
6.2687974
14.1290865
5.485595
23.973867
18.643305
22.97624
14.73254
12.288914
13.149941
15.33285
24.783106
9.196711
1.7480949
13.784695
19.327227
11.4442
48.37774
12.622663
32.120377
18.339495
14.4828615
32.719017
16.000574
27.916588
10.830012
11.010913
29.086737
14.00133
17.74082
15.577445
14.390503
30.5779
35.12147
34.63892
29.66855
30.72877
25.164192
18.359377
10.598771
16.015957
21.474232
35.544373
7.1650786
16.039522
11.048291
31.647652
28.018671
6.643853
20.441364
7.2330513
28.868078
3.2814333
19.953516
32.317005
26.641428
14.63096
13.262115
37.534775
23.043385
19.102428
8.444459
30.784744
28.629759
38.01774
41.636166
55.276993
16.960098
48.482155
20.45443
34.819706
27.207373
14.114331
24.417952
16.108976
28.983128
18.531914
34.025734
11.570074
12.276036
19.13352
16.861855
25.623228
23.9315
19.054182
33.261703
28.301968
33.201664
21.556067
30.809263
22.778542
48.595997
14.371582
12.167002
20.55563
21.073025
39.2682
37.012325
36.491024
31.3373
36.122665
30.435501
33.456154
35.03626
27.726892
44.597427
36.88619
29.118557
46.16398
45.068695
33.777306
47.046463
77.77156
34.616825
60.91558
43.24839
42.253
62.16773
71.42742
38.486565
59.517666
55.076332
80.77704
49.909584
74.66922
71.85654
69.424065
32.427845
18.239937
23.737665
12.017953
50.54867
48.326504
23.858187
13.173073
18.746803
24.670776
17.074148
6.4540215
21.355696
20.588953
21.126421
16.02555
15.571057
25.598827
35.975906
45.593246
39.773426
26.075512
31.8142
14.604762
11.515328
24.772923
8.171403
15.734974
9.243024
7.80607
19.713259
29.057062
20.61586
16.211716
9.21054
26.760574
23.807585
22.210142
6.652806
21.53624
10.939552
25.273806
9.663906
14.486853
14.048714
44.434036
20.431526
33.483067
10.246003
18.148361
9.805285
5.9801526
5.7287364
18.789377
9.977436
12.334628
22.782373
3.7962165
13.516236
28.255077
14.312573
25.516138
27.77702
14.920802
32.53173
11.51026
11.632874
3.8426394
10.820418
14.461815
12.257791
11.210514
11.915653
17.475779
24.265574
15.997925
19.770672
27.713442
18.00678
17.028942
30.841442
34.68365
20.383942
25.726112
32.74387
23.49752
29.846235
27.827765
21.456186
33.391495
46.79503
29.754404
24.246803
7.070461
17.838377
14.2778225
11.903153
15.719771
17.612349
32.88995
19.354944
17.84165
22.096764
14.825793
30.627037
22.104668
32.615395
13.911676
16.592316
7.5932484
44.015118
13.808366
21.095957
6.918291
12.899137
25.135239
18.177864
10.283159
18.162445
14.279981
10.532845
32.984997
8.744242
13.78527
29.631872
34.049965
22.927744
13.0969095
21.994457
29.911873
24.244713
51.068573
8.202376
28.199577
27.973711
31.630661
14.825597
12.872389
17.751842
5.1499133
15.788412
21.236736
10.22858
15.548627
6.1742425
17.843077
22.695646
29.000566
37.435085
16.07442
41.221058
16.785273
26.054739
5.596338
19.416733
11.054305
17.990301
17.771996
10.6228
26.725885
39.593212
18.230326
13.067877
17.267836
21.501642
31.853664
16.86797
7.6756616
22.463905
31.081402
11.662812
7.4909515
11.398861
30.198467
4.563448
29.036152
36.02112
35.63578
47.004025
34.647453
15.779562
10.602023
17.973011
4.8517127
20.325516
26.241278
15.013638
10.316485
7.768371
17.25421
12.832963
12.347006
16.799004
9.264192
24.509453
20.651213
26.419561
17.495504
19.420294
9.075994
15.957793
11.004607
11.228247
24.497356
6.9733324
15.743544
25.246496
23.366343
12.0801115
21.114752
18.175333
16.490227
21.080698
13.107545
23.52471
33.699562
21.525381
39.111477
17.573275
40.62833
55.96997
9.568434
6.407035
29.48634
36.390766
38.160294
30.921875
10.226088
20.606323
19.823545
17.475204
5.3098297
20.224604
15.448748
28.882307
30.419832
33.143967
43.4048
27.940197
7.7406864
16.226452
8.776605
24.98674
19.652569
18.40039
6.6540847
9.074271
28.373648
18.387053
8.227397
20.68916
14.9452
25.644087
44.936756
38.54626
20.902315
26.276396
21.25031
24.596115
13.637135
31.511396
34.655746
31.822954
41.20749
51.797047
48.60399
29.767847
22.678045
31.925898
31.924946
30.32645
37.884205
14.565265
15.513084
9.670549
28.510504
28.627895
18.101469
21.125622
37.914013
27.437325
38.493645
22.980059
19.187054
47.97766
62.95913
40.693745
93.82743
81.96091
67.06305
29.06673
18.4605
14.292188
20.611055
9.077372
11.580711
16.688574
18.939177
29.63276
23.295086
31.257452
24.420103
4.674553
29.499046
16.7539
17.81717
11.190398
8.570316
24.84543
23.371372
33.354927
20.601788
18.739286
22.173933
9.269591
21.43132
27.51815
10.331106
20.144733
32.817017
14.172171
21.37829
11.329876
16.170746
14.4881115
15.05202
20.97676
24.095879
9.785135
5.041911
18.114792
7.484941
27.580652
20.108658
18.21911
26.494003
27.61548
6.7878804
17.515177
40.570118
11.108363
9.779923
17.835697
24.160751
23.383335
25.46522
34.954823
25.574858
26.744745
19.31479
13.852453
16.938189
27.498917
24.579557
22.23338
58.69034
25.517508
32.38252
27.892412
43.169716
11.071159
19.457676
30.74127
29.810907
41.1032
35.49943
47.36398
25.78449
14.537556
21.033524
27.433105
26.014305
29.605236
21.186647
26.826555
24.557676
23.736355
22.170341
38.857983
12.82095
20.088179
11.386123
37.059708
30.992561
22.735235
17.352262
6.6375213
17.30672
23.982119
43.844303
33.751263
27.150122
32.89096
27.935093
41.11318
37.937565
37.638813
33.123272
8.840167
29.072908
35.997154
35.77845
40.591686
2.7462451
11.1006775
12.849702
14.012485
37.65732
14.05147
13.139361
16.806252
23.072342
14.525071
44.267452
61.32968
43.20832
28.161758
33.75981
13.311087
18.38887
18.044619
13.444379
13.045585
19.449188
15.512526
16.793242
17.689978
47.6702
21.037415
34.210503
12.28545
16.368883
12.648969
17.252617
20.183456
27.447464
11.2791605
30.152603
19.86084
23.497353
19.930672
17.800034
18.467243
10.116443
13.076899
21.09368
5.4201965
15.416812
8.543116
15.258587
17.362242
37.064793
34.22376
13.865129
14.531544
29.060047
46.61827
3.8982933
2.5972145
4.986993
14.3908825
9.815183
11.460837
20.50951
4.5010567
19.161846
19.924189
17.518183
13.164726
23.870325
19.518307
11.671569
35.766567
31.790644
38.820126
4.8527617
12.801827
5.483504
36.89798
34.14838
6.542969
14.877615
11.823496
26.013426
25.535984
8.77416
13.350752
7.6913958
14.9442625
34.078255
22.078886
44.669876
32.658413
30.147627
23.07108
26.036463
41.521435
42.11973
50.55513
40.66879
21.813343
12.862523
8.62229
28.00167
60.668716
19.872845
16.427155
8.465155
9.509253
15.921108
25.322155
26.475195
30.12522
38.663048
25.636108
5.1407557
27.50273
11.951598
18.282074
17.050863
33.764164
43.398712
34.967663
14.901105
26.126959
32.810425
18.761879
34.487587
46.119873
57.32295
27.734917
41.971977
119.00216
67.225204
21.705969
38.638947
19.621958
42.84249
73.35983
13.488259
14.261701
21.601467
28.906555
19.232933
9.3998165
20.82918
15.572265
26.557167
38.767387
11.638336
21.251944
30.500635
15.954062
4.1462374
19.135021
18.23228
19.797585
11.686484
19.318632
24.300632
10.247296
34.31942
14.028358
16.827549
27.871538
19.474
14.816432
4.2998724
12.118352
12.550532
9.176759
17.81892
17.424603
27.364485
31.084028
26.9447
23.45965
10.437328
11.875444
27.509153
11.03724
17.815027
14.470735
20.988977
14.101455
20.066912
26.349146
33.27712
25.315275
47.704517
17.966406
26.309355
16.49893
13.950028
14.765726
30.937159
22.414463
9.078126
50.589897
46.293346
31.489069
39.460487
36.556168
15.5204735
16.515148
18.159872
23.376534
15.551426
14.542544
15.510542
31.808977
17.192001
34.817833
15.650504
12.46079
20.232695
26.141539
9.316425
24.735212
17.804035
37.013077
15.551737
26.227179
22.64457
12.665905
17.768518
10.258985
10.161879
21.020191
18.587479
15.910618
37.396767
24.712896
4.074202
22.77491
30.1559
22.62989
4.986625
23.899057
22.130676
41.831024
15.716972
19.390697
22.563301
27.465876
18.01497
23.304726
13.035918
17.092913
25.196892
20.086355
28.706688
44.728043
20.794538
22.105494
34.773388
62.76271
6.2344275
28.222265
5.298074
18.08741
3.5280676
10.059137
16.175777
15.9289665
34.272972
8.30867
26.188133
20.734346
35.45861
38.25782
24.897507
22.5663
25.345867
45.609776
41.110363
18.909082
28.562885
40.743443
36.238087
26.689896
38.97335
47.509277
51.29524
53.204784
21.075651
24.90946
14.448273
22.21473
15.798266
13.1881275
17.881872
31.157417
18.513922
9.368587
28.104229
12.490255
7.8158464
24.147017
21.997242
18.039148
20.471972
21.608467
11.094039
36.83158
30.381746
33.169384
12.834969
16.286343
33.505234
16.179424
17.27555
10.886744
17.127493
23.357754
22.91067
13.311629
9.629853
42.187626
17.817137
12.921229
19.782389
19.498913
15.204288
13.890621
21.9227
26.642866
41.29944
19.593584
30.56099
45.844204
17.020794
14.751562
31.142067
23.527063
17.91039
17.85224
26.626532
57.07849
15.24403
9.110856
9.090161
15.865172
8.137918
10.922456
4.987292
19.759068
28.817825
15.330803
22.883926
52.002754
32.659767
25.560514
26.780163
21.486605
26.526447
17.527472
2.1420295
31.91558
13.108352
11.4815855
26.329544
25.705908
20.952873
15.27547
15.369255
22.54029
22.057932
29.49417
4.203349
21.68679
51.028385
34.206066
55.160034
41.632305
37.68767
56.031113
70.91047
49.340523
43.23455
52.887573
46.491627
30.968218
38.84773
60.799667
36.344414
29.895412
25.548986
48.12242
53.86165
69.19245
45.779808
48.393078
43.82695
11.969152
17.988447
11.933957
14.526594
25.71105
16.294949
4.0846763
30.416676
41.94121
19.505371
18.058239
23.015297
27.172962
27.862461
27.052673
20.779612
7.150027
34.12119
24.28943
19.3979
15.384697
45.20958
14.430206
14.829826
27.961435
14.26083
11.118172
10.5091915
7.325199
31.445494
11.579312
6.5966215
20.472282
41.311745
10.075371
9.781332
18.90365
29.851233
11.886339
3.9478664
13.871958
8.620751
10.478299
20.979073
16.035046
18.795195
9.345532
16.001188
13.057836
14.894614
15.886867
9.9929905
6.754919
14.027168
10.366779
16.50405
49.35994
11.07939
32.994274
27.538054
37.12507
14.6111765
22.74707
15.982135
32.696518
16.408764
26.495293
34.82905
25.150965
32.033943
56.11513
10.61522
12.507155
23.151012
15.760441
22.084785
12.458728
28.27685
27.218378
13.841824
22.792046
9.065156
21.506699
11.234455
14.655651
37.498554
9.427001
45.232628
45.02909
18.716425
13.662004
26.413406
16.381948
20.304039
18.459667
25.471113
14.325583
22.870884
7.9145374
14.1649685
32.30749
30.476696
58.816273
15.3095
17.235535
16.352034
22.931974
35.320602
13.688529
7.968246
33.711224
21.172766
19.222095
18.201036
34.383183
21.818415
12.023735
13.535932
13.558083
15.246119
10.90798
27.988361
22.122627
16.668995
20.632046
41.972267
15.902389
17.818703
22.887827
11.835372
24.147089
7.7988954
16.738731
26.40003
21.454405
12.415698
22.551237
20.924644
24.578955
1.5539666
7.6855583
9.45467
18.52061
26.070845
15.514462
9.887487
24.663227
29.184437
17.661942
24.312222
6.9975433
6.3940125
22.663742
11.058625
23.208559
11.390529
13.896263
22.366661
21.87942
25.489656
12.208951
17.858221
13.584441
5.782713
36.91459
36.65527
6.880289
13.42168
17.784658
14.239182
2.91914
26.706333
14.809171
21.69254
21.357607
19.039156
25.225464
18.802176
16.9581
15.094534
10.64964
14.683625
19.195372
10.87712
11.13408
13.368087
17.75662
15.662314
18.049795
28.311375
14.642045
9.225222
18.153572
10.492049
22.181152
6.465485
32.53591
13.31996
16.4242
20.412752
13.424587
14.613691
14.836207
17.891344
74.56399
34.283318
25.878384
33.652916
25.73891
17.93666
10.204177
18.238533
29.51974
60.86626
65.13518
53.245445
52.937756
38.456078
26.791388
17.35584
30.498047
33.778175
35.46904
32.646305
41.470497
40.198956
38.439125
47.698017
58.1096
28.426123
29.292864
38.28245
20.71931
22.585604
24.64031
15.695651
15.593522
15.478843
32.367115
19.732786
34.841698
26.268064
16.313517
6.729724
15.935711
30.236467
11.824344
9.948949
19.162708
17.148813
10.770139
27.1478
21.925016
18.438759
28.684875
26.049606
21.783941
11.098376
16.176725
20.425905
38.6993
18.966265
36.809994
8.903322
31.641045
12.554012
40.313038
23.278114
17.995302
5.04671
46.070946
13.392753
21.215849
26.518267
24.97235
23.602062
34.39088
22.20556
47.291542
10.237868
26.127728
23.603384
24.945137
10.957824
9.345104
21.734734
8.290537
11.732635
14.081483
13.453318
15.743984
11.621987
39.91812
22.118357
15.456307
23.349848
11.3740425
8.798906
30.293652
33.622787
51.637978
5.3679547
19.519007
23.299362
13.065168
25.487865
13.438208
8.268798
19.465265
26.042788
22.022478
10.917214
27.594213
21.994308
17.785418
12.480286
15.152332
27.809841
34.841736
34.867054
23.457808
19.956131
51.791656
43.871544
23.6404
55.63543
49.725906
20.361958
14.593723
9.370451
8.261423
7.1780024
14.856632
28.3036
33.507076
13.490896
20.500805
32.279785
14.469746
19.473888
17.40401
13.134457
20.96012
35.211075
20.628498
35.024166
21.191275
26.012922
41.007645
14.252118
