546.678
126.41121
56.774376
61.202953
59.134064
53.670948
51.240963
82.342064
69.25166
92.60104
54.37114
120.527176
99.79298
79.37252
54.63027
33.47138
86.51501
138.91795
30.255213
54.478394
64.98721
52.280083
102.833694
75.09981
26.450773
54.66357
60.593746
150.41771
95.882614
68.95662
77.41434
51.036114
43.219845
69.67938
86.05625
97.38624
82.80916
74.82673
74.8146
25.729652
91.92319
50.007767
86.592674
130.07939
83.90064
125.77326
66.49801
68.18585
108.06993
79.81511
26.002243
91.19316
97.00402
178.29027
89.965096
87.42722
57.385414
91.70929
108.04269
100.41664
81.856544
77.89259
147.58716
33.75239
54.520508
18.073843
119.60793
53.627934
115.10283
121.81542
53.56505
36.051346
71.791046
53.371716
70.64623
58.571953
140.22858
81.88068
54.840073
143.32715
81.05309
91.69797
67.89082
63.705948
98.93615
26.99476
51.53789
40.692684
108.516785
69.40545
42.563023
107.33778
75.64744
61.236465
75.17001
108.56905
77.763336
71.57038
76.5603
86.058105
106.85119
108.77232
67.26527
70.71604
126.750305
59.763622
73.320915
94.45626
47.52142
79.08538
99.482635
82.291405
80.24453
106.782585
60.659946
94.580185
65.10858
80.37989
133.96986
118.92917
77.32333
53.04949
129.10703
70.35981
54.254868
71.54876
72.42916
54.089615
37.180416
75.19281
115.08255
52.946342
55.66566
46.01402
38.701088
54.091286
51.508133
71.79071
108.18555
77.48461
128.48878
81.35312
52.54022
116.14729
109.00014
39.857533
99.182655
119.67809
110.539406
105.618
54.773556
89.37151
78.32624
79.8573
72.962234
98.04694
94.4205
28.484585
60.805233
169.91454
103.63674
123.468285
68.826775
159.92671
79.21276
111.62269
150.84442
91.66003
175.99925
106.06587
71.31769
74.75834
60.409054
44.546585
44.049145
119.76527
78.771774
107.67526
76.31903
134.09633
69.214905
75.71153
68.33539
65.8273
68.09754
40.907772
65.172356
74.60546
136.68674
80.11358
69.168175
163.89209
92.78208
210.51578
61.792286
72.930244
122.949066
58.33339
130.5794
97.59004
62.40413
102.209015
71.60225
81.260506
73.403824
44.990475
44.130173
48.992554
85.92375
87.18608
106.38149
39.573936
70.547874
42.64471
52.200768
96.41968
34.48324
116.28055
82.84104
108.73951
139.2773
66.58063
86.90729
80.225876
65.88822
94.06218
77.914276
73.96611
142.46866
94.88586
83.67471
64.114876
113.97624
97.10562
122.49916
60.308117
91.60619
136.73
68.08707
112.82691
100.63892
67.0231
52.77167
78.4696
80.12329
80.85907
67.107025
46.2106
121.96262
15.422257
38.990772
55.232998
70.149635
94.48751
56.050026
49.451874
77.48834
47.129272
72.46381
72.88729
78.31968
87.25045
128.99321
54.245556
105.307236
63.959835
76.5641
90.68759
117.4775
84.93318
41.14296
124.89864
45.72432
93.12117
50.910255
90.71233
53.358395
87.12022
48.856113
102.47538
60.613075
117.0336
122.808075
84.939285
99.89575
80.13799
96.2463
120.44542
84.141106
120.73913
152.65302
117.04552
104.74766
93.88823
74.95222
50.853065
109.03547
129.35664
84.977844
72.72676
55.346703
57.360336
115.92922
120.63135
82.351074
76.65165
104.02089
64.73351
64.550705
44.07935
94.582756
64.247185
111.19215
70.64151
91.790184
44.1435
70.05658
71.71924
86.607086
75.85569
77.75947
64.991295
49.08303
68.66161
111.84118
72.32017
45.66638
95.69833
110.064186
84.86732
122.74317
48.593388
96.70657
75.44443
40.250397
25.532372
13.479536
22.649038
53.055786
54.395176
93.784004
115.28111
112.784035
117.158615
53.271317
63.6747
76.65935
104.70453
104.851524
48.45438
58.414345
48.068897
141.66022
25.201967
137.11305
79.39866
137.58289
51.16981
63.530838
46.648346
41.74084
41.679394
137.90056
96.65185
25.946098
79.08299
146.19757
54.026245
83.171844
82.074524
58.056202
38.41401
136.61996
155.59026
158.49138
66.230576
86.99159
92.30294
27.919626
62.128662
46.54496
111.431335
136.30609
151.95758
168.23451
136.4507
142.47719
104.79146
24.305323
92.02058
73.468056
64.6077
75.9819
119.35081
79.40641
30.779175
56.304707
143.03249
88.035934
46.658005
119.64227
58.89413
74.64712
71.786964
75.543045
42.52326
84.455925
105.1531
20.302263
93.88776
58.775143
52.974686
92.79558
65.76314
103.764984
37.8767
67.20274
53.080204
75.22683
53.646645
63.953438
59.977158
45.642757
55.010586
83.60002
55.109394
44.42284
62.02316
106.224884
150.5575
127.7099
63.77516
63.332134
49.986065
82.091705
121.02679
69.83631
70.41833
32.643803
91.670746
70.37764
81.28482
140.06131
38.29482
61.961502
55.915905
36.854134
112.11965
76.80791
100.926926
106.627884
72.061226
44.281612
59.17902
135.77338
62.939156
48.022728
43.10639
56.98853
48.095005
59.203537
88.70177
123.3486
37.597317
114.35754
82.739845
69.053314
54.282284
83.044075
84.367294
93.67533
88.500946
120.7496
69.587326
104.10958
79.180695
140.92116
66.63192
43.375195
117.695274
113.09863
75.80059
84.45233
53.399403
65.64491
104.69963
94.547775
46.80411
145.14056
63.421635
65.95254
73.884605
53.634388
57.132824
140.14525
30.418907
90.67621
49.146034
125.920135
135.26627
78.47537
30.068062
32.100277
46.562115
69.49905
78.89229
131.90744
82.86266
41.65512
75.31301
100.79668
88.96246
87.819626
77.79963
44.67397
89.59354
137.67883
113.57132
82.84125
59.71564
80.8041
146.12578
125.37164
101.8863
107.045975
35.845367
50.920055
90.20795
107.88622
133.70004
128.85744
115.81879
45.37172
34.004612
82.390335
50.783512
91.34661
65.5864
60.728916
39.935135
70.075195
32.4784
85.27317
64.17747
84.29673
163.62303
100.34337
111.7395
100.98796
109.475655
139.00446
121.57965
78.81802
60.99731
41.891327
38.992764
76.276146
93.949005
82.37808
19.088182
42.156967
67.7862
72.316734
64.47562
69.08273
69.90584
89.654015
81.43436
121.54205
85.53924
65.73008
93.21119
160.3689
38.900482
54.901363
91.76487
25.124863
46.332832
49.296803
53.80499
49.89867
40.07239
64.47959
20.905312
71.691154
58.150803
41.797012
40.96275
85.1769
96.14042
123.818115
35.18373
91.13434
68.72198
129.92711
27.225475
25.030346
50.32293
50.264496
78.82626
33.492786
40.052685
42.82872
56.70748
74.72647
94.80966
90.97516
75.600784
108.07773
48.700027
100.89157
122.84925
29.720026
90.67191
57.157066
86.959564
115.02811
57.10099
84.39039
78.22339
126.02221
61.330124
35.67706
57.671593
55.52785
59.618046
81.59494
78.06853
96.541405
75.00043
52.30633
25.591404
48.811207
67.68602
88.09417
82.69192
96.530075
61.26234
65.34608
54.952656
142.54533
88.82641
97.018906
169.97408
96.08322
69.211624
83.67522
64.5235
124.2949
90.743256
49.4743
65.96213
53.95986
76.62986
45.382553
48.708794
143.76787
28.647705
145.77998
66.85485
129.47769
78.783554
43.324116
96.32273
45.959885
118.55288
76.094315
53.015415
39.041508
37.330208
40.592613
109.72513
57.761112
107.950516
50.68296
91.499275
49.12205
38.95668
98.60611
64.48064
63.29115
59.44775
67.94715
120.03626
63.96103
95.47695
50.718838
134.06494
43.90526
53.103104
101.45734
55.011368
59.18717
48.323326
115.91874
63.613224
36.883347
59.918747
81.09561
53.218956
20.724398
130.88158
61.225975
41.928413
49.177067
12.5842285
42.237473
42.182762
66.521164
41.416645
78.69346
136.42325
137.39557
52.87676
81.29658
55.85733
121.19925
99.74083
48.71814
76.77853
75.65684
86.97574
39.22492
20.599184
65.63741
56.14321
104.89729
103.81835
59.85417
133.71356
54.491173
109.01025
92.48522
82.42208
83.22584
87.50653
62.305958
94.59076
96.583084
59.066185
48.030308
93.79765
66.399994
81.83495
88.04819
49.94952
81.85107
64.33699
63.2697
106.832405
128.48355
80.1012
101.44175
57.580666
89.79831
107.90343
41.38054
38.137936
67.50822
61.577324
49.16554
67.28827
29.565393
51.56435
67.23133
27.67484
85.09608
36.335754
18.710663
18.633263
93.53191
132.26805
134.1294
84.17059
103.4546
49.42791
16.181803
79.7051
54.210228
50.394688
44.14786
70.5852
101.104706
110.24669
76.675575
58.040016
42.283897
41.24142
52.159668
42.6085
86.317444
92.20337
60.5923
56.652966
51.515717
42.75587
53.682274
73.48876
29.695251
44.232895
46.300327
63.885113
66.5906
35.67558
10.974121
62.90765
70.88327
65.17153
16.791466
44.833115
73.801834
27.967096
56.05864
59.500893
40.07652
95.591965
74.41596
98.05144
80.194
141.90561
93.564964
34.672062
36.29406
70.87034
66.26061
53.215187
29.465656
29.046824
54.31041
62.171898
48.68708
36.762394
54.493565
63.782124
13.70921
134.444
95.811745
48.950996
39.628956
22.308079
35.676353
67.592224
73.15861
23.956123
59.85015
98.9975
41.497887
56.9623
40.652294
83.003395
73.43552
45.41546
46.659058
68.00456
61.808437
45.468163
54.803486
75.70999
45.77166
23.023811
52.778427
17.618437
69.59205
29.477493
29.544363
40.29824
1.0898535
78.91868
49.38036
43.936745
65.78453
75.94287
25.89846
33.265804
108.98151
33.861305
32.89202
65.23699
33.72146
12.515943
48.631657
20.61969
107.1066
37.452152
28.980736
38.80226
38.167377
42.42044
85.10565
67.39316
33.0164
64.187065
101.83517
56.744144
41.000465
32.680016
63.803658
83.27826
37.86746
49.058144
139.12878
89.9985
24.921314
66.01181
59.191784
52.46714
61.61117
86.078064
81.20795
56.78389
40.289658
85.99542
55.226776
127.47768
78.51733
53.145477
51.633263
42.73198
35.406395
30.37983
37.68936
37.378666
84.193535
7.9940863
38.052788
142.95447
57.14537
68.09717
43.107304
33.852768
3.313649
87.88208
74.79873
81.266
85.966064
125.17446
8.180448
77.865005
80.18643
18.411121
51.696598
61.76927
29.491875
30.235186
76.48401
77.93644
50.588818
49.62183
13.011291
65.635086
34.49729
48.341534
51.97532
91.22268
22.087132
131.76491
36.677914
41.832676
10.502424
41.464134
48.01641
110.040535
90.670296
61.65254
107.17914
47.35497
16.388763
21.58122
62.786983
52.350277
62.004562
83.37133
95.54205
56.88351
81.48619
51.472958
65.69582
46.90332
67.3501
23.414051
47.611008
81.14125
62.7609
70.95202
42.12671
91.42177
78.51424
60.718117
69.419846
44.818584
108.8574
63.754494
116.17629
94.753
64.34221
52.54161
69.216095
109.98121
51.81845
38.576366
67.67075
84.591034
77.27379
78.37253
53.153305
56.71078
69.75771
60.988018
139.55205
61.717743
64.43434
36.659832
42.112137
18.51176
48.980526
23.12876
75.96458
55.65107
21.193918
42.4822
49.62027
76.12287
83.26089
30.305317
44.021008
10.37592
57.275402
58.60791
55.48501
64.30918
60.699375
82.59741
76.0266
99.73113
60.981903
24.685528
56.33038
86.932014
57.909306
64.401344
41.364727
36.9664
92.04493
51.88006
30.986137
56.2307
46.512062
83.22178
73.4233
95.53877
35.458763
76.03189
64.88919
110.007324
58.507236
49.19006
9.480442
93.99596
76.028854
61.146652
181.77922
105.059494
73.80235
135.01878
78.32648
88.78663
23.465376
61.134052
83.03649
69.78874
29.228931
42.69198
40.91057
39.373306
61.044247
53.68853
44.729565
81.90017
32.5901
72.42175
70.54554
33.059193
61.919846
57.509106
10.967856
55.340874
51.2322
28.091045
30.141714
102.180084
65.61561
62.51187
101.33481
76.48404
32.544693
113.08005
62.817677
34.136738
56.021652
47.372425
76.14818
41.87409
97.67086
30.456867
83.77115
60.351425
66.51273
59.666683
29.381376
106.39084
69.70828
60.917126
16.208866
44.426388
103.48126
52.686928
26.038097
49.814766
78.68497
51.028183
59.821922
127.94949
136.62068
30.028574
37.544037
9.144132
70.809105
38.082314
14.727496
66.287766
96.62054
48.043594
22.4368
54.75609
68.06157
46.35225
65.09747
100.30918
49.608543
38.150723
118.3289
44.526493
27.347889
70.41516
118.98082
107.00872
98.17016
116.72036
85.69186
107.804245
71.87875
56.525055
87.55598
79.21019
56.142155
11.5559635
62.63466
70.37551
29.973196
67.13192
67.43192
97.59152
27.72071
75.34324
49.46417
37.0297
74.28661
82.7328
110.03973
190.07002
133.05612
30.039759
88.07289
48.958397
69.44612
37.87467
27.298141
25.650314
62.143456
52.87258
85.788795
32.246666
64.33023
27.26797
52.10701
82.91597
39.81662
9.775829
63.595737
27.843052
21.16537
33.399494
32.75115
46.951637
68.48714
140.45264
62.006683
52.989403
94.83838
103.03459
42.31142
72.61856
76.50178
65.446304
10.903894
73.98073
15.748518
51.465042
36.88681
73.69539
42.028065
92.734924
24.888506
29.77295
27.06782
39.95891
38.59692
57.739735
30.76012
76.1742
51.110085
47.05397
24.059692
62.491554
68.618965
58.59204
85.42403
90.81811
85.88362
24.934786
31.241735
57.59896
60.991154
86.45864
47.78767
20.039085
92.99731
44.41584
94.39461
60.46663
83.09908
48.16302
46.303566
72.52712
50.985996
68.36394
43.25656
59.331432
31.320951
26.450834
67.95225
75.80049
87.67274
106.717674
76.40204
64.83263
43.499622
49.98312
78.147995
9.149342
48.931244
41.301624
45.992783
19.3244
51.523823
102.64558
16.417631
85.37691
109.16926
121.824745
58.602596
104.33292
135.02136
65.42933
83.34496
104.70453
85.57809
120.94281
80.49665
146.63956
173.51505
43.728657
40.635254
60.72879
46.207077
40.217243
102.686745
84.721016
85.13287
105.81626
119.01001
144.62363
78.50186
61.715286
37.52005
85.70982
113.55424
97.92264
35.0084
108.129944
63.630714
47.889385
56.07064
63.815254
30.22643
111.43778
24.40495
29.884588
74.82883
57.77651
62.57976
93.16418
88.867096
53.5237
71.25646
55.975655
104.61856
108.78494
153.25894
101.12217
50.928802
52.663033
39.91926
88.519745
103.436356
38.976208
45.466747
36.19733
111.02579
58.439796
87.51601
47.925316
71.44586
67.5258
30.270367
35.217995
41.97958
59.218685
20.973606
51.99011
75.3456
66.22253
49.097084
81.45627
96.674255
112.48533
106.78626
90.50149
109.80234
84.07293
123.349915
108.90399
66.3394
86.712006
61.91122
67.887314
49.568924
62.094425
40.988804
23.768194
108.8472
8.843245
71.34398
66.59712
86.59542
31.796494
73.95736
45.88775
79.38171
39.88769
103.70811
67.50541
49.749237
86.99777
43.592094
53.952927
35.917625
105.47878
49.207638
118.379486
37.99379
17.322971
48.134644
35.02935
48.300972
81.66514
46.39952
28.165298
25.00758
53.624493
99.54123
50.962017
52.921333
22.315424
36.264694
124.44067
135.66716
95.710686
77.127785
90.42612
43.421043
67.485664
56.15065
44.512733
101.30187
56.550697
19.20754
67.246315
59.473568
41.382267
32.44121
64.91834
88.56961
54.47872
59.737274
86.10265
58.755993
95.685486
107.46011
50.882885
56.69061
34.492588
95.74252
60.43403
60.1311
63.746017
45.776443
50.69374
22.751703
21.18894
20.576982
85.6242
58.648994
41.51076
69.617935
38.625023
33.83917
22.234108
97.43746
77.40502
97.13681
122.182335
106.665634
67.61324
28.409845
46.827778
43.26323
58.375526
18.160376
52.21995
68.35361
60.747055
43.550884
37.256718
19.276869
27.131672
11.733555
44.02365
89.0333
84.96481
89.92565
57.374664
41.009144
91.6387
64.635155
35.82557
89.806915
34.061478
43.143803
49.548008
46.994198
96.9979
41.206932
55.260548
35.395435
44.364574
75.14808
82.6942
109.609924
40.63431
69.84231
69.37195
57.26479
9.024499
50.382935
44.813404
87.05214
54.934986
45.89115
86.596725
50.19451
79.66824
49.432693
50.90668
98.157684
156.29575
144.73357
138.22838
99.82386
101.32641
13.828526
58.31865
48.406757
50.04865
56.696774
28.992682
61.639805
58.79639
29.62114
74.900955
61.977596
46.114944
70.32576
87.94292
56.645313
50.7401
58.578293
53.035065
25.333826
54.769894
67.70529
99.896774
78.445114
23.687195
67.06905
90.51186
58.607067
80.78836
83.825485
24.18932
68.94384
22.829782
69.92046
16.43309
42.074078
105.79844
111.044334
57.229836
64.16725
65.523026
82.626595
54.678154
97.220726
46.553856
66.45388
75.61251
37.06395
70.4109
51.697887
68.71478
57.047066
55.450592
20.969131
30.78397
53.521507
25.647516
68.84241
27.26743
41.90684
73.06398
153.95544
11.917008
74.547775
43.40653
55.44885
45.10829
31.336008
87.405235
48.1144
91.91166
45.47703
79.130394
107.44563
108.89052
41.77902
50.560425
123.71569
57.14341
56.8304
81.73129
33.9585
87.6286
34.859978
105.900116
55.444897
88.1249
87.36778
79.57787
73.96423
71.16055
62.25819
52.571808
43.726063
37.00815
48.667015
45.036617
77.14111
44.48314
46.706093
50.034534
115.69787
72.64489
54.822365
47.72735
41.35554
102.48065
45.72439
101.288445
55.205597
29.282656
68.51521
72.206696
43.498955
42.59303
40.067772
79.552826
64.80068
35.78806
154.65219
95.65904
76.13685
63.67363
108.33088
113.143585
79.81183
80.03989
122.60687
61.147324
41.421837
102.05993
88.98297
56.082413
46.426987
41.29599
27.66203
56.15008
53.254818
62.30244
55.141197
46.17753
50.834396
66.69932
11.947453
40.998035
105.437164
21.75012
68.344246
84.026794
74.04497
74.58103
42.156517
77.658226
54.231205
88.57431
48.575474
51.532555
68.713264
36.126564
92.62753
43.91464
63.12221
142.05136
50.680977
46.11185
13.516788
51.635242
138.70929
42.571224
71.56232
51.43004
57.69383
62.511944
48.33084
67.63378
76.68972
85.54244
82.17055
45.241592
57.92215
100.934456
56.538834
18.494345
92.09198
73.90368
46.901886
59.557865
122.21902
64.36141
37.4226
60.176037
70.02678
94.10405
12.205033
28.16654
34.212353
8.29328
58.65463
39.22974
113.40636
52.849556
94.31891
82.579025
54.451725
50.376785
64.43972
28.474634
31.05355
46.964375
68.97859
67.027626
81.67092
62.79996
61.877098
66.92244
56.810394
58.91692
120.81344
96.48915
56.967262
69.28204
31.659683
25.062267
91.78569
99.31069
52.211197
33.028507
102.833176
31.348103
30.86232
45.315483
52.843784
71.175835
72.55776
57.740124
78.16453
46.020454
70.51564
74.78348
110.79516
123.30996
49.80891
17.875462
63.984325
29.650885
42.59715
25.47386
30.671701
28.891375
60.769146
58.624954
51.855465
81.122925
55.452797
85.43812
23.778976
25.606253
33.15123
74.404564
97.84236
41.497227
62.394238
86.99177
41.532883
42.57283
46.13355
45.084755
75.94036
126.27918
18.28302
82.7332
66.88838
79.81048
52.592228
43.03298
52.30308
20.158525
63.05533
90.05758
157.89859
58.751854
40.192528
107.79723
67.91021
163.49503
91.34042
64.98587
73.136375
98.20132
68.08557
51.35916
105.858
113.73544
100.80705
87.75439
70.701096
96.29544
53.083797
130.86378
79.80983
81.63364
63.64861
107.1644
58.196693
95.58582
68.59184
108.800606
118.33196
166.00232
59.660675
32.14403
68.36628
81.26224
129.9452
59.531742
34.606606
40.292652
41.132584
93.54861
22.240314
19.978397
103.02015
22.292166
16.83448
36.97124
107.50294
87.01501
24.33163
1.5590192
44.459442
43.659298
58.684235
99.43398
59.13389
67.51155
47.28245
43.36822
113.749435
37.967007
52.076366
126.2069
44.873165
68.438545
46.809906
78.09507
47.323936
12.004172
89.93913
10.798936
46.712173
39.284935
31.124548
16.517105
29.46118
55.807083
67.696205
130.09692
53.068016
24.680517
34.21486
46.81827
54.342228
100.40654
69.88157
60.281548
21.796509
54.389317
89.73009
80.81851
63.71504
72.27309
63.94299
78.7572
70.69102
65.38193
93.10218
81.82314
88.43847
127.29577
96.701965
108.65237
88.05784
103.47161
72.22228
122.47348
99.528656
49.056763
62.199074
35.602505
45.445972
32.860863
64.39434
35.84546
62.046753
35.11604
38.644775
82.34669
54.535046
46.73996
44.73412
18.865025
73.998245
96.35136
43.790005
40.15989
68.333405
54.17088
21.862062
45.959023
59.571945
89.90206
55.638195
69.49872
40.79758
39.727554
78.274925
37.552628
91.84824
55.284203
27.861128
55.869263
27.093117
108.82128
39.516712
51.9775
24.246792
105.47743
64.75999
66.46344
109.34885
58.799053
47.202023
60.846447
119.66299
20.144527
32.619125
48.24919
30.121515
54.615326
60.635918
49.087017
93.945305
49.62945
45.471867
48.570038
89.86941
55.908184
104.75314
85.43634
86.15439
66.60828
30.029285
96.297646
60.44735
104.13539
114.9121
39.746895
79.1907
73.80412
139.29759
55.288197
24.61181
84.63028
125.31791
79.46641
77.30457
69.64865
85.2783
69.55403
28.548819
79.1125
47.313473
90.030624
20.389116
45.27747
44.518497
54.073803
40.837635
86.09047
64.159706
94.703995
59.90177
3.852972
44.921764
54.58201
32.067444
28.720573
18.777277
18.519936
41.281425
85.82226
71.73212
59.514072
56.79131
21.564995
54.04566
54.35647
46.106373
54.630848
28.217527
46.375736
63.580643
84.19905
50.889687
117.98162
30.224382
51.593555
21.215038
68.68445
4.4273324
94.0491
41.59802
53.705723
42.703148
48.713085
52.869118
27.715456
63.61499
41.467697
112.18837
66.36355
63.2805
39.306385
26.983322
96.484276
67.80288
88.97242
46.789825
63.238247
61.008183
53.995815
105.44904
39.15629
56.000088
143.66971
43.88456
73.56012
53.195717
35.314
36.26408
83.11774
18.45696
53.089954
45.744648
74.72918
43.86255
75.528725
67.51738
71.165886
46.553444
34.214706
14.844466
70.8995
35.237503
65.998055
56.634224
22.674023
52.812878
36.03804
63.329193
113.61795
132.56319
67.24294
67.32584
46.090694
55.14669
35.904785
41.88279
16.404263
65.12866
33.965183
45.563267
50.47159
33.812397
77.42286
55.412945
43.267242
126.29911
85.38438
97.33581
97.06132
107.872604
70.985756
54.1954
83.901344
47.115585
48.58856
81.20742
60.833706
81.19726
58.819523
50.65624
54.116974
49.179512
34.969494
66.9352
69.91855
33.71465
132.19795
54.9605
66.36221
115.22434
100.942314
88.800674
81.83961
73.8059
64.2461
80.21966
30.461214
39.624607
106.57463
91.76044
41.28145
24.335478
8.457961
46.322636
82.66709
35.386677
47.25963
70.2419
77.70176
65.466644
23.360676
63.96934
28.353453
38.764603
45.58252
30.316154
33.88182
3.3933535
66.54042
50.7304
56.642193
52.23559
69.225685
21.3872
110.9096
66.39088
24.115881
61.568573
58.72086
30.05139
59.952637
53.273693
76.13941
61.373703
77.60046
79.14542
44.423954
44.946754
38.107033
99.89248
47.33786
62.442528
68.551346
19.021765
69.84942
33.60092
165.1538
60.76455
75.61374
51.45309
13.6472225
53.982975
19.080206
79.332664
46.122635
70.13216
102.23958
33.217274
63.24665
44.470478
52.06443
27.97827
68.18838
17.139647
119.69119
82.711525
39.559875
91.11455
66.70176
42.557404
60.869095
36.184658
60.816452
52.15008
93.01127
80.014275
31.706898
63.658127
105.591034
28.943794
105.26682
64.21621
16.286541
76.62674
41.349716
54.977695
47.59445
65.077126
79.72059
81.98917
71.8156
60.213066
89.89059
29.43112
60.13704
49.717182
86.3979
58.859604
55.263405
83.248085
59.284283
46.650707
49.933804
35.25943
65.80036
83.525116
32.775566
37.79649
65.68521
48.812355
56.742275
69.0476
39.365562
80.23015
102.902245
73.18988
38.927425
50.752464
94.505035
39.35974
52.29243
40.05426
96.96963
27.746826
37.597397
76.363014
49.80356
27.795422
79.00816
77.90448
41.066284
79.15665
103.83785
33.058506
22.163277
60.381237
24.171442
22.237877
70.20362
66.2698
48.81334
64.823006
102.62574
20.899206
101.52591
40.943745
18.61628
35.76715
32.91738
79.63757
44.602097
90.28902
24.32419
27.005653
47.511974
62.203022
29.965239
40.814198
23.12896
106.95682
43.640312
140.22331
95.43456
96.832794
101.933556
17.264832
63.22539
86.28309
21.82859
38.18957
87.53682
109.00175
84.45331
109.5518
78.387115
29.181435
79.495964
81.05821
49.133347
49.349377
39.92819
52.13581
67.5721
65.67129
20.09349
22.56231
67.36634
49.76132
60.376373
101.861755
54.26589
52.395103
106.06374
61.35727
29.678312
82.46481
51.512997
76.5632
173.47804
111.11007
93.374626
34.677246
36.802223
49.414257
43.039078
17.707708
23.737438
18.961105
54.253983
38.44817
52.253475
71.06793
55.6604
13.914324
43.924515
15.170089
56.247887
50.50865
45.000973
31.785545
77.554245
25.577032
47.89078
17.033617
61.04238
104.80074
107.27612
61.794
41.508175
59.26571
71.21716
84.168144
40.108376
60.763004
64.91851
48.550472
23.511757
43.871723
77.92725
42.914726
74.24851
72.639725
62.50203
68.49981
145.09282
23.63108
54.182392
39.799587
75.95254
9.959101
39.727013
63.731842
77.3039
51.691036
86.37588
58.376007
80.107956
37.456886
107.95669
63.543213
86.319824
62.93837
37.213078
132.93106
21.158876
80.30246
110.27833
43.5557
47.176258
224.35733
59.2224
113.13437
31.062511
70.89677
51.543526
91.850334
32.228146
80.900955
15.629931
43.47944
77.8266
52.453888
88.92244
65.030685
15.403339
109.19183
36.235954
111.81751
85.8993
31.699656
66.43969
59.02551
47.736195
27.562864
89.73428
22.99293
43.298965
50.37516
67.765236
43.10493
39.649662
38.60161
60.49297
54.76742
49.566483
35.499405
64.54078
23.88781
26.368786
45.097923
137.12993
55.581844
58.6501
63.47051
23.890244
32.07624
59.290577
9.611097
42.75394
61.79476
30.962444
36.80027
61.695103
73.7742
62.068466
65.127045
139.97926
37.74754
33.534046
57.566086
47.28547
57.511032
63.570595
77.791145
69.858025
27.54823
86.35006
86.50357
50.401176
73.0053
45.112442
71.227036
75.47337
81.19978
32.394657
69.0634
100.81958
23.732187
33.529144
78.43902
50.834896
66.90843
35.451202
82.2292
65.16569
64.49731
84.60525
11.150578
69.44207
62.208534
67.28584
83.11035
34.25807
55.954384
38.220947
72.33494
66.21968
56.658836
48.99137
45.44215
58.148758
49.333675
87.03703
21.03025
142.10634
36.91156
84.26804
28.605545
54.09372
104.926445
87.52089
36.448875
15.868606
35.68142
7.6131988
51.65192
60.60284
77.19215
13.312666
44.315323
40.91553
63.203873
82.706856
28.850883
93.92089
56.029797
34.153248
105.4725
103.19159
66.66871
19.915382
118.59392
36.712376
90.367966
52.318104
57.81109
67.02003
14.664708
54.56923
31.993017
71.522194
61.548023
120.71187
104.09953
33.589733
114.780785
69.07871
50.706455
45.565445
62.460766
38.42928
6.0775404
66.3944
124.072365
53.60297
113.16665
36.167828
68.527756
99.878876
62.76498
58.21219
32.425953
68.0619
71.070465
40.259823
81.07221
69.71042
47.44829
17.436531
67.64335
82.2423
66.65383
78.03194
85.15425
82.11517
50.776894
84.586876
82.895355
55.62209
51.002857
25.363005
67.56267
28.347866
47.74036
31.400425
68.21561
51.61466
51.647045
26.079355
53.0439
40.795307
78.91054
37.965973
76.34115
74.07009
52.663677
45.05422
80.51843
71.06987
66.83428
18.97697
54.68489
40.529373
40.467506
81.802605
103.64953
63.609425
82.9897
73.866844
30.786589
35.424843
72.286644
27.033377
42.92957
68.62955
59.27225
86.97751
64.4837
45.045326
69.06005
29.059853
45.947533
58.488304
48.72082
118.47199
79.67717
56.44044
24.381636
45.80333
77.03048
41.827583
22.034082
47.059834
69.26519
38.113033
42.44273
2.642016
35.97428
29.949158
47.420895
34.00516
67.666504
52.54403
29.718582
52.55291
71.11387
54.871197
64.9344
51.53209
71.73501
41.00635
71.96143
75.81104
39.612926
110.42006
109.765686
55.68367
65.63019
76.748474
55.530502
81.76912
56.60292
79.842155
47.737362
91.110695
16.719864
29.109953
43.677433
75.96928
79.434235
30.299622
34.664974
42.962597
50.933853
55.380894
27.587719
29.059343
56.466637
63.084072
96.90733
88.40311
55.121563
15.270495
55.73129
70.14295
83.716064
48.043613
121.153465
59.676693
47.92172
53.768417
15.535598
108.68283
62.30731
45.517067
53.696392
101.004265
99.48567
51.322952
31.815098
67.30982
69.26827
77.69039
73.619255
55.875587
104.68344
76.548904
15.64164
78.42145
84.06198
58.783726
25.134045
35.931812
76.14598
30.736645
50.07614
55.422047
30.313875
53.6063
5.8491473
60.23232
76.38216
74.62593
30.996557
80.49265
31.960073
182.8205
44.159027
13.172375
54.194374
60.72555
39.371178
65.328995
25.382814
30.721836
125.0087
111.496735
70.292435
83.58089
61.426517
32.675125
68.19628
96.164894
92.81509
107.73748
64.38521
43.300186
57.715893
33.595936
50.69716
64.19449
41.58852
147.76341
102.03446
42.416645
87.65092
31.954893
114.8397
41.836826
126.746185
128.51839
15.776447
60.150536
80.57707
25.864902
87.22195
93.66196
51.294014
52.142387
60.353485
17.020851
70.15042
73.11462
76.16167
115.58894
79.463165
150.52351
77.501945
51.111473
95.6665
65.84116
49.0954
15.427547
71.09073
87.366875
87.070755
17.60988
25.107325
21.2552
77.67217
45.59766
36.57497
58.944725
33.656246
84.58889
83.32664
51.18607
129.3443
41.17793
108.27448
43.032505
34.716625
57.190174
43.003983
69.01883
57.355038
14.306903
54.889034
81.452484
20.692955
57.35271
70.170784
50.491737
60.925953
34.54565
83.88193
42.94631
92.090256
47.465122
46.256958
29.4895
51.63272
72.821976
62.68718
18.46256
52.828957
39.486355
28.864048
67.13742
46.269886
84.63814
68.688866
21.162632
59.71539
128.34003
59.008263
23.524996
28.643108
53.382774
79.37515
52.745365
84.23206
74.89394
57.491226
25.229664
59.914127
39.602436
82.57868
55.861073
98.89613
42.350903
53.15006
22.01825
70.49819
62.915146
120.63735
213.34941
74.080215
18.480337
58.13388
55.70923
80.06887
45.378174
56.948036
26.382282
27.708694
31.633886
83.469315
84.15193
85.27374
30.806965
28.727139
70.90384
48.8246
49.68584
23.166344
64.0973
95.979774
39.585316
57.037674
71.75107
101.48829
50.416798
109.38668
69.037254
36.726448
111.84834
103.63291
55.3156
65.062096
101.80807
63.35631
14.381169
59.63703
25.112642
41.824135
100.82956
51.458363
59.368454
66.76418
80.73081
95.08474
86.40172
65.50648
27.019758
34.63432
60.749813
172.74614
25.028275
53.572704
145.13399
48.88728
90.59947
72.11653
33.840553
31.944456
48.366344
53.34462
50.666397
85.763596
43.109447
76.89486
67.463196
53.944756
51.91949
3.9885316
40.556107
80.40331
110.76583
117.67584
117.838844
108.88421
72.52188
122.69548
79.334625
150.83383
26.69001
69.56743
38.797554
106.58956
107.252365
63.76963
114.92832
42.98966
20.707163
34.343216
69.968414
81.391815
64.66807
91.444725
101.56312
39.167755
39.787613
42.782467
75.47765
44.988266
81.32889
35.507076
71.59247
49.44481
35.28397
34.69728
106.12092
49.91643
37.831356
54.229477
28.162432
21.59094
82.204704
67.641914
76.57754
23.32807
73.5752
58.397667
49.403004
33.060604
53.49188
24.787926
18.050503
63.370136
25.67324
48.795143
102.33549
39.23872
39.988613
38.47179
140.98354
44.070107
23.659039
140.64919
35.53953
95.730156
42.120834
72.68264
49.504356
97.480965
137.12016
79.74992
49.50557
100.052246
17.998402
56.2121
26.718962
26.759882
38.297726
39.442368
10.277138
61.707817
37.837112
20.899948
88.48566
68.53086
27.503325
18.528496
43.860783
59.83618
78.63546
99.8787
69.06299
36.160095
41.224396
30.15276
43.87565
37.943542
49.528843
61.271984
42.466656
67.99354
155.27736
35.790688
21.889305
68.517136
74.42506
38.772434
72.89991
76.723465
63.085827
59.665665
122.91121
63.639774
49.79862
54.74217
43.431572
68.11048
20.814264
57.769604
22.419767
85.93167
61.24233
41.35859
48.260845
84.767586
76.64947
86.71607
41.2602
43.07094
53.34791
131.43268
42.715775
93.851456
51.407692
40.156925
55.787586
96.65622
59.587757
33.67942
43.29339
77.38919
27.079004
112.39397
73.83687
60.382446
30.426847
117.887276
31.742859
57.34148
98.653656
98.319626
99.76981
96.94536
43.390873
84.34766
67.65646
65.226135
38.362255
24.800772
79.57678
55.294186
53.89714
88.62769
63.890587
62.52632
38.59424
42.15151
53.07947
35.732826
26.175562
14.232497
40.56759
53.88232
40.959
17.932243
80.74811
41.878605
71.43524
80.80717
19.419949
17.738104
51.682606
35.641674
63.437183
75.97347
90.790985
46.29857
29.044483
57.31947
40.174824
98.561516
44.696583
69.21633
93.44462
81.35662
50.316254
55.014698
58.935387
80.480034
40.237415
19.637781
45.350796
58.507885
86.926025
49.40745
25.439617
38.083508
65.12405
62.043697
51.86919
26.602419
92.04873
21.930412
63.246635
86.96241
50.302956
77.40992
118.431046
69.36552
42.678314
30.142857
24.277464
58.506325
103.82264
45.067215
31.863586
85.32463
76.584656
186.12312
53.751377
137.15822
60.09438
154.56998
72.61082
30.02449
81.84819
70.016075
82.26354
99.73982
34.176414
85.356804
94.77124
71.082375
81.95952
21.220465
71.4868
24.16262
75.51179
45.888695
107.48541
95.24191
97.628456
41.122417
45.872623
68.5921
82.598434
91.95952
90.22055
56.15944
18.65937
154.0265
67.272
23.636763
50.67355
99.257034
104.52852
28.794384
84.160736
149.5442
104.663376
129.21323
78.638695
79.09856
36.7317
69.19278
64.21341
81.452324
191.05809
98.0594
77.36987
81.07744
128.61896
118.41726
60.595226
88.128624
48.23477
61.22078
71.58556
63.94557
61.512398
23.034893
100.51528
59.125355
125.4428
71.10642
55.613617
107.522606
22.197609
36.802128
58.288124
93.4714
62.015938
43.844967
30.310257
80.5125
113.82708
120.5437
78.11831
113.49976
104.38694
112.77319
21.511309
32.705933
77.64074
20.85938
74.57938
58.35202
35.118717
51.97401
26.880793
67.97385
74.83638
169.15488
57.096447
52.27513
156.93187
67.68895
79.557526
55.466076
35.087093
84.451
152.51918
71.71536
107.93345
57.514595
65.146126
59.329605
107.91791
113.03324
28.583563
32.576244
66.11107
28.622309
101.657196
149.65225
59.328426
8.148189
59.909733
103.76678
31.545847
82.710594
75.838196
118.929924
58.474762
91.845085
57.551792
74.24585
104.79959
32.727024
73.62853
77.279724
69.319496
60.53226
126.08266
45.397896
76.39621
5.049546
38.333138
143.48212
58.96045
91.31078
48.666885
90.486595
43.89023
62.77441
61.000458
104.106026
107.38667
75.18918
100.51977
87.37125
60.916153
62.302277
101.85205
75.28025
89.05179
64.33792
128.24197
57.273598
93.194374
95.983635
152.78021
54.703857
87.119446
71.221275
164.01518
84.16856
94.52469
84.79052
72.06889
184.23346
141.1718
144.34695
129.4997
116.328545
112.98016
112.21709
132.48366
69.220184
59.1881
78.18474
39.64113
96.511444
75.610435
38.012615
51.557144
25.586174
58.19537
128.43483
56.78621
72.08958
64.40259
48.514904
58.60603
102.88596
37.999786
80.026146
143.00958
97.02266
63.892784
176.90578
119.52423
139.43057
89.73786
61.432484
71.73165
93.728645
95.028854
89.077
53.36094
46.758224
38.599834
97.77985
53.785606
94.761086
84.89207
121.63407
150.56131
119.09103
99.83542
67.857056
170.8334
68.21243
61.392036
70.0138
33.320045
63.51071
80.13338
99.18559
66.80705
88.73256
25.36191
37.581886
160.09442
92.42758
70.99995
38.948475
82.792435
48.13411
32.781334
92.754005
72.48765
47.952324
80.572296
60.55945
154.35179
118.102165
44.501698
78.07083
69.978195
54.870316
74.77518
72.935455
73.13642
17.73249
116.69727
185.84904
151.47292
148.11519
27.791775
81.87055
91.572044
52.66788
48.517002
99.191895
68.28382
120.399826
70.99319
62.33407
68.47445
105.261406
102.83283
75.21628
14.054729
73.148926
70.78274
93.353226
44.02999
85.182335
90.60812
91.70774
71.272156
62.924164
94.46491
49.331303
44.72917
1.9357371
32.462543
63.60707
93.50503
77.151146
49.801464
173.78333
130.4755
29.613375
106.23672
129.29662
36.902664
134.51894
56.519634
29.912176
59.53475
106.57718
129.24611
87.96213
84.3071
62.211483
28.080523
32.98782
46.724545
46.31932
114.49991
17.375633
85.35927
38.81858
90.05647
84.30695
40.036556
69.28248
51.97362
75.930595
175.33867
39.17911
51.287857
44.957523
119.693825
53.673595
69.963264
61.98497
154.77797
158.11993
159.81505
101.7698
108.31009
74.84114
109.35325
146.04681
97.79032
50.97072
50.519787
21.95295
88.57247
45.940113
132.15305
155.3692
65.469086
89.49907
92.440384
82.91995
34.928665
47.57471
57.38344
138.44687
125.36171
82.18259
65.92891
29.348753
77.39778
41.3031
33.391605
124.54434
48.76576
72.191765
115.19283
157.09772
72.80344
95.147354
68.74163
129.36238
81.26647
92.92352
67.378944
100.0002
37.674957
88.236565
58.000214
62.769566
57.615494
146.0984
103.65283
63.476856
58.637115
221.52802
91.02964
49.189407
161.81593
150.26111
164.38277
69.977295
64.50003
36.72736
75.24744
113.91479
64.88654
78.642265
16.069828
44.837303
127.23792
44.8969
60.509144
64.219925
68.17667
85.33462
91.061485
52.631714
52.91931
98.75276
57.83574
67.59767
60.177547
108.61509
47.224396
83.49747
44.21085
93.050446
108.49683
59.877666
90.2728
35.85429
73.722084
73.56921
158.99773
109.38159
113.03222
59.27419
76.18804
112.41833
160.97495
98.47153
92.30715
49.965904
126.03946
55.607887
57.328983
66.797455
90.42766
42.920338
95.83408
47.15757
85.15304
124.181915
148.63466
88.49802
31.732525
62.772377
98.79048
33.31138
76.2614
45.45893
91.18342
80.75684
134.1258
104.656586
88.91643
45.197403
84.237724
26.12063
76.41538
59.01969
45.15166
51.55162
90.45214
59.795597
57.06179
59.19163
20.549551
74.961365
116.79298
17.672642
46.14641
205.18315
45.01046
42.136513
135.67365
149.73387
66.530914
75.3992
54.55315
36.183556
81.47853
35.100212
90.05315
70.51456
111.580605
73.83426
79.037415
128.01906
120.456406
92.96729
56.60795
77.17306
76.513275
47.237026
72.22203
136.29343
67.34219
120.81525
135.8833
58.107403
42.782032
97.703636
21.476265
156.53845
53.878227
74.713135
63.44251
74.12715
39.405563
82.23371
60.482685
63.531914
112.06936
107.00097
110.39815
76.620415
142.00533
50.109108
216.91112
200.29764
207.33714
131.55937
107.61182
59.142624
56.68686
76.26164
79.22999
51.31478
72.34641
106.41168
31.56333
88.780975
70.98367
85.66747
119.67872
58.616364
115.33844
64.62168
77.02897
34.242027
119.93486
121.088615
83.413216
63.978836
90.320274
60.804703
45.879772
36.070732
92.36197
57.57321
54.443554
41.42472
88.145775
57.898228
111.06087
76.05469
100.03255
65.24562
81.61911
33.5269
135.10097
105.092804
139.83821
119.11992
210.02136
85.217674
85.445175
122.80368
161.1646
40.849167
39.718803
77.42123
98.340675
36.67364
72.974655
52.599434
87.26811
86.198654
35.947063
41.60385
62.536224
53.56323
48.009308
92.78592
110.28797
91.17255
93.82824
33.06323
24.489511
114.71231
145.65543
81.82809
45.92354
42.058475
161.67769
70.73981
93.8746
79.73794
104.94995
19.111689
52.909214
93.87904
38.578598
95.89802
64.24207
63.59829
91.01444
116.72572
39.080738
99.3006
72.031364
60.960175
64.37597
55.48792
81.59141
75.82909
36.220882
58.06745
77.2852
94.822044
27.726255
134.28044
41.657295
78.824554
101.980934
137.44621
146.25739
60.259335
31.098967
35.513027
9.713214
121.0873
18.126825
66.52142
41.44069
137.55414
113.03739
31.577368
75.53464
59.962753
151.81563
111.91972
102.95868
88.36421
99.855354
41.837315
90.92919
38.407265
76.068665
134.91603
43.975574
145.77692
74.83968
147.9777
110.71264
69.200485
106.97921
103.74289
59.939613
76.58418
31.20615
101.414734
55.510178
56.538803
110.97925
46.27245
30.303701
78.8979
108.846016
72.15799
78.08202
184.74454
97.01044
60.298466
116.66332
53.341167
70.12597
43.61803
96.11814
91.73019
122.02728
53.1533
99.53916
57.10601
150.51903
79.2143
78.153656
72.62597
86.33214
36.228504
52.965
80.88799
89.32238
89.57715
43.231586
51.710243
98.72974
80.99591
40.420353
73.58361
47.58072
45.659355
37.438564
122.710526
137.2396
75.75119
57.394745
189.24353
112.73329
39.00178
63.600777
109.37626
34.571533
38.512745
78.15269
148.52113
99.01436
58.9292
85.32463
89.7814
46.05204
48.08901
97.08451
9.58213
120.758446
26.34502
34.189972
68.911
79.958694
68.257416
122.26656
154.9009
79.58856
84.088066
66.60009
90.97328
49.91615
95.98873
133.07875
80.798134
128.10461
72.85522
104.47136
194.41708
87.65364
122.040665
66.113884
75.09524
85.51145
80.40966
64.82028
42.819645
102.27419
64.320755
103.42293
98.55393
94.20637
41.511055
93.11656
116.9653
44.194847
134.35098
88.13663
129.10597
140.66936
93.18625
106.223785
170.113
103.78627
183.64333
98.38223
134.5222
136.76941
80.113884
66.71854
170.1183
47.313354
40.325035
71.78602
93.17429
70.17138
98.887405
28.805628
41.08453
74.646774
36.755196
36.360653
53.90419
92.22709
67.5823
40.519638
65.144226
82.14995
117.23158
20.069609
44.756554
75.533646
73.527275
38.922947
132.76764
138.95636
96.72695
102.046326
24.066345
82.790146
9.284427
79.49796
114.89997
68.82156
51.82724
61.051685
32.984642
71.553566
96.965
104.03123
136.0761
117.802666
47.871113
62.636917
24.108984
23.889118
63.10174
51.60278
53.01284
60.418304
83.8043
51.381065
33.48445
42.74496
75.56943
68.99445
38.154476
93.625275
15.635709
32.083664
65.71937
102.20582
190.19034
49.47856
29.16585
89.2696
103.273094
8.818484
150.07745
34.423767
57.625843
43.19824
109.212814
63.263126
49.915558
30.307747
26.641651
108.94243
95.17047
4.544547
103.06634
81.9049
94.29683
139.00026
42.793224
54.218666
91.51124
105.243385
35.70566
93.623566
32.78061
49.64545
94.17169
32.485695
69.16375
59.421696
78.6712
99.79938
58.68951
57.745186
57.440605
81.507866
95.82401
70.21299
155.22571
130.05927
46.968403
17.89674
37.413803
69.16709
96.43704
105.22324
57.175137
52.00618
74.54373
38.199684
19.57949
59.495663
39.183437
31.929865
115.3397
125.87305
55.635067
53.424973
45.91212
88.36264
77.99566
48.51261
115.09529
53.92243
60.557617
118.07172
53.960785
68.57634
50.51495
55.499157
40.24712
28.975657
90.9457
82.87932
49.613922
28.558928
64.67
23.0773
94.24187
34.95666
55.35317
82.20874
90.85
81.59972
18.975403
39.666237
144.01036
60.376793
58.070244
140.91174
59.754017
108.793076
29.66831
75.786316
100.62595
55.018066
49.24051
118.15498
93.91406
176.53622
105.98333
35.11796
51.634533
83.10969
101.15711
55.23343
93.188324
46.253017
79.648026
76.76582
53.8764
74.86302
56.464645
82.85146
83.01315
53.267616
45.997383
128.87805
66.272484
111.608116
131.97813
102.71538
23.433071
157.48561
72.46686
67.83682
84.24947
31.48074
77.71696
36.216732
44.73572
124.06191
6.6527276
68.33142
47.12209
43.417496
40.611603
137.43805
107.47139
44.72529
75.47237
110.1115
106.61401
162.60109
176.28644
131.31837
117.322754
93.81225
90.62436
116.89614
141.45422
111.425995
105.57826
108.67951
164.25056
113.87311
157.89867
125.507965
88.587296
65.0195
82.486115
50.135033
164.54262
134.02786
51.302685
77.89444
100.11718
66.07285
51.830585
36.601315
72.27092
133.72208
70.97947
119.91584
72.17725
87.91169
78.55907
93.75302
55.72927
61.896152
95.325714
29.200388
79.12497
77.381004
14.018729
82.973045
130.74767
74.42583
68.35068
88.91437
18.61047
35.317623
27.458834
75.57798
88.992004
98.51681
75.273346
161.39009
154.56982
68.027664
118.414215
75.82832
38.113407
71.72014
97.66305
161.90292
88.15383
96.76088
62.13705
108.651825
113.484436
69.14829
87.3738
60.16289
61.496353
100.40399
126.97719
57.89483
121.26454
84.16296
58.519848
65.47162
77.59224
110.34491
38.85824
85.58753
91.29653
49.407036
138.0745
112.74047
52.73769
48.614185
118.92336
111.18969
76.71107
73.1417
75.50595
66.17532
43.04348
144.10052
92.85091
45.292294
76.11568
25.88944
74.8049
45.472214
45.07886
78.32031
78.222496
45.644577
154.30573
31.120388
32.47152
41.297165
67.44431
115.69358
182.59213
71.007065
98.299805
107.4338
38.064285
113.939865
23.184385
94.18245
83.14956
67.191605
41.616245
79.0173
64.65546
42.71826
63.859535
92.50241
51.412792
13.84495
85.77666
75.73095
37.448204
61.34343
59.7209
94.398994
94.54705
69.59951
97.58589
64.15493
33.552494
34.84098
27.974678
92.936874
159.48947
102.99844
146.54417
103.54261
108.931145
80.261055
95.104004
66.121864
59.289635
95.483925
99.12702
27.510927
75.95575
47.317482
40.472565
110.23886
86.058304
70.5415
42.246613
31.283852
117.29504
57.960785
40.73079
67.13867
67.53134
70.290215
67.48106
46.3254
55.92959
97.494896
57.969673
27.029192
53.959557
46.231197
113.466484
97.25007
69.30706
98.09587
29.83156
66.16661
101.0812
86.59319
57.148106
32.442833
75.23339
74.11647
77.104225
49.154587
63.27911
120.051346
61.11774
73.70919
48.367226
45.05587
76.80749
146.69267
154.41386
63.220795
48.08293
35.096447
70.42537
155.84271
44.93808
91.656845
113.88671
83.45592
55.221176
44.06251
98.33143
133.86363
57.47432
39.683964
62.103764
45.617252
27.870203
70.406334
63.90418
75.26084
79.8405
77.80673
84.18108
70.912865
118.927704
98.87302
94.98389
90.71836
141.0719
31.107868
55.46501
75.4376
87.02819
35.470207
58.852398
41.374687
88.37667
43.4171
42.29034
109.12625
98.69929
70.4886
62.61749
37.307995
46.176807
81.84335
110.437836
78.29292
136.36316
74.16951
38.485947
102.42774
214.38387
146.29285
115.912834
143.43005
163.41313
166.99178
93.526146
156.03821
128.80788
127.14111
140.732
133.08112
74.45106
87.22403
40.349106
144.3914
113.628204
82.447784
50.98644
67.14812
86.46987
120.22877
35.586754
85.88316
118.335625
80.03724
80.47562
103.89429
63.508915
140.90453
61.75169
74.43547
75.44704
108.490906
80.516975
70.36748
96.85049
124.18509
64.21597
114.80956
96.55365
121.13055
78.77569
110.84658
193.34062
131.05557
45.420216
115.831436
85.61501
42.035503
93.948586
97.56915
57.85533
107.438965
135.70291
83.03923
35.56718
57.861305
47.458607
93.00565
74.85854
126.23441
94.45829
54.255596
110.14709
61.7568
29.02037
40.424374
51.783092
47.548492
92.25618
103.22789
50.356186
62.313946
84.53168
94.57195
87.46627
116.96721
177.04605
41.35463
94.00606
100.17636
52.2108
67.86747
35.794537
99.726654
66.85884
138.0566
70.08673
88.72861
85.97485
34.679264
47.396805
119.01368
113.64712
147.01865
63.032417
40.50557
72.990135
87.339226
55.922596
128.15485
93.81656
81.72109
142.69316
154.7828
83.934105
95.091545
84.21313
60.02117
77.75958
48.48342
76.79212
71.52211
77.27354
59.428467
80.486145
85.17172
106.06877
63.899277
58.176353
115.88373
79.923904
115.47727
71.92459
100.44664
146.64395
95.62266
79.635185
75.906494
39.85126
15.230725
62.517113
78.42867
113.7966
69.796326
126.95971
73.49518
116.05165
67.560524
75.28659
65.20116
44.97641
75.504715
92.58314
82.56258
42.097713
93.4754
89.397
54.844975
87.4087
94.15196
25.360973
78.84293
153.95796
96.54788
50.158897
53.81078
159.81314
71.157814
157.4538
135.92067
93.270294
124.00927
71.81009
79.15341
80.14046
49.94622
59.940083
16.725069
27.020044
50.78263
97.30953
89.99659
129.41011
64.63334
59.211548
47.21144
128.11679
54.835316
28.29038
130.01027
71.02889
60.453304
173.4029
142.51813
59.06769
54.593773
79.470634
150.12714
39.366898
55.09274
48.50879
58.268627
72.17479
41.919052
49.22646
53.225674
86.31416
36.934223
71.046776
65.4093
82.9996
40.249245
79.9313
77.13957
37.487625
53.651344
97.46715
78.19528
50.124542
95.33044
50.704796
36.277496
32.449493
88.733284
37.631714
37.858097
56.097115
75.633575
87.07777
59.277054
55.477993
117.90971
223.37172
196.55441
193.20026
137.55084
88.79199
76.44293
74.19333
60.18358
140.093
101.50346
33.339027
80.43635
61.27269
67.760025
69.365875
37.36257
50.628136
70.94224
31.756323
140.67789
75.93991
21.171019
51.26409
82.09263
78.31115
99.428406
47.411015
38.372696
53.35387
108.98399
56.193478
97.27327
54.235306
104.494354
21.471601
113.54836
52.19591
20.875734
15.541512
108.574036
70.85
16.30413
70.53047
74.12416
81.66952
97.61691
40.894592
24.306711
48.469967
57.366596
55.349834
54.464123
64.694565
121.21231
52.745804
70.23742
80.7493
68.599915
50.72171
71.77033
182.23602
33.293346
127.007256
123.32085
100.91103
79.36596
163.9304
92.871506
64.83852
126.56479
36.9172
106.673584
66.344925
59.704323
49.11173
110.20413
67.36101
23.672983
80.696075
22.686518
104.6295
63.48432
37.84577
112.62662
108.147285
40.32057
135.70396
105.283646
66.48966
114.67469
92.27236
66.908295
118.6448
90.724045
16.053928
64.94623
79.03301
60.49793
52.2933
60.62516
108.04441
58.346733
40.937828
58.253
45.631195
151.77573
59.35017
106.38847
96.75876
55.359623
100.88983
93.93196
57.188034
110.12602
69.44426
37.253143
26.74454
69.679695
115.48325
61.62211
85.76042
42.641045
82.43992
83.58405
36.10903
109.02444
94.43468
57.129818
82.05128
43.230644
74.4923
69.617
85.576096
19.5377
96.64082
128.71144
78.158875
91.49127
26.156528
65.719505
83.56313
44.580936
57.72419
52.117443
45.84603
144.75458
79.090225
50.214672
106.84773
151.34381
119.32056
218.79295
24.36786
93.37827
96.73445
93.21408
18.86636
111.82602
122.58492
73.26861
114.68858
101.18437
116.29412
119.82432
170.09857
83.974846
78.158356
90.148125
51.434864
64.27428
68.1004
128.90231
86.31601
72.07571
87.557396
78.53956
98.274704
137.58696
110.705246
57.963017
67.94783
89.169304
63.11863
68.09009
52.347748
83.194954
69.64011
79.80795
83.66751
96.28264
39.663162
38.698658
125.34244
95.82653
45.14228
142.16502
210.11894
101.990685
69.85227
76.41217
76.975006
65.6249
57.82134
48.82244
45.947655
46.865955
70.03008
49.894974
82.50576
91.45204
73.3837
120.214905
103.604324
72.543846
112.09674
172.59465
64.0039
97.93101
92.04565
96.43733
65.84744
22.490427
66.652985
66.802
119.11219
63.946236
42.476776
49.154385
109.51696
57.356182
63.053783
48.121838
79.70507
69.6791
37.47234
42.40103
150.27495
61.24719
127.10405
93.301094
141.29903
130.481
142.07376
122.041466
95.31572
63.138657
76.257675
59.00646
135.38585
138.0384
30.894445
41.298798
111.25744
68.025955
65.118576
69.48354
53.02131
100.75245
83.168884
81.42908
61.95147
66.973625
66.53276
87.04625
149.9366
57.70187
85.365974
68.55272
89.75207
39.904743
73.78946
110.984726
24.107262
106.56204
25.649372
131.55153
76.2555
44.66016
44.020817
135.81815
69.294525
101.00774
137.47023
76.383484
74.214806
131.82634
78.78465
35.894547
154.1548
128.82416
145.04852
123.11461
88.21245
185.97539
95.35066
40.326237
44.920288
164.72867
147.18669
173.37949
154.93149
87.091194
179.90569
165.44766
127.636444
100.32446
146.78964
156.66722
59.08819
48.129066
54.454
74.209206
50.429764
93.08418
43.735485
82.507706
20.746607
97.82034
85.32572
79.05269
49.127235
111.394
44.24395
130.02904
6.81831
59.180508
41.98943
76.52913
32.96739
56.429337
10.13471
93.16138
92.54666
87.54186
81.735695
48.402855
85.7848
58.862144
102.10837
112.05872
100.82792
74.02997
59.156685
41.02527
19.861065
40.329636
79.75232
74.6658
68.07705
14.949738
31.712646
49.34479
124.97838
57.15873
89.07694
92.54439
68.6156
18.518993
56.803543
80.87048
92.01143
101.32501
27.9624
83.230576
24.26224
68.70795
123.24168
75.628746
53.120663
109.5076
145.7749
50.280773
81.667404
118.23251
112.98315
117.42973
62.74578
80.25974
42.833286
48.98366
113.53324
108.070526
48.715084
57.91658
59.492775
87.959015
77.28679
75.04729
176.84137
136.61485
49.874847
37.788963
20.742449
62.43087
71.07806
118.05982
56.490517
74.12621
48.635372
75.81247
74.66013
64.817696
46.29273
73.57944
149.1516
56.283768
51.227177
136.2633
30.306738
79.17052
100.62242
20.23716
72.07657
77.60947
14.227047
47.312077
29.959717
65.0934
112.050125
98.12775
29.298195
205.22896
183.2904
116.0921
43.442795
48.878788
54.02677
65.7118
61.362183
86.716866
36.75747
93.43704
106.51569
63.879196
165.1029
62.58573
57.430267
116.6364
46.79352
86.295944
67.142426
147.58926
46.70498
38.84923
62.50487
46.993866
28.261013
74.004425
64.00955
116.43204
84.91348
117.24582
57.370014
72.7517
72.430954
107.01088
47.463383
80.3081
50.158775
65.31893
173.90176
100.38123
223.58383
67.85385
110.6509
32.82559
55.09502
88.75121
59.240143
70.782295
83.789795
155.63109
98.3314
62.42788
70.155914
162.37373
129.90826
98.17724
109.738815
58.170635
69.42312
71.1313
66.42005
69.263084
141.05826
32.32194
107.54908
47.743534
62.616627
77.98819
68.79343
31.866365
124.32837
69.300095
69.647514
54.250206
74.096695
114.642685
83.03233
47.67043
109.7779
175.73418
140.0368
27.974478
41.54667
118.95327
54.528027
103.25446
147.00682
107.3051
89.20525
102.55787
99.65079
60.680386
133.08539
140.48857
169.8054
161.90515
215.11484
113.62384
183.90948
39.710854
146.37585
171.62311
74.232735
127.46789
79.331055
58.983856
48.707306
79.67585
83.338
88.78274
154.61891
92.71701
70.00122
51.283463
167.16641
52.200806
123.7472
99.53296
128.20015
88.08865
89.77334
72.095
127.276276
130.50954
125.037285
61.31521
49.261524
226.28104
153.77643
87.354706
155.1518
152.5818
84.91538
31.36683
53.108116
66.13504
42.51571
60.045284
150.97964
106.0716
106.71347
132.44585
70.389725
118.985374
116.116425
100.27943
66.64496
79.06968
16.33028
52.665966
44.08337
34.219707
63.700336
84.58863
107.204094
63.898922
58.368473
116.1643
2.8386066
61.42727
55.284946
66.09355
58.43755
64.55333
41.543346
95.11607
82.70868
75.81851
132.5964
73.49349
55.778378
57.83449
81.137405
66.05326
191.53558
86.43451
55.288822
47.847042
70.01373
103.51485
85.02678
114.738075
28.108496
91.37534
133.34285
75.83582
104.460655
117.65935
110.14268
75.38443
73.969124
152.22365
64.59758
237.66211
62.411972
79.081436
55.305523
27.88325
135.09193
125.79124
182.82074
111.413895
162.08728
78.91696
93.17338
60.809696
89.47924
85.43375
84.89917
33.95378
72.09876
99.398674
92.96646
72.35276
32.73964
52.26817
110.84135
36.15934
32.4719
82.463936
51.87838
124.86649
73.7724
107.337715
45.301514
78.5498
113.8342
56.652954
117.11886
113.67673
47.774593
71.76418
98.74903
54.206608
55.485764
56.950626
68.12886
60.773525
105.038994
33.550533
118.634
58.100574
35.78654
100.610344
87.380516
101.85565
115.33851
65.87724
75.59316
55.637516
79.08898
67.451546
104.5729
92.746826
69.014595
114.344444
79.1606
118.14269
74.27259
97.87692
72.45029
46.00911
79.81652
25.44449
98.376114
41.822617
84.68779
80.8408
84.03408
30.003855
63.115746
81.1111
106.625244
128.87721
117.6709
60.689285
55.238598
53.829636
29.54865
65.35443
103.06532
41.51
110.73354
49.759995
54.605812
115.499084
35.342995
38.503597
146.40448
107.69378
154.8128
90.933525
40.631668
34.912357
96.58984
124.3915
52.656654
78.93235
57.65114
3.347387
43.59023
75.159454
59.100815
70.05534
46.170555
78.6317
66.07413
52.38319
107.84737
96.14789
89.830765
50.206924
95.7941
68.76897
20.854319
102.63321
138.85204
50.632137
64.1976
99.97852
119.57489
43.431854
34.93264
121.46467
127.84045
98.39146
119.076485
46.186176
75.161804
104.11334
74.67267
123.29665
43.900707
95.0145
52.172832
103.41078
69.5743
141.28467
77.87329
83.28407
126.61927
25.856323
40.033432
55.538925
63.033737
101.46267
85.19919
52.183624
40.405663
83.68938
88.84502
134.39029
82.56226
64.4663
45.182896
93.116
105.90452
6.180872
111.64853
46.788353
61.605244
75.28526
96.330284
91.610504
80.99223
123.83656
61.035294
88.65518
52.58723
84.449684
88.600586
121.550095
61.772804
78.53471
80.486534
78.64838
31.688627
51.143585
107.24201
97.23224
34.43867
110.94531
102.9701
95.72894
102.794525
105.29908
78.177185
70.619446
20.296776
84.82719
55.61431
97.722626
84.16449
79.7911
58.95471
56.619156
96.76833
46.592518
21.605263
87.842766
92.08072
79.383095
64.9304
34.520603
104.435486
21.193008
101.101555
83.676056
6.7163005
38.99371
71.359856
138.68039
85.997284
135.19565
70.114044
39.220055
60.364586
101.993965
31.024324
97.51656
138.00584
46.3203
43.52021
71.21874
100.94206
58.890438
115.9037
73.57088
176.81671
65.79807
132.03008
71.57929
115.91723
78.60032
27.174036
109.068
150.29399
57.22648
89.99138
121.043045
179.35359
159.12476
71.5439
86.95863
42.769623
26.200195
38.930084
87.046036
95.46156
50.08468
36.09649
85.223015
109.283226
75.28522
32.21838
33.689255
75.985344
137.98938
62.425972
36.994747
206.70265
72.7322
65.26881
76.921
45.48167
143.46225
60.408783
228.18732
63.90817
85.87851
83.65809
34.61319
80.937035
102.953995
74.15017
101.12499
83.74303
99.2689
99.70209
153.27998
49.669403
63.27161
75.15027
113.63317
72.83621
56.81522
76.06842
50.521053
63.888847
98.60789
131.33958
42.669655
48.533443
82.39861
104.872765
56.685
49.47072
88.45355
59.19496
121.178734
112.70317
42.009342
84.44591
60.501076
50.557987
98.16095
105.95339
76.740776
78.09646
88.03652
72.094765
30.006899
72.444534
109.56065
92.58193
31.779835
82.31845
46.96143
72.149376
51.819286
42.1605
67.06846
28.713842
35.134037
197.84007
114.13526
34.73195
47.712513
73.305725
87.77688
61.077343
40.192986
61.23838
13.817245
76.82475
51.78325
111.1809
100.01931
125.97226
58.765614
27.743164
59.70224
106.31229
71.3741
52.783714
94.50907
40.21349
34.69952
71.559715
133.43408
87.31143
94.14048
101.0684
81.519394
103.99
111.79688
93.27473
59.02122
61.49499
44.33786
36.835075
49.974876
59.40641
110.169655
66.864296
119.09784
41.236534
52.513935
76.68389
50.724545
65.01422
145.43768
90.75244
58.830257
39.382034
102.02863
33.131493
73.27097
121.76
54.279903
63.330822
83.44514
49.466705
69.95418
83.53904
75.85635
47.746395
132.56772
78.62714
74.31814
125.65182
117.05377
87.608215
80.86913
79.80193
109.95913
69.76566
64.80346
73.759094
117.53647
142.068
87.779465
74.51557
61.366333
79.76126
38.920143
143.28336
39.433895
107.60418
46.720814
12.233445
85.39962
44.297375
30.696089
128.46376
84.33308
91.77852
125.861725
89.65155
54.85125
33.103195
99.39356
69.808266
56.084915
132.70737
80.48164
110.80402
82.99648
80.20081
60.968876
77.99738
81.07949
90.0314
34.623436
56.55462
50.7077
83.3013
48.17845
107.74001
53.48601
45.660873
51.902115
75.31431
46.97822
68.44834
100.09166
124.41368
62.719784
84.61164
84.25349
59.888153
121.24103
23.326265
91.27389
105.13865
112.24176
92.7837
40.105762
54.021297
15.285366
49.632614
87.2109
102.84834
92.65936
53.36056
39.607124
74.47301
92.942345
80.396545
51.202652
87.490295
71.70967
54.65806
169.18355
29.690557
74.63824
82.87475
76.46866
86.94956
93.38383
86.977806
37.398872
15.246052
96.570595
40.05905
84.27198
95.99847
90.39035
102.17396
52.063526
117.55313
140.93814
80.57994
75.982346
40.655354
73.246346
74.438156
72.742035
52.495377
77.121605
37.76502
76.663315
85.47151
64.56516
71.449875
124.4389
18.26595
141.78021
15.800251
33.859512
91.491455
54.924816
66.21475
84.091835
51.502243
69.95959
103.18824
46.66187
126.035324
82.24309
67.73676
58.39954
18.254152
61.679287
37.784374
72.353294
111.928444
46.424294
4.1688924
53.279972
54.94329
97.67198
103.79399
142.17844
22.667858
9.115073
5.453329
71.36658
90.290016
125.8143
99.11204
69.99116
53.32446
68.085075
48.90899
62.608925
68.98312
102.274025
97.83482
41.815956
150.1118
95.64707
44.04588
113.455
35.776005
32.58716
44.433704
105.299416
61.50181
81.36985
106.61768
18.183657
23.337685
73.85799
92.13754
70.59207
50.392418
58.717606
158.37862
186.5484
52.545265
88.90896
96.638145
74.483315
162.23062
46.722706
105.636185
127.744484
27.843023
84.882614
38.455402
51.444283
29.352507
80.98936
71.79796
66.86046
111.503586
66.29454
62.63666
47.7549
33.7369
93.36094
64.91772
112.172646
73.27367
37.35993
163.03447
56.50937
191.32198
70.3458
82.81229
116.58409
159.44757
106.79049
52.16657
50.118828
104.38125
32.756924
95.66585
39.39955
62.807316
98.77997
116.298645
139.62167
97.763664
183.10828
32.370255
76.69592
106.46317
83.18964
68.943535
52.48077
78.76622
50.53605
128.51775
120.9713
21.402325
46.32463
73.69124
41.346893
75.28453
50.761375
52.332466
71.57915
91.252686
65.31824
35.23043
108.37524
62.31953
40.098873
52.88255
48.78558
38.714478
70.300095
100.51402
55.426956
79.95834
61.538185
9.025269
122.42686
34.038322
103.4716
87.396
25.517645
43.296303
67.17169
56.602726
101.950096
95.460945
54.057636
89.19403
66.3711
87.18314
83.073235
133.36566
69.45502
83.69971
26.369118
89.12119
84.93551
97.75111
59.897514
16.943768
94.75917
78.66145
80.24745
20.404419
129.81151
17.74025
32.534473
58.63232
133.61221
100.436005
125.2275
168.12547
97.872734
76.142265
109.414825
80.3658
48.92276
26.439323
185.65016
108.66142
170.31772
47.593216
36.596237
18.22896
95.61064
55.3174
75.32729
100.90448
67.07785
91.826195
60.65219
72.99007
129.15245
59.080013
63.51657
61.476322
49.1329
100.73985
63.535534
38.996403
83.13393
28.174158
102.49752
98.640205
41.133114
52.313652
106.08036
70.05974
68.99822
106.6641
55.81907
19.241175
59.944023
102.2543
45.485737
86.465744
23.034199
80.40363
91.7153
79.231804
43.041557
37.45017
87.11235
96.59852
25.331911
66.06515
43.218033
89.55242
35.06523
120.928085
114.059326
62.20339
66.62769
64.96103
144.87106
36.60213
66.576385
26.857927
68.925766
84.71906
95.53447
55.50293
49.180927
69.616875
83.72039
50.572952
32.770874
50.22297
116.82285
35.18274
41.4969
26.755268
66.63499
102.2928
66.74565
67.56124
53.28427
24.80948
74.935455
84.762634
69.747795
99.08625
54.092472
50.009956
49.654346
60.20952
106.84277
33.62268
49.923584
142.25273
98.54028
60.379116
50.029346
65.328445
109.61383
109.16838
50.85333
101.882416
52.135605
90.49261
147.85936
69.64628
147.23073
81.49416
58.047836
76.23336
52.44516
55.71317
83.918144
56.055992
39.552834
72.41273
62.561348
94.11186
57.490093
75.435326
119.56048
42.92531
79.80234
54.250942
76.1445
105.12291
84.42017
20.946047
98.76381
76.38398
58.04649
72.28436
102.412155
101.86756
50.885773
61.219498
61.521095
95.70413
71.726364
71.66558
60.95802
81.473785
68.38868
57.37845
182.29279
115.26424
63.276047
53.990635
76.73844
106.297676
44.997246
65.49472
35.66092
66.24169
88.184845
108.138115
90.62803
105.27359
84.327736
41.269806
74.998055
61.9835
71.79229
43.14795
105.55285
80.27557
88.93422
30.728888
37.321606
112.70328
71.41051
82.18538
55.999126
48.108665
77.25655
54.301456
82.47394
5.393761
68.53592
33.713375
19.501118
40.227528
69.28072
66.830734
63.758472
65.40014
93.934814
71.273735
51.586525
65.99204
42.44814
87.56887
62.082123
49.95885
67.69937
29.287683
101.07753
87.85825
118.36276
68.18681
95.273605
56.970387
152.66998
122.7623
85.67181
63.3196
48.80461
75.605316
83.63218
102.63432
74.48552
105.406784
44.739113
27.051416
42.09975
87.36901
57.83034
82.710976
119.78325
77.70314
27.782948
29.4528
37.19168
54.646
31.42442
88.57481
135.70343
46.84678
58.63262
86.97695
219.7833
12.876749
19.49716
86.95466
64.74988
104.64704
73.529434
77.26269
82.36869
83.61892
149.50502
48.237476
46.25861
26.461699
102.44724
44.630123
39.94633
74.32917
33.944218
116.21027
191.11023
147.4944
106.32553
174.87721
116.25832
42.34706
50.09101
30.865948
33.82144
113.403
56.62227
92.07004
51.35251
127.28896
50.52497
69.81242
107.34617
136.75989
87.830124
97.53606
108.141815
92.253586
50.2604
91.32648
26.835224
68.20828
143.69254
38.11018
78.4903
104.54085
62.51025
61.550613
84.91313
82.98845
33.61059
107.18707
96.44949
55.605885
82.24194
47.786133
126.37387
46.12572
49.23246
100.97392
124.57107
107.83345
28.542774
94.19862
60.338535
55.425026
65.70547
92.76072
77.0385
110.16541
110.580185
54.285225
69.44337
65.6842
55.0651
38.291885
63.211163
74.50788
19.05415
52.375767
112.47457
39.85888
104.907845
48.1555
24.436844
80.62624
54.49083
86.2412
56.72976
18.452148
66.31098
44.302998
131.23485
103.66529
90.433914
173.67494
141.64941
26.300764
102.9367
80.92122
43.364697
65.41142
35.559322
42.260864
95.75461
49.99902
76.01924
14.372309
32.92923
108.18405
97.12574
70.42894
41.912277
139.39499
77.67319
113.403435
38.34005
67.349106
88.132034
30.01069
101.83459
66.6042
47.075516
20.536106
101.23152
52.791264
51.354233
75.68668
94.65623
52.06893
88.86207
29.695122
114.884796
77.04215
73.45172
39.71279
54.902637
58.989925
63.099342
30.08707
78.71217
30.879543
80.62372
52.963184
28.74986
33.11638
139.22787
69.743904
91.063995
67.54856
73.27561
57.49161
82.70338
95.872635
99.45543
47.92079
96.17337
64.35899
41.896664
128.25162
101.63882
97.65909
77.97647
114.44167
76.176895
116.11143
92.229004
63.965523
77.99539
90.220535
75.10461
47.038483
61.206596
125.44982
39.584583
58.677338
96.64489
79.09327
84.680466
123.290695
200.3598
142.60185
44.5896
17.252356
44.197987
52.102177
92.62993
31.483364
63.38954
113.60488
43.02842
57.153847
67.441765
71.75835
11.609376
136.72752
80.81472
126.80831
61.42629
64.93437
73.111244
94.922195
62.20538
162.64798
98.689835
21.437698
78.73233
20.1078
75.75991
51.083008
89.69586
34.542572
64.13617
88.10093
93.81889
148.60155
93.61474
83.226845
158.36745
41.093456
43.21299
89.57121
54.955517
38.85321
62.582294
55.47291
106.093285
155.30151
113.1042
152.16476
65.673515
110.57717
87.546745
78.837814
109.43771
30.969028
42.431175
42.62062
58.110985
102.89502
50.913574
127.1127
37.51141
89.7509
61.91003
81.548904
41.188335
46.06904
112.99027
62.35964
60.453293
120.39297
120.26877
62.71878
77.86343
171.37737
86.442795
67.025085
122.04878
50.265427
12.785625
75.89165
112.266914
107.30388
79.98364
36.30119
65.0714
137.04437
34.17609
59.67578
9.926059
66.54254
36.69535
114.434944
52.02306
38.74757
86.84824
67.298065
62.444542
68.316605
48.67193
96.45053
96.49757
95.201866
75.50516
49.521008
73.95726
64.04934
15.671513
57.581635
39.33982
53.564255
67.00742
117.86558
102.2678
61.64241
34.670506
32.80409
148.89958
116.466965
68.581795
64.12222
166.92015
111.72182
57.04999
57.352707
91.71546
68.714264
192.26242
70.72292
69.99153
35.662052
110.87814
43.082462
53.300205
40.755714
34.567757
18.204723
64.8654
110.53533
75.57683
75.048195
63.79702
51.88744
218.12984
182.8724
56.04571
102.708206
108.77857
83.60778
81.41809
48.88298
24.60518
25.896143
118.15171
56.686188
54.63724
85.4516
67.72519
99.831924
66.388275
47.83786
59.670876
54.188553
44.30643
70.92755
90.75111
63.37948
87.998665
44.82473
66.71517
82.85739
52.113747
117.80901
33.962696
66.703964
35.311028
60.64676
84.42683
44.203197
95.08841
68.085175
99.68521
16.45527
81.52981
46.635998
69.31996
22.522018
111.990265
74.09452
65.104
148.53224
82.963936
47.932972
61.554497
128.47427
83.088936
105.74898
85.48595
50.226612
64.79217
80.850685
90.9013
41.464027
54.8862
82.42152
106.53306
39.383186
82.74534
71.89075
71.76645
37.146767
133.6013
38.08
89.7409
22.89494
10.447025
114.50649
23.96352
35.898224
43.773277
127.026054
123.25907
80.321014
80.91243
63.464264
27.883608
76.53815
152.90572
150.29836
74.47262
82.93254
68.89321
44.884804
77.50307
56.74613
110.675095
55.11506
68.48107
56.250736
82.09383
66.4177
80.54937
40.725647
50.949783
110.99416
27.752235
49.692677
110.16702
61.902138
62.3665
52.137836
61.940994
107.79903
100.36694
146.72961
93.62128
58.29708
56.568478
101.87239
86.86144
63.52687
100.44323
83.40146
125.851074
77.39052
19.183937
79.85087
79.31861
68.33525
92.77878
45.258068
52.917397
94.20244
107.41746
30.447319
50.481617
113.53823
57.47362
42.62592
70.930664
48.782837
20.36133
58.36616
50.225468
92.97266
46.334682
70.7569
122.48349
96.34584
132.14235
25.337479
82.12562
63.073643
90.20685
70.64143
109.11661
63.80823
86.68597
69.153
124.78574
81.50091
55.4556
105.23665
74.57629
154.5086
119.13277
190.8187
86.761856
85.544304
48.370583
28.175888
61.639523
39.256046
64.99208
6.5303125
65.67266
111.91379
51.06126
65.774635
156.11673
117.07588
77.91731
45.504444
42.41064
73.78991
63.20874
45.929478
89.246346
53.013897
72.36275
122.39324
68.985725
95.3793
70.83103
58.397797
150.2775
89.086334
50.656376
79.36186
59.942123
38.76224
99.04256
104.93683
143.9193
73.62309
111.46229
43.101738
89.74295
78.41742
127.00284
69.0812
85.0615
68.41243
74.51185
51.128483
68.860825
88.435165
30.970146
77.98985
130.95491
176.733
17.847773
44.12261
21.480646
184.51376
73.05388
38.186
90.28764
86.87891
110.8344
116.5838
78.337906
128.88503
51.45842
45.03181
77.51929
79.73831
94.13505
73.81252
117.95347
48.38757
81.745155
87.56687
91.77058
64.07546
59.464546
78.91091
73.87088
126.964424
88.98899
52.38946
60.612343
18.775331
32.647762
64.823746
54.785275
58.43031
106.34854
183.37502
65.5137
58.413193
59.998974
91.41594
104.12049
62.114193
43.809845
113.257965
85.15417
143.69199
30.119532
20.991417
81.32996
34.590145
96.6604
54.203594
36.923004
40.45487
79.36643
152.42186
74.33622
27.072678
108.84366
55.136486
75.16399
70.36311
76.86574
115.72998
92.57766
42.81114
72.457634
33.47439
46.221138
8.481992
66.31605
110.814705
105.63876
20.608982
49.76419
32.27814
85.16898
74.51462
87.46198
39.818592
71.70621
106.42085
43.139305
42.918575
47.2143
46.464912
60.829727
34.88562
106.81075
59.05519
94.697464
54.520294
59.465034
84.04834
86.709915
95.88338
119.55412
129.10889
73.492165
138.78401
54.566647
97.08748
110.41295
61.98602
55.69594
73.71537
58.460583
42.540718
13.5900135
67.024475
58.207275
58.36521
134.83455
127.88075
168.51213
107.46475
153.5957
108.999466
100.85297
63.70768
74.707436
96.48758
46.47804
91.93381
94.98144
102.778984
83.69228
44.02742
156.49092
54.051937
106.94528
27.412281
139.72542
47.431637
71.33249
68.93557
135.75827
103.071
79.4878
69.00805
48.860226
52.032406
88.765236
84.29329
61.516357
65.99888
109.37485
119.964714
108.26911
108.55229
53.573105
56.47578
48.056427
52.851425
85.13811
60.332943
96.79293
119.30225
61.213238
70.19004
117.036575
85.63915
50.01207
21.834423
82.41846
34.96347
73.3129
67.352684
79.23281
64.174164
57.00511
87.68289
45.85665
68.495476
71.791916
21.571253
39.652843
86.95784
98.251884
40.136444
48.528072
132.38988
102.06174
63.892773
142.90509
71.47971
39.91059
55.59152
106.072235
51.693893
76.62583
46.52192
100.36457
45.131508
50.33628
62.24584
58.923237
52.826195
70.17079
72.14309
114.9542
47.543888
95.80406
95.4158
59.33559
144.67604
79.13853
27.449821
67.75596
142.09583
45.592087
66.05386
50.897404
104.91026
86.441444
57.889214
61.645077
76.5452
132.5917
48.317276
85.1157
141.26268
108.64724
78.091644
86.12979
115.95322
68.91859
76.94914
86.22346
97.6896
46.802948
70.61875
32.71855
27.922127
79.82894
108.940315
207.09647
64.35097
104.936005
82.15834
62.85105
24.592915
87.7656
105.88386
73.0898
69.96866
6.715243
51.169888
30.745222
41.291428
13.580728
141.40663
86.68081
73.41989
197.062
153.2388
50.11893
33.288673
62.296898
60.91616
65.17884
147.21884
164.69649
61.336594
37.331844
73.41728
16.761911
122.24545
26.77431
30.668312
70.898796
39.065166
17.38275
44.810284
98.13437
83.61575
93.83645
8.831949
74.62782
55.87509
52.34771
45.138447
42.380127
142.97058
141.35371
2.0300004
33.739853
45.086857
81.23379
84.25406
33.288666
136.48996
130.98799
93.597374
113.39965
101.785736
110.73653
150.1751
107.00571
35.212746
40.772194
76.56192
18.601664
114.042946
78.63891
41.627884
45.022205
101.11348
23.926714
65.47346
61.36019
69.22224
121.73332
64.866135
54.05132
170.29652
83.616844
115.41295
65.714355
63.52602
65.06865
28.214695
49.399906
105.2114
159.76833
85.90518
50.850388
23.09578
98.58242
65.22014
112.994446
76.22366
109.37056
95.2144
64.85904
117.54859
58.33585
98.609695
84.171295
62.483532
67.60982
86.10332
62.641624
52.051773
78.8502
14.523465
1.2400976
75.521904
41.378258
48.234062
46.555664
17.349977
79.354744
55.69441
59.990128
53.139843
60.42638
36.545357
86.76385
45.814774
62.92168
110.483376
66.0901
92.966125
33.43263
102.256935
64.80158
94.21656
35.165512
126.01131
24.616447
61.9912
181.20406
72.51971
35.893974
37.8647
62.169746
49.368332
40.777153
90.678314
88.04903
72.80545
81.673065
53.017178
24.373877
45.344948
37.492508
53.10807
47.0628
64.14683
119.95819
112.248314
40.721123
49.900234
82.04615
27.09932
105.35389
60.00017
21.952133
105.660225
79.20184
49.16956
68.42267
49.076855
108.627304
97.747795
87.17457
111.52825
53.788143
51.02044
76.67768
45.455788
94.27134
35.278397
5.69603
51.901352
46.033207
50.15592
63.279633
52.03287
35.576374
70.52253
65.02916
80.89167
119.12274
116.5702
125.12211
45.43579
63.613304
102.15481
40.571533
38.879658
49.70006
30.304932
77.69755
50.745766
82.41236
72.555984
87.80145
93.60365
46.024803
95.13437
53.178177
58.029644
65.55942
72.13486
131.28687
66.84187
51.68275
80.21234
49.650826
68.57456
57.855976
132.65944
37.2762
66.52262
112.81062
73.608215
93.24807
79.96916
153.57545
81.3539
115.338005
127.370605
105.67704
34.545403
118.52795
88.833405
144.76498
86.1887
122.924706
56.22063
113.87562
72.84228
51.90129
107.59654
181.13129
155.38141
127.51842
66.882034
92.10466
70.01268
123.88676
90.497894
50.05069
103.822014
77.919914
87.003265
96.75659
78.119064
84.62419
69.31043
51.49622
127.5471
12.8479
48.506134
70.44911
72.33935
23.778627
48.718918
42.93288
86.08147
59.706173
97.46098
73.45969
89.11307
63.160385
91.80027
109.57961
48.391613
94.130615
63.400528
78.03344
73.18945
37.90489
101.58969
77.86318
114.036995
108.43273
85.971924
141.72568
77.73063
65.55237
56.866013
24.622461
55.733692
28.496895
70.5836
11.875186
31.876747
62.448036
71.43676
62.328922
38.069958
67.927605
89.61619
55.325104
50.150116
68.0319
63.299877
76.61595
65.12431
51.996742
50.912685
78.320076
139.23735
114.04751
125.83088
34.98318
37.8714
42.369213
55.511673
113.976295
55.02452
39.37811
50.918
90.7447
15.626279
29.24206
29.558376
91.70323
70.54798
27.317158
56.91816
31.477789
61.19731
77.075836
121.052025
62.637436
58.665333
136.68233
68.50393
70.823616
92.37538
71.30161
64.08145
76.445435
64.28375
79.38069
17.750673
92.09393
175.96568
142.53336
34.58458
181.45024
50.40022
83.26551
97.03348
89.179276
67.69607
107.01614
33.9703
79.791565
111.91857
107.04147
56.362484
61.57403
59.778458
53.794113
37.564537
24.774817
92.90838
97.25248
35.447487
53.025238
100.50163
41.556007
47.71631
35.158096
20.765625
66.07089
53.45583
176.92152
45.127865
34.904366
132.01068
63.361134
89.33922
54.968536
53.716778
76.80346
94.04576
28.225079
65.409
78.74445
19.93474
82.28374
38.052254
51.784775
30.40005
51.72011
41.052208
48.247807
71.7189
83.04499
33.76271
68.336296
114.077995
93.00737
92.653885
29.234463
66.00634
90.90572
102.040115
70.13931
42.15512
37.88811
158.48262
159.95538
78.57389
82.15043
53.925816
60.002247
76.61542
152.04634
151.7952
72.10422
125.0845
252.77791
78.69975
166.99413
101.59104
68.61042
55.11721
61.420616
54.346107
76.0065
95.47799
72.85713
48.27173
89.7029
54.472885
46.658836
76.211754
46.38062
36.336964
51.97002
50.06086
80.383934
111.26935
143.31317
66.12669
25.897533
30.601099
69.40886
26.705217
25.222708
67.84705
108.72988
59.704205
68.88319
81.17563
129.13988
118.49089
59.717808
51.450386
99.57593
100.59537
47.127144
120.80291
38.227596
41.75694
74.08635
131.67279
102.842705
184.47755
89.01625
70.84734
99.4306
66.31547
113.013596
209.39293
91.200775
91.060265
44.280605
122.47383
99.01565
158.44893
47.648926
91.42734
50.0011
22.70672
138.80038
25.011072
103.26944
86.42511
71.67764
33.988014
118.34517
58.650192
124.00174
95.72818
22.660944
125.39672
72.927444
100.05305
39.905293
104.1927
73.87472
65.52621
31.792505
55.771572
35.72902
90.83417
22.195839
112.007225
76.78821
35.29334
73.36464
95.39655
57.58847
78.96204
89.010086
68.362366
73.05069
129.80629
32.06781
56.796104
77.78408
51.793594
59.946655
14.524367
64.38474
49.262604
72.06025
186.6117
124.54664
121.56327
58.599415
21.349188
71.135185
107.28136
31.946968
105.96755
26.936974
18.558863
55.543983
39.95843
77.337
87.906815
103.06376
48.478954
63.041874
134.94283
93.3871
46.495586
134.72545
60.959923
101.31969
71.53173
138.4823
67.765816
69.65667
102.67606
39.973873
75.95256
84.68233
59.681446
73.236755
40.76805
129.99828
96.34677
65.50451
79.2653
102.183525
94.832245
51.129257
78.55259
64.02688
95.44595
57.480953
121.77445
62.448036
70.83383
48.26432
57.506393
52.45919
84.79042
95.192406
52.960243
30.934107
55.91852
78.502426
50.325924
87.33544
23.1952
55.3385
5.898889
53.02638
99.18843
28.096357
118.50815
70.09466
116.57039
38.1185
65.166374
87.19215
40.795475
50.50688
68.20643
59.424564
145.43248
71.69312
103.32074
69.90663
55.323452
129.79967
104.66499
31.840647
109.57473
34.839848
99.932655
19.046188
24.897207
42.270226
102.48971
78.29001
65.13925
78.63461
77.54272
140.70303
66.70115
111.083466
67.45115
51.58271
119.77929
44.195065
56.696568
81.968475
84.29539
85.552155
181.16183
58.30879
78.41424
52.64092
36.369923
83.84301
49.133743
82.22249
83.65903
72.963425
89.35578
53.300087
109.77514
41.052635
57.69003
90.746414
125.770905
98.03625
188.13129
22.768179
66.02097
94.40429
60.263096
113.33145
161.20782
57.70386
46.22422
48.824074
52.61913
43.349194
28.920862
42.59239
51.377613
48.471554
105.13868
75.02276
68.35426
86.76691
83.11552
72.40326
87.78473
107.99223
88.49762
27.028292
61.579514
109.89408
143.07933
112.40166
58.242313
83.03289
65.03581
123.17717
53.74161
95.71023
73.02761
60.848454
51.65243
37.828487
98.67577
35.04456
36.034348
101.17312
130.41147
129.18379
82.75317
76.723206
19.760208
81.414085
140.11731
96.1039
98.180664
134.80634
156.10239
61.32992
108.08289
84.86329
49.228165
58.897133
102.54805
74.29458
171.604
97.88756
57.07277
69.071434
102.89047
95.5605
57.916718
59.368584
50.66631
86.7215
80.87145
84.50756
93.76578
84.86886
138.34094
83.47704
73.81315
100.866005
79.50607
88.54743
145.20656
80.66374
163.3334
44.24484
57.922382
61.558487
109.35471
60.920044
117.490654
72.91364
50.835495
57.683403
114.01057
32.714664
33.84693
28.296118
82.01753
137.92747
56.983
72.71047
149.72891
51.137314
36.5595
79.97953
16.211977
48.914146
62.126434
61.014442
133.98277
91.15496
55.09706
67.463776
52.542236
75.00697
152.41983
63.007034
103.86931
62.07863
41.377636
95.902306
107.32041
90.38982
108.80377
62.16586
84.13355
80.59678
87.75386
94.60093
35.26334
88.22913
75.994934
112.55155
74.121254
80.95261
56.283363
70.43701
81.00551
105.3145
170.61223
109.151306
65.26543
46.93686
114.86402
27.930824
55.4491
64.61383
51.6071
78.46385
131.2062
51.391014
99.007286
124.473434
149.50214
44.935684
35.38146
55.939434
53.753796
78.433624
41.704327
128.93019
16.306303
16.724724
65.54129
62.619858
47.698856
88.86568
90.44169
62.96868
60.526764
90.3335
91.240295
53.503033
80.523224
31.960424
89.3781
129.62192
81.53546
17.544033
165.80057
54.254757
67.87251
112.5759
73.81952
102.84854
78.605774
18.942701
59.699116
59.614
92.48284
72.678215
70.59995
147.35245
85.298805
124.201035
95.247986
147.51581
64.68918
48.388393
79.9682
88.138245
77.53272
8.154659
40.816086
53.34696
173.25769
36.116043
24.406061
65.652245
68.365364
51.31118
44.308334
41.02926
62.767807
111.04154
26.597265
55.918304
72.51979
35.801735
58.691612
97.79914
50.887222
90.97228
22.242517
55.7755
75.552605
66.000084
52.845913
67.094345
75.53282
82.31058
108.49038
156.70375
78.80294
109.13217
150.65083
69.090034
48.197598
49.6874
70.13725
103.18526
52.72252
68.95527
105.12653
68.30855
129.19728
78.57006
70.32667
70.15903
69.32909
151.96268
192.92558
105.22263
20.193264
68.60957
80.08417
91.4049
111.34968
41.660904
75.494026
69.03984
53.236496
115.53551
167.13756
65.467865
79.656784
133.46857
69.83469
71.064674
37.84249
46.13612
112.291046
71.92074
52.513096
109.91648
64.74227
66.77969
114.52476
81.47296
125.417145
43.485664
120.73894
55.745407
31.68865
64.19083
90.87452
40.917374
45.47304
115.25716
72.532196
36.048515
77.44736
54.057213
48.022533
159.7269
67.05941
101.96231
59.85875
89.47997
102.94333
53.052746
54.527477
81.07864
38.367237
33.482582
57.939716
45.447002
181.84178
135.93332
49.67148
15.995349
83.969124
40.599155
93.18437
85.466896
75.42266
123.70118
72.228745
74.0875
17.883926
86.43133
58.3611
67.359825
92.803955
48.960854
75.87819
149.847
81.486946
80.129654
111.26917
80.47474
80.69204
58.935356
81.61299
83.351204
88.793594
50.77068
36.24806
55.705547
105.5533
119.06797
59.428486
44.554153
59.632824
99.853516
46.452827
70.64958
37.600155
42.937183
116.33572
32.203476
58.44983
71.388725
96.62576
85.50774
75.45318
66.52371
55.167313
65.28439
137.64247
98.20591
73.69574
160.2745
103.34957
62.372726
38.05867
137.54008
36.954903
115.31062
119.24584
63.571266
25.698664
39.701523
67.67612
87.74804
21.505943
48.366776
96.80273
76.7119
190.57309
102.276436
41.850357
43.340134
111.43367
135.91174
117.091034
133.96002
56.500824
38.24915
104.71724
117.44294
39.097218
72.63499
54.590714
99.843445
96.392845
92.12304
145.6616
52.39103
114.47729
73.36371
72.53035
98.85094
55.8785
156.54576
131.85504
85.44611
49.735428
109.388016
128.47675
58.470387
119.62764
68.483246
102.744095
94.07937
63.708862
105.8802
89.29164
65.14554
88.88207
114.14497
131.20653
112.02711
43.04984
46.294342
79.66009
73.37686
66.91662
93.732445
14.427847
93.622986
138.10483
25.341694
39.015324
123.54414
111.414276
65.292404
43.76379
118.75559
107.80923
44.171837
40.36369
141.81139
165.98273
157.76425
156.53465
78.48224
88.936745
72.978455
95.90419
45.1221
156.13225
84.108635
63.72163
61.004105
71.47383
72.91384
86.16274
65.96279
83.49594
51.60447
68.55205
60.86928
7.488952
43.853153
20.293062
102.12773
132.41635
160.56671
86.254875
43.64889
74.46138
42.64551
23.163141
39.594788
47.69753
106.12458
73.63113
101.762634
76.4344
37.53508
80.68009
79.65091
75.45828
92.83532
118.16176
115.298485
30.33989
100.55032
76.804924
108.50076
102.33109
143.02863
14.90499
110.846466
77.42859
91.16887
143.18182
56.11127
74.79034
88.72574
64.70432
88.02967
51.81745
175.97327
59.89017
68.77602
110.325584
96.329475
70.54312
162.90157
73.469025
168.17648
109.478096
80.38814
205.6587
153.21999
143.32323
108.496925
103.820175
133.88817
89.94764
125.680305
116.24658
179.02681
183.385
142.34744
161.0832
66.906784
56.079258
66.07985
30.506126
87.1542
29.137217
98.47457
19.093103
83.53314
51.570553
61.45937
48.186024
85.93943
36.062294
73.02684
116.36334
46.19927
78.745384
145.52577
136.96658
122.360695
62.236183
60.616714
44.078648
118.74122
63.953773
89.52126
105.35174
55.320297
33.831043
73.93149
92.37423
68.10062
42.433693
75.43552
81.33141
164.71387
132.2311
72.988045
90.1535
46.99745
17.55771
53.931263
63.331276
66.874954
107.85973
47.035244
92.47373
203.57443
96.24834
111.22488
71.76933
110.88609
60.535934
40.50281
149.38342
37.747234
77.60568
79.21961
55.49168
91.550385
31.155489
94.08665
75.08289
65.6021
47.537186
62.909492
53.023617
66.58244
32.433
74.99132
43.452145
84.80856
185.17482
135.33563
87.00293
70.111664
38.57248
85.76833
35.453873
80.749344
52.018135
82.22219
50.641636
62.669876
42.651745
97.602234
134.8451
5.296144
87.373825
76.27979
53.73035
95.58308
80.17037
61.545235
78.25499
150.12836
196.5196
123.41559
101.248985
54.687065
62.326786
67.84031
47.6963
115.50463
48.02936
67.88538
63.031914
128.3633
71.85724
84.36972
67.7398
57.238613
88.048485
52.879005
191.77963
28.435286
42.265507
41.156803
76.05965
96.963066
68.87784
77.47875
23.825806
62.82341
85.30369
71.152435
71.439545
68.90774
124.934326
155.40903
142.43158
63.672115
96.55322
77.544464
17.694887
26.328436
121.80203
67.357185
142.96086
116.28127
109.597664
137.62921
173.73206
65.64649
62.48102
64.3034
99.3055
121.246796
95.36866
89.67498
69.38897
118.146835
153.30484
107.58418
41.08486
97.667145
58.5462
98.39398
71.301254
106.6821
156.8347
69.94403
116.488106
178.19392
50.690216
123.159836
46.39164
66.120415
71.42302
70.64915
30.737932
7.1171455
49.282127
53.494118
57.163033
97.33956
70.9593
98.328445
90.31442
64.56466
75.67134
86.57575
115.27407
48.138153
140.2018
59.55303
18.738049
28.274694
57.37723
61.943325
91.92411
64.42938
41.983692
106.59308
131.59271
65.07187
147.01707
32.16667
51.68372
75.455414
40.21164
81.80315
16.073086
100.88532
37.222355
57.379917
51.65857
58.740517
39.37114
42.60702
163.5822
124.3605
40.473347
54.27612
100.33705
39.726295
99.67226
71.43851
63.06642
124.63519
67.52469
56.87755
118.74366
73.1836
96.6753
98.4972
158.35727
82.17348
93.90627
133.41153
51.254745
59.09808
51.01315
81.13277
200.95955
162.88522
49.293697
65.98616
65.352005
35.955338
122.24478
56.58829
91.42656
45.764874
85.769295
55.979294
121.43976
62.285873
39.344784
79.55276
90.255714
133.72812
30.304121
112.02338
38.96391
104.73379
95.65703
58.74224
157.76532
144.64667
36.212303
91.63572
48.61782
49.50799
71.02538
97.2501
56.56257
97.582695
155.53284
31.230701
62.272736
102.43348
115.40038
96.39016
79.66948
66.04639
170.79762
167.47763
66.32306
73.74138
34.606937
75.99113
33.177597
49.814137
42.202564
32.11751
108.20738
49.899536
56.6949
58.80382
48.38011
65.44731
50.027077
119.73375
21.75045
102.6375
81.989105
108.62511
85.87309
39.903645
44.103374
47.3807
69.33675
72.77453
52.07251
88.93373
45.526104
114.79135
70.82354
122.91522
86.60483
91.32718
57.067753
65.39789
76.08125
89.11551
69.13643
67.01663
56.74641
27.47953
67.86372
60.61042
102.5911
81.88281
70.843094
59.985195
18.554981
63.603134
82.49169
74.879906
82.86451
73.2344
110.785095
122.711136
52.225777
17.445215
92.48928
38.32682
91.09232
170.18953
118.42261
67.845
51.32855
79.32283
50.895187
93.1553
99.153366
78.22371
172.2624
85.800705
97.60853
73.37039
65.12769
48.77482
124.69199
45.416557
79.59566
52.37174
63.023502
106.9464
37.976604
57.15414
47.165592
93.17431
162.47511
59.726635
71.44762
79.51651
89.78149
86.436104
107.25439
143.42665
116.93372
59.461205
100.37716
75.49861
76.05766
91.81043
100.1348
63.639874
53.86712
55.20917
63.28047
17.47192
59.901665
66.9501
38.5036
76.7535
100.020775
72.652336
95.99553
46.556324
72.51749
51.329292
78.63785
86.73948
115.854324
179.10925
119.413704
51.48586
101.59497
38.23655
146.01819
104.2435
83.61021
107.22028
70.19353
95.51754
106.720695
77.977776
66.617775
107.68918
102.07606
89.83347
73.605705
69.95237
56.40269
50.70101
161.12393
115.91221
52.11834
33.80488
91.34688
62.113247
100.84838
111.78889
140.54327
31.099546
41.93464
34.21262
134.94188
77.65296
148.74493
71.581276
81.01651
110.70055
69.37067
99.58776
138.54237
65.640045
109.02999
83.544075
19.272137
80.68375
76.72769
91.51503
141.11838
145.95633
50.105457
108.96568
74.05797
51.027756
41.439766
58.7367
96.602234
99.48427
88.80502
56.563988
104.642136
83.22132
52.55113
36.862633
40.468674
109.62342
40.857224
35.76445
35.236053
31.84531
54.603832
37.682163
52.03499
91.92219
54.417816
172.16035
62.47938
81.42812
53.65859
67.89761
23.984776
58.98834
21.955313
89.56372
55.635273
55.943558
60.79422
35.77976
94.427025
189.52422
86.93116
101.726944
58.627655
63.86377
43.348827
138.9977
36.495625
126.17422
34.91713
58.95537
124.4988
80.22712
55.07926
113.04576
122.618546
68.6982
72.026794
82.88235
177.61125
170.62701
134.16714
228.9449
138.47781
131.3978
184.73445
98.3636
121.8872
115.757645
124.54307
131.3395
107.11395
63.069347
43.202652
101.57125
91.1752
84.50181
45.764336
84.74693
104.94034
70.30239
60.200928
102.74331
107.696106
68.59128
117.325264
30.501802
45.595634
48.37146
45.474075
61.9275
49.81316
33.630333
37.088852
89.518684
42.68888
74.15567
34.49667
48.795288
27.496841
76.968285
37.74685
82.241875
79.6861
51.919918
100.67009
50.871048
74.59492
58.297928
89.335556
37.962803
22.884441
95.53574
43.88203
93.753845
101.61481
50.073505
46.899796
129.92654
157.3038
34.89732
72.18704
163.54689
80.9415
60.77633
54.642967
69.740616
65.25382
75.37192
46.126427
48.986263
66.34505
107.0851
41.333786
128.00032
7.156806
87.4459
19.365036
33.00357
53.09361
45.467667
37.699615
31.547182
52.625122
114.37817
77.36994
48.456562
41.92133
130.11961
72.14546
111.263115
129.40794
44.543724
100.78926
90.62886
61.889717
89.751785
65.47541
66.800705
32.49833
30.72099
117.48933
149.1481
77.15747
136.60756
133.93675
71.86277
151.23885
86.03651
81.01851
70.95841
53.256535
56.285168
143.55757
105.81134
34.120365
103.91552
47.31218
75.673454
129.50409
80.0271
107.733246
68.164154
51.54897
55.861908
95.3668
71.002106
134.61934
68.96812
95.51131
46.01763
61.128128
52.06618
108.944016
140.11168
146.77072
95.542015
119.898926
41.093605
86.38296
194.3323
162.61974
27.97406
32.17991
104.29725
97.68453
51.276474
160.18668
139.58812
90.04816
62.702003
89.201065
20.579659
39.387142
82.08911
58.543655
52.49596
141.04309
108.164925
116.46846
15.336289
80.12416
78.15428
58.936733
45.07075
77.439606
121.79349
78.91108
113.36071
47.456524
84.316345
88.485344
35.29253
35.856388
67.35998
51.902687
64.44936
87.5525
161.83838
91.06629
132.62538
93.4858
77.99945
46.899704
31.837923
70.31599
95.88499
166.68524
69.503746
97.166794
118.11383
110.79586
209.97456
184.55826
66.28908
63.34316
105.75379
44.23397
45.220932
62.955723
46.788586
45.95067
96.951385
58.36582
36.922104
167.7294
96.04203
88.08105
78.520325
84.30091
66.73145
22.363306
80.52738
104.70708
85.66831
80.60115
102.58343
33.21083
52.236588
79.82542
81.53759
74.3059
74.46622
126.85334
105.08141
50.533546
45.969227
93.24324
17.1253
128.45363
56.974228
32.243626
110.753654
41.74567
103.07337
6.7126727
45.429237
35.5698
74.39347
70.34285
66.215706
64.52068
100.426125
67.87808
59.998043
128.56825
78.82049
84.14679
58.386894
67.542404
31.826677
113.88753
36.448746
89.39184
123.34745
79.15565
91.5587
52.201683
70.02332
39.255554
69.78725
63.649117
97.59668
85.33547
47.327625
95.96504
117.03769
19.407902
37.43589
57.344025
91.56591
102.59602
19.04923
58.304245
112.48884
97.215294
96.275314
97.358665
70.90931
112.5683
44.071503
64.63033
63.562588
62.09454
105.753975
76.26795
56.47079
95.57628
121.694756
53.208744
93.86378
16.60457
103.035545
45.078945
122.853966
80.45906
30.837286
77.12625
113.62643
103.860916
123.50701
66.22702
55.469673
59.56084
76.078186
137.49088
96.18481
66.595116
86.29639
81.82579
59.13046
63.97169
57.09002
62.33234
39.094913
95.29885
35.712723
158.60236
41.57382
95.060196
125.01338
91.734024
10.086842
33.239906
46.63365
62.232388
90.16602
102.180664
23.887497
33.172993
44.7723
15.80701
108.19915
131.51195
78.92641
35.969585
93.10957
32.49074
55.17379
92.9856
77.49165
92.854675
87.64443
65.633835
31.198391
55.898693
84.05513
109.78952
140.02072
41.124325
96.862404
85.22262
110.71575
71.02309
57.087837
80.02182
67.183426
96.998665
83.76352
125.044586
33.49772
94.06809
55.207455
70.89688
67.318474
43.163742
50.40662
182.21666
84.8756
85.84099
86.76545
118.91562
84.95682
100.020294
76.67454
83.60697
105.24533
38.066574
56.987694
92.129395
30.33376
77.52891
77.86219
67.63835
63.951916
75.91533
99.783905
165.01173
90.81753
65.23491
140.37325
76.4907
81.278206
80.137054
52.13561
107.91916
10.883618
77.80248
31.935759
9.2848625
95.94444
161.31023
48.402225
20.378939
102.87371
64.95015
124.59957
81.31781
44.993793
97.40338
80.118935
107.62848
243.09889
94.01546
107.97563
101.94654
171.24336
18.552797
123.118744
29.567661
139.0698
103.74281
59.581356
53.831345
40.559055
37.40171
51.642323
192.72186
151.00954
135.60675
53.107075
175.53973
69.21902
91.456436
63.285606
92.36394
62.725998
92.12114
94.5867
61.788136
138.95325
56.87852
47.78673
66.12484
28.752449
70.87533
38.590145
41.57103
74.12139
34.54622
105.25307
42.28559
75.75461
25.273977
97.58844
82.87034
83.21185
59.604477
58.767788
109.635475
58.196617
27.932915
63.142822
63.474957
86.224236
66.4392
133.00224
112.2434
67.56598
54.797417
95.16457
74.47325
73.637344
96.39386
81.22192
34.071297
101.467064
77.91503
41.65439
73.13713
102.581024
71.59956
57.232803
185.5508
32.137257
44.045708
55.1236
140.1003
87.762764
130.65303
158.65642
216.71524
80.46817
91.36893
64.422325
134.11992
87.48662
52.162006
69.449234
37.93543
47.129887
41.67829
152.10289
62.24418
43.699707
71.10044
48.590282
83.922295
90.817825
60.599712
51.38839
67.83769
106.39524
117.8677
42.148373
101.37583
144.77144
105.94888
59.754738
36.44333
88.78206
54.083534
38.984226
65.16348
87.48264
82.03569
32.044468
68.78244
79.049835
59.98676
102.80871
61.84058
127.38585
84.22746
78.69052
69.87972
43.246162
64.79836
125.29705
40.69872
111.03194
72.93222
94.91486
47.52066
76.57374
146.746
51.27727
26.775297
72.397255
196.1186
86.83109
103.91563
124.994896
28.7717
7.777117
136.46461
47.707764
62.51679
95.81851
57.589657
69.284485
31.661795
80.53632
75.50044
71.29003
97.578545
33.295013
59.158993
208.50558
34.36844
71.52683
78.099
36.598843
28.67547
41.189053
47.21981
51.003033
80.01767
135.96165
46.568447
67.99265
77.73452
176.72292
99.54585
107.567795
56.37938
43.066338
133.07623
43.911556
44.82356
23.878235
98.79482
38.677467
41.982677
100.15845
79.444534
117.26807
141.67053
65.63218
98.91461
61.2274
42.64064
141.19278
97.7975
195.69064
46.47082
49.581444
118.53705
156.38521
76.267914
115.56251
63.20961
91.84427
54.24398
61.400097
133.07222
61.13998
91.6768
91.96965
94.18029
110.92407
77.36328
124.87407
62.638405
69.107346
48.964813
65.96462
97.626595
54.064137
152.01802
148.65097
131.45578
110.59231
80.70645
130.01111
177.29814
77.916245
74.17196
46.814415
124.9034
66.13129
67.0744
79.84521
93.81605
116.71869
73.07018
82.74742
92.49994
53.519176
60.143486
66.60561
79.5988
74.52306
95.83199
130.19342
66.84982
110.58377
33.151493
79.624596
70.79447
90.661224
126.109055
106.82956
85.72678
50.024765
82.12277
134.0983
116.51689
56.95804
63.346207
133.4822
89.1107
102.81624
119.14537
76.60884
68.24422
93.03404
170.72568
34.81354
84.06885
80.15746
55.39687
45.78566
125.481735
45.60221
63.840923
31.41656
86.28677
75.77922
104.09122
77.365616
83.80618
76.25618
58.605865
52.90482
61.074234
59.763607
38.06225
64.45213
24.836407
66.83449
133.77205
49.179653
159.30426
95.07918
65.10394
59.406353
63.475502
77.34967
140.26926
100.146736
90.97614
147.38748
138.21774
73.09805
142.38176
109.43402
238.08057
99.33147
140.09604
71.40078
105.78255
78.17186
74.97539
67.646774
78.91057
106.79657
97.86462
39.736275
20.707766
102.68063
79.997406
21.368383
65.147736
77.97403
52.02068
36.11024
77.73218
37.70891
56.284714
43.464527
74.40877
63.89354
65.44689
78.79024
40.8747
57.052925
24.066067
44.028595
55.269554
133.80675
28.592388
74.11953
90.14668
106.39115
117.62293
81.28425
139.38892
73.98022
63.899345
35.38035
115.30365
85.35362
130.54973
77.38563
87.06257
88.06544
101.68272
64.54217
53.27565
116.87762
87.039
66.9525
81.367874
79.12041
87.413994
48.71861
50.34923
72.173454
72.559074
102.78542
57.7431
61.64321
120.526085
31.495398
133.04807
64.254875
22.042587
88.817604
43.88553
43.649536
82.963425
74.520294
111.291374
57.77152
99.88533
26.458857
44.90811
71.077515
63.945255
37.58172
83.0474
46.529102
67.17448
99.21719
123.2177
94.830925
61.738857
127.55105
54.67568
84.62491
73.33088
55.450207
91.99739
44.656036
79.6452
82.09748
95.74956
106.86426
36.45294
49.854923
53.07709
90.81328
81.221054
120.07927
37.894463
57.259598
56.367966
114.08339
93.50644
49.852104
122.916725
77.86924
48.789547
60.566185
109.83603
53.522552
202.07283
116.103714
195.7147
84.07488
141.92886
103.093605
138.4476
74.85724
21.484032
53.466866
53.20687
76.68871
47.047535
67.54978
66.47849
88.95843
24.203938
43.85099
45.17065
111.12651
67.43862
40.4867
239.9996
69.11322
78.98942
45.14975
61.07099
64.95664
96.66784
52.841198
105.975494
20.69288
115.34036
68.83853
88.16466
62.541542
120.59487
60.62282
39.24576
36.605377
23.468525
63.965553
61.24154
69.41616
67.34601
193.78214
20.655163
84.63228
38.161037
99.576065
41.738434
56.923817
44.49772
52.19505
44.272675
14.750053
31.660505
128.64983
56.85678
5.6400037
34.378677
66.04704
90.55822
87.31578
57.58568
58.271305
1.3655101
61.405605
115.941895
79.43331
32.87551
92.51451
46.64656
91.394646
76.96028
149.99559
139.03703
104.33357
47.369892
43.688663
99.13204
120.467926
73.94404
105.43861
77.872444
188.50278
34.48134
121.478615
17.1218
74.433
116.221565
83.55621
56.456974
138.288
19.373802
69.098755
33.0887
76.46965
180.75941
117.09713
90.50086
95.88155
87.38068
222.2689
91.09703
125.775215
143.03424
87.78808
65.95822
68.87498
116.15452
56.000687
139.00964
161.56718
165.42474
131.57602
103.2197
70.41355
67.963974
39.518097
149.095
96.38686
55.382328
35.491745
68.273674
102.74996
81.58272
91.3733
29.415493
39.418602
108.90596
51.420547
153.52342
41.733765
79.88925
112.04925
54.58465
14.126464
56.05551
101.52765
145.17433
68.759056
66.45081
81.10562
99.38251
87.34897
95.76008
135.58667
135.02365
108.314354
53.60013
56.577316
71.75737
128.63565
48.192852
86.209236
136.08989
41.33041
81.128296
96.14394
86.594055
102.55619
56.70186
55.09051
96.68018
90.954765
158.00734
108.135994
120.17319
217.06694
163.37187
104.94396
134.43408
115.43506
82.23968
52.882275
40.577305
67.04363
89.07252
109.65622
32.613476
95.46433
66.24024
105.11719
123.392265
91.82861
159.83636
48.36359
67.46945
117.32828
114.000916
57.935654
44.14045
68.139114
114.38
66.53489
47.232597
24.019028
68.88746
123.910515
72.84686
61.096275
159.88435
107.05921
37.243652
131.73152
46.509136
47.39626
100.22462
73.50922
43.374744
14.752948
107.98848
94.79457
79.197136
65.62638
75.226006
106.57348
135.4915
108.64393
77.95495
115.8556
64.03963
111.31448
56.066383
44.842636
117.82178
72.6702
138.06929
56.72007
89.873085
89.1024
88.58243
52.316517
73.00378
15.655176
35.1745
61.898247
80.39899
86.09637
88.36153
119.15392
56.286728
73.41374
112.65669
40.31505
52.157455
67.69863
63.982365
55.935707
73.208206
146.0819
60.854877
36.78208
40.331844
40.340588
36.385025
18.161749
34.854908
71.07495
99.67387
72.670715
82.15395
47.947098
113.98393
35.49058
68.37722
42.07188
92.00272
44.581337
64.885056
78.89931
113.01108
90.49634
115.75774
108.515045
73.04864
70.68074
25.918789
56.01085
173.46405
57.497227
92.28272
53.978012
78.06736
163.6972
55.159035
28.143425
82.23466
34.501785
83.622734
81.11136
37.569992
46.782963
65.542175
41.949364
54.947556
150.22536
76.65132
61.347374
50.362423
55.086372
41.700493
42.55614
81.83686
65.77493
89.238144
128.17326
124.250885
55.23967
116.41161
37.883472
53.160107
56.67201
37.308758
62.756725
34.857044
37.193817
62.845936
65.80167
39.815674
41.746674
206.56317
113.05784
136.89465
27.852818
80.54691
48.548866
116.17414
58.06578
92.604095
132.89113
59.299496
36.62365
77.16852
61.000877
82.87358
28.806787
170.3994
41.06538
73.41402
69.79676
76.21439
100.994705
34.033173
94.76001
54.34513
78.89025
49.618126
90.02426
21.839043
118.134514
85.62448
23.894188
31.49408
75.39129
102.986176
61.885117
51.308823
69.663666
41.162754
117.888054
118.94923
65.418076
44.24847
98.26116
45.234356
99.57076
89.380264
45.5713
71.34806
104.181435
163.5502
89.02777
74.59007
49.82895
58.976818
110.98336
63.56965
58.55646
104.41545
92.39919
89.14951
49.405537
35.735172
15.879374
76.41868
135.86974
57.64313
72.523285
34.069782
92.5935
108.15434
27.855303
78.84183
89.051476
63.417988
69.345184
51.58149
106.13145
66.87627
86.986435
96.40544
61.851982
98.36485
47.799473
72.58464
54.11727
97.57554
68.96827
78.30394
31.337883
89.67842
101.91866
62.32233
103.12
75.87956
49.75615
34.738365
85.487305
75.52254
132.37012
208.14224
65.62478
121.14348
18.945919
84.592834
105.64011
87.37385
54.248436
116.169014
81.73871
81.81198
89.71567
45.96622
48.436382
69.81824
74.46365
59.87772
59.39744
67.78463
97.824524
20.67418
103.84486
81.60656
169.27269
101.437164
125.70317
121.56396
47.72407
88.57823
83.191956
49.624393
94.463135
128.51617
82.72002
144.6623
97.54878
85.766594
27.563713
95.32187
11.515927
83.58711
40.56511
78.85393
72.20856
73.23362
121.1973
89.66855
65.21886
47.76312
84.99058
136.92265
82.20174
44.80917
26.346933
53.183083
103.6128
26.05774
90.70245
152.34279
108.213806
101.99638
44.458237
88.11634
81.1634
95.478874
133.35449
109.26438
36.94511
99.62832
148.80507
105.61543
45.607723
26.031538
71.770485
59.321323
32.281693
140.50703
35.560192
73.45339
52.918224
129.02481
56.368046
52.400024
61.69584
111.5283
121.32644
104.93938
93.957214
52.54953
111.37587
115.82336
60.035103
88.77019
61.807785
109.01993
147.83742
82.86657
102.200195
43.258877
48.432926
28.826033
61.209507
57.611225
32.534
47.324337
46.779015
89.55182
111.52875
49.305588
132.61243
42.315517
38.832436
139.87741
64.1357
103.34584
91.16039
107.18764
50.59371
69.854225
121.371826
85.59633
71.11412
123.27993
58.303448
72.710464
42.963253
127.752174
