296.3526
110.32067
74.72806
84.23349
81.433914
103.33314
137.7592
69.36794
86.9841
65.943924
105.85815
37.186485
35.366776
34.51511
39.130283
14.625854
84.31261
33.74386
16.981913
60.263615
37.253277
32.377544
55.536285
54.561867
18.670397
55.195698
52.10638
74.91998
80.6293
76.97523
63.491642
59.397633
72.37147
42.068127
55.741283
77.69563
73.22591
87.65182
67.71998
101.46644
83.713
26.209602
23.543581
24.52272
33.88578
27.798382
4.3968716
14.377444
34.90696
29.261269
12.945004
17.074202
34.292835
48.689823
35.534706
26.436079
25.645113
23.724285
41.127716
96.628235
52.044834
52.326794
34.84662
39.552563
26.802994
8.80649
36.871536
23.697536
22.087896
30.714521
16.08497
19.940014
17.035791
25.587341
15.866747
34.56404
47.90958
39.94524
34.612408
20.823454
25.310423
29.475967
56.557987
47.78054
15.068463
35.68394
11.722773
24.912714
8.799049
15.541013
29.319962
50.717003
53.239464
61.704586
31.449492
76.98462
72.79657
50.6257
25.276543
6.284383
18.663874
25.144514
31.481277
11.514773
49.896496
77.136635
22.581892
26.425056
44.341133
28.143545
31.174555
20.577436
11.294331
35.147354
66.14797
36.503014
30.925179
42.352127
23.314941
39.08093
10.445017
58.532387
15.995397
17.804337
19.017323
41.85772
42.326447
17.529373
12.538783
18.635994
15.423733
24.757776
47.092037
19.49359
27.572647
28.917185
26.815414
72.05137
10.997188
45.217384
75.05407
19.064104
45.066757
17.661736
39.50928
38.96553
50.03383
32.745155
19.49217
46.413223
23.5423
24.08121
54.085983
12.565194
25.509977
41.408554
22.310373
26.500399
57.502945
44.41471
49.89959
16.758415
68.127716
43.54473
22.72534
24.344866
19.098557
19.753477
44.753452
56.095104
52.48481
20.412033
23.727545
29.50131
42.232162
74.954155
28.25713
43.449005
29.171839
37.562706
16.289616
29.320135
21.519346
27.702969
20.270355
50.054455
26.289646
14.971048
13.191333
24.094946
25.458887
12.887896
35.8987
27.364674
24.045313
49.909046
49.915237
35.794533
37.734596
39.131657
80.68582
42.37486
34.675747
31.222115
32.018276
35.605858
30.59722
34.87623
33.22485
39.772305
15.74153
41.32544
38.387657
32.245167
23.113518
17.195799
28.855192
30.596495
45.6878
38.568092
31.572128
53.054146
62.24811
49.894596
19.703869
89.17256
19.572975
68.94186
35.253307
34.670013
37.87938
32.97131
21.059393
20.46681
36.33519
38.951508
44.950684
45.828545
60.121807
36.30643
37.17736
17.482983
41.80171
13.657352
38.1224
50.72784
45.261715
12.982801
20.548376
30.819242
32.00633
45.822575
63.42714
54.398632
26.286423
9.222657
24.992155
46.253365
55.27999
20.166412
44.16545
13.726126
27.727139
17.52443
23.434736
68.27324
55.530254
37.450768
45.855972
23.71198
11.48952
8.032706
24.510717
43.946312
26.725039
60.965073
20.850733
31.436478
21.446884
30.39358
17.352083
28.771284
16.327963
24.89653
10.467007
42.89625
12.346458
45.09044
54.139442
14.445497
6.377751
31.108614
26.808805
49.587486
22.916067
16.49146
22.704327
18.646849
46.10181
25.00917
19.001442
38.465076
21.346254
49.872055
28.22098
19.164127
29.94895
31.801542
23.447987
31.506655
36.65364
92.9796
25.537321
18.769573
11.562394
33.122135
56.886032
63.67913
16.998674
16.327732
27.827229
41.13461
46.015694
67.82525
72.313194
23.517641
21.493004
34.12021
20.112358
48.455902
19.262045
20.954538
16.088827
37.91707
20.69701
32.807247
32.675114
24.73786
6.220562
40.578453
49.054005
28.585405
30.673653
44.941795
21.90952
23.226154
61.398438
23.168999
23.178322
33.843143
20.333796
15.839827
56.361942
51.018856
30.451494
34.25749
20.902729
30.180283
19.085194
23.223923
18.620655
9.172387
16.499622
40.762554
28.458694
28.182507
33.606434
33.40283
18.925592
11.808846
25.911959
20.882025
21.434708
15.560966
28.752895
13.916045
15.450318
26.083633
25.967588
35.926273
25.314304
27.304337
10.744044
20.417439
30.538216
42.837082
19.490704
105.89956
44.404373
36.431576
73.4137
47.784107
25.266787
27.119978
27.151033
30.184797
23.538668
45.169098
35.19719
44.426704
31.387033
36.59138
55.04499
60.314335
44.614586
49.864937
92.40894
57.11991
57.25201
43.822227
59.09309
41.200226
79.99937
34.787815
116.504814
62.12232
49.220684
23.736145
29.247122
24.1271
22.1644
23.64203
22.58014
37.000187
31.413227
40.37168
41.611523
30.948906
41.295933
28.748117
20.024982
41.894337
16.447302
15.413042
13.706604
54.349545
42.42678
39.21569
16.76343
32.669426
32.031063
15.8489895
29.836077
14.504945
37.650883
54.18602
54.811733
32.84807
58.142643
49.320683
48.752636
30.783167
57.696815
51.299145
32.79209
51.369972
70.41675
56.000595
58.63839
24.709064
54.39858
27.74818
17.144405
28.101032
40.868813
44.495083
12.145969
22.732117
33.449078
21.861
28.41281
18.615873
40.214428
34.809887
58.220936
28.558472
29.565073
37.54048
15.388741
26.868965
14.539143
47.312233
42.33798
31.800575
20.564377
13.296593
14.332551
42.989765
19.043478
27.992908
31.751873
28.86437
29.737297
33.74866
34.183388
49.428295
71.14833
96.27807
20.266773
56.954838
29.584368
21.573826
20.723587
60.51537
36.15502
44.962315
41.95441
54.877632
56.072975
23.486797
31.672731
59.26501
68.41887
43.04896
58.30928
41.455368
12.795828
32.88733
19.48056
37.254566
50.666523
50.167442
17.604904
16.24063
72.2939
29.071148
56.830475
34.40077
58.993885
53.335865
36.2784
20.48736
46.020996
21.027899
39.302162
45.60019
56.245262
42.247944
25.83236
53.286537
41.056076
37.329514
12.681474
22.505413
40.943775
9.099336
32.51718
46.29541
19.635859
21.876684
21.342966
47.800102
75.56443
65.69431
84.0612
58.783104
68.23216
41.433872
50.084824
65.82595
38.75567
63.084755
42.910023
57.75288
50.812878
72.236496
24.62629
30.20812
12.1829405
22.61798
28.096237
29.40393
31.537453
38.692482
40.59203
59.813976
17.909483
24.284931
29.815866
18.134455
28.835938
29.618786
14.417988
27.24253
62.49208
9.51655
32.223755
31.911055
28.406895
40.376564
38.560547
31.957342
22.41499
16.464432
25.586851
98.00631
64.86113
53.323742
41.605015
20.0855
14.82929
22.744646
15.181775
39.629093
18.462097
25.02094
30.088799
30.468445
30.66498
17.22058
18.196829
18.502993
13.056575
33.301434
52.00394
19.946434
20.433561
26.429756
23.448225
8.730336
37.5718
29.061295
50.317917
57.82019
50.70047
58.001938
48.443146
46.274017
39.650482
26.81255
20.451456
42.14403
29.700607
42.695244
24.274626
29.096935
20.359266
28.145174
19.672535
40.232
26.36132
7.4638734
17.170507
16.873623
30.764908
34.428307
27.882795
21.101429
18.275528
24.05259
27.41261
18.817953
26.56623
29.738087
19.444231
19.286152
17.357918
26.037159
28.000355
61.029285
38.71302
49.612568
43.68544
47.565296
56.852608
23.20956
18.351877
36.893787
18.859808
25.990368
37.241673
45.4508
16.238325
23.882969
38.50593
29.942406
63.515392
34.903946
29.920767
28.589043
7.468382
19.332697
23.391434
4.1987104
25.712679
6.743742
26.50301
21.400772
12.832655
14.809079
41.69897
39.86979
18.861998
15.029798
18.352636
16.553377
31.27443
35.252235
36.418053
34.545837
42.48403
27.156273
17.73168
24.598766
14.869428
29.032106
21.177275
28.55452
15.898092
43.534393
37.083725
14.549936
14.201313
24.108282
20.441534
23.027382
22.098
23.34478
25.384829
28.321657
7.376161
16.856142
25.037931
50.808964
21.026907
15.497934
46.436146
17.64694
19.49616
11.185321
19.239368
19.889128
29.191845
39.80076
19.084148
38.69597
28.890898
26.128328
17.33423
12.300087
19.57773
8.211669
13.063768
27.770447
19.024408
16.79099
6.439234
7.212868
20.986895
20.940056
73.280304
13.138052
19.983557
15.082946
20.906065
26.572319
35.10522
32.795074
31.46513
30.504175
23.515156
7.9401207
30.676464
21.284029
45.563873
11.686415
16.677465
29.573923
25.507618
19.373137
17.082094
15.245908
12.814021
13.736982
15.643267
33.18236
14.434866
49.41806
40.1522
23.455112
30.48762
32.043903
14.836604
11.516971
23.666655
28.394995
34.6873
27.746824
44.610626
22.761318
37.267887
59.824722
33.196056
42.2392
33.57861
28.071754
38.27578
30.170523
42.79424
33.957817
17.929506
61.607986
28.553753
28.717352
34.15917
8.393215
17.684725
3.7148383
23.718819
25.712866
10.2141285
25.854517
11.882467
8.563266
15.213053
19.679667
20.948084
10.77147
40.519638
40.549377
27.093122
30.152386
28.63784
17.532303
18.301756
41.864555
37.082294
35.994595
7.69831
34.622093
14.960385
32.263775
20.399973
69.57862
39.042084
15.71119
11.550676
18.924667
22.782043
25.16614
19.830269
14.01363
20.24743
30.002274
23.942999
16.863613
20.625435
17.030523
41.994205
19.713572
14.074557
22.30262
15.578512
7.962829
20.840609
9.784628
8.587178
23.248745
10.417027
18.514153
11.978956
25.59839
15.5863695
39.316174
29.840181
3.6956964
21.835754
22.311447
9.43596
11.917059
16.921087
2.2728324
18.847956
9.01894
32.710243
17.418016
30.086323
16.424034
15.137827
19.98936
31.660261
13.794163
10.528725
16.122993
23.844536
16.342052
27.503939
47.903442
36.730705
10.436903
45.211037
47.001957
24.271591
11.118087
22.91808
17.332314
22.439032
19.569153
22.73605
38.057133
9.901639
15.824698
12.119772
17.06154
17.371592
19.018064
5.5885534
18.707766
7.834461
36.80723
23.399658
17.072954
25.351814
35.257885
39.781357
32.328175
71.51303
33.760555
56.92885
10.014758
12.334665
14.640508
25.407043
22.679482
14.108246
27.148497
29.51892
27.167988
46.226513
27.682402
37.996326
17.441015
27.622307
27.897932
20.5992
39.146797
18.093596
20.861832
39.26393
13.653934
27.982372
17.329237
19.72101
18.69857
36.32824
44.92808
30.502846
28.046812
68.35129
41.879745
16.7434
29.568693
48.017628
35.106804
37.414215
16.697037
40.97829
34.72984
12.884173
13.129394
12.99133
42.6108
36.826088
27.659348
12.681964
26.330276
24.498672
23.757875
51.948246
20.105358
21.003677
55.628017
24.600348
15.776826
22.341652
54.95447
40.043987
19.215494
21.825891
25.554747
40.47717
23.479866
28.970545
40.88378
16.603935
18.345678
16.55495
20.309063
31.936207
35.088318
31.057566
32.33077
31.894506
54.846886
15.611892
20.580084
28.919409
38.967133
23.440674
18.00576
38.14178
19.048853
14.438711
12.0587
20.115616
39.335888
22.047192
32.193512
40.86056
24.242481
10.721685
47.074024
22.116179
30.95023
8.625101
13.364718
37.12035
18.846416
11.090942
8.367407
45.842587
23.446217
18.315624
16.510595
15.747533
51.28932
7.303408
15.971295
17.838343
14.283703
28.586615
21.37767
31.353775
14.660761
31.912527
10.466815
29.447556
17.750818
24.686895
11.116992
29.113098
17.922014
19.27778
18.347553
20.53092
6.892399
17.624615
9.05367
21.850147
15.513126
10.29219
14.756893
15.900656
12.656986
19.537224
24.645012
26.86125
43.84336
29.080158
4.509752
14.176416
17.970493
28.345232
16.150024
14.490575
11.650887
20.274975
17.663534
28.333214
29.526255
9.982863
25.442036
14.457531
8.90533
25.27949
16.589727
7.702949
14.743931
23.325935
13.761292
14.107419
25.302607
10.184334
11.211758
17.375963
13.402737
15.375828
28.03375
2.8193665
14.792485
33.449455
13.762755
49.890778
32.796154
10.120559
30.784616
11.616598
27.129005
21.549498
29.975975
31.228935
15.675645
18.001263
36.027443
32.693714
8.2611265
9.026385
17.949139
24.751055
27.739862
33.898453
46.08999
25.804478
50.49919
26.029634
26.731108
33.11374
27.137201
13.366847
11.166542
18.920685
36.656822
29.068079
15.290406
23.416405
23.64456
24.930063
24.911814
27.132444
32.328163
60.0692
36.56545
19.900036
53.10854
59.631054
15.872638
15.408263
13.141005
50.40615
23.923096
46.363716
29.982319
60.492607
39.411495
10.13086
14.297115
8.439849
29.816296
12.107534
12.282444
15.821013
11.208135
10.625311
10.559859
11.344775
33.997913
26.845854
16.55865
14.485714
22.228016
18.331032
14.787372
49.340485
33.712875
13.63122
27.433113
69.89763
26.028679
11.161524
11.271215
28.874641
17.727633
22.961897
25.962238
19.829473
20.294724
24.870302
30.40416
8.786564
23.102013
13.9034395
23.942661
10.689854
19.777739
5.729617
16.244478
15.889095
30.056177
17.976496
8.501997
32.29826
3.1138673
21.99522
27.128942
28.860073
33.602833
47.848473
21.2485
11.357818
22.409964
23.15368
3.3745556
24.89751
15.4632
24.17121
12.359088
11.861417
22.785782
27.018852
6.71395
4.259421
10.413349
7.4857235
19.584972
11.42517
16.352425
12.155294
31.476826
11.466504
13.986663
14.480165
20.293428
7.4949727
8.824513
37.930992
12.1085
14.89307
29.731806
21.302174
26.75479
21.904804
43.01774
41.85582
41.117935
51.11026
11.155072
21.74792
24.636955
15.717605
17.203728
23.918123
9.343127
24.706083
20.811966
11.294964
21.921137
16.990765
17.457657
18.77159
14.135493
30.100986
27.566364
37.927017
26.238184
44.24382
15.930362
18.795185
7.306993
28.208069
4.3613024
26.734217
26.877192
42.337612
14.131493
7.105589
31.9773
9.405048
5.808686
14.138555
26.022976
21.368305
26.023954
12.164272
22.290726
23.017351
29.744411
25.877186
32.44761
10.693025
4.9885163
25.696997
9.951182
23.854353
29.463825
6.596703
10.906576
6.663687
32.080704
29.94838
23.002258
24.596708
28.209682
13.521366
25.492895
3.6981285
16.700129
40.077606
14.525171
13.602697
21.904055
15.714741
20.653584
15.265006
19.573854
16.3565
16.097708
15.344758
15.819688
14.670379
15.088478
3.6824243
12.423363
21.402515
8.217049
5.329424
33.66557
28.011536
14.435734
15.200213
12.122256
16.811352
25.220406
39.103165
20.135891
12.838587
15.003329
20.362617
10.297739
21.85831
24.596792
5.29555
14.041034
16.484081
6.5802326
20.526255
18.034065
16.82094
23.006138
15.496133
23.063509
19.152613
23.287193
27.495827
9.970578
23.767012
34.33285
15.670515
19.173744
39.107296
18.243132
30.285349
37.055992
7.498853
29.202316
28.116344
23.268826
18.24244
9.134378
19.431063
11.417463
25.662016
19.71726
35.62108
27.905235
22.697517
57.5274
37.108253
38.21871
19.700819
16.632683
22.094551
13.991782
21.62309
26.562962
16.19722
12.202095
20.644947
22.446775
31.385252
13.19345
16.30791
18.625566
12.290753
28.050732
22.869095
14.26675
34.57834
39.262863
25.94783
36.623974
24.583094
34.36587
33.794334
8.572456
25.214922
43.620274
42.030342
37.37293
44.079082
35.376366
24.989729
55.245804
43.951046
25.693977
19.478815
15.214216
15.807801
35.08304
12.137382
11.026444
34.09073
10.625833
15.8103695
14.292139
31.018888
36.26738
13.215189
18.55838
12.111655
9.87129
17.38608
20.71869
37.93723
24.394688
8.416673
10.169124
36.94375
15.543029
47.511715
10.212372
12.142422
5.2573714
6.9759617
21.953562
26.50304
22.607317
14.430641
28.017866
8.838397
9.867559
5.1953526
21.791538
19.823915
17.44545
17.788021
21.73673
24.166698
22.036243
11.092786
19.059597
11.91313
10.170831
10.624799
19.323763
17.311954
8.253982
7.2088404
21.621817
6.061619
20.31205
26.405842
17.68763
6.3226185
8.626023
25.870935
10.36992
13.434719
19.883904
5.7380466
8.240142
46.40566
29.682905
10.649842
13.371732
29.162346
18.065538
20.389067
16.262182
23.665161
3.7788208
19.791117
19.799885
29.89801
26.313679
2.9357452
16.462278
35.27144
16.021584
16.912848
16.785734
24.628128
23.028742
42.682373
14.4187565
19.41143
24.50237
14.843067
25.654123
20.716246
28.482475
14.222431
13.782926
10.5070715
6.150144
40.20695
11.575308
13.621822
12.645373
16.519646
15.909266
24.496208
25.569717
16.476913
27.26901
31.025852
17.370892
11.499032
11.053527
27.056952
9.63877
23.678486
10.574299
16.121784
20.452824
21.536682
30.85177
27.620672
33.305634
24.713913
39.00677
57.36904
46.223774
27.303335
30.689697
15.839967
24.846512
18.808657
23.28341
22.340849
29.975147
10.746171
14.190344
17.628231
15.176335
24.705093
21.701012
19.046688
9.569043
12.372615
13.525232
21.315937
13.212456
26.12607
25.61132
6.5695496
18.670774
20.68462
44.904484
10.6876
15.977687
10.195918
40.70933
27.806086
36.439533
20.870806
18.905231
20.328495
28.883823
12.362704
19.716867
21.27176
15.63794
14.022392
7.0568724
12.324942
30.339233
16.55552
8.141181
17.387384
15.298515
34.21351
41.807148
28.476639
31.116179
26.390627
18.902483
37.71825
42.82601
31.312273
50.40142
27.313454
21.971107
25.55488
12.192518
18.64491
21.644634
23.290977
12.552615
17.112896
24.459814
11.331426
9.725315
10.527127
20.556795
21.17791
26.31765
28.265965
40.689472
32.835724
68.55899
52.871822
33.46341
21.80186
9.341019
22.115137
26.571718
26.187017
8.69706
41.528114
8.6211
36.978905
23.974625
21.513504
76.55497
25.015276
10.320308
49.832535
11.406661
15.80369
14.619821
31.375832
25.668447
17.870424
11.899424
13.475821
26.091003
43.694748
22.509375
31.454956
23.50633
16.07931
21.737053
36.542126
19.938805
17.095112
27.911009
20.90242
14.600273
20.304726
11.271954
9.538213
5.2258916
16.846897
19.207119
35.572384
35.995087
12.477839
14.561706
23.33606
20.444704
13.78847
19.85049
48.23798
36.97669
26.60135
21.514318
17.91957
24.11427
16.35346
18.768824
15.839173
15.5434475
39.30602
30.105183
32.840378
43.722157
50.218685
40.806847
33.155712
40.25064
38.81517
11.96061
10.006678
11.368844
15.685336
26.675327
15.999706
21.180056
11.190585
25.97497
31.4902
24.394451
19.429266
19.831951
12.121498
15.5879135
16.70744
38.662304
25.51244
28.670914
14.198972
16.869873
26.292261
43.039684
30.07041
33.206802
28.045063
46.73559
41.955276
51.124966
45.534725
32.991085
49.034283
44.764782
50.226646
36.893223
44.695072
54.15226
45.399868
81.74248
60.44644
58.89722
65.05794
77.16205
56.640182
58.449512
74.6324
73.56299
70.933014
19.033115
4.985936
16.832111
20.338083
10.288656
31.65428
27.452839
18.606094
31.103838
19.032661
45.084156
38.97466
35.6645
38.28299
34.72735
29.54158
37.819035
43.14056
28.668928
50.667118
27.186821
34.485584
30.710024
49.973087
75.204414
22.364195
19.172966
9.340743
17.195148
7.8999486
17.228687
32.92272
43.310436
26.412477
8.852446
16.845934
39.087048
33.35606
20.892925
25.63673
15.454957
22.02251
26.237646
12.369545
23.631464
36.684788
36.840782
30.211025
12.898988
24.416836
22.706602
13.8884
33.85172
20.85348
27.596346
32.893974
38.730797
13.5528965
23.716303
24.29451
7.8590283
23.410131
20.027603
38.896923
29.53247
13.366115
19.074997
36.06456
35.173153
27.89541
13.202023
23.801113
20.691032
8.573382
25.602839
16.675426
13.097443
27.055515
19.048378
14.589363
19.685667
11.984566
22.552603
13.368169
24.649832
18.428062
9.1192665
26.402945
26.342619
3.238985
14.205518
18.082495
18.712152
14.666766
11.610028
28.80904
20.167656
16.534002
11.99509
22.857964
13.113126
36.845917
49.80627
28.200151
8.558815
21.147133
12.099683
16.825224
20.421597
24.153965
17.232946
25.563198
25.332195
34.226643
20.422918
25.800148
21.482168
36.96205
27.39442
32.765953
23.730183
31.663166
22.66185
19.888191
20.398989
24.857271
54.613926
2.8135898
31.758282
14.523762
29.866404
32.38032
15.174027
16.825375
28.329748
15.599059
61.2179
43.1733
46.03833
42.05383
34.544483
45.857452
30.594988
50.53211
43.387352
62.81787
8.385635
21.101877
7.9086394
26.883228
25.250982
28.494478
29.151405
11.288961
37.61113
14.605604
17.448772
14.597104
36.348984
7.608229
10.763336
11.72933
6.612558
15.549098
33.410305
32.904057
19.982628
30.966196
17.372944
22.501942
36.20947
33.39525
6.070528
8.846963
23.180716
16.337072
39.185947
12.3653145
6.22226
17.865599
23.812572
22.629358
16.683327
33.83711
23.614222
24.737532
7.1942115
16.276342
17.973
23.339773
14.767152
19.143314
9.323573
24.269747
12.55158
27.444597
18.379972
12.062821
21.494116
8.071426
21.576553
28.24488
49.482376
29.912504
36.426064
49.171803
54.935944
19.81246
32.493587
20.97638
51.07277
27.779324
55.46688
16.429993
11.580139
12.111641
14.299888
13.347245
17.15497
14.407694
15.554121
9.590995
23.342768
19.968124
27.534103
26.321384
24.3297
29.06108
27.08127
20.002161
17.154182
33.27173
108.80362
67.23741
80.27943
74.93859
76.49321
155.73203
15.878559
31.719044
14.728812
13.3574
33.796844
21.365261
20.676416
29.4782
10.648646
7.697432
14.713432
38.573772
9.55918
18.279127
30.00678
34.240673
28.762287
25.043728
24.666733
28.32306
10.371018
33.331944
37.20998
30.648174
20.508583
26.49167
6.182933
16.22382
21.335121
22.321413
16.752869
25.128853
30.48426
35.59214
22.141739
26.631207
12.222464
15.635863
23.165123
7.0779266
10.878864
10.434754
33.832874
28.783918
46.112007
20.866621
29.87351
48.87239
18.886513
14.68674
37.55731
23.370018
17.715683
7.2718077
11.603081
19.886402
37.67119
19.2673
27.729858
10.01571
39.3871
30.240112
25.504644
20.494627
29.158663
21.458563
12.372703
28.852026
14.349425
22.086733
30.098259
30.517683
33.03328
15.456267
20.041986
9.535543
9.39479
36.79443
35.63438
14.354969
14.8497305
22.904997
12.014164
10.609715
8.61726
22.882008
14.407202
14.427808
29.780529
18.48667
32.22217
27.654652
6.637901
24.256262
9.986239
29.867939
5.435103
28.608099
37.554867
27.001015
27.129875
7.8767743
10.026645
19.848461
19.617653
29.879675
14.150446
26.796352
22.93027
34.797638
16.27899
24.133446
27.541237
19.62471
13.469735
30.772837
8.73416
7.2356954
30.074902
18.09659
30.230322
24.255335
36.788414
20.70766
16.189556
24.066185
6.962782
29.920643
19.105793
19.968235
10.732915
23.556028
6.2679048
16.127544
14.985095
19.224886
25.420692
17.874018
36.919064
34.819427
27.479364
62.777645
68.21772
56.1181
26.458628
46.616737
13.402129
17.360065
31.143303
29.641193
31.890636
20.48078
17.346643
24.506882
18.365463
14.397552
24.63189
33.281406
27.239487
17.172071
22.560398
19.044043
8.293393
8.143923
14.046026
26.82651
21.815683
24.742905
13.689339
37.389114
62.013287
38.167416
38.382107
49.771507
53.15337
16.186607
31.51699
35.363308
10.113714
7.6079063
23.637484
8.057684
14.020424
53.18419
5.894071
5.0260315
37.76031
25.036047
21.204992
12.660379
15.878741
14.007786
15.851518
15.398243
28.756617
31.682734
57.057873
37.1699
10.749271
23.009272
18.176212
28.539545
17.724857
5.7978053
20.945484
13.85232
13.692575
11.122244
18.069948
15.943953
12.856339
6.3494697
13.334406
14.582268
5.607651
10.105884
13.889017
5.402974
12.098042
16.526081
31.657068
23.587208
18.606462
9.251942
14.136325
14.334058
15.338497
19.216753
16.924477
18.175972
14.023748
18.876253
15.157113
27.499102
12.82989
35.238903
24.428669
20.030153
8.232645
38.853367
3.9537504
42.315464
29.530464
39.96901
39.072063
29.272968
36.517185
41.491764
20.268059
2.7051275
17.082247
19.680378
37.785683
9.860367
7.552801
9.967287
23.098305
5.3862324
12.211238
22.954153
26.385466
8.301258
16.941885
20.639881
22.656212
9.680883
9.314186
16.238258
27.305113
28.409046
14.023299
22.333437
33.955902
17.889624
26.51632
20.615839
26.430565
25.020666
31.739958
7.599729
18.161497
25.972158
14.729679
21.300125
8.643297
15.725192
23.028688
15.096018
10.740791
15.597661
13.73101
28.558504
4.284343
15.573727
16.604752
16.70627
16.486519
15.644691
22.166113
16.388485
17.179409
22.309822
14.630795
38.279835
16.941322
8.296872
5.675038
13.169225
28.047235
11.801448
10.044471
13.0899515
15.284655
10.747174
24.983925
12.74021
23.893667
27.771507
30.118896
37.537548
34.555042
26.918903
11.91322
17.683058
17.103727
18.913094
7.7661934
9.033965
18.88699
18.814367
17.202387
15.549687
16.745615
13.848917
3.5687046
10.646213
12.608084
21.81435
14.29722
36.201653
34.0751
14.683477
19.613213
19.202364
24.177778
29.65579
18.278706
11.5458975
20.263233
29.846752
24.55507
22.717178
17.115099
12.480621
15.881117
37.880035
22.022106
21.297832
15.742607
13.467561
29.421474
11.487327
42.709408
29.238785
31.381071
12.612715
14.186891
12.639166
16.685087
12.38661
7.8382998
10.156179
29.633339
24.790134
37.63642
39.715942
50.56046
45.106834
35.647266
31.977087
63.90765
21.282726
12.807526
21.684242
21.207623
46.050083
32.572853
53.919643
36.62476
84.60669
24.618025
26.83479
13.285932
18.187323
14.516457
20.63192
71.52652
27.341072
40.50135
26.879265
37.181625
19.962883
33.92656
18.11684
27.437445
32.814537
37.26859
26.183758
23.8278
24.726635
21.91687
25.13364
14.7124195
13.443364
8.267243
24.493958
9.4586735
12.215123
22.106524
24.263748
19.332903
6.0976763
19.956491
9.026269
9.326318
15.790494
16.140718
34.27859
12.560446
18.210552
10.059195
13.350941
24.486805
11.130158
43.323563
20.623716
11.299718
18.15081
10.577076
16.623928
37.81289
29.232388
8.671718
28.098465
13.3374405
5.3924193
16.539581
7.955412
13.5541725
19.585268
23.080372
33.029064
23.822355
24.676796
17.20681
22.50499
33.08355
11.382683
15.547739
25.06522
12.06266
16.226927
16.342676
18.065588
10.089673
13.9142065
12.036136
13.703623
36.4407
23.649614
23.313665
17.127687
17.982277
9.938608
9.823874
16.546354
6.9078193
13.309986
26.406044
22.96274
18.070768
20.37036
19.88397
12.069825
9.295391
17.766117
9.487722
43.972744
17.730307
26.215117
58.861225
18.50738
21.071362
15.831622
8.250889
19.623425
19.039242
16.435478
15.673716
14.617108
13.486508
18.878355
14.98983
9.318883
13.82683
19.700268
25.789942
22.103176
15.632525
10.3439245
11.434732
5.3695397
19.178034
24.357855
17.068777
14.595835
14.178828
12.046431
21.915403
16.77075
17.929174
19.201103
29.843393
50.032032
24.443165
12.029184
16.199053
9.968736
7.499956
5.985228
11.748919
19.008125
30.848682
27.93981
20.654247
14.710889
36.13585
19.13638
12.79311
14.577802
10.422998
10.52039
10.347495
15.222903
21.838018
21.854404
17.128633
20.409573
44.631115
52.317696
44.354614
44.973408
30.458061
10.848555
21.396639
19.63725
21.946213
46.38745
20.161348
14.79886
14.939278
21.08001
14.429339
33.52224
19.129423
16.977306
35.874943
14.541234
17.3979
13.552313
9.14962
24.702858
22.225975
32.900112
17.270338
18.707937
23.287231
35.425507
32.418198
29.42279
18.311827
15.330771
31.699444
10.836857
21.592453
12.118414
26.5953
17.691906
29.262184
33.789707
50.106014
19.91342
42.219967
16.732399
15.278404
17.621428
19.105152
16.957312
12.651072
34.161766
16.645187
13.132774
23.371668
7.989618
22.657688
50.320923
36.222485
44.52759
54.891624
30.138561
27.09884
27.266333
32.38435
26.363104
35.304523
39.00607
18.829973
40.712936
35.573757
38.209545
7.2031603
11.305835
13.762643
8.589966
18.033527
18.745872
13.516247
23.026793
13.261523
22.919323
15.441939
10.948508
25.045965
20.54739
26.499014
8.544572
13.218803
14.226589
34.42582
14.60896
18.040932
27.135334
18.785812
17.622692
17.8424
30.637436
33.70414
42.72049
36.85269
22.330116
38.20433
26.955246
12.476788
23.824295
18.68481
51.71783
22.178745
24.56552
24.910725
20.468971
16.90593
8.326855
26.893608
17.009539
20.840523
22.012257
8.264344
8.70296
11.641479
20.495308
14.73738
52.929565
40.88588
29.671076
17.119595
15.00867
19.201946
26.464401
17.862574
11.728707
14.007542
20.852467
14.924582
38.06597
6.7825623
14.799658
16.087244
19.339798
17.769754
39.195602
15.708575
40.003933
19.973904
4.0147543
25.476015
17.653645
30.3076
25.904211
56.908047
37.372654
18.802813
12.596971
13.937813
20.611137
38.607758
31.869257
2.63639
12.528792
11.877966
22.827116
27.888464
21.435293
11.398067
15.365698
15.776181
37.641914
41.69207
34.29201
21.50958
19.760332
23.13983
19.06173
11.855089
15.6778755
27.378113
25.631704
32.640347
15.202021
15.737811
30.706743
15.725724
29.888496
16.298817
8.596294
24.72945
17.261791
28.102911
14.420307
36.163773
38.268623
10.132302
18.304811
8.047447
16.328436
30.489325
23.468271
33.77103
28.738409
29.703232
20.655851
28.423182
52.64783
36.754917
68.61661
52.766445
63.5272
27.656277
24.136564
14.846058
24.835773
27.28485
13.930393
27.568048
24.046724
24.591698
28.85661
32.615536
37.03063
28.028181
34.746162
33.898563
13.754708
13.242376
13.766066
27.619713
50.018456
24.428461
15.499648
6.559309
14.143642
38.038918
22.062307
12.759194
24.622862
48.30955
29.310207
15.68958
21.980196
6.922633
10.200481
12.429396
16.302872
21.394133
12.958632
41.165
33.835945
7.0098433
10.852467
25.92721
14.695423
44.86448
30.664743
34.050182
10.935232
14.060834
15.345329
9.644421
10.336261
12.470863
13.1139555
12.797052
16.873632
29.710815
32.076126
20.361317
13.438521
15.1636715
21.25124
18.089592
29.082605
17.12392
48.940376
33.174614
48.19379
25.131733
51.475266
12.001352
28.547745
14.370522
13.060382
29.613209
18.672585
15.719003
35.92841
41.02378
5.51552
10.66422
23.036142
23.002047
22.463129
28.887815
17.654522
23.074652
29.146763
34.27697
38.232452
65.44958
20.827305
18.122341
11.65246
16.064243
51.621513
40.607533
26.59137
7.433838
17.880861
20.43091
14.80338
11.52246
39.02244
34.714115
18.337564
23.602503
28.922031
9.133943
29.663357
11.896205
37.26297
11.379886
3.6140635
15.70697
10.481595
15.552951
17.24292
8.158184
23.303003
10.376051
14.719285
13.435799
10.64906
8.873377
5.2855043
11.522665
7.1104455
22.747547
15.672272
23.858728
8.138428
30.117882
20.763483
33.617397
24.702393
18.206383
4.0119643
17.174221
17.908741
39.92946
47.53524
51.95492
54.506504
44.51
55.367657
40.803875
37.16473
47.78895
38.795547
36.091396
15.936069
11.764773
21.541445
19.753063
19.403385
19.934237
17.291206
21.616096
40.68558
23.238113
24.975513
25.188828
13.373094
30.97741
33.399826
18.444908
29.1045
6.661892
25.091951
22.158056
13.146183
23.189566
19.612295
38.60742
15.477051
13.287928
32.182346
9.0632925
13.43903
13.61863
22.750683
12.046531
8.241129
10.072332
9.927354
14.854183
14.468531
16.355202
20.185085
34.79603
39.386486
26.362267
22.58951
49.207752
22.370878
30.208122
10.421836
18.077795
19.613138
8.612445
25.548897
12.575562
3.4563897
15.427032
8.1686
21.375177
6.652473
21.905727
27.050653
18.786919
10.559683
23.657516
19.499632
16.679441
10.498796
27.675722
39.461754
11.9411955
15.480674
18.826412
50.098125
22.928787
26.359774
30.324919
42.792862
29.682312
46.99004
25.872522
12.7439575
12.000532
21.246023
19.366053
9.911251
16.585684
16.916395
9.796202
19.567259
33.54148
14.046157
31.00485
29.423517
10.830309
21.069468
4.7305217
18.050383
58.07598
55.352222
33.425953
50.377964
37.70123
23.31782
25.93655
9.204614
4.735667
27.314993
13.656804
26.65182
17.335844
28.821968
26.77716
8.646074
17.281874
11.998685
22.775791
17.180157
18.599493
7.296069
9.684576
12.843056
8.370807
18.038233
12.074821
27.348059
16.283165
18.920338
24.048311
12.124635
35.240078
3.8004339
22.14605
22.232973
38.245323
33.83482
33.068214
11.670082
18.624514
19.79214
16.726643
20.690758
21.697945
30.674046
23.217241
21.981739
9.909292
15.486986
19.421562
14.658351
11.032602
10.171777
9.209043
19.328611
24.838223
13.109215
21.492064
4.901638
27.873663
19.820686
12.0455885
28.182495
12.339225
19.820206
8.721566
22.131533
16.822098
11.303516
14.432447
7.4653172
40.615234
14.44087
9.985648
12.942169
19.693798
18.181482
11.851937
14.118833
20.140701
15.3081455
31.913658
3.2972872
36.585934
21.112114
28.544428
21.766155
29.882019
19.533907
26.56446
14.485216
22.471363
11.787622
14.6136
14.506091
13.795633
16.942215
31.048317
10.134577
22.424944
41.167362
24.10552
31.188599
31.78801
30.758095
10.634014
8.0198555
12.386438
10.748174
32.936687
6.4916205
8.578008
9.565399
11.8804245
12.259481
2.7473266
5.428136
11.622241
26.616419
19.589134
25.813553
13.370684
19.101578
11.193377
30.806389
17.304285
8.321507
10.175757
25.505947
12.351548
36.01369
9.727527
7.088285
17.0168
9.749616
7.0888963
16.444658
13.469988
24.827854
27.190744
11.3047085
30.372515
14.550913
8.450442
16.608397
49.17555
28.137001
7.6893506
19.56235
19.634182
30.249205
7.7439003
24.2302
16.455177
25.276556
9.94265
14.716016
22.511168
12.246006
29.725813
18.203032
12.2529335
19.8303
27.606285
16.077946
7.962154
16.229237
13.443592
3.0913918
14.917048
15.018659
11.284719
20.390984
21.96826
19.638496
13.110447
34.335426
23.543795
9.124065
14.921447
13.080694
25.137339
23.6784
21.189293
12.362565
36.617496
44.630814
35.78772
45.984463
22.64531
30.399063
15.773484
15.927746
30.133923
19.214699
47.269886
41.7605
27.72425
24.791672
18.96369
15.300738
25.850603
21.474705
15.5944
25.435163
22.858135
22.978205
25.152544
11.394286
20.120167
14.429417
28.55057
36.921425
24.107658
41.864014
28.061811
4.5792866
25.498745
3.0651276
16.336506
42.87932
19.661463
35.37346
30.247566
9.543575
12.065003
9.079759
28.076641
36.637474
25.947468
18.993935
13.284707
17.7172
22.319736
32.853455
22.122225
5.926974
13.237492
17.921728
5.2168818
18.410408
23.038837
49.17881
40.592056
23.361721
31.755276
5.2531633
9.57378
20.056913
42.697823
38.72204
12.184192
9.294129
1.7309424
26.80576
14.791101
29.526793
40.15594
32.00752
3.7291856
19.976871
31.445393
31.866909
31.046904
30.722158
20.026283
21.353706
24.056885
27.327978
18.799984
28.620201
20.758429
16.43262
15.48146
24.948109
48.099815
55.848198
40.51297
13.820853
44.08341
34.049984
42.655533
9.509505
11.769528
18.299467
13.190024
18.351639
19.705734
16.784012
14.543134
18.007528
3.6404374
2.61547
30.69702
8.719074
7.910689
6.6924677
21.728949
18.94708
5.4282637
21.662285
18.918663
20.470518
44.81934
32.0805
10.636499
20.397251
9.437353
17.906277
15.163649
13.855473
16.41928
25.497808
30.383081
26.343273
43.53657
30.859364
25.309238
16.272131
32.283592
6.9779487
10.825284
16.983105
20.327744
38.563133
23.83306
11.446337
22.338648
24.739975
25.35923
40.02002
25.629396
35.581158
6.8808427
12.174887
6.5705776
14.39191
14.113119
37.938618
28.041862
21.228819
12.756417
13.879518
12.586112
14.240945
25.59668
30.429865
1.8501424
18.159164
9.95742
19.290228
8.122204
12.516945
17.269426
17.414585
13.4887085
17.105576
39.19196
11.049073
14.94275
14.272203
31.44548
11.411207
10.905185
11.665401
52.973278
15.122847
13.875973
12.790397
71.36932
18.968117
18.650824
17.847431
50.17753
12.770315
30.38563
15.0697365
9.096152
27.79001
23.002087
31.0984
8.99815
26.87308
7.4387574
17.027227
11.786737
16.372194
46.954147
24.916986
5.329673
11.985543
26.500782
39.577766
32.02575
30.622217
35.914574
13.956784
23.454119
47.30341
43.064613
41.08097
29.076086
33.067406
20.856468
34.896404
35.98085
32.895435
25.562414
36.29082
21.460228
27.29896
46.35441
26.0139
21.988789
27.143518
33.308865
24.539429
29.242527
32.450214
13.396509
19.900085
40.55861
50.198246
20.847204
17.661861
9.335548
13.059701
22.015705
16.595716
22.789404
52.460953
55.61477
42.357876
55.401424
55.62238
108.733574
27.943941
7.691603
23.288923
35.7305
51.987236
15.909922
33.804897
26.74332
17.465801
19.72823
14.209172
31.552279
36.985764
30.35569
21.523174
26.231525
15.991215
12.248861
17.31207
15.924738
19.199251
13.048664
21.45621
16.971506
49.610332
82.010704
49.7303
9.603833
9.67456
24.908825
12.878846
19.393166
23.958332
11.233007
5.862715
11.857194
21.09833
22.919323
28.291538
19.136494
27.888779
47.779175
49.918182
71.0849
81.51933
43.674316
33.746944
18.24372
6.9929047
23.183464
10.235498
26.523962
5.791825
22.549658
8.416354
9.947437
9.810563
27.807056
38.21277
17.784811
26.169765
39.420242
23.91853
40.834217
28.40893
43.00562
36.046135
57.14788
22.270374
43.80977
20.186724
39.06022
20.127268
29.672884
28.269825
14.972354
25.71645
30.717056
27.988525
29.555918
53.283417
41.843628
15.380871
39.99992
15.840713
34.635937
23.248436
34.440285
30.745644
36.63818
27.843977
28.851036
9.042895
50.593063
42.21559
39.67948
42.294605
70.329865
46.395443
15.218805
5.3660426
26.637392
23.320024
17.919794
12.15809
4.560744
18.182756
9.905076
28.994892
29.709967
48.590477
20.447647
9.146999
28.226212
23.270845
15.69649
24.012672
68.97464
22.984264
19.904419
19.365028
6.864543
9.089333
18.236395
13.171901
12.031285
17.230556
21.957277
16.98262
20.069117
12.905046
15.371937
21.157883
48.509125
35.126144
14.32272
18.393103
10.6250925
51.79384
89.051506
50.590782
50.917416
27.658508
14.608255
39.231533
29.176138
18.892859
12.9879265
22.078127
37.149536
19.30281
20.59384
21.539742
33.125107
34.81691
34.250698
47.897377
42.23462
50.80977
42.520145
15.157954
26.801159
13.453513
16.311401
32.690117
10.079894
17.633398
21.353565
36.005615
26.72243
10.957004
16.526735
18.309908
24.613125
8.264944
18.566278
9.32646
11.59494
22.373093
22.65401
23.399818
28.914375
15.006964
15.321328
8.966258
13.814322
7.749588
16.543762
26.308298
2.985755
17.300138
20.356121
36.54043
12.408043
13.75266
26.123343
35.33862
24.40236
35.949356
19.21475
41.74456
34.71271
38.92594
41.046787
31.540154
22.636972
35.336258
33.316868
16.850588
18.13288
10.327417
20.708628
16.268938
21.594067
36.22743
16.241552
15.39768
8.845225
25.13301
72.71679
31.479595
19.54593
14.327689
20.65171
31.023281
22.05282
37.96646
28.326092
24.552706
13.311695
18.695498
55.633217
19.134567
27.226734
33.337112
36.16016
40.117603
41.98284
56.670048
26.031029
38.55169
35.884422
15.003651
30.671654
10.485448
21.218845
6.1621203
14.8132105
15.859903
22.311905
28.491009
10.45455
22.113256
26.174898
27.61311
13.721755
15.778269
23.797527
12.043088
16.735485
15.650573
23.816021
23.137026
35.87964
42.990177
38.862053
26.463957
45.90396
43.974842
40.87975
17.69586
22.535744
42.99226
36.046494
26.098577
26.961252
24.380459
28.73448
38.314953
23.808464
21.516508
55.010967
50.760742
38.062843
31.456995
70.77581
37.557465
30.112183
13.203684
17.585546
25.752893
38.630333
53.01486
19.314949
8.780976
29.292854
16.874964
14.466162
20.356535
16.02741
11.148935
9.357854
23.960949
14.9275465
21.88107
8.565502
32.956043
32.473984
20.716839
16.767458
46.937534
30.364782
36.10408
31.569887
32.385746
34.95239
42.46681
34.866104
28.951153
37.997105
38.686417
49.56674
32.12213
30.30357
13.261452
37.000477
34.91735
58.73553
42.51451
29.75756
45.423203
41.130905
69.71079
50.162666
47.476265
42.61715
24.068384
58.37393
37.819286
38.44224
34.6429
13.98847
20.099785
8.561047
27.040766
25.169672
12.897683
17.171637
15.2951975
8.413128
30.264936
20.56038
12.803472
15.927389
30.522873
19.613598
17.857916
22.592188
14.291404
24.14969
12.268119
11.988357
26.660227
9.939489
5.870974
5.008263
25.002008
7.6170025
23.400013
13.679879
20.458847
9.0052
8.970393
24.027948
22.053213
41.042587
39.205536
48.58505
38.73944
55.939766
55.487267
27.537046
25.451801
9.558447
21.653631
18.593904
27.65243
20.24124
17.679838
28.627556
19.270735
22.905632
28.83375
11.252425
37.377674
14.135123
18.996862
27.095043
4.7617292
10.844241
21.706596
25.10858
24.853504
15.262411
19.300148
19.780397
28.215984
40.480976
34.467228
18.225048
27.601402
49.692944
29.767672
36.221046
26.41093
46.417427
35.113243
18.406567
27.641436
24.287477
22.685486
23.176844
14.32386
27.325275
19.968266
10.737768
21.422634
19.679787
26.381252
26.36697
39.42685
29.757732
22.833145
26.477198
51.848366
6.577656
37.94562
12.181531
20.535097
17.121836
11.11021
43.73254
7.1175585
7.6706753
11.562174
9.118634
15.367139
15.429439
12.160728
30.303347
15.439924
12.468428
24.256731
39.771236
12.628828
24.143162
15.065657
30.312178
32.893307
37.850143
38.004997
23.376526
9.224382
15.343853
23.980644
15.815354
17.813185
19.68262
25.14677
11.578938
30.930283
8.1147995
19.557598
32.654015
9.354339
23.574966
9.3060875
21.668083
18.639376
18.962477
28.798122
23.410978
15.841809
5.8235903
10.052792
31.636572
24.731422
31.801874
20.274618
6.7637806
39.016716
19.814516
19.460566
22.480818
24.047663
14.436636
36.71495
14.2492485
17.65326
14.3619995
13.156896
6.1484046
18.579731
45.882748
14.556062
13.148194
16.907204
23.56413
14.443438
15.205572
12.990614
7.2548943
24.584867
8.018688
17.25198
10.514186
26.63161
18.852036
4.3262963
22.172607
22.303055
14.044525
10.5209255
10.637568
17.636276
17.626736
30.587622
22.869055
42.370834
13.972729
25.038145
16.864016
12.625845
13.813831
17.340689
50.22585
13.237975
21.06087
27.431435
13.720315
49.009754
23.407547
24.852755
6.2422748
9.444949
22.854368
34.311928
13.392292
5.525775
14.6212635
17.669928
20.191483
8.181446
17.699896
15.324884
20.783442
26.537046
13.656116
11.780244
16.435131
20.900335
17.335539
37.783684
7.797912
13.826471
21.306463
7.488295
32.402306
23.671814
52.353306
41.20489
29.663969
37.6067
48.37229
26.447449
32.778862
16.593819
36.570858
22.488325
68.11252
32.507156
28.81279
36.56749
42.886845
29.2788
43.193302
31.53683
45.395554
8.217507
29.050901
17.641064
11.910183
38.54031
42.93932
11.399845
16.068653
11.82029
30.260374
32.134075
20.457819
27.30509
20.846325
38.150116
9.035248
30.347837
30.154968
22.928818
12.359628
20.998503
15.874701
14.780057
33.375362
37.864697
39.343216
45.885532
14.039401
14.357024
22.967829
37.20482
19.049145
46.266163
26.696129
8.225998
11.622022
20.369686
18.284842
12.961018
14.393114
12.340719
16.277967
36.30094
29.707102
36.833847
39.314674
24.543602
18.935303
15.169814
31.271997
34.154312
43.234604
20.764137
14.53052
32.515133
44.45946
15.528853
29.433504
36.08963
30.49632
20.665237
29.72903
39.70932
32.053276
26.045326
19.39438
25.063528
10.92926
28.204016
6.323635
17.331818
17.081015
13.565974
17.734472
9.951235
8.479757
12.793438
23.335852
19.907412
47.642956
12.919511
28.472878
17.018707
15.715101
6.6323113
15.297777
44.684784
68.07214
25.045261
24.28964
23.730297
32.0549
35.406475
22.880947
67.54393
53.049515
61.217094
59.0545
55.072037
59.060898
52.510674
36.726147
31.218967
19.411064
18.711744
42.996605
37.850487
19.01652
18.362913
32.436478
29.818998
33.26605
30.194353
36.56559
28.20935
15.630074
19.910908
13.799696
6.183722
20.087118
33.484875
27.819002
17.315296
35.81612
13.019916
8.664834
12.283333
29.897741
22.145967
12.757682
27.002121
45.109047
40.551846
52.38318
35.37614
46.780506
21.26748
39.09564
28.547003
43.458805
31.930658
16.44882
12.353185
31.798899
31.752857
30.050848
46.951256
18.113535
39.037075
10.222357
32.750496
12.758073
18.482029
21.022444
28.524708
25.27021
15.060674
21.901548
11.869895
28.844961
56.537148
15.017115
28.397861
14.963426
15.250725
27.718096
11.0946865
28.794275
43.810963
40.72148
44.123646
25.912151
21.40243
10.958666
17.37302
7.163147
20.422556
20.490469
46.860146
11.339634
16.063442
25.16596
34.655838
11.265087
8.289379
22.076164
19.80812
41.381485
37.76684
3.9541714
25.65905
19.964382
18.90531
18.181904
13.061754
12.640122
5.846497
38.80153
33.897564
22.900137
20.968496
7.74296
46.331898
20.02663
21.350073
6.4305587
14.182886
21.906153
24.740093
14.868199
22.42076
19.096565
29.33783
24.861074
5.895921
15.888032
9.108991
10.070985
17.368694
20.217884
12.405066
38.237423
5.85547
30.80868
0.76789284
14.008444
23.644104
26.80301
29.004787
37.341293
26.244522
26.276003
44.959297
48.483578
47.336403
54.2678
69.496574
20.946844
47.782265
23.56817
26.58714
10.531159
25.501999
18.515436
13.302472
17.878155
11.299081
2.583352
7.8257995
24.359491
22.428299
14.770999
23.390902
8.734006
30.081326
10.493363
21.391123
14.032759
30.989191
8.208779
14.791703
15.8046
18.896622
13.433118
14.141872
12.674673
10.941185
14.66081
15.643756
15.562808
22.407354
10.773127
26.181164
21.26209
21.151182
57.688087
22.982292
23.163786
30.205687
46.45875
17.917265
41.37986
28.16597
20.707422
24.420418
30.372784
33.809586
6.312258
7.265961
22.032925
21.92938
20.359621
15.943233
14.11594
36.76752
2.9934704
53.561485
51.037766
42.04019
51.42993
51.184677
32.754116
18.585045
14.725258
27.966015
28.86404
51.91676
46.972435
5.276934
22.27424
11.415322
19.71628
39.243397
38.147778
33.53301
35.911938
15.059597
33.64078
44.802956
44.054554
20.67918
9.994259
12.461379
23.455528
10.173863
20.929764
7.373481
23.177492
19.016779
29.667376
15.631466
11.570271
10.892669
24.956997
19.416008
31.159313
24.354582
15.448265
15.007844
15.892391
28.097473
34.760475
15.955642
16.854027
12.247493
8.221196
12.938044
24.559414
23.894732
18.562605
14.360939
15.076173
9.117768
17.679338
19.863106
25.268291
12.921817
33.002975
11.915537
14.612668
19.998144
7.4052486
14.910929
12.024639
27.99029
21.09465
7.87428
18.948858
18.852985
21.268538
39.84977
14.327864
19.344961
17.254076
27.211906
18.067137
14.377005
21.394604
15.289212
20.730042
32.52638
14.322614
28.97297
7.6765294
46.17109
18.37615
15.171903
26.910955
30.32249
35.46034
26.988892
27.675102
17.375225
18.784344
15.282444
13.47858
22.963259
22.001572
35.949276
10.396442
50.288483
59.627182
21.761736
22.709116
22.57496
17.619787
8.576061
16.228657
19.387333
9.918754
6.8132124
21.36357
31.058252
8.571128
11.881762
28.041758
26.727175
26.711157
15.864505
30.085014
21.89432
17.680584
12.425462
24.083696
20.006794
13.739422
9.852829
12.392987
11.5213785
11.143866
25.404741
11.296592
13.133453
7.7018085
14.01437
24.840544
31.347057
45.020035
16.117237
16.480171
16.411963
6.0629797
9.447433
19.433567
15.3707695
28.610874
17.605232
13.321909
22.371897
20.510418
18.874525
40.4431
21.672728
38.630184
24.02191
15.673161
14.381465
31.175037
12.976154
22.319996
17.628767
20.572334
21.117592
12.282982
13.246378
17.653065
13.17842
23.39593
30.064966
20.182331
20.091608
13.136206
17.505993
29.674522
13.835496
26.938353
28.973125
22.80158
19.777784
21.59409
32.512516
30.711721
15.324681
12.053045
21.888506
13.389324
19.039227
13.300068
13.6765995
14.072885
14.101466
10.392178
26.086357
21.920073
14.683912
35.861248
22.854353
33.907608
14.252552
14.149105
19.510395
18.44543
20.863903
13.756979
63.830795
37.94869
16.75374
15.348533
24.297544
11.009648
28.663826
29.752056
36.39728
32.292545
61.944836
15.637962
10.9797535
36.766926
12.880621
29.255438
6.901635
15.529394
23.866966
17.54679
13.860905
7.092183
20.531248
19.905886
18.806677
21.595718
26.340391
13.585564
14.1159115
13.466061
20.31167
36.25543
39.877926
34.762848
8.620297
16.169806
23.230879
7.7058935
20.432013
16.107807
35.267193
14.082039
19.338676
9.56141
8.966403
24.378033
21.289072
17.507711
8.767583
13.082956
16.902695
6.433083
18.185776
23.102598
16.304377
22.53797
14.086309
20.095062
19.686932
14.718088
44.878983
22.257366
8.893814
16.688383
5.4220276
17.230318
14.136601
13.731046
21.865355
40.32065
22.1918
8.206739
17.934229
13.549926
5.7499166
15.982836
25.261795
41.523838
6.7827907
32.672714
18.895945
3.4448533
8.5636015
23.961853
8.935891
11.26858
21.11303
22.090044
19.84731
14.911607
26.432127
9.268573
20.80694
11.226116
17.368017
14.72709
13.879806
16.52641
3.7390277
11.928932
28.140297
30.933922
9.072988
21.556345
6.3540306
21.847069
44.84871
22.350384
44.509632
58.814102
24.331053
26.007702
22.28234
13.345263
11.079935
23.939451
23.518677
27.70242
9.389635
27.417889
26.456423
20.39893
7.8971586
16.288715
20.10619
27.813126
31.670164
13.802755
9.179804
31.6418
17.048248
13.282523
15.288794
15.152047
21.19314
22.172476
23.912834
21.09521
21.520315
13.427368
32.958263
25.906584
33.597996
52.353096
8.538458
10.535845
14.707978
32.821304
24.665682
27.378542
36.159367
39.15504
20.446753
20.822378
25.426128
25.452354
36.845097
28.765896
20.058283
21.558744
12.699599
36.336407
38.513073
25.336536
22.63356
23.740673
12.665117
22.003191
27.215513
38.359085
20.392452
27.477528
19.344685
10.5349045
13.05725
19.290503
54.032032
21.725122
32.82265
19.741447
11.628539
25.831078
16.227554
6.5310774
7.569767
35.0117
26.587175
15.431811
14.989047
12.306377
13.567253
16.75927
40.35055
36.04028
35.088272
32.711212
22.53425
23.031013
4.0169487
22.821907
26.895344
16.294744
24.542664
28.637835
27.830976
16.899553
53.28873
28.888948
36.07743
18.903845
48.223095
48.625134
71.21098
54.220287
54.498257
53.948673
41.02904
54.480137
42.620117
63.653683
62.23083
74.14123
43.048904
44.902466
44.04458
32.872612
40.984608
55.882965
30.69356
20.01322
31.462988
24.050636
24.934214
12.555445
7.7291384
14.940734
26.800285
31.167847
29.307245
48.65007
29.428276
8.73169
13.216754
34.373337
24.593426
11.619111
23.737085
23.32959
27.930979
22.707886
11.944878
19.110155
12.976632
28.05619
11.3607645
30.772957
24.402155
7.740974
17.966719
18.792587
18.074356
3.4134653
15.710457
5.9340096
22.657637
8.2529545
26.929005
6.581137
9.58368
24.74883
14.002606
12.604922
30.5473
22.598234
15.235623
12.30733
16.175344
20.17438
31.395092
42.84725
37.631603
23.556273
8.897599
21.307838
20.68077
14.626069
33.500736
31.033604
48.38418
16.46787
13.324499
34.650646
21.692516
16.493921
14.385937
12.971328
9.591791
20.171728
6.096607
23.00409
24.23733
19.946741
9.943379
14.424331
9.559388
4.4639573
14.830018
8.376304
6.4897118
29.928389
23.098255
7.1414332
22.995945
42.638126
43.653133
34.14937
23.057463
15.183761
10.396228
32.674416
25.578196
20.426193
20.744896
23.109102
19.719599
21.305933
17.90139
11.51177
10.292894
16.689787
18.499426
9.717888
27.017315
13.290131
12.09495
21.973284
20.825996
21.864902
17.66437
21.507778
21.0273
23.018234
17.196115
16.68109
12.440529
18.31036
22.603771
30.388268
13.621018
27.660852
7.924738
11.806466
18.40954
26.056952
13.576768
17.854177
28.088589
20.44882
39.433125
27.813435
16.555368
15.7432785
12.220661
12.469068
9.602108
30.656982
33.289738
18.598501
16.809956
34.282192
18.996586
17.28663
12.396668
35.4349
25.33968
19.647095
10.2319145
12.124944
20.631811
28.627893
34.87882
32.694996
45.160297
32.23348
26.972248
20.097153
21.786352
23.392622
23.143955
20.625933
22.102528
19.8458
12.613734
17.731236
15.794247
49.028854
15.246934
31.978582
28.621075
26.806816
34.978683
31.706602
45.688187
38.581005
26.196228
32.4501
38.47251
37.004704
6.9831276
34.283703
13.176857
17.131739
12.986406
3.5525131
34.08592
30.861126
20.978788
21.124563
12.070889
26.779993
25.935652
19.926142
11.385894
25.05735
29.293116
25.668303
18.53358
23.566862
10.90864
14.56943
45.636772
27.386473
9.143741
36.86391
12.601426
14.175026
47.26672
68.90623
51.86872
49.306717
71.5146
64.82974
6.427611
43.19583
14.068855
25.993711
20.386168
9.708105
13.515476
38.798412
36.68368
24.0006
46.555454
38.0898
53.614273
58.599804
34.988686
32.139893
36.306976
50.286854
49.72072
44.639103
43.584698
41.559628
44.51481
35.396507
49.68225
48.51375
52.903477
49.16949
38.526844
58.052826
56.226734
66.33171
57.441578
46.818024
51.361374
61.8414
17.452553
21.16657
20.71512
14.227732
16.423237
19.316477
25.561567
33.299625
9.047614
8.275719
31.51957
27.915716
5.392622
11.241046
17.09533
12.944178
17.930065
4.246433
16.926786
26.357517
18.310917
28.400934
10.456826
2.0398865
15.951605
17.176535
16.380686
17.388315
19.371109
26.806198
25.904373
16.137135
13.12765
11.756211
11.98132
8.390154
22.77322
36.01528
22.210789
13.816584
33.546803
50.33352
12.00047
8.799518
10.774705
31.021425
25.713116
14.2891655
23.454885
13.464154
51.503273
42.67916
52.2722
17.258652
36.173595
51.283012
28.452183
18.052914
43.95874
23.647417
15.118425
24.47009
20.369131
48.077267
28.59566
22.588621
21.197763
38.49014
98.856155
26.796572
22.022093
15.753694
16.899681
44.25597
28.037561
7.683456
13.854226
5.9100757
23.888042
11.438647
20.626074
33.958534
29.566566
11.3532505
20.555578
26.237967
21.852053
19.699854
16.148708
12.246799
25.674318
12.041612
27.104315
27.593393
45.078506
61.01566
20.06237
14.529469
16.842583
12.418122
16.013533
27.99973
16.879864
31.206215
20.142603
18.118036
9.371496
15.436016
37.984516
18.850586
30.368553
33.07481
25.818653
30.953241
28.862865
16.805494
17.505676
31.334663
8.5016775
6.0506535
15.723114
54.50731
45.685146
11.402855
10.941373
16.604527
55.90139
1.6005766
29.281727
14.101968
15.026982
17.162388
15.304885
9.645308
13.477278
13.7380295
11.632155
31.2963
6.3057575
21.851084
40.060616
54.348526
41.417904
39.210583
33.286755
36.894405
43.02593
26.317266
34.56733
44.125404
40.526913
31.322083
38.688576
14.880366
39.58812
40.393948
10.875536
10.171948
23.47823
15.224379
23.253523
17.739752
12.677321
40.301956
18.307878
4.108026
25.413315
13.071048
25.701084
19.668303
22.870861
43.296417
25.72022
50.87565
7.7630215
24.98532
18.16281
16.41094
14.152718
17.53362
9.940699
12.181188
22.550697
46.334023
15.655543
13.046496
27.677208
10.456754
27.51523
17.259546
37.897087
25.510391
26.027311
21.520798
32.605858
48.628162
45.624393
39.91195
55.048916
28.033623
15.420368
17.273113
17.828571
12.351603
16.144974
21.806255
13.619957
15.706093
18.584929
6.062699
27.025618
21.177597
20.635653
31.428902
8.628936
32.40063
27.928364
52.77436
29.838865
35.775936
21.008417
35.839806
41.682022
45.840153
50.484005
11.096593
30.359337
35.597656
36.646896
18.262566
9.8768215
4.548108
18.878735
15.459577
14.426094
9.999447
14.573611
22.251747
33.749744
13.603216
42.253517
7.997743
18.13118
12.732025
53.98554
34.433285
17.801208
17.257904
25.01435
9.212399
3.8412914
11.307085
18.790203
34.81877
22.452765
19.344837
16.700407
18.866516
15.377735
19.198202
15.869798
10.905696
22.745325
11.580321
4.1974783
13.400226
25.716066
19.720339
45.04618
18.934727
20.809233
18.907171
49.92599
25.662321
17.399652
27.453379
36.801105
16.80652
18.551739
29.066729
29.026245
16.519709
31.521059
17.36579
17.190334
13.528704
35.178047
35.11185
23.137278
19.09504
19.894669
28.102076
25.676016
23.409534
32.060867
34.269234
28.51731
34.162666
9.074478
19.702734
23.778479
35.996872
28.70938
29.825743
26.076286
33.39088
28.432775
8.136985
16.507519
14.0671215
18.062872
32.11144
22.624187
19.173126
32.38825
38.12343
20.466167
6.9455633
23.776785
47.954185
57.358776
12.172549
23.663885
19.456627
65.49827
18.081375
1.5961794
11.769384
10.79495
11.654773
18.627111
19.181232
40.37244
28.509085
32.881668
29.791067
34.207607
36.17173
40.683033
42.777843
55.91792
45.70136
59.171627
31.40907
43.01475
11.046366
27.375288
16.430227
21.725914
30.681353
7.251685
11.988992
8.707332
32.80342
12.008217
25.71925
11.996502
13.705178
41.35948
14.365007
21.283812
17.627226
19.164217
17.63455
21.598007
23.229612
18.508625
8.263985
12.640672
14.720656
23.926975
26.769758
17.018038
17.570154
28.994217
11.674129
30.510544
10.733263
10.609815
30.716812
24.995298
15.434583
11.553754
9.597377
19.888453
10.614061
16.834091
15.283097
22.47536
8.6795025
16.237682
37.84998
26.502302
57.483364
53.423473
57.438637
18.36654
62.062374
18.186447
26.84563
20.055117
29.118362
25.715252
32.347157
25.488342
40.1601
18.249628
22.366966
17.629715
16.516111
26.316902
10.208466
14.134246
9.417288
23.214172
33.51787
11.296298
11.128334
10.329345
19.930988
14.213178
23.04526
16.946629
28.215506
23.190046
28.053211
38.462303
31.128147
14.608709
24.503357
12.669111
14.156361
13.940575
18.687866
22.580639
8.180712
16.778767
37.62448
13.236378
21.792688
19.883348
21.795488
24.107655
35.483753
14.332191
12.182656
34.7196
10.297541
18.511486
23.040972
20.25385
13.387278
14.543718
16.845114
19.983604
15.650161
34.726547
13.762958
35.91775
34.048492
20.920904
18.873875
13.054902
21.107254
29.09305
14.70953
22.543657
21.414085
22.042673
20.229292
8.117456
21.267197
36.357704
49.46803
48.650524
43.938896
63.793278
14.3309145
15.035849
25.48019
13.897621
33.409557
22.46839
40.166477
36.602245
43.79416
38.104385
48.279995
51.56755
48.749977
47.92687
28.632042
28.098356
19.042547
30.9026
24.973068
28.535645
46.824875
21.583677
16.688404
38.36863
50.43071
8.3844
14.70956
17.583248
31.476408
18.55578
22.836252
3.4403465
23.164268
8.61313
9.037208
48.398335
19.750492
20.99441
27.075073
20.159794
10.317807
51.24063
10.742107
47.617687
11.745317
26.323294
42.612534
37.310318
8.992917
43.763634
21.792482
26.28471
22.667627
8.78133
17.003067
26.480427
11.006401
10.700942
25.027185
33.537563
44.84907
23.904688
20.260242
12.943935
9.4866495
18.922195
11.07022
12.356198
10.490619
21.99199
6.3830237
29.098688
42.270103
14.060138
14.385307
28.115034
17.985413
12.644165
20.792334
22.427708
37.817482
31.757795
19.221493
19.40008
22.62411
27.697586
54.3313
46.395313
49.526283
48.229626
73.13404
78.55426
53.54875
52.97805
74.500534
54.183033
65.74837
23.433765
11.553871
35.85778
46.18675
42.995636
28.466072
23.113377
13.849183
23.710691
8.2504835
3.4163177
4.1467314
21.76192
29.258242
26.114346
38.625164
24.656862
41.456352
15.4513035
26.94561
12.722647
20.990732
7.974901
9.525863
33.131092
17.33695
4.5327034
31.626202
13.944315
18.285809
6.802588
18.083494
11.773709
36.592236
10.19307
70.94511
8.522643
20.896046
46.64043
10.791443
29.673407
5.476891
12.511172
22.080093
17.86996
7.2874565
10.078723
13.581196
26.165611
21.488737
7.6453648
10.851073
31.052866
14.3568
27.977695
30.508963
35.085335
16.187122
18.07197
13.906894
9.679597
11.086937
16.89617
6.5244226
11.151416
6.747832
26.60593
20.03227
15.422922
18.21354
45.56967
40.180878
43.436348
40.199276
33.635933
23.284588
14.505685
20.93363
10.397404
12.766873
19.40329
20.645317
15.568352
27.887894
6.917898
13.744021
27.316116
31.138405
37.931274
25.42328
33.676525
16.446257
29.747936
9.359786
11.579013
37.43303
38.15732
45.767426
31.654522
33.03725
34.50887
59.320023
11.119599
4.000319
12.600056
34.517426
56.697163
24.999977
13.076559
24.582964
11.713003
22.754078
18.732132
16.510983
10.760377
19.6751
11.596497
11.190835
5.715395
22.570915
8.779222
12.665095
18.537857
38.901993
28.007109
23.95942
22.013515
20.431328
13.87214
5.9493837
18.197193
27.489897
24.902824
10.936707
8.62385
6.597513
13.747118
17.197271
37.62592
24.734114
29.652987
30.026272
42.640514
18.606573
45.97853
29.244596
14.215554
10.018787
15.215714
18.568712
24.204126
10.753605
21.449453
25.22588
21.042002
12.793207
10.273616
40.148697
6.3989153
15.244132
30.17263
17.333216
13.311641
12.933044
16.68299
18.821815
7.219348
20.213856
13.271998
9.874286
23.174927
11.413714
12.9751425
16.785627
27.125996
11.247767
23.844004
6.293176
13.004024
11.246929
37.098778
29.156494
36.269913
14.6625805
25.792456
19.81872
18.411934
14.293894
40.10125
34.62041
31.92394
13.210424
9.464767
70.86175
7.2579846
10.012298
10.731884
9.639956
14.0528
11.558432
14.655401
25.527626
10.703385
38.330563
17.904726
19.434956
19.669554
32.22723
7.330183
11.365517
8.766873
14.005093
10.001624
14.364345
16.49473
11.017633
33.98875
11.881493
33.54928
23.572609
30.90824
14.461732
9.326826
12.076095
29.085316
25.68875
44.318405
11.531339
19.228195
48.800888
25.470081
28.98416
20.895313
17.074945
27.354729
37.4673
38.084766
30.350632
20.215267
57.95696
15.195388
22.804556
12.373355
24.813835
17.500095
10.887871
22.606352
20.395237
26.339643
33.36806
17.010262
11.727687
15.547779
22.208881
27.116217
25.776865
4.88094
22.35118
23.778135
39.2358
22.613121
48.197315
25.51677
11.947256
25.745623
47.80226
19.906826
17.817455
22.742687
14.368565
15.65264
9.9486885
21.460136
39.546978
20.23984
24.712996
8.024906
30.306135
13.247555
22.85587
30.055195
6.63836
50.539913
11.717415
26.572353
31.673653
26.524172
26.201172
28.33263
18.173563
31.436306
9.280658
25.359547
11.987533
16.363838
17.849255
29.507421
22.936712
29.084187
31.846758
24.818422
50.213882
26.97053
36.518166
42.558346
49.178364
27.836206
28.989843
41.963158
34.451935
29.305471
25.800331
23.971254
23.676905
36.063725
27.277071
35.28758
32.525875
27.193079
52.49824
32.534687
44.55289
42.14098
32.98208
14.42787
20.419907
12.924722
8.15677
41.61094
36.72724
25.818708
16.08973
19.80818
42.398384
27.644182
17.083826
17.765968
39.739803
22.033493
25.008717
19.855854
14.474706
25.065098
35.541397
66.24734
52.64148
67.204285
65.85302
46.05403
41.722668
58.605648
39.912094
43.607574
48.73749
42.282158
44.32668
52.610683
39.693523
66.99742
87.067215
63.54967
78.59402
55.37877
50.193005
13.201922
24.292065
34.329975
17.902485
15.608196
40.95851
12.724264
26.341772
28.279408
32.40661
24.300682
25.114902
13.005518
12.44135
19.530571
11.717949
17.185446
37.036037
21.96546
26.238062
40.32136
18.887909
8.067277
12.654954
20.6912
25.630354
40.467617
27.94484
22.361143
42.81745
36.250477
9.545005
19.424843
27.012596
51.124737
43.14832
54.26826
28.186499
60.113495
54.088856
28.123642
38.01245
52.052734
78.17512
48.61448
55.919266
45.25938
50.52407
45.307777
35.7673
58.078354
58.862354
71.912636
48.03042
28.49858
46.017174
18.12994
9.950958
27.538286
23.605768
22.498777
12.463288
27.680742
31.54133
22.549866
19.66406
33.264286
5.991774
10.313933
23.020592
30.08904
22.32455
14.9038315
21.30971
10.602974
13.065137
28.08794
46.186504
32.89908
7.804005
20.429617
11.70888
20.82174
39.94023
20.12907
11.009663
20.072708
17.86506
68.067566
54.901268
38.990353
49.38294
33.12411
33.758377
22.016785
4.9420853
12.8622265
11.456121
50.23865
18.478466
22.618235
9.944468
22.631575
17.09305
28.064154
11.138928
10.52167
27.198969
13.565687
23.713345
38.901325
55.82575
17.153538
22.163042
56.501083
34.212933
35.267025
28.39521
36.621193
28.937708
33.84601
75.550476
46.31392
31.047852
37.553295
23.56836
22.768888
52.931786
44.329277
58.610306
59.95025
32.515476
26.254292
23.29372
30.484703
41.83803
30.562117
17.99822
26.418247
41.968224
32.473537
28.889847
33.705246
60.476498
18.408964
19.133846
46.764423
34.32699
11.3090515
31.407122
36.285892
19.686193
34.74375
22.743454
8.230346
40.985233
33.254234
15.904047
19.670847
52.714035
17.372927
13.165027
16.261822
17.45483
19.686337
10.390595
24.546988
20.783886
29.40951
41.365677
27.705107
10.820913
16.23525
29.362825
13.31923
28.073305
23.954063
25.494797
28.496397
15.021316
25.132967
14.060621
42.520668
34.77066
29.556814
60.69287
27.66361
45.56053
23.324753
31.702038
42.137527
30.91109
26.626534
21.556652
22.904247
16.608675
21.995176
22.965115
25.36431
28.781172
24.83961
32.11858
24.585466
24.458376
47.883793
58.643967
10.019454
23.17954
60.98526
12.99063
31.13207
46.197716
7.959518
23.120127
42.683826
32.62388
15.283034
19.360792
20.219398
6.830454
21.73488
34.07068
26.881811
48.189606
10.576166
11.520291
28.611546
41.70923
21.284199
2.9057462
14.429413
36.10997
8.974215
22.791977
15.147029
8.99938
21.177956
27.248804
25.18309
33.045265
54.000908
61.06593
57.185265
54.83059
36.816612
27.087358
12.070565
32.52114
15.77645
5.079713
5.874657
19.586365
28.574682
16.058405
17.75725
17.65103
47.518593
24.42571
17.325169
16.517134
24.365582
10.317731
20.18224
40.61347
18.326868
9.297973
16.284689
13.506831
38.325512
6.1818714
29.601309
14.045575
26.531181
34.337475
40.643898
34.38926
54.659424
21.972534
35.18999
40.72239
24.127954
37.297287
32.81655
48.163887
27.761635
29.132317
34.30328
16.832708
17.286715
15.069231
13.915867
32.198605
5.4838686
24.31421
9.1043
14.61588
37.297054
17.085686
23.825523
19.006384
24.209871
39.530033
31.402704
43.45366
7.871067
20.12939
18.152124
30.319195
31.020042
21.705254
21.9955
18.680374
13.324586
15.889212
40.749413
41.14374
35.768375
12.354017
23.980337
24.073599
20.986927
33.398476
18.670046
21.16251
6.261013
19.667147
52.882305
20.221804
31.00635
11.818015
18.719593
24.993538
17.08339
24.276636
6.4559608
32.436726
8.537397
35.412975
8.640397
29.712553
32.587418
55.98696
31.077978
33.66233
37.508907
35.058647
34.284534
35.5839
29.15194
36.4982
46.627052
27.200396
14.069413
24.017353
42.529613
33.531986
17.210651
40.833424
18.465303
15.686619
21.736364
18.544975
6.1335564
15.838086
8.90768
22.433933
18.467363
20.633116
9.364176
9.728667
8.966072
42.39066
21.212065
14.95317
18.429907
26.01087
11.975384
24.556736
17.484167
13.467877
15.105703
9.4985895
42.217842
16.571047
10.219508
27.586723
19.275684
77.8662
22.731455
27.501778
12.217637
13.442139
21.514183
36.076366
25.170334
20.740568
17.070572
30.60861
22.32774
23.939882
10.93971
38.35467
8.095127
17.239094
24.88612
25.394798
19.15971
25.302422
23.117102
21.63686
15.38113
27.80982
17.253138
27.64837
22.583223
18.55393
13.420659
13.048637
10.763092
45.009594
38.08158
29.696077
44.752296
55.158836
19.273117
13.162638
19.82443
27.412992
23.39004
23.481016
45.898685
29.744257
14.534565
19.226984
51.483295
24.970041
22.881126
24.394445
28.537909
40.27223
35.52174
23.911654
33.264835
41.656204
11.104802
25.8871
32.00091
17.28294
38.623356
29.32727
24.047602
28.492304
10.39774
41.02031
5.8566613
20.81395
33.239613
27.153936
51.017056
17.73101
15.647717
39.201874
12.529071
16.086058
22.536
15.75504
15.231867
22.4026
25.447124
12.962202
37.93738
11.78548
43.95027
27.917212
43.312294
11.497907
14.507476
15.921605
13.917868
25.965368
23.431746
24.969803
29.239382
36.48791
31.531805
19.835897
17.495861
17.918297
28.996618
3.8806946
67.55271
16.125975
10.931144
22.798172
28.953588
18.888945
22.915693
31.46155
9.802372
25.78982
21.045803
11.945651
12.625741
14.693996
23.075092
24.160086
53.141163
28.140982
30.000422
27.865532
36.993397
32.924713
17.722961
17.280813
37.054756
59.964268
60.731266
60.843273
42.176533
38.169422
51.31404
52.7469
58.075977
59.92638
37.757904
18.290028
11.480638
16.930416
10.364514
51.95302
17.381516
24.160881
22.976334
39.52768
19.832872
37.66137
21.484198
13.93832
23.580296
24.870214
19.428717
21.48637
15.965124
29.574429
39.34277
21.18314
20.034811
42.38089
32.63989
28.419767
26.09109
25.312944
38.615997
71.54581
36.24849
43.52682
21.800667
18.954294
30.895554
12.387301
11.354001
10.280927
23.548103
19.885073
48.72297
10.3596115
21.60093
14.703199
17.760414
1.2021066
6.6861925
13.656319
49.908173
17.75979
19.77798
17.610394
51.529438
23.505789
30.960789
40.02614
20.653399
26.919806
56.427628
37.98805
51.84372
75.4091
9.0435
26.705383
10.513943
55.14893
22.82291
12.011469
15.39722
13.473851
38.616074
48.665752
2.945862
15.242965
27.082382
56.531483
40.78849
38.568745
50.520798
42.55858
38.587772
19.832176
19.944254
36.220997
17.300615
15.375984
15.55508
20.098701
25.762663
23.903698
14.153623
15.061493
10.792334
30.153637
19.705452
33.857807
20.101334
20.00194
14.507507
11.050393
25.864792
25.74938
21.19235
37.65245
11.608842
20.091362
7.4415617
27.469368
13.4688
15.205392
21.959745
31.390963
18.748667
61.264984
25.663801
16.698595
10.8207035
24.948654
9.441549
15.572385
17.771416
9.020462
27.98751
13.054231
26.59089
18.68513
9.112433
58.238007
33.68991
24.83928
29.148474
19.46892
6.787059
37.397343
26.49062
12.896801
13.305414
28.399328
12.763022
26.804216
19.260612
25.821726
33.811554
19.630884
13.441669
11.684936
21.303791
13.117577
10.84943
19.946636
38.43924
47.91458
48.80973
64.54755
91.217
32.123062
19.309246
33.733883
24.321857
24.802618
37.64653
22.315533
16.852985
15.999045
28.77417
32.868782
21.92608
17.537102
35.534214
49.3651
18.489721
21.133814
30.475029
50.041847
54.702656
28.56727
54.26995
44.280163
35.198807
34.935455
48.017998
33.218178
10.26034
18.475893
28.520685
26.197006
32.03326
26.117311
23.565712
16.249735
15.234306
27.434582
30.98832
17.607313
29.578693
14.269369
24.849289
23.435688
10.32366
25.776821
57.65395
47.255463
16.59629
22.513731
13.849334
18.96851
37.490196
11.452846
23.442087
23.921232
21.820984
29.531488
35.355385
18.15649
19.83673
11.226531
32.58435
27.307121
31.957373
34.717934
10.712938
18.661245
20.004524
14.439719
21.613596
14.138012
9.894086
12.6784525
8.08164
39.94954
8.494846
50.206562
26.339619
40.164486
16.994787
14.367317
16.521141
5.0328026
18.330793
30.316212
57.800137
23.891024
17.647097
58.530895
26.227179
13.011078
53.12793
12.394146
23.920942
18.028294
11.639329
18.370556
11.861594
7.221966
21.35028
7.9586525
16.872574
28.37115
14.010935
31.501581
8.587776
14.4486685
8.975646
21.316101
18.214577
15.072439
14.220059
52.685925
28.644066
35.132236
40.60936
8.011618
27.416523
42.258068
20.712906
6.6489773
13.33548
15.768665
13.681365
18.9315
43.05615
13.184744
29.888466
24.137983
37.541553
29.684986
30.674475
20.127813
12.890916
11.556265
14.150112
22.478758
39.43795
16.340597
38.967583
36.9385
17.625013
19.443556
17.787333
22.790644
7.1287065
20.382313
11.3007145
37.624817
18.177868
20.901392
20.356245
28.740685
8.795893
24.618376
13.967681
8.065058
32.421997
18.746086
27.921833
21.60565
12.348386
21.050074
9.309627
16.615742
23.669424
26.732306
12.421055
29.589304
19.818409
26.174236
7.9882383
25.179436
32.733643
22.74545
34.86502
13.5758705
13.00465
14.351034
8.894539
27.787304
19.083176
19.833862
31.117176
17.24812
14.244886
6.6740932
37.708553
18.004562
8.663189
16.788706
28.187794
33.75814
12.125548
13.843467
22.566534
12.106361
9.91807
78.353874
42.077885
22.503162
31.618101
13.31139
16.560036
11.202274
18.22905
4.800516
15.1341915
27.338215
35.097595
7.31019
27.106201
17.132446
13.409867
29.63823
15.860041
22.21938
16.239408
12.5237255
11.837423
20.334305
8.109864
14.31086
23.32687
31.402693
49.31641
10.54208
14.625164
14.6129675
8.0702
23.188938
20.167845
18.60678
12.340171
22.29404
1.0911381
3.0711184
18.556635
17.307035
26.552322
28.532742
40.262093
32.52868
27.030602
43.53645
50.309864
60.512177
45.49226
42.223427
77.23259
52.482647
47.47158
22.863703
31.32252
29.76274
43.049435
21.906372
28.362751
32.49177
30.58818
35.519962
20.575369
18.648909
19.96562
29.179289
22.399868
12.031385
13.562797
43.56022
14.153504
16.837353
10.695792
11.265555
8.870467
21.31142
17.55071
18.336329
10.103786
26.282887
25.825201
20.000677
23.815392
24.448252
18.578001
31.321173
13.415654
12.685674
10.871827
13.486289
13.618247
26.403294
38.734142
23.046558
21.392567
14.020421
18.96997
20.460548
16.038961
17.684744
18.260462
30.438766
71.5793
45.756046
14.21941
23.835665
14.931474
31.150545
10.92588
19.652918
12.629468
27.562952
45.07673
26.35363
44.709938
57.34251
57.750057
29.45791
31.785845
36.43285
17.557331
14.40049
24.447302
43.78671
55.180164
46.677353
64.53872
44.918125
61.540913
42.246456
66.14536
37.749027
40.220592
59.756783
34.768482
30.664648
28.628914
30.707685
39.302265
35.186874
15.912026
25.230093
32.241425
17.638256
24.638012
9.061224
17.165674
28.700222
25.576094
6.8231816
15.604461
21.904305
10.848488
39.024223
19.309809
18.917381
15.003539
28.73557
52.739147
12.713463
6.8050838
8.679252
17.517345
22.78321
25.422626
26.484644
22.644325
32.07696
31.802465
47.535526
30.104773
9.880736
38.477554
33.26186
21.396423
47.871983
26.719772
16.195885
12.373859
30.602531
10.685733
28.478672
23.789217
8.571349
35.038464
25.443613
13.31161
25.157333
24.528719
38.531784
7.2888994
32.7739
38.859947
37.910675
26.097656
21.892492
25.34431
25.3042
21.580948
12.923462
9.540373
17.897917
13.341593
14.569836
9.902833
12.38331
24.98123
14.7681675
42.252914
19.926134
18.790295
13.003726
24.771109
19.673113
25.892267
31.59063
43.89423
51.218983
45.060715
41.476227
36.914368
19.713976
3.0634704
17.047909
45.381325
25.343863
25.026684
34.787827
19.435284
42.332573
37.385517
39.09058
14.134063
17.842749
24.284815
16.01048
39.436703
16.630198
24.67666
34.8877
19.267195
7.998882
11.269209
25.710283
25.36583
19.059553
16.421053
25.335234
34.289658
21.05289
11.539116
15.706341
26.52401
14.360104
20.581615
36.201725
11.799294
17.429676
12.594457
15.150077
18.885143
25.167566
33.732906
28.21656
25.69049
16.852028
20.502562
23.681187
12.155453
20.617239
14.519425
36.34422
11.982052
31.326696
19.439444
39.38258
59.205578
8.619975
24.1278
21.066721
24.877762
40.492123
17.29789
17.254644
16.703491
10.630506
23.743313
23.103004
21.399036
30.746397
25.333513
17.899008
16.329012
8.479695
6.6208706
10.248349
10.17544
13.511635
11.697689
30.96795
23.259958
25.826868
28.083174
9.6652565
38.30677
12.580827
29.319893
24.16004
28.054232
10.685563
27.913733
26.909077
9.388681
13.513196
10.32046
12.688169
15.85059
26.865774
25.221153
7.5883856
27.530254
20.111849
19.050537
45.260826
11.646967
18.231676
4.6746273
7.773538
13.267199
6.022703
7.99597
9.092157
17.151466
12.233304
17.318422
8.489684
30.405571
26.311895
18.816751
15.52374
9.476829
11.119142
5.1906776
11.901902
8.954086
5.1061583
12.569876
31.45563
34.25367
28.072142
22.224977
24.613777
11.616824
12.143119
21.876116
12.6891
8.568482
17.22434
34.770702
12.032063
15.321112
27.860332
21.368689
18.819916
19.65693
26.519093
19.837814
28.887383
25.659348
21.050432
16.173939
33.470318
44.687557
15.025561
17.50798
15.656399
18.9308
16.137081
18.818169
33.994797
23.505632
39.646835
15.72157
31.962324
35.538246
9.113575
33.503414
21.801458
36.63043
10.249264
12.909973
7.2049694
18.797157
7.2001667
20.263447
12.238612
19.423042
29.358915
46.88917
13.73634
11.965723
19.577143
23.766846
28.40133
16.690023
41.3499
40.248302
37.700684
18.555689
22.649952
23.361584
25.02329
29.005606
17.031767
22.812439
11.525644
12.516915
17.192808
12.2438345
10.040768
30.39251
17.097193
26.767195
18.851007
35.356876
32.233814
26.851467
12.191524
6.178299
10.748186
14.455645
28.347878
15.048205
17.749668
6.8457556
12.809412
15.456343
39.775112
12.090598
26.965612
3.6233904
23.217125
8.999535
36.684418
15.055828
7.1776137
42.66504
36.521374
23.598492
17.048878
20.175776
26.210386
5.326994
39.38349
16.76978
30.258642
30.504053
31.773865
13.519955
25.172192
38.83434
34.261585
31.127474
9.996483
15.03223
28.748508
17.108257
12.412141
28.445572
17.38142
10.659611
19.156807
15.475339
12.420531
22.248354
23.217163
56.021072
31.714417
13.499338
27.199408
21.487812
5.3239913
26.962915
26.921036
33.69284
38.279064
26.833443
45.273148
26.39061
16.302385
16.914299
48.18068
26.969545
25.657505
32.379276
40.72139
9.06388
22.965113
51.51506
25.870031
30.18949
31.70165
33.249424
28.350227
36.409157
25.144035
30.037586
38.366165
43.62901
43.58425
18.997074
20.723318
34.139515
11.099763
19.506575
5.2813125
16.284122
11.692716
14.095412
21.003525
21.22564
27.753445
25.17162
12.69759
42.02843
23.555645
79.76491
22.495127
15.586919
11.057777
46.23483
65.55876
41.78076
10.222082
17.756071
14.626709
28.442495
35.383053
19.210833
31.233809
39.518597
18.97657
20.939325
50.94877
24.805717
14.514253
5.8939943
21.782547
13.954874
29.68722
11.490293
11.330166
31.5443
12.44003
12.901817
27.09777
36.326916
31.022083
9.885983
12.04137
19.874231
10.968875
10.732983
9.634256
18.2477
20.338387
33.83889
10.98652
14.003354
18.69029
15.522572
16.941439
13.243705
19.461344
27.23647
37.909054
24.158081
39.511955
15.841278
5.928382
31.834055
17.179344
16.771849
14.93801
20.952015
22.319675
9.505527
7.8392544
19.979694
28.677519
18.37393
40.56422
9.024586
12.26255
10.881134
15.804129
34.608803
34.971058
29.573393
10.720907
17.004145
13.050046
33.582623
43.64603
27.618914
10.690673
28.805439
15.986828
15.145516
13.863551
12.404459
17.821037
17.456484
69.342865
19.351646
19.854101
24.067295
9.621402
14.589072
16.354607
11.107899
17.080564
23.928474
36.65536
35.50071
41.522045
23.980593
32.434555
13.306341
11.341496
14.057254
16.629435
18.635069
11.763505
14.959351
14.768681
19.026905
22.896301
18.93556
9.596239
16.16932
15.546448
20.388199
22.043064
18.289366
19.760475
20.891878
37.441185
41.925034
36.9514
8.088238
24.895815
23.970581
20.100344
5.829779
15.435472
15.060338
17.100042
18.277077
29.020994
14.505194
16.508135
20.535698
12.459429
23.144947
6.793292
38.657146
32.96193
38.275494
43.2019
38.84633
21.301767
11.966443
7.378662
10.37704
23.146635
18.460365
19.454657
21.742847
19.998537
24.106897
22.737478
58.31955
11.4563
12.31031
19.972227
10.748871
15.070678
21.549475
36.032017
32.33079
6.958194
24.498041
18.45108
38.788723
29.24031
32.78496
40.708076
51.033947
45.818424
38.592594
47.8091
36.49641
45.27208
22.518312
48.8009
16.32436
7.824265
20.443455
7.6091833
9.523236
28.606987
26.318455
13.71467
19.71135
18.768099
32.404694
28.97987
29.598213
19.549501
23.5076
15.220901
15.088055
21.6566
4.125998
45.122974
77.13169
23.213598
8.408269
18.960993
29.312534
24.163067
32.17346
50.13332
23.114378
25.600906
13.729648
9.6357765
12.748197
10.234832
7.6523485
15.062937
16.91761
37.1957
4.632891
28.59577
43.57151
31.583014
50.760086
55.282116
48.204716
12.049765
20.925014
22.383955
6.408495
16.062752
15.051687
25.819996
5.47906
10.050759
8.54979
28.159798
10.254261
30.807138
34.873608
45.65827
41.695614
43.854176
50.224663
69.03056
78.51176
60.8277
44.55265
10.860946
18.964624
8.327232
3.3052855
8.584679
22.816921
15.342871
17.42621
28.261358
21.770786
23.535168
35.364895
19.673508
26.126331
30.630299
18.90511
15.90377
23.945007
25.325632
8.014588
11.582987
10.234608
10.074978
12.776181
29.693283
22.483816
15.425197
24.948792
31.517977
26.958277
38.869278
37.8727
28.304646
41.442307
21.326147
28.302973
26.460947
93.9596
72.076485
30.824585
14.4616
23.099028
22.872093
44.676178
25.891209
10.355756
12.964077
43.295544
18.268913
24.095058
22.056435
27.153994
9.237818
27.000969
31.773666
23.037745
27.722794
26.309717
24.15711
19.398626
27.148426
19.71345
27.21937
36.30122
51.17242
45.15996
48.052113
36.804516
45.462402
44.177364
46.65914
45.239452
38.20313
56.886017
12.45495
24.42299
13.989567
12.511744
12.875657
15.087167
22.17091
38.78659
29.154936
12.020089
16.654716
18.93263
12.590088
21.88911
11.021267
20.153267
8.618687
13.875483
14.7990675
23.02206
10.735775
30.55706
72.6651
8.209676
27.302135
12.012694
24.386694
18.88963
39.14411
15.592795
12.3481
21.494726
12.651664
15.084925
45.93678
17.466717
25.094524
15.941118
15.787411
20.874363
27.118752
22.858915
25.143887
11.865852
15.993813
20.574245
20.823553
19.839634
31.39155
21.585459
24.479507
15.430099
13.44182
34.11403
24.062468
25.749866
34.810425
21.558245
21.791601
14.37151
42.49584
21.607117
23.250732
24.736883
20.810766
36.697323
21.90829
15.159825
34.68844
27.006786
8.226849
22.000578
7.6904516
9.201561
25.377642
22.832458
29.660522
10.245872
18.678896
18.13002
20.338158
26.462584
20.385813
48.957733
20.523523
24.906767
18.880743
34.246716
35.469128
27.880922
22.346159
28.922401
16.461084
7.790994
21.1627
12.478668
15.208493
6.8793297
19.3163
35.336037
16.223972
19.129751
30.124517
27.152542
33.26899
19.740332
16.231749
22.098713
27.078953
39.786453
13.438063
10.423672
21.638725
26.875034
30.798628
25.044456
14.789706
12.989466
21.82591
28.805986
28.926338
30.50987
32.95433
42.22668
10.258549
17.270048
22.323235
8.295012
6.8549476
8.558639
12.830536
15.870497
27.774424
16.526451
15.1157255
46.229717
16.20988
37.756943
14.163177
9.892659
25.341614
27.375645
42.87706
21.01097
14.631024
28.740105
44.432377
36.09117
17.162067
10.431849
15.476859
4.891541
31.370764
5.8455753
7.426428
20.671406
4.099289
18.402956
34.164345
31.75593
14.319256
10.10268
17.974825
10.464145
20.134367
12.310434
26.945765
52.344093
38.237625
11.117629
18.580383
12.771284
23.353138
42.917515
18.931787
31.86708
27.513727
50.90405
105.50107
15.10869
24.552404
20.84363
27.16699
35.805573
20.875473
19.034391
33.5532
28.10456
31.433344
13.789243
24.529839
7.628776
29.962025
35.50945
10.115634
5.701009
39.39027
12.013868
25.500626
30.037643
32.32918
24.378511
20.62404
34.498608
12.578155
13.258714
22.94722
15.143424
31.153122
8.646255
7.3197494
11.208731
26.31291
36.469357
39.73758
43.207104
52.70173
42.704735
42.26956
24.973303
14.671147
19.421156
10.703144
25.930958
11.5152645
11.139246
28.9844
17.480568
21.304977
23.90399
17.084137
18.861805
20.764736
46.862617
16.604197
16.018753
8.740273
26.0792
25.282303
42.74725
48.302143
31.9877
19.2956
17.535828
22.138071
11.218235
18.325197
24.106096
17.7679
53.584644
13.012478
12.680423
25.5685
22.763351
23.340496
24.25184
30.370827
30.055927
12.191224
28.713568
14.675587
23.349014
19.235188
23.332405
13.625165
25.578327
11.837896
26.763067
43.09612
14.960359
15.946545
17.917988
17.86406
23.048044
13.046748
9.2915745
19.766663
13.453513
25.606138
21.318
11.828985
20.153942
16.436691
15.509592
26.774603
7.891517
18.053778
23.18148
21.828568
26.446178
32.27725
18.399443
34.73873
24.876482
21.441626
32.289814
12.153586
31.500559
34.076767
13.054491
26.335854
38.82167
20.34502
20.276266
16.306427
6.421465
32.678318
29.16109
28.578236
11.380825
4.583643
21.211548
23.875977
29.568926
7.2274847
17.553152
14.215745
12.954332
19.303442
9.142449
13.526162
7.8217793
20.17443
42.86538
25.068552
19.642773
14.815824
23.275358
21.479849
26.007387
24.14773
13.996635
18.60036
28.200567
18.220844
15.984962
12.624879
11.60959
29.1245
18.580425
27.302546
13.029409
43.683563
29.736904
25.683765
19.685009
38.996513
25.704624
20.878508
21.672754
25.391043
16.158817
11.587799
34.010704
28.185112
24.012772
24.31644
24.567371
17.457832
10.567648
11.241127
4.3233013
7.091472
11.116859
9.899025
30.46125
45.42215
11.100852
13.61175
8.642509
20.023548
36.41761
40.55442
8.518534
29.258545
8.092728
6.431286
19.33419
24.900503
29.643723
20.799637
19.385502
14.929291
4.1350536
21.369379
17.580385
26.079216
28.464445
19.284048
19.216434
25.199026
32.036633
54.58167
11.947897
16.087854
15.2294445
15.861459
24.662514
28.718054
19.184752
5.8524795
15.913853
9.902539
23.945837
27.718971
29.358511
13.114052
18.389557
15.252468
23.820198
20.325148
39.95603
29.175938
31.054127
30.95097
51.417213
45.440014
42.789406
18.848076
7.923286
30.255232
51.216164
17.951958
10.970707
19.963808
24.915913
39.77044
15.116927
30.493437
27.577337
23.999826
43.63829
31.771416
26.700562
5.494084
26.6658
29.532341
42.4254
46.061855
8.741334
26.743557
44.92336
47.622868
38.890656
46.758114
33.65746
24.672583
30.003462
23.116987
12.061113
20.83536
5.1548142
6.618029
26.227942
7.0851
7.7876735
29.780039
18.483606
24.022434
19.020042
15.284021
13.582296
23.54374
6.3752685
32.641808
7.578444
18.77722
21.235842
23.221704
5.9450617
17.00032
9.849366
17.208973
29.840538
20.620205
11.971305
11.063529
16.705097
10.415873
12.727503
21.03144
21.16327
19.531532
17.125132
28.743376
11.342317
21.542706
37.56867
27.553284
9.518073
22.733162
21.386318
21.219736
38.906757
67.12015
21.709679
32.808067
19.808722
15.92349
20.79227
22.922207
37.667233
19.13037
10.573723
15.840183
43.147144
17.690855
25.940985
35.01277
25.629436
15.811703
18.458923
28.253601
24.671558
13.608021
25.51128
22.783482
24.09598
25.163307
19.63117
13.493056
26.511465
30.518764
34.694675
27.672945
5.683829
12.380555
26.513334
12.284981
6.7959523
9.552774
18.66167
31.399961
19.368023
14.756961
10.732875
10.575017
19.28205
23.606228
22.157621
23.45173
16.361435
8.316721
18.47912
13.915485
6.53224
29.587696
23.119802
16.54153
18.164104
21.922512
15.094719
10.70299
13.080896
41.13829
15.749917
10.183431
22.342878
6.1937494
10.998368
28.36957
13.225255
18.070213
25.854399
28.105463
17.19998
18.391403
32.50907
27.555489
49.4687
25.729115
36.952835
25.622086
35.25753
43.074413
34.520126
40.6544
19.163952
25.83257
2.9536397
18.44609
12.493519
14.303688
27.755823
73.84241
17.540085
18.956594
17.105928
22.212444
27.571672
34.649307
25.122622
35.051727
26.761974
33.14554
19.675182
24.237255
26.446531
27.189407
9.764535
16.508476
13.462322
11.35009
37.119736
27.787914
29.505058
41.131435
30.843117
34.15881
6.431977
35.1212
19.459005
7.6676226
12.683128
18.479462
41.17899
35.627335
31.55295
41.187332
9.958483
16.131327
29.21986
44.897583
5.5714808
25.770628
25.16107
15.010822
7.431793
15.591057
18.886875
14.750243
25.488121
18.080896
22.063902
19.789108
18.817211
14.809841
15.75709
17.442413
14.891497
20.708393
19.287056
34.269993
9.098516
15.560017
19.806252
30.277456
14.7530775
25.466267
12.7645235
15.491825
20.490757
23.103765
18.239647
42.725746
38.57322
35.17018
11.015332
25.07221
17.594885
7.429668
27.97289
14.149525
41.120987
24.575638
10.250638
5.1574583
14.577275
16.98855
24.750689
13.661839
25.451105
15.2861185
14.446524
12.535101
13.873308
24.635399
10.4971485
4.8064103
14.540603
17.969786
11.05304
20.78448
11.889033
48.071014
51.642315
66.43303
12.252267
10.09467
16.402004
14.11234
13.375111
20.126633
11.804322
15.613438
5.0644283
16.134895
8.832416
13.348639
13.235876
12.416398
19.24399
7.6183386
16.726883
20.257858
14.483038
5.156743
12.32294
24.902624
14.048609
19.007872
9.92113
49.34828
43.554214
39.31015
22.549322
7.530385
18.653772
20.847057
17.106915
10.81217
17.48829
9.396807
33.44396
15.381635
14.820817
11.491537
17.555294
16.39348
20.425951
19.612305
16.047632
33.03394
34.9332
23.939629
26.677105
39.25527
21.137537
29.942625
24.476568
28.599722
22.926098
21.196627
25.539288
29.542854
21.037832
37.391537
14.728286
16.359425
37.021866
13.061985
10.558069
10.637638
13.969704
28.506739
19.441381
21.08687
32.943363
15.220268
25.892832
28.766914
32.18816
24.67785
11.117436
22.861492
26.162634
29.033836
29.301714
26.052414
17.58946
17.208317
12.454511
42.75262
36.044052
31.345793
28.058464
21.504204
26.317385
38.79448
11.209151
34.183678
2.6338766
28.312202
25.59028
23.674109
16.38496
20.96863
22.60874
25.704721
21.312237
30.953424
8.429752
18.871443
19.136024
16.052862
20.144957
22.111378
9.134815
25.42989
21.91564
22.334185
11.444153
20.23558
18.79573
18.198933
11.611255
44.73309
10.312467
23.650915
17.416462
15.390743
20.817907
7.520895
40.935413
13.568007
19.571617
20.29157
25.52316
12.765537
15.144177
17.010479
29.959734
5.40292
8.089445
12.86529
26.054346
23.198586
19.29666
13.010376
8.782777
8.94197
46.546043
24.624
12.913029
17.695667
30.945223
19.309668
28.24907
24.788813
19.948946
7.0947833
21.348194
32.25153
24.130133
28.448801
44.485584
5.127882
18.590378
11.452904
25.595116
19.051256
13.724512
18.078154
15.967915
16.864862
22.713821
12.458169
44.910755
23.051374
9.261801
10.706181
14.604077
13.745447
14.400675
20.393137
23.489737
10.582961
26.452713
35.023407
20.977707
30.481865
10.892956
9.979062
12.877235
16.50188
27.67901
14.145487
10.448325
21.81864
5.9344225
13.9670725
9.139137
6.5313473
11.483687
22.19152
36.24419
17.49358
24.500221
28.360786
9.855133
23.52973
24.871056
14.642243
12.874187
10.533688
13.449854
9.640251
4.2874584
34.393627
21.651741
12.997758
20.597929
18.781538
9.69264
27.76374
17.1372
20.889475
28.675222
9.449447
57.626934
22.53915
19.485613
26.561913
23.038307
19.487799
18.185284
12.672688
11.67042
18.205307
20.507902
15.69662
16.41638
18.056782
19.843878
25.906902
57.36831
18.794024
30.884897
36.59291
38.744457
16.711035
22.876272
48.474384
20.733753
26.48497
35.548634
17.03236
25.731865
19.30883
13.362696
20.290384
19.80279
28.015863
23.009377
12.5484085
12.4128
10.984694
12.287786
19.04608
3.2263467
25.509687
13.379648
23.595636
11.787322
13.772345
29.172674
8.806346
15.130797
16.415642
17.947834
11.743527
21.462091
21.665855
21.93063
23.80119
15.334573
30.499245
35.518867
26.268003
17.21448
25.276217
31.870611
13.371899
15.769034
42.868176
37.347073
21.619928
21.991709
49.375885
69.20789
11.370533
12.117213
10.532728
44.46952
28.87746
17.448969
34.287796
19.04734
33.368603
28.388687
9.641195
4.0976925
15.781536
22.39523
17.752283
24.645391
11.419774
23.779263
32.1027
34.4558
53.559845
18.816301
30.75366
21.423157
14.101082
3.884785
18.090324
26.718256
33.066036
21.470276
35.332375
32.408302
12.368726
9.74211
17.858082
11.694314
21.765997
11.047741
6.6562734
13.450881
21.799767
7.645154
18.870882
25.730162
8.459026
25.011751
32.973682
14.556559
17.58611
11.850255
10.182676
11.667598
17.126396
13.773901
15.884038
36.73787
33.54006
22.270882
9.212781
9.474558
19.01621
18.534348
60.686203
9.844013
22.966238
38.959476
15.330718
9.267851
24.607573
36.728214
52.50631
14.5616665
9.491365
8.2720585
21.270836
16.84762
28.814898
21.363304
30.529749
20.082264
17.920107
28.98135
11.75109
22.065039
34.784943
23.286087
45.815582
44.52584
25.595947
7.7909656
13.027761
23.242582
27.969238
19.652899
24.467531
12.4385805
15.995605
6.6405735
17.914211
20.9254
13.767259
13.622071
8.873463
26.55764
16.75499
27.891546
29.537657
20.176907
19.202038
15.43193
19.398727
34.858604
35.92864
24.307405
18.608944
15.612199
6.3010106
7.9583216
32.927643
10.909817
12.301989
23.371672
29.596138
34.402
28.511969
25.608482
30.919981
50.20006
24.19253
11.041823
28.214134
17.383978
23.234468
22.324821
48.07691
34.306236
54.831223
55.309498
38.19891
18.565353
21.030449
33.529755
20.840097
12.666975
17.209127
29.036448
11.901912
13.605678
17.763988
29.982569
40.93582
24.617414
23.644156
29.008911
8.856257
19.48679
6.9185243
14.924027
25.827686
22.028093
12.788054
28.29271
29.084345
13.749988
28.409763
16.255749
13.255285
11.881705
53.384003
17.588388
17.543749
30.480396
36.889977
28.984802
26.89047
28.265583
24.545242
13.779978
16.873669
11.83269
33.88636
14.005401
21.895193
30.586061
28.19079
37.58672
84.19168
25.510674
35.923683
19.308731
12.392743
10.766821
6.1839375
29.075813
21.146875
37.646145
11.013285
31.971586
14.581078
31.105864
7.1319685
27.603416
13.107784
5.5474825
30.923288
20.035889
13.900452
25.231783
28.141026
18.77193
24.646004
16.6564
32.580208
26.722052
24.174616
16.042809
86.24337
36.81845
37.22682
13.663322
19.432478
16.874811
21.590252
12.467629
23.892662
16.911959
26.15327
30.640348
34.19391
24.983326
15.853349
5.2311416
4.8371887
20.24698
23.970892
28.782616
14.693518
25.675526
11.766994
19.117409
14.384341
17.51617
11.579686
14.935696
19.082605
30.65715
20.790394
27.872553
8.136245
14.609052
21.213913
10.511723
24.43228
22.4527
24.727715
22.99178
21.74324
29.300865
9.3697815
12.292442
15.518376
33.745926
24.55623
20.933216
19.114439
25.240839
26.876558
54.489273
19.199968
22.039864
21.505379
47.985943
25.382196
33.040405
23.477934
19.540337
25.69022
36.737755
21.068535
42.421215
26.388897
17.971521
16.52351
24.783459
20.560522
23.62355
12.259674
12.300251
14.273722
17.558857
29.954268
6.4704914
14.579498
26.091587
20.410917
17.560219
16.93908
2.9031065
10.31421
15.997307
16.43253
10.229303
15.5490885
6.8218913
30.590883
21.036037
35.95961
27.357962
14.137428
40.91977
35.7926
39.092243
35.285763
22.895842
17.026634
18.20157
14.264753
9.776997
21.298166
28.65575
17.71202
10.20838
18.690512
24.246017
17.271225
43.72708
67.56887
39.001938
38.2016
16.40532
14.261317
9.148665
19.075172
21.648968
39.582664
38.93741
26.794971
42.150013
40.698494
11.30444
8.499179
28.658352
29.607864
21.081493
17.449623
21.215506
17.175001
16.765574
15.192
38.286373
14.209769
20.832796
11.9542055
29.93214
11.78516
7.9951634
20.372059
60.957916
8.246197
41.087032
32.110012
10.712373
17.752462
29.36531
39.386684
32.091606
5.62243
7.5631976
7.7644396
16.952677
35.62636
40.58377
13.43322
32.292046
21.942373
7.66468
11.4563875
12.893937
3.599557
14.617592
6.8757653
28.568079
33.86675
20.274952
9.705086
12.644639
35.121704
21.396795
19.973717
15.385315
9.329016
11.773839
20.390203
29.396877
12.296578
25.25621
17.256947
21.941896
16.357536
14.610425
11.765952
11.142512
19.240227
19.282877
6.2107396
41.21477
30.58036
27.842506
20.425793
28.76009
9.605105
13.572055
7.9600124
5.0523577
12.240767
17.675653
38.72509
8.714774
18.294985
8.18992
15.136378
25.770872
13.847265
34.216408
39.96768
22.108448
15.2393
21.565054
17.191029
22.930244
24.623991
10.523279
32.306576
21.837814
48.374767
12.950998
14.507016
17.765762
16.14088
20.443422
19.592628
52.008358
28.244268
19.289303
65.83627
34.00986
9.574516
26.63414
14.712184
43.84068
9.896714
5.865602
38.768723
20.21194
18.351469
17.969309
28.930923
26.661676
11.574399
50.66537
10.390647
8.860087
4.724432
9.554182
19.452217
10.415693
10.899413
35.22999
24.121294
25.975218
11.887103
16.322916
11.439984
26.216406
4.404533
25.695013
26.13788
17.180105
44.659176
9.246674
15.29218
19.272593
30.12726
12.887052
28.451649
23.724417
26.308128
20.131193
17.159544
19.321478
8.882485
14.308789
26.149757
24.247898
12.851049
11.143789
31.44193
27.50818
11.949755
17.553291
13.327036
10.420209
17.066736
39.424503
38.357166
26.925215
29.576736
33.916943
37.588085
24.029448
23.481396
52.02485
28.257683
27.11936
3.7778876
34.098457
23.353603
17.568445
48.871613
21.030485
15.783267
32.802204
25.751125
20.108252
17.157713
10.403834
22.528809
35.214573
37.40531
25.00362
36.97763
48.78114
29.702974
38.274796
25.319752
18.156374
17.934067
32.545944
27.573503
28.845253
18.316486
38.10594
39.028347
19.830301
37.163273
11.808578
21.005117
32.7978
21.370684
25.459543
18.909286
24.389153
8.628801
3.8496685
27.925684
20.261261
18.669996
38.712204
16.779116
10.3598995
15.078436
19.6769
12.024491
8.787449
40.838573
27.637783
24.496572
27.650375
35.125572
40.73145
37.3827
30.008713
51.578175
22.451487
33.21971
29.308147
35.42173
23.234793
59.713852
51.023434
39.208794
34.950596
27.379238
15.19951
12.70509
7.3594685
11.391937
18.913324
18.073624
44.004044
10.633668
16.411997
18.346113
14.126706
12.1168785
31.765034
37.100273
22.78103
29.545992
26.909834
20.58747
14.774773
31.597553
19.157393
15.199314
25.952227
12.729488
10.661321
19.00133
23.16883
42.199623
35.402225
15.576691
33.187393
19.63651
26.984245
38.68857
21.105844
29.510796
42.683666
69.10212
60.132023
54.423447
11.557352
29.34662
8.011146
17.039215
9.508518
23.81033
31.1608
31.552336
21.91134
10.8714
18.184607
18.541073
29.627325
16.051126
20.912188
15.9315605
21.06417
23.20535
25.809582
17.577948
17.399675
25.575735
17.585974
8.988578
22.008373
33.15288
11.375184
15.740584
18.4915
11.613508
15.852953
10.973636
17.445066
20.726946
14.875205
21.526907
15.123623
7.1035213
10.370647
12.901266
19.96257
19.145737
18.966578
29.198948
27.202276
7.187086
28.45802
9.479622
12.287599
15.328558
17.739103
13.105969
11.637257
19.52088
18.65902
3.6895816
8.992041
6.7045302
46.32509
30.557207
14.624674
17.617783
20.044441
19.1883
21.518188
18.508196
29.742327
5.9960537
19.311176
23.474646
32.48714
43.99205
30.334845
29.838076
48.92063
29.941978
39.449818
37.458057
46.20529
37.166775
25.289331
23.456917
44.27389
55.144638
20.601482
14.788795
22.54702
33.592545
17.818071
14.986733
9.017244
8.548014
13.576251
20.893671
9.38525
13.280944
35.772438
39.82704
23.857948
37.736843
76.87571
79.12613
69.94087
49.044296
70.762794
67.30252
86.67703
60.152817
93.38344
40.391056
64.879105
76.84573
59.737793
23.141142
87.633484
48.51569
59.43239
65.13124
70.51537
51.360966
44.833153
58.01634
67.13678
79.80911
61.442055
43.29211
57.463837
48.770645
55.349133
37.369843
44.61537
45.033268
49.576603
26.217344
17.534006
16.201283
21.24018
20.793713
35.161922
7.68176
43.50956
18.546568
40.522522
35.54005
26.766768
30.0197
5.848129
13.736394
12.963781
20.290133
3.7294178
10.249835
16.537643
20.2812
11.794372
27.043385
14.408424
20.120077
15.75828
19.815165
14.568118
6.7828426
7.715642
7.948814
17.430523
23.71247
13.2903185
15.750282
33.812008
28.782904
19.602978
12.334298
19.545326
21.972797
24.413973
34.090897
5.8833814
41.25534
10.75818
32.459583
23.964222
18.369532
26.848679
26.493092
6.728991
7.307495
8.010038
20.184702
11.512396
10.236109
22.346243
15.087444
9.164854
51.31653
18.988035
23.27865
2.574645
44.299355
16.446495
9.760069
5.3363276
26.724678
36.364014
14.4012785
27.849903
26.708424
31.075615
22.970505
17.33894
54.49023
16.996706
19.070118
18.10508
4.353016
22.695179
16.977787
23.25368
26.92906
11.122069
6.9609404
31.599045
25.240005
9.742789
13.976545
23.64692
22.072884
17.981077
27.356325
27.453506
43.407913
65.83041
30.354954
33.84725
32.098312
12.336976
27.510548
21.066814
20.166414
30.555016
43.815712
28.931824
27.674135
31.29607
33.251987
62.803345
12.80499
31.986523
45.420776
24.373508
8.146651
12.253454
10.69352
28.806135
29.722551
28.322363
32.627712
12.264753
47.084396
21.444988
19.43903
12.209855
47.12884
48.26911
13.845734
16.828405
20.215612
17.65606
20.47332
10.023207
16.394293
15.133259
18.493938
22.288006
14.610194
13.182259
26.422276
26.471716
24.72726
17.945335
19.988527
5.779974
14.05508
27.63582
14.984781
17.913975
23.822544
28.377954
12.795781
20.026884
23.065845
30.016462
31.369148
26.961094
10.550432
15.276371
11.139064
17.663227
44.07505
33.07085
20.920359
18.398106
11.658539
20.118135
20.006254
47.57134
26.139788
31.49869
32.38864
39.60127
36.970436
34.89408
50.739235
23.353758
31.286999
57.699287
47.94044
21.492376
13.543251
14.500497
10.346902
15.641223
10.227004
8.405892
20.516098
11.472976
18.001741
15.004544
20.366447
21.955175
27.613743
14.583035
16.666594
13.039273
20.550905
13.815237
23.915504
23.927217
17.55313
27.29338
26.079832
21.149458
33.629223
12.223003
12.158367
11.210096
25.39856
23.724207
19.038652
23.371296
19.547647
25.602337
25.963282
13.075022
19.436562
12.242981
11.778374
28.65487
6.830166
12.206269
27.84207
19.703249
30.614641
29.890308
37.23486
15.86224
34.0344
44.871387
16.790377
23.164604
22.908546
43.640675
26.21021
21.149416
32.22038
10.561654
21.777824
9.440549
12.620221
17.125587
30.879892
20.79172
27.010487
31.750757
12.648645
41.917103
23.292961
20.14796
16.558796
19.072817
24.655466
13.650442
18.228645
24.378582
17.835697
20.039003
27.643566
18.103613
40.718143
12.612989
20.099276
22.432024
10.820873
20.462286
18.064709
20.379982
22.554443
16.560787
27.29501
16.263844
16.957184
10.873705
19.135635
18.823061
12.69406
30.559858
10.109637
15.447291
33.51984
10.123824
8.262703
12.525821
19.721409
16.696695
27.3626
9.809048
43.31166
25.830112
29.033941
6.559355
22.153479
6.4273186
29.822874
25.586576
18.61487
11.030188
11.816184
20.091454
8.650104
21.405222
15.088719
22.308767
21.055357
6.087903
9.491809
18.65064
4.0015583
31.998762
25.23722
8.638488
19.75445
13.4423
6.2961464
11.114228
43.60691
20.098003
14.768947
19.3932
14.226001
20.07859
14.952315
35.04195
12.675964
23.920473
18.960081
18.752213
10.879054
10.720512
16.266329
13.623527
10.346069
10.959334
11.3170805
103.00564
41.816505
41.551094
37.937565
78.188835
28.439709
80.779564
72.92119
63.316727
37.714176
68.34535
56.58166
59.888527
36.96522
75.0516
51.09926
45.441875
41.887608
55.817867
45.225513
50.20552
44.051548
43.34465
10.186728
9.84541
31.045385
20.46294
26.78522
26.527159
33.191998
17.3823
26.396946
8.703073
28.748955
30.342983
18.416672
23.454113
22.225685
5.5015106
10.823024
14.193947
11.052617
30.020325
28.720667
11.034886
17.163685
8.366236
17.508545
11.426678
13.765799
25.421997
19.186377
26.84243
22.140982
19.695322
13.505688
14.89143
18.567778
4.5295377
35.98334
11.781088
12.761923
19.89718
11.968031
7.985568
17.646795
12.638533
17.42636
19.417492
28.107506
20.30183
15.488983
4.794722
2.2454627
9.984553
17.18869
37.873215
20.405838
15.49817
14.172442
28.409538
22.756922
13.407841
20.137457
17.35756
3.7484446
11.892793
10.500121
11.780468
9.923809
32.498917
21.478859
35.209015
12.083418
14.245539
12.58513
14.655595
22.060205
11.897595
32.416786
4.966331
17.785334
15.768423
14.962227
14.487919
11.861004
21.102077
21.280552
21.099333
21.424444
23.55596
22.766237
11.247594
26.960997
31.458319
22.904078
13.450009
9.1654
7.111355
13.405766
18.521345
11.177801
28.831642
14.53136
33.172913
21.05316
25.739136
17.499031
17.337626
16.67072
20.337536
22.183752
10.567833
21.607359
21.071203
43.70912
28.690578
36.54135
30.863369
19.66063
22.098946
26.132158
16.965391
11.9294405
20.165194
2.638855
11.388003
3.9621615
22.426268
20.811995
7.2861586
20.618689
7.22693
31.758726
9.718938
25.460615
13.092809
20.263521
15.175312
20.220558
9.376724
15.882596
39.047047
28.3438
27.046001
23.447441
26.746008
31.683838
30.29861
16.426088
41.024445
2.6135654
8.11197
15.129952
18.899872
31.811956
17.227493
39.815968
18.351273
14.04963
12.486197
34.40665
33.18246
13.101584
15.693668
16.21931
36.26676
20.83498
20.600754
30.038624
38.602562
32.800446
11.738045
21.915482
29.935694
16.009089
13.826552
10.660201
62.14628
28.158098
34.88143
41.943024
23.3577
34.376564
19.8883
17.875507
28.55355
33.143723
17.263134
13.597622
8.520208
9.576596
28.732546
14.952921
8.348386
21.980556
16.683996
9.490024
16.008644
5.89199
24.924345
32.441223
13.713907
9.928319
16.477802
7.9300838
17.079834
23.78266
8.348703
27.25145
21.036684
17.512022
10.1183605
16.209818
17.098202
19.758154
13.990573
10.482278
9.9971695
35.04927
30.034536
17.057835
12.159222
17.320868
22.529448
15.299466
21.64854
18.298794
21.568165
19.527872
20.856936
27.19504
18.754631
16.57718
9.730119
5.9105535
16.50703
15.592843
12.763503
8.011158
18.096764
30.072754
8.726068
26.188644
21.378498
12.286525
21.952368
2.99313
18.534245
17.9879
10.328555
7.7021456
10.557892
17.254137
8.200253
19.201004
21.656797
25.257961
19.983675
7.945869
13.691428
14.109642
21.077557
23.139359
16.164234
16.839964
26.825312
