441.65295
107.93851
104.44723
97.62695
80.61521
117.013435
168.75252
68.35926
73.078445
47.667988
62.09652
11.846674
91.06808
66.57327
30.27694
59.0524
41.12992
38.895676
50.20898
71.539764
55.51482
28.125105
70.58352
50.632896
76.54725
106.7742
47.01536
46.044247
70.15005
49.602577
44.288662
41.243126
27.932993
46.255848
87.368904
58.96796
73.92603
76.01532
49.949608
31.313288
121.20093
86.29858
101.786156
70.61367
32.983627
33.788635
85.122406
48.40738
76.4742
45.35991
70.70037
27.651901
36.59626
86.7875
58.259228
34.468563
30.436506
45.06981
48.998146
28.95625
27.332853
45.668236
13.322997
19.405079
57.011993
92.61834
26.066534
39.796146
20.13792
56.437748
65.605804
47.33472
136.0186
83.41042
68.52429
90.965614
29.737915
69.6564
46.58864
47.75799
87.59568
62.385616
77.262344
26.74478
83.20896
82.37083
76.52941
126.29514
41.22855
90.63026
17.189005
63.21812
54.28755
42.782787
99.7861
43.607994
35.929764
35.006664
62.201553
39.099678
97.13498
42.36628
34.427757
40.31861
64.70588
34.477562
47.141083
131.30615
44.63904
49.955772
83.289276
70.05106
48.25951
53.933243
51.8215
63.7994
19.732956
31.833765
46.467876
53.91747
72.126144
81.90499
127.24945
40.326588
38.289738
59.770065
72.94059
96.11648
33.99232
67.04688
75.68501
86.4106
82.71323
34.559643
17.054375
61.266445
35.719833
46.156075
27.295715
47.55036
36.32354
77.39509
48.265255
54.752953
68.87875
63.54115
68.63565
106.80218
66.77703
49.463367
136.15915
100.69765
33.42849
61.666313
52.065094
60.412994
16.394726
65.38735
72.2455
54.4371
44.25192
43.522873
25.522072
44.73818
31.155561
36.25528
42.543434
67.40764
34.467052
67.99991
39.648216
58.292225
31.51442
92.329834
27.119291
39.663197
56.311466
70.55084
55.517403
46.391567
23.766907
70.698586
60.54808
55.999115
47.89928
28.873062
59.032772
45.234867
83.79889
86.24055
52.724785
49.818485
76.663284
91.49923
57.276333
34.46099
54.47519
39.397324
59.44165
53.07608
83.61604
44.661453
56.851475
76.06243
56.36279
46.757023
56.03162
34.423153
79.57289
93.8186
62.909794
43.49384
60.47128
84.381935
23.663567
79.0894
130.65938
71.348404
59.074486
121.53003
54.59577
26.65003
35.208324
127.06867
107.711296
55.86977
98.004974
80.29448
60.98812
73.86034
136.5554
110.71658
87.433174
99.260735
90.201485
146.53143
93.30336
40.450005
72.76317
75.4183
22.114946
43.6354
30.489208
78.48975
56.246964
53.985706
41.36699
44.320423
49.506058
100.47181
15.628919
26.295689
57.085693
25.996727
100.31275
60.796783
102.19713
24.947105
54.98699
60.383823
61.315342
59.677162
56.390953
18.562653
31.732393
61.53435
155.32124
69.64935
58.41556
28.083258
40.355083
27.583208
70.69283
80.573845
67.717125
35.154892
45.10857
32.559616
41.22342
40.417057
32.579926
49.98251
5.4887342
82.69689
30.592867
52.814976
92.99534
94.52172
112.397766
64.96695
84.17319
67.61981
57.973915
112.653275
31.397388
60.76855
71.50364
36.62649
65.52723
28.143553
99.93812
81.254196
61.853043
60.84596
75.39954
37.025585
68.18808
66.21384
34.399616
100.346375
62.648827
98.87973
68.28583
84.58102
25.517351
42.82494
67.40841
49.11956
100.80979
44.583458
29.00699
73.99235
48.585644
42.712704
117.656364
46.242504
38.841557
51.6385
47.579666
79.0143
22.356165
40.484726
31.067595
89.09506
103.05311
29.935707
54.261765
15.909172
61.595757
98.02256
48.406002
40.177208
64.14403
10.556322
42.268665
86.79018
49.515446
34.211784
20.100893
78.666466
62.81526
19.073576
40.215054
12.066698
52.68023
39.953175
23.487839
49.10324
87.56057
90.954414
35.43956
18.24498
71.121574
68.35114
73.28852
43.085712
60.97729
70.8518
85.6613
48.496403
81.35975
99.15091
73.96455
78.91252
35.072685
71.87779
83.67049
68.868454
48.79234
131.00482
68.35367
91.49214
60.298843
112.887566
89.72741
29.818638
56.371826
26.125977
49.81392
46.030888
54.11188
93.146065
80.74455
101.763214
35.43325
128.10098
41.876408
76.577896
61.290855
107.658424
32.93374
73.67502
86.294785
83.05737
38.593822
16.296694
95.59895
61.158974
24.677746
19.121334
35.21244
58.91553
58.778652
71.11291
51.043777
67.93163
32.733543
80.517815
58.384388
77.66957
55.220287
49.290546
45.879288
103.164474
23.67563
38.84328
45.06018
88.944824
116.533554
31.641272
61.15154
104.05278
48.217964
133.241
55.032173
90.81905
108.69929
86.21519
73.03054
45.932446
108.612305
94.340294
83.26485
86.34577
74.7316
65.24378
68.0625
57.8792
23.177004
120.28621
57.78067
21.53256
38.937428
38.658596
7.1010194
62.008316
93.09728
58.929375
116.65931
68.837166
16.491444
21.608728
34.867584
79.94435
52.893833
128.6067
36.046337
99.10438
112.80618
15.522281
17.041155
49.665756
107.682655
63.329613
37.31072
104.388245
35.52675
56.88127
102.20141
65.32037
67.9291
86.55175
59.314484
82.39632
33.860756
49.131824
22.206621
8.938264
33.385082
11.689883
104.355125
48.934967
29.93583
11.447555
22.836617
92.56008
44.535343
86.322235
38.771954
61.25895
61.6588
24.70589
64.58571
71.55733
35.10399
57.58587
40.481804
28.529114
27.168556
110.98211
88.595955
87.421776
30.663284
27.446735
67.376976
40.50391
71.17728
116.63541
74.59438
69.69183
34.82496
71.89724
42.679535
32.45088
34.880577
48.04958
49.861168
62.37824
18.677107
35.90554
63.9916
70.10851
36.475983
97.25794
34.59298
81.388916
47.993473
34.17275
46.618065
47.605312
27.31448
34.93883
121.84686
77.66378
84.31713
73.224464
29.536411
33.032475
102.15042
51.31656
21.281878
48.31561
54.573032
47.16051
69.90433
114.37172
42.268394
17.207457
27.621506
52.18821
25.441017
75.557686
47.984947
112.70552
39.731236
59.535507
45.35526
44.882236
86.20532
32.253597
6.7876782
96.750595
33.869205
64.26562
34.318333
37.690914
48.4073
52.997925
20.044687
44.335346
72.97311
27.375816
59.21324
22.369305
87.24446
15.755392
43.401657
95.75973
41.262184
27.915586
43.328163
47.217182
45.638588
73.95285
38.75196
48.185844
56.934483
31.906456
55.554703
55.849644
134.11533
48.914352
62.624424
39.818764
87.16678
98.05074
28.250193
98.78136
31.140135
33.45847
62.49663
12.782902
24.509315
68.19571
56.204098
61.537823
98.22277
112.84704
15.175427
46.126503
65.1173
57.23492
42.552223
50.97471
78.85833
68.04913
67.27369
68.06215
61.4657
73.02802
33.27645
38.126278
26.758142
98.97247
79.27831
47.9381
22.465714
28.509228
60.5418
58.85594
4.0050163
46.18407
69.21298
50.06212
58.792118
31.639267
43.287125
92.6308
95.92745
33.254948
110.38327
69.412186
133.87657
9.946621
111.94035
79.5766
48.011665
59.801407
85.39407
42.40118
105.74554
82.44207
85.61033
45.829
60.702225
99.37113
86.14749
21.135883
26.449753
103.199425
106.14139
113.74148
130.5744
29.927942
76.90068
56.932972
72.341896
49.671703
37.12366
21.907764
92.79668
116.15041
105.036644
60.774506
67.03808
63.09424
46.326305
48.39575
78.1941
70.34072
95.679436
52.81185
56.580353
74.16819
78.30534
53.030655
54.248966
39.29862
57.97224
87.241325
39.540627
105.006
91.82502
91.29239
71.47057
119.342926
35.857574
79.419876
47.697647
74.587494
80.25138
65.904915
21.732492
42.85958
24.528389
67.15585
58.708607
30.080454
50.855885
57.677628
81.09936
94.04772
17.91833
32.079464
103.91711
77.62829
117.09194
55.05411
57.707375
68.63504
67.15137
30.654549
68.779854
36.406662
94.73469
46.45182
51.34337
72.56515
28.525965
93.041916
48.856407
54.213745
42.048763
62.38818
24.422152
20.168877
84.923164
63.24578
76.99734
64.39261
49.58822
53.09928
50.34642
86.07546
64.28556
127.94364
1.2171905
57.88768
140.27275
28.341604
63.97921
39.791138
122.896805
78.03269
100.47985
51.676937
25.304821
48.46796
59.65342
17.885967
53.739384
23.331203
57.13643
79.426865
71.03567
9.25957
66.977646
40.096592
21.388243
57.667152
91.507225
43.705215
31.168337
68.7987
140.49966
141.65445
31.962132
112.703926
96.828255
91.41869
99.64412
116.57959
129.54858
121.76723
98.83471
42.0252
59.407978
72.69921
28.968895
114.54247
85.667145
58.280365
71.90596
37.02587
25.23958
45.54652
43.383404
14.784218
61.03389
57.353024
58.8649
91.53763
113.56296
58.394512
93.00313
79.432495
76.99048
82.7156
54.387608
72.32837
16.154633
31.247856
85.133064
49.39348
80.592834
29.431778
39.612507
110.8412
35.91672
86.71904
76.767044
75.49462
56.59539
21.095667
56.843838
28.104712
35.578915
39.04106
40.06714
58.681973
70.62846
42.76315
27.861967
52.938946
64.66219
41.307205
56.705338
130.81723
66.79128
68.24812
108.82177
72.28128
86.35754
4.6581287
44.485382
176.33163
115.776474
56.578068
83.331474
62.238487
121.70015
57.792446
89.73959
61.461914
84.02399
31.287355
48.733486
38.754032
91.770615
83.352264
60.911877
32.497902
64.467
55.543888
23.23776
50.227856
66.60579
81.53215
44.36462
68.29287
64.86587
47.003952
78.505005
64.192955
23.488256
72.46335
35.56637
73.09573
40.52798
50.431488
77.254745
68.45976
39.77719
48.688946
74.26051
18.966648
64.813286
52.598198
33.650764
106.03836
59.991318
128.92342
2.9583619
26.557533
40.77722
21.348425
32.849728
35.94704
32.006794
9.915932
29.13678
59.978912
20.936617
63.06704
66.3529
40.561607
71.838806
41.764095
23.668455
82.56767
51.452255
36.047096
55.242104
32.71663
44.580635
48.932198
114.18337
89.06714
63.986103
54.231075
100.57021
26.573336
66.32776
57.143448
44.513912
69.181175
96.10206
45.77671
148.06255
85.646095
119.9791
59.21413
89.04834
113.01208
30.648815
47.193115
47.845997
45.11007
78.76958
78.78656
17.084457
66.91235
58.602684
69.88218
98.479744
31.688902
49.258385
100.346085
42.520123
88.80092
60.84888
95.05533
41.9891
63.389793
20.236242
34.163868
38.109512
35.226383
72.44902
32.111935
70.77175
65.12071
40.287598
131.56346
53.71174
47.315205
173.59338
52.598354
56.460766
60.968918
64.68931
69.98114
34.09625
42.32663
66.81918
157.2059
86.33775
95.61679
142.11874
37.490932
75.9635
28.536184
67.373726
30.672302
69.90755
54.260693
133.9406
63.889732
78.748116
57.3544
127.739944
35.294777
50.94547
69.80403
29.47746
92.22038
72.72401
42.353817
24.671741
63.944656
122.60416
2.1686654
93.648575
86.395226
45.831474
64.71108
62.145073
76.291435
25.865868
49.24576
25.029446
43.65299
92.14526
67.8838
70.9614
44.892265
49.524227
49.777832
89.7757
39.30402
40.673004
54.67855
37.380356
53.82338
46.42832
51.95253
86.2665
131.10492
75.12342
37.81183
52.62021
62.204628
96.63167
105.73259
66.588715
42.916176
53.372715
61.519386
26.052824
34.511353
75.942726
8.18722
70.190544
109.24412
50.481464
49.285088
38.29449
82.666405
47.641964
47.59171
111.18344
39.43549
88.2237
59.456894
142.55502
59.035378
26.144775
40.580505
61.868935
59.59751
33.796818
25.756723
63.79175
50.868107
98.05137
93.63539
91.55327
46.95011
17.882158
19.418045
21.082937
38.353104
13.306044
69.554184
53.002934
61.456505
48.80868
87.55313
33.005096
14.620295
92.55735
34.110954
76.45853
44.1895
81.81204
75.78213
55.81017
71.31895
48.284386
89.26492
37.33252
75.66942
43.056255
57.03537
29.424305
44.755547
35.501026
35.04307
72.26156
50.80703
69.86826
33.85662
58.004505
82.248665
59.59343
65.5218
62.595108
23.416433
100.961365
42.653492
39.74247
57.393623
92.36332
60.250072
102.018654
108.861176
156.06743
111.22657
69.83116
129.26219
110.43754
90.78571
89.87836
96.08188
107.56515
101.96854
103.654884
77.69028
50.82685
41.350277
65.25934
62.880875
35.228783
29.746986
77.64887
11.592817
68.35593
170.16566
121.830345
20.610947
72.30437
8.489113
47.41334
28.330433
114.76618
169.37012
44.51787
96.27832
49.37311
72.852585
63.84473
71.94307
36.44393
50.034542
27.652346
76.803185
39.155888
55.59243
45.496815
32.406845
79.6857
56.997803
98.69666
21.653841
76.715126
35.713207
50.12965
40.13257
120.97506
41.572487
52.094826
86.298035
65.98305
90.475685
128.38153
61.59235
83.277176
103.10058
58.264328
65.83679
30.546276
67.4237
92.97726
35.2538
43.779675
50.48488
67.28406
71.026764
62.44891
39.294937
26.50107
35.323387
79.26561
26.50022
69.31308
42.885933
37.23408
37.753277
90.991394
41.014214
34.99561
49.376762
82.166504
56.41246
119.62151
51.185604
92.72996
15.45317
55.655064
26.992203
119.528946
133.49081
81.72891
98.42345
135.89919
147.52094
50.98598
19.104698
60.614174
46.34804
66.49227
81.3926
41.937454
66.21382
65.50459
61.095234
117.818565
71.45244
70.024254
96.950645
72.431404
80.1796
91.010124
78.73884
69.006805
57.585793
63.942005
43.21561
46.33699
65.56828
46.392403
51.800938
41.485546
86.81587
20.459642
56.074398
62.483883
108.93794
90.986855
58.116894
38.837906
70.82866
44.364326
124.63194
16.056248
58.78538
107.522736
20.833227
49.352177
55.38794
23.654568
63.141605
28.67151
42.628746
64.835236
27.544222
55.561005
25.526716
34.666576
54.745846
57.09291
29.317097
86.311775
59.138775
62.869957
112.16214
55.441086
47.06498
54.137264
45.54521
30.650171
61.80966
63.64796
19.773592
75.04599
62.669975
85.625336
41.635323
74.624855
31.03219
37.31697
53.129784
52.241856
57.288246
30.808672
74.93907
91.78042
50.004044
67.53159
72.30644
38.4059
85.85207
108.5827
41.794586
44.740646
72.842155
55.798412
98.72101
92.846146
35.92314
146.06651
61.143566
36.71884
67.11102
64.202354
36.002174
28.595991
53.932674
57.60531
23.482874
34.034344
46.67121
20.92481
104.79252
40.42011
73.3093
80.689415
66.90853
76.71019
51.512367
92.968506
80.131355
38.997375
92.133575
82.43801
65.84296
103.559875
11.904693
91.632385
16.790508
86.81772
77.56224
72.00861
69.959435
45.867813
66.21145
87.193405
36.95318
64.07189
88.73335
67.024025
42.506325
77.1711
27.15228
44.6746
46.54216
82.49951
25.68323
198.13261
40.390106
26.074968
74.38776
60.688366
30.714815
45.10515
37.71217
62.765892
24.919228
42.843624
91.33581
30.59825
57.197437
29.973694
64.83907
33.972965
22.367266
68.54622
73.42253
57.880104
89.271095
51.86528
56.212475
41.962364
69.662506
93.908035
4.4782395
61.31436
31.23258
52.036602
12.100208
96.14052
114.13279
124.32142
35.677002
42.333027
100.734375
68.47231
63.608925
30.472202
49.452515
51.02189
86.02731
59.78763
37.36462
72.66538
36.561897
8.221683
34.526318
130.03009
73.11402
48.71907
56.99565
77.88628
76.08572
57.94094
126.12795
100.12553
84.50411
100.60698
61.42767
126.748184
22.614433
59.758858
49.051655
97.27386
30.495651
56.03579
25.581362
49.10878
71.49415
75.44834
55.732906
37.122765
52.59204
92.93034
33.729237
68.896164
77.28285
30.52133
34.090725
72.35641
53.66962
45.44767
86.443436
103.24913
81.10271
95.15019
39.42023
76.31389
76.93864
58.37114
85.59709
51.62734
79.65861
77.02739
20.77071
78.63028
35.00444
68.10187
70.8016
52.425
79.79256
120.747314
50.529854
111.6256
73.00909
80.97344
105.00934
40.886932
76.54117
37.455124
68.71466
30.842009
40.993065
94.75572
103.194305
31.293468
32.216278
97.31766
108.341896
31.130138
78.42117
90.711876
88.97083
68.721146
63.768456
23.574228
34.301254
34.825264
97.75565
49.84617
17.562332
53.225742
37.211834
67.12088
94.05808
80.86005
58.27365
99.32931
52.5437
47.531605
63.423706
17.01145
64.59808
56.772003
47.73888
122.36834
95.80309
61.59827
69.43395
9.770268
59.585785
51.96763
49.20815
45.889385
40.946274
34.977577
39.72854
64.28528
120.43705
25.68391
100.78042
88.56619
49.55249
41.79304
80.31049
73.469864
27.494469
48.487778
29.011196
96.16067
107.27697
195.93298
38.61968
74.06244
55.841873
39.44849
43.547523
48.112125
57.20998
72.99869
36.038414
89.61907
50.140793
54.93262
76.43462
80.612885
106.58897
65.48831
113.21478
60.929474
44.085377
98.70089
75.82569
117.41881
35.098675
52.32524
13.991344
24.465036
60.961605
68.85727
36.54876
70.30954
57.867332
48.875088
59.90675
94.949615
37.54453
79.44401
87.75021
60.68574
51.814075
60.53398
24.692743
89.495804
124.24705
81.62984
100.5217
78.335304
57.661564
46.298794
113.18965
40.88169
73.19337
58.40654
12.072946
75.96076
14.407082
63.540176
80.86342
41.481056
54.531403
54.595734
11.530944
21.942934
44.319965
72.66667
85.44778
33.674717
60.023083
68.04106
37.257717
8.626017
38.98418
76.85815
56.52556
46.313046
87.41038
44.630905
40.325954
87.18063
69.98271
106.452805
65.50509
46.236416
47.869484
103.48184
60.551285
109.98044
123.039345
122.42156
58.259365
80.4886
110.35795
97.01322
39.699234
92.487335
67.35121
23.595284
15.378758
28.577293
62.167652
33.864586
58.679176
58.01548
75.01406
60.841908
49.30835
87.99748
42.754658
41.182926
41.933117
46.935444
97.4539
131.9949
107.719086
48.601906
67.23076
97.39241
107.65286
49.012
62.722397
58.902855
70.92922
54.44544
52.2768
101.22292
46.958744
47.101982
29.221899
148.9833
64.25549
70.11563
48.732967
44.560112
46.497948
15.502268
61.095104
39.4473
61.210533
33.782257
56.18321
52.371338
46.34073
93.32757
64.3744
95.1497
46.1935
138.77596
42.841747
62.796165
91.28624
49.698193
58.84014
108.29306
45.850292
111.88863
72.77122
34.525726
33.243256
98.97584
14.438367
53.856026
102.48936
47.727238
65.31003
54.696415
47.3502
73.68286
83.203766
58.07249
51.845673
120.37187
41.347145
41.490543
93.19553
113.277855
57.879887
66.88795
65.73442
56.749428
73.383514
58.017155
65.67537
7.913197
41.355103
112.73256
87.09158
61.594345
58.792274
83.09863
51.941895
63.256542
59.65093
26.60623
67.88815
66.1781
66.73499
124.808914
50.44359
84.72185
87.85194
47.691402
22.671675
58.42934
61.470448
91.82886
54.718365
45.4821
42.61119
52.07289
44.01031
92.180626
69.26392
52.7338
62.89273
72.77204
8.206172
19.522614
62.715134
61.83936
27.791925
37.763992
66.55821
21.584301
62.652416
58.035244
59.166534
35.79477
47.132923
35.832497
58.292694
38.50644
64.14519
60.6736
84.13522
51.327362
112.77916
85.89174
89.916534
105.4155
52.675907
27.467815
23.7501
13.345451
102.603516
57.497913
108.96288
77.20423
44.83636
35.861477
30.18751
86.291336
46.237083
21.950222
66.65023
84.46063
27.209827
60.450485
56.749393
31.948643
41.48205
53.136913
60.87872
65.12349
61.53877
44.653656
63.195244
47.734653
85.80148
38.759098
73.752884
65.031624
66.97022
54.31756
62.87943
21.80666
75.94671
39.970493
30.471325
47.039673
55.772545
81.4631
86.741356
47.716564
78.24013
173.01492
100.4734
64.385
70.79944
41.415916
24.446959
28.443308
88.273254
51.616425
23.605413
56.030487
65.18476
42.97811
32.06343
57.94398
68.19257
53.148758
35.333237
58.115845
67.91742
18.442823
61.21599
94.960724
68.504555
42.8818
60.24168
61.118362
63.597584
89.137314
57.394672
62.140263
98.48838
39.11288
114.23821
125.85523
171.60255
71.662834
36.37259
46.486225
51.467377
81.92171
107.73416
30.361353
34.762753
47.830997
17.73484
82.00624
50.98943
120.128654
63.178734
87.60368
68.90439
40.20555
44.552822
45.90932
36.564438
26.88861
34.809086
135.17067
35.781456
44.895912
67.76517
124.69003
42.317482
91.35062
62.539642
79.73295
91.84624
81.59421
36.60052
89.20224
60.802574
32.96034
45.447784
57.700394
35.24477
85.32945
74.43129
32.840298
26.829617
24.09019
38.207355
25.571768
134.49522
48.200317
36.14199
27.227089
76.21125
63.038155
93.24292
53.276733
31.14275
71.633766
89.71575
48.483906
15.531363
77.81036
58.821144
71.67878
60.072586
100.726845
83.659424
96.20096
39.74038
46.400223
5.5795684
71.276375
83.997765
29.755125
54.149914
73.1616
38.098175
37.746
75.317375
54.913387
127.38286
99.22162
97.5149
113.50719
179.58142
48.536865
76.325584
91.408806
62.473568
73.57365
3.5088634
47.20146
50.790863
62.566406
65.24945
50.648182
83.31207
55.896984
103.56459
81.79706
28.396692
87.1893
129.13708
86.25653
60.53306
71.73242
21.533607
77.84643
17.743668
54.633644
65.83916
70.599945
56.714878
50.749123
32.757874
55.112858
44.968315
108.15856
104.22478
63.750988
57.611885
57.397587
18.650782
107.438324
48.917828
70.06847
62.03214
90.172874
77.75629
90.841385
48.57323
41.00688
61.89577
31.586489
38.1905
65.224266
90.36557
59.263252
73.35283
47.17665
39.107426
36.3159
127.75013
98.25558
19.99812
32.54972
29.601158
44.280563
123.02302
33.581818
59.83232
34.916206
61.93342
38.342484
105.67508
72.55808
55.00344
37.90423
39.457367
49.104843
81.60802
40.216076
48.303158
74.121155
54.370552
72.88628
69.155975
59.04457
98.94729
38.697464
75.64865
79.42926
71.91917
80.70073
19.982677
102.554016
51.372658
107.052986
43.1098
37.587036
33.941128
49.75157
34.361973
58.762928
75.180115
48.545185
43.927612
27.324186
32.00061
38.96334
84.3486
93.67582
36.290867
64.55661
40.51651
68.92949
76.43255
54.0071
36.31436
82.61621
64.374
85.70852
89.299904
55.335415
50.964645
104.63807
56.76113
64.58342
62.650867
63.54115
56.734512
83.88271
103.59089
49.947964
65.26965
106.38233
77.85373
41.487595
29.097466
70.44647
66.64853
44.176132
68.421326
111.746475
69.62369
50.01982
72.96137
68.79823
44.16079
65.08381
135.5314
64.72337
51.5571
138.66206
61.74647
65.88218
85.01902
61.736954
62.118454
62.32818
36.656693
23.634531
92.26667
41.306465
53.52251
36.64951
59.56151
75.296165
36.48719
42.00457
82.615746
55.346397
31.486425
88.928535
81.446846
53.57866
56.63965
35.4446
68.70631
34.52967
56.262325
67.411766
21.806866
56.991505
37.40953
73.0353
62.67744
23.770107
46.041214
47.06975
66.51152
45.1102
36.620274
73.92708
17.560257
64.46642
39.464855
46.743195
66.61249
70.37674
55.30545
89.03167
51.68186
106.59599
70.171425
26.246923
49.064762
42.796967
51.015663
86.92922
104.86545
112.562035
107.11953
33.450047
32.82591
62.376278
57.62919
34.32968
82.46708
81.11716
61.251553
86.42397
93.302956
99.24214
45.40895
103.99424
92.76123
85.93733
42.334965
144.7579
34.666916
18.533056
91.83514
43.583546
26.64644
9.618804
57.729893
61.187237
27.606504
66.281136
30.888695
74.067604
48.294643
86.56568
55.624588
119.25268
91.097374
33.561867
46.198742
62.17632
41.522427
52.962055
87.5696
96.7184
111.63009
54.550392
59.13599
21.707554
94.792305
98.70097
74.46091
26.799393
27.112259
122.82872
70.68342
51.59146
94.094795
68.01099
125.45818
77.05391
80.52836
28.706642
55.340317
61.15335
104.886795
22.779264
94.563065
66.31439
15.50792
57.589355
64.7054
28.81318
40.897633
90.48878
53.052578
81.40398
58.103188
71.8483
71.22031
66.0216
43.14474
75.9293
72.30569
77.12079
68.903595
57.977364
29.575617
42.94166
82.594055
40.636322
38.20622
77.512726
60.267696
41.105515
68.743034
69.53773
73.80214
69.98188
48.993843
48.664238
45.99163
56.58
62.8328
103.64311
89.55735
50.891045
60.083683
44.583443
13.973927
63.179913
38.07791
40.457912
26.375391
88.23331
37.14089
73.03232
34.650753
54.38789
53.533573
108.21937
49.416348
61.48418
49.817177
41.17575
103.60918
40.027367
43.63464
63.110767
55.9142
32.734467
49.240963
108.918274
49.510674
72.6538
114.65811
62.469105
105.0578
27.91925
45.802826
73.931244
53.301266
30.6466
57.662075
30.533316
49.386166
17.663921
56.58526
30.692871
73.26908
41.470474
56.122715
34.168163
79.656906
79.72734
102.35508
74.17115
42.204063
34.650307
74.88186
34.76141
73.580505
25.62778
42.4032
70.43494
37.54498
23.27601
99.329094
28.715723
68.77458
74.75752
63.04184
63.523315
49.857777
43.74213
50.34977
31.96774
57.810257
79.17715
58.44202
105.20137
97.95575
55.333954
49.0923
59.53752
29.87134
56.065586
13.768216
54.544037
101.34341
59.34724
138.43375
44.680767
76.5585
124.41218
52.623913
64.1654
88.55748
23.38659
47.717484
72.83631
48.35228
52.53794
45.973534
83.13144
60.43126
69.73168
132.87125
83.04929
70.106895
135.37303
61.359188
56.015728
68.89801
69.21877
61.298546
81.16762
29.893188
48.122963
82.59453
95.17705
68.539764
93.82717
27.392143
45.623
122.12145
69.73717
52.739334
70.802216
48.526688
22.670872
34.867825
20.39333
30.378778
95.36901
77.453705
100.040306
96.07753
74.717125
50.00589
71.97898
57.75574
32.852543
37.950733
66.3705
60.38666
29.473145
41.76036
75.127975
139.99901
55.387177
43.412964
26.311546
99.81509
109.28564
79.82976
28.278715
58.076996
69.15042
55.58465
50.178837
56.69076
55.93949
74.696266
38.839764
91.023964
46.168034
16.387371
36.86466
96.092285
35.481155
71.45614
91.72091
99.46445
113.35455
113.052956
52.870792
62.954662
45.104603
109.57454
29.067455
51.831024
100.849335
31.389578
53.76868
44.464333
79.762566
85.31787
48.937237
36.096535
72.4919
63.511143
123.169365
72.21634
75.44117
34.164696
94.86699
70.9072
51.211716
79.55138
29.662603
15.037678
48.72676
15.026501
53.93093
28.743153
25.606007
27.331947
30.043213
67.685524
73.311775
70.41511
10.231668
45.89456
60.283646
56.78795
69.990974
9.1291275
70.49517
54.059532
33.262447
17.60324
92.08649
54.52374
15.22768
50.65106
56.60925
68.21749
99.68789
89.36404
29.950855
24.112328
68.48041
61.461357
103.06423
79.21204
68.672424
89.73128
2.6512382
80.38524
68.402214
52.46005
97.55583
63.828148
82.35505
160.68585
31.936352
66.372986
39.21147
29.800726
45.170555
60.805023
32.271835
93.939026
26.859653
50.36295
67.99803
10.652247
76.02761
101.17686
55.657944
108.745514
62.70253
54.97987
48.422943
123.94297
46.910946
42.163345
80.43147
53.47355
33.40104
66.086365
134.81097
97.31601
67.073784
50.726074
45.739323
69.53454
33.84661
54.606632
67.551315
125.137985
33.180748
59.085922
77.55673
72.5535
68.50182
47.1342
94.09193
45.05769
97.843796
105.75847
58.81614
35.791676
44.407436
87.122795
29.261477
47.604713
41.486656
107.87967
33.771618
50.13341
65.79573
76.76285
56.309975
20.690636
14.346657
37.61277
74.74037
67.223015
63.251698
88.00645
50.062138
120.39184
57.31107
68.89403
36.736065
49.214798
66.36471
81.70777
61.6774
53.429943
24.14315
84.819046
90.74214
49.57818
49.182472
44.3283
72.170525
117.048546
103.535225
88.93604
60.59168
36.912212
104.97714
43.35266
66.393845
78.03117
87.11119
64.439156
114.96798
67.407425
95.275734
118.941444
102.68207
95.3075
102.23126
61.76059
30.838894
71.190056
113.744
76.5793
47.761265
32.194168
50.254993
95.64595
56.509033
32.66675
88.42539
15.701668
102.13351
123.39954
138.05655
48.671032
42.37066
103.543884
79.20483
15.004507
64.11575
84.98855
51.5946
79.97554
77.63744
80.21576
137.25955
52.69747
123.49362
71.41093
101.4955
28.321545
110.09123
96.608505
79.712234
119.31439
76.328735
13.447241
59.43366
40.852337
72.055756
81.19836
44.240177
25.351765
77.231964
51.092964
75.400925
39.057964
52.319267
29.308128
77.798965
77.34669
42.743355
11.925332
43.0717
37.28745
86.16406
57.811367
13.523949
28.170713
54.466034
78.30144
54.331146
29.756393
67.4092
89.6182
151.26886
56.643295
29.9078
71.24849
52.74928
41.414417
47.76688
93.2303
122.87881
135.85002
40.179585
94.97527
63.377296
53.21964
89.35239
55.065643
91.63958
52.76589
74.68142
73.33882
13.357567
55.2064
70.6732
50.211693
57.056587
74.52327
126.807
34.315834
39.591732
44.382362
15.090455
58.544933
12.088459
35.165546
88.48442
46.631275
41.312008
51.837177
90.90429
73.63631
108.081055
102.324776
71.77111
83.88781
40.773678
59.86106
50.328613
74.56233
56.611618
16.657082
64.34598
39.32652
47.39465
117.395584
20.212503
50.320946
96.6479
66.201195
93.78238
69.89505
50.563065
94.71534
69.64162
47.17563
60.38239
68.03511
88.71973
60.094326
29.19593
15.921453
69.9189
24.788652
38.634
103.77434
30.3436
59.54791
29.4296
53.358627
62.7027
73.13996
78.177155
62.99116
39.546703
95.5263
83.23484
81.78336
44.81965
48.919785
103.81197
87.27874
101.77664
51.151493
35.321625
48.77713
59.20019
117.46611
64.88663
43.11283
51.463444
62.075386
82.695114
71.97679
59.600754
90.65373
36.39232
65.04572
62.39746
39.160744
52.002552
45.280556
37.20414
25.330523
80.678085
82.790016
35.676483
120.07275
76.94326
34.730526
81.4967
33.611557
93.49341
84.114784
27.441015
96.859505
51.07315
76.563194
111.382286
29.276855
73.23441
112.527626
84.753876
112.74802
72.201614
43.686047
51.0989
81.769745
71.29429
79.12285
51.249725
74.24405
26.081907
31.340927
46.790417
97.64732
90.35911
47.94971
30.687693
62.178604
109.70751
86.98389
27.125328
53.01427
44.052032
67.23343
72.45814
55.351307
27.11803
55.090134
81.76454
68.52658
75.3048
92.331696
49.36626
66.20501
89.671036
46.200974
51.447296
14.694738
74.311935
58.12107
107.17429
32.093323
71.38329
82.46666
43.35573
142.42159
36.049084
76.17169
32.03944
48.206497
78.83147
7.2309527
74.715836
46.338062
27.985308
48.982597
96.605156
15.337633
80.421555
9.013896
47.82443
76.52354
92.034706
44.01355
52.01753
56.669994
71.45106
75.67355
25.053825
58.370705
90.569725
34.611046
64.48895
44.43904
57.535397
74.74415
22.01308
113.896774
37.467995
75.13471
60.81958
67.87222
34.788185
17.036335
96.493744
105.68969
30.30693
47.510654
7.6672115
84.13553
44.7338
56.433834
46.40011
65.134865
44.12442
56.4805
76.35914
76.62249
51.13459
69.309715
54.292675
67.6048
92.748184
37.11287
58.370384
48.822227
57.26529
151.43216
42.950924
46.579414
27.95349
82.72219
49.430756
94.643074
79.60113
66.56951
40.713345
59.981766
107.78018
30.103636
33.173626
59.395
80.760826
62.9543
41.24828
85.972565
28.109922
84.0179
48.58295
73.95774
38.367157
36.45343
59.063004
41.87288
51.736847
55.869274
38.002438
58.783863
71.55291
24.622662
74.15412
52.54712
61.81061
16.099905
21.32621
77.47706
69.263756
111.98452
25.923243
76.14072
38.912262
39.470543
62.128292
35.046997
50.371735
81.4604
63.390415
58.42032
62.676064
37.374252
35.036694
48.304634
82.40587
35.319954
21.647743
141.16522
57.71101
76.65693
128.2165
101.549095
91.11435
27.997559
38.04531
82.93662
58.903152
92.92227
126.26785
63.402985
71.00121
40.695724
62.90022
21.49022
64.70668
66.30974
84.9066
37.42094
70.53846
96.991875
17.872438
39.751556
103.03201
83.05959
55.15083
77.607185
54.407906
71.44315
91.22127
23.496828
40.961414
74.96
35.054317
75.32797
75.21999
51.460358
47.52033
24.310305
68.568405
63.518734
61.76411
76.47634
79.37652
36.371086
92.633514
92.90841
44.843124
80.133
69.635895
17.02085
36.917126
52.790714
68.915215
102.578476
89.21627
77.12405
134.95045
88.19673
57.633224
38.390022
51.660244
55.1069
32.784683
31.917295
98.38399
10.165783
29.41539
29.853874
51.31049
68.97427
110.247116
90.1439
114.05187
138.01694
75.319016
114.69486
66.7404
98.59848
75.0115
64.046455
75.761566
47.78521
57.086792
129.32782
47.43124
16.688177
39.53018
63.360016
29.607344
62.830414
50.390083
52.071068
41.831276
72.90416
31.604353
17.081131
93.36976
59.878975
65.65612
36.46701
74.37414
57.718563
50.42524
40.89464
12.34604
41.8347
19.864258
23.147486
115.3371
26.450407
60.93267
69.63228
43.17194
115.49333
117.84426
47.23886
29.177004
56.96721
15.249054
72.83994
81.04318
70.260765
18.311468
130.8233
60.55333
130.85255
82.73777
37.89177
103.70487
58.736427
35.814564
59.779247
37.963444
79.39279
96.88581
43.36712
75.67587
75.33501
70.15902
58.434223
8.255064
73.14272
44.0004
48.05411
87.27514
62.03709
139.41597
71.00076
71.04449
41.45081
27.512417
78.32603
60.94303
85.653625
34.21976
36.105446
37.775906
51.801113
29.512663
60.935913
68.54799
54.822655
70.843254
31.336777
84.306465
89.8041
113.4648
36.881123
47.368057
69.01235
70.74162
69.4926
52.688145
38.54895
44.43869
79.24572
41.5031
95.56561
67.5397
43.57162
30.060091
68.5999
79.574814
107.11017
100.9255
74.1834
73.16254
90.03827
1.8310866
39.249916
86.67682
93.50702
93.19567
70.808525
38.274387
58.608944
36.718838
46.2082
78.49494
55.609215
61.223724
9.977966
40.895897
69.17592
43.783154
71.20999
51.435127
22.668398
2.564915
77.90985
49.052456
56.662766
48.803444
40.549644
129.50084
61.403004
89.76883
77.00144
55.3016
77.36629
7.0361443
132.92294
59.846004
60.971718
77.86177
85.218925
39.08513
67.09654
45.053814
59.362473
62.568626
104.69328
78.19972
62.118824
60.04557
42.39301
61.04822
76.17544
67.3737
76.92298
88.10589
88.77096
73.48205
48.62427
69.6964
48.96437
32.719772
52.05188
24.370798
35.646576
126.17769
70.0156
55.04431
59.168697
89.32621
49.911217
35.711002
43.427624
64.075
141.13321
18.531033
43.62642
52.83726
61.663406
23.960167
36.58486
36.65866
43.299923
67.17053
67.78642
45.05662
80.48662
44.91955
55.177452
58.200363
65.50946
92.48628
57.184048
40.658783
28.188692
28.063492
41.575405
28.838293
53.89155
111.50132
102.66937
23.8526
2.3730042
38.197487
64.06724
51.147495
67.94705
23.13734
18.551943
81.210434
25.586157
25.774378
22.507612
20.472172
62.94024
35.846775
38.78667
73.9149
31.192602
74.336716
105.49103
36.72985
51.382923
61.455624
67.82686
56.24159
22.52956
46.883522
55.31958
30.9916
58.006996
42.24271
42.035275
64.42644
79.31792
25.608448
66.04877
127.561844
129.6658
178.57979
85.80085
58.007015
96.14411
64.138824
42.41514
101.58701
49.836674
61.082016
51.412643
99.52426
9.341464
81.58616
38.817707
68.5626
70.8196
89.39313
80.941826
64.852425
37.59589
40.975636
41.53225
62.32604
22.59632
57.55383
73.384224
24.560596
36.996193
23.312223
73.46939
57.26587
42.979305
82.90691
62.74023
52.156532
57.837402
111.38521
34.34582
68.94314
90.39339
38.320557
60.345333
51.84729
88.307
79.18228
74.938614
68.84778
30.888905
17.400509
59.39437
61.680294
13.58996
55.478504
62.67226
47.225746
67.01958
55.39035
48.998188
30.570852
76.90105
54.521534
8.929507
15.49214
48.492508
33.78046
31.560837
52.884525
64.805466
17.49407
44.32606
36.895638
15.6984825
89.31725
102.50872
34.758057
27.486206
86.86336
64.937935
52.284756
69.09499
59.162666
51.080513
38.195583
134.65189
33.04591
79.793976
139.05136
83.33678
22.495617
32.40928
28.956545
108.70446
43.44181
43.22911
6.5367556
43.307438
46.87071
20.772789
56.652084
38.695747
29.997744
101.95187
52.300472
41.290337
72.938065
44.366627
62.895924
104.98331
35.447514
81.843575
66.43887
122.469246
85.590515
110.5853
72.612404
144.85817
88.01207
83.374245
86.314316
13.720149
60.145596
70.86008
49.723984
60.67953
19.067045
19.574146
37.745777
152.09242
86.715645
76.805786
125.71348
82.636826
16.413029
33.752956
108.96112
29.635475
88.774994
59.50764
42.868874
68.620514
73.78934
81.58035
28.767664
35.856712
116.25426
41.75378
118.965256
73.65863
73.08641
68.30638
54.973217
68.67795
44.12015
68.1531
36.19128
94.66444
115.935394
99.47476
90.13812
38.305935
111.22408
12.783335
88.037346
41.13613
80.44004
48.485565
54.169014
100.49669
41.053513
61.86788
64.56878
57.15582
70.45209
67.01309
50.07231
28.797619
29.819935
31.462929
33.855007
57.50623
54.518322
33.864277
84.25901
81.248146
63.269722
75.03764
62.5266
62.013126
71.42724
5.3099346
45.889233
46.36588
71.42359
56.16262
70.21186
29.389277
31.499748
34.007984
128.67683
36.711063
75.95373
92.144875
27.951868
87.10732
105.67166
63.744774
112.81796
52.804893
79.295395
42.394775
62.596405
69.010956
42.222782
65.11587
59.29278
43.29367
58.8367
48.1054
98.09048
63.507584
46.642418
74.694244
61.144577
45.05781
42.662457
87.50788
52.240456
21.387209
70.967575
40.836273
56.43581
30.720688
48.207485
61.14507
68.69026
96.5698
83.2864
34.321583
54.85484
51.337494
6.3091516
32.320328
34.879257
83.88816
41.71263
27.705238
69.27031
32.826065
31.445562
30.21308
31.350801
63.693424
43.23124
31.850264
99.0619
40.787636
54.829124
64.78267
31.928204
44.70796
60.689137
43.833656
93.58208
97.54401
72.38272
84.28591
162.47067
83.74006
61.03986
59.062477
46.76346
58.265644
124.86031
51.664223
50.597706
39.232803
76.24116
15.915858
23.480896
20.229803
50.692753
63.908714
22.23008
56.173336
74.088234
75.86813
26.595444
92.505516
7.735811
43.70255
77.005554
44.56956
48.588715
90.86733
91.52141
93.281296
89.459206
40.950943
37.65692
31.463789
49.06624
89.0115
43.290512
80.866264
37.410816
46.396297
85.471725
61.192543
44.40503
65.08204
64.385994
50.04147
87.89583
86.73696
111.237
102.45293
41.96109
76.60321
90.16282
44.95298
61.857666
71.84995
71.06882
83.143585
46.970444
98.35565
66.48039
106.395164
63.49725
54.700386
58.44789
87.48386
107.32258
72.7874
106.470695
79.34459
64.31028
27.19504
129.84338
73.52623
42.68443
57.538578
54.299595
116.33882
154.85612
27.369307
103.95981
107.13306
55.26923
47.84951
52.629536
47.594883
78.26931
42.075573
40.948364
79.287735
114.391
134.28604
39.963234
42.911987
54.437977
67.05605
26.499258
65.24467
68.421005
80.5209
48.459007
65.87148
110.085754
84.29291
51.25726
28.559175
78.62933
124.01197
60.983047
67.41799
43.94269
105.21508
19.17584
76.708595
21.782831
57.996456
97.49749
58.168404
64.67546
37.46903
80.89878
26.37594
103.613914
72.780716
76.86144
22.97426
81.19107
82.1395
52.31712
113.66608
59.28125
72.01738
24.406696
12.262867
56.98694
67.129974
19.275501
81.93959
126.21701
60.438026
54.286095
104.10629
96.416115
11.330916
102.71866
22.92111
68.77231
90.92557
69.552185
27.719976
87.953606
62.788292
76.516914
55.408447
24.762661
76.23518
40.058495
86.2508
82.5053
81.313416
38.448364
54.30995
151.6992
57.43901
57.79056
54.73662
30.652271
38.888474
98.25313
48.044533
126.685234
164.78291
87.78502
87.01701
113.65321
87.94203
81.15436
49.69829
71.29409
107.5707
83.22498
21.503542
77.7902
100.81007
73.70535
131.92192
29.27088
38.385105
88.710945
33.019524
66.75641
56.702503
45.97804
50.771084
62.617382
145.61491
22.97399
47.22827
69.73151
86.835335
50.829025
62.3231
111.25144
75.084206
40.689877
34.070522
92.76165
29.161924
60.1165
80.66841
51.54601
47.623497
150.98067
103.445335
117.51246
64.93093
50.89913
45.428936
84.7096
15.916825
66.033226
54.238503
78.17291
65.50098
51.388058
43.612442
55.155304
90.517
21.104153
47.320343
78.40421
26.691628
54.190655
63.8498
43.087296
45.14491
51.437843
29.485973
41.270054
98.5534
92.80848
30.524023
60.035275
69.23502
10.14019
32.529205
28.803059
74.719574
39.172188
70.32493
70.39562
99.23431
61.716644
38.799828
112.08842
56.336597
51.895775
35.760326
67.721504
39.50774
59.486618
70.22127
46.55312
22.659075
63.85991
43.317066
72.43991
198.4846
106.20086
97.78725
95.086464
42.82868
76.743805
78.77123
47.1298
85.44785
22.847662
72.30512
60.628155
17.520683
92.22284
93.73203
64.94787
123.668846
74.11079
63.081833
47.022064
46.487568
87.35972
104.454865
57.069225
40.504276
71.141335
32.975384
74.2075
117.99884
47.206146
52.756256
42.573467
64.40719
96.75146
15.17481
118.54421
39.652206
62.71214
110.49595
34.44682
39.208664
56.152077
85.57743
38.33107
29.900002
92.562355
13.574272
43.66738
45.49725
146.66893
48.004982
47.420788
76.40627
73.40543
19.847637
107.19109
28.759626
85.531784
54.313595
34.097046
37.050438
55.10005
53.639748
92.23047
80.72106
46.157616
84.82091
67.486725
27.994963
67.22521
13.373125
55.067715
73.66825
9.459823
83.74366
29.433096
16.10823
51.30043
48.180355
33.633118
107.12525
99.47235
52.793854
182.4725
35.20407
43.972416
92.59271
18.387762
89.14147
60.5219
76.28399
44.024094
92.05029
79.26641
17.823816
55.833336
81.10684
68.47793
89.54029
60.39473
68.42729
48.57947
27.401497
34.330708
21.417595
41.666325
53.58409
50.58711
76.24206
63.62712
104.30384
56.846237
23.449722
38.359653
51.979244
76.22455
72.44379
73.54835
28.718029
59.88776
14.900089
50.70713
65.318184
33.83307
62.71819
34.603775
39.372433
47.07077
97.255646
38.893158
80.76818
45.50783
21.975151
41.58768
24.176523
25.796782
142.37369
72.96459
66.620926
25.889534
48.91802
59.91625
32.03463
112.51584
66.936584
50.924805
55.04104
83.101326
38.85895
44.78144
43.20822
73.90209
87.35926
60.615044
16.521948
31.78875
48.795776
75.04682
31.444313
71.454315
55.410137
62.55281
119.59926
31.240599
20.884712
103.8578
52.390293
41.640938
44.903824
61.429733
78.45125
25.229609
60.963478
21.908537
52.970806
59.107777
70.0884
64.90896
47.86966
119.72342
106.46719
68.04223
45.985794
35.996376
80.31331
37.094757
48.24149
54.91595
39.733776
59.862038
30.67804
62.971554
68.699326
36.103092
71.856415
39.508167
64.49541
41.85011
57.961685
19.181862
105.38746
59.20293
99.503876
62.876083
41.655483
75.35769
61.349033
38.02096
21.841124
107.175995
53.19065
16.446272
96.75659
100.051735
90.06215
49.586464
46.964935
18.339264
74.52474
85.01173
54.392654
9.350479
67.732376
15.537409
39.71034
87.19901
102.92146
36.264236
43.818012
80.50015
95.9706
30.856863
44.35418
74.53728
46.198624
75.11133
48.125538
24.901016
52.734985
51.18216
17.82948
70.60101
39.34514
64.03126
62.787064
75.1509
26.434515
21.239931
72.45912
100.69231
54.79523
40.307835
85.049034
45.021748
30.684084
47.829857
11.634732
85.31785
36.597332
34.481083
84.86324
104.931946
61.92149
54.979923
4.9225483
56.46069
35.00808
46.31304
44.62147
52.367985
52.558926
44.656693
56.723404
121.20788
107.28834
83.12076
121.15117
61.845165
63.43945
87.12147
45.989487
64.56626
60.6747
89.49267
83.07242
86.94466
135.66177
130.962
112.3421
75.374374
62.973927
109.63359
122.01908
66.281746
87.52672
28.717653
74.51544
17.090954
49.567657
67.796646
94.46203
59.88198
88.98263
92.70875
53.21443
64.04631
70.38542
78.19844
33.53081
117.606224
49.29602
33.219448
99.95836
79.14729
83.22878
127.41107
93.282074
120.52072
72.30625
76.167656
35.841072
138.7275
72.80697
83.27825
26.830322
53.54308
48.582417
70.88289
40.403797
72.59694
55.58925
26.562939
42.713123
98.67119
69.738335
54.51249
56.64211
76.62588
62.02663
69.050644
89.00002
49.827248
42.350475
48.874584
46.151234
147.50848
46.119144
79.87436
69.07837
89.526566
67.44296
21.495594
93.62356
49.566395
38.042877
37.749935
90.692635
25.74621
90.37891
55.964493
82.61402
57.256924
56.215607
43.963066
18.086226
69.90514
106.11977
129.69023
108.51245
75.13293
58.58403
66.04318
66.45666
53.662506
61.605675
45.187828
60.134354
126.69236
34.662323
36.872814
96.25048
20.640314
64.04518
74.96096
96.347275
78.91911
81.82242
35.002567
49.374786
16.987322
79.18536
76.21526
66.48438
42.79593
47.846703
43.957943
66.020744
57.271862
48.623657
49.318024
35.22679
87.53316
46.924667
53.987534
45.04953
98.593285
21.825079
60.437645
56.21541
47.243095
58.019764
35.18515
119.88439
71.72441
69.88511
35.96985
75.264145
44.062603
53.716396
52.918873
71.54028
99.42858
45.3509
28.3087
84.56334
115.45006
53.42156
38.70848
65.98791
64.99973
84.16637
39.629215
15.751609
76.60117
80.70976
47.998844
23.185114
13.215089
61.49043
53.00358
54.418926
63.626694
62.278843
87.29725
66.362114
72.00985
44.776802
71.43105
49.290478
35.346127
51.10731
31.278355
49.627026
47.83928
86.50459
50.47131
25.569983
106.605515
60.313232
75.17619
54.85658
67.81647
73.429504
71.275246
72.078094
47.807465
65.92723
119.22288
49.016125
38.265568
62.42234
63.167023
73.70962
49.113388
55.901924
32.68932
89.59231
59.53331
119.89267
110.918015
130.88283
87.06181
67.87672
69.18203
10.226115
88.645996
38.83406
58.0931
105.37148
81.58224
48.26025
135.54381
75.62902
77.162605
18.240425
68.469
38.796303
20.806147
15.951688
72.424545
62.88454
81.62786
27.977571
61.742676
58.07451
49.125927
88.16442
47.868664
56.02593
133.66905
66.21836
128.86389
45.13279
30.020359
74.82977
43.073624
78.97044
36.296574
28.297869
105.85214
78.23823
59.38306
55.903473
81.80449
61.850407
51.36743
70.96431
76.50637
86.61685
24.518213
80.26849
105.63895
62.572853
134.05492
28.099947
10.9948
85.19065
128.6783
125.36606
61.446136
44.088917
48.602104
57.356117
50.820744
74.26395
76.103546
172.30525
42.116432
46.110947
35.638275
50.078434
98.62733
20.794489
58.377186
37.602215
65.28478
67.99112
76.43857
78.62535
75.75723
77.6904
25.084167
64.490944
92.86683
77.20969
83.75649
28.917488
99.047386
60.404423
48.37374
88.09759
56.663906
82.80619
35.677067
51.306446
54.123566
36.65616
21.425047
51.207542
96.87724
51.85411
49.90745
82.987656
49.22881
60.715683
124.82595
101.020905
90.02521
48.09176
87.35255
29.588272
24.799046
66.74681
57.37489
57.900673
129.98215
67.39515
51.188187
88.3328
42.728916
35.382004
39.88885
57.965763
162.8791
44.086514
80.62093
34.49724
37.628487
55.560635
97.30434
68.38584
79.26215
100.76605
32.87142
93.792244
81.07184
45.153
39.79817
53.929325
78.66228
57.694412
81.68276
95.9523
95.11255
28.508652
87.24545
48.52267
36.85859
147.3084
9.974287
57.002495
40.72485
86.56421
92.399826
118.40817
40.123253
23.110533
65.494
82.40281
56.095264
81.36943
35.489773
32.823868
106.25684
56.98688
53.857616
94.82289
74.34876
54.40239
75.3886
73.7962
37.83325
63.65535
79.60832
100.683914
44.341522
100.403854
52.163887
39.927155
29.588692
40.67501
48.478863
92.23374
93.679756
48.043617
35.858017
80.15054
109.786865
55.188583
106.291794
41.701115
58.954018
65.263885
69.57779
119.938065
70.86939
65.60282
61.087326
41.44569
27.749199
35.009598
76.64097
87.43366
77.651596
78.2472
28.852745
44.61232
61.83446
47.49744
91.23977
28.004799
79.4033
110.729004
111.906784
95.45554
94.58615
69.605705
66.36164
70.095116
68.34319
66.02345
92.58744
67.880585
53.270683
35.06315
45.034584
25.209322
62.600677
103.5898
82.25104
125.48018
49.375248
73.560745
106.59933
120.745285
102.85948
56.9175
22.88902
69.00125
69.37518
74.3154
71.10436
36.62029
118.29482
59.8885
43.154713
99.28136
57.04185
49.14031
127.96024
98.47006
62.78244
44.1735
83.75217
76.72996
153.92892
144.24689
64.64491
66.02768
140.23424
47.01729
34.52612
43.66298
36.52123
60.17373
49.61416
39.931236
68.170555
59.239403
21.282078
49.539482
105.39812
51.76296
106.74498
103.534256
92.61954
50.188072
54.75555
115.911644
93.51068
105.01698
11.163701
31.49954
37.139153
38.345413
30.88092
74.0636
96.60012
55.582554
37.243855
70.177345
93.93814
94.60762
64.10497
77.20798
22.306763
26.586748
69.81046
54.361664
104.437386
83.55263
108.27974
63.183437
28.906462
88.13947
37.24
47.146767
74.05616
28.270605
38.992393
147.555
94.15916
45.689587
52.446884
44.916412
46.025864
88.035095
71.298996
118.53671
22.342493
2.7043438
75.98116
53.58165
38.213837
81.82832
71.88578
50.518845
50.58348
39.618317
51.10336
79.61561
174.13748
36.18781
103.66712
146.28955
41.67004
55.46701
40.81587
56.061752
29.74187
55.75963
49.18804
99.18168
40.804073
45.762432
66.058205
52.763218
94.08953
83.317375
34.203785
55.990524
68.01845
58.358154
36.13225
65.009964
55.134697
59.31201
4.665636
45.27033
15.635023
59.737843
14.216792
33.61169
63.5771
29.08784
58.52162
52.102734
43.307842
37.02545
45.023563
57.24092
58.389896
20.890945
63.561523
30.776243
106.00282
44.779984
59.049408
11.296701
74.13814
42.03063
68.20193
29.459734
116.33357
46.862675
78.23027
51.404594
54.386772
29.416737
96.803604
61.09902
42.6503
73.80879
48.99517
56.918568
68.640274
64.38402
60.3603
96.16075
83.94095
45.932438
97.91553
23.891869
52.5802
45.785698
100.53306
22.465466
70.596436
44.18235
81.8218
89.1964
58.523487
83.015076
68.807594
86.900925
37.705204
25.011633
64.71453
83.06445
79.08544
98.6448
50.81109
53.6675
14.127667
91.09156
70.88563
12.438694
58.77357
44.061092
48.30513
47.825512
70.09646
57.91561
89.013695
58.196407
48.713028
68.316696
91.85473
36.18628
46.789207
125.822205
86.97649
44.420345
48.308765
54.314053
81.58933
82.11022
27.697002
84.00624
37.506992
28.866331
44.506126
88.70087
69.853584
48.051422
65.50527
55.9662
51.66505
45.681747
65.48647
36.260548
73.34354
63.28662
58.228676
70.69602
111.31251
55.46946
72.493866
82.43119
70.53478
41.223907
65.99743
59.037952
62.452415
45.91178
30.807062
114.19583
67.16681
25.41407
41.848927
79.97305
22.974133
37.453556
89.92822
76.60594
75.189125
139.75494
48.847973
36.406715
77.31813
78.76876
53.33248
57.139877
42.934547
57.08519
47.786533
115.81819
48.072357
36.50161
61.841965
30.936363
63.53135
65.60291
136.32591
24.840034
72.45756
74.426605
110.00711
51.06445
52.0705
19.004208
65.76668
72.56931
66.15031
90.11572
52.525578
79.03948
22.449556
52.09521
84.10875
32.952652
28.98437
67.7095
72.60812
94.101006
46.74625
68.07211
40.341507
47.738945
74.01899
61.089855
75.23518
52.285297
28.228233
70.767586
82.39517
95.75589
88.15961
72.74246
41.8095
111.22709
102.14838
100.19743
53.106792
100.25501
104.21607
48.46579
31.427717
77.05918
137.40392
94.35619
96.865585
62.87083
29.099005
33.659008
74.5585
28.177092
24.106518
24.20621
47.139286
87.494
62.288395
42.14718
55.40717
100.568115
67.222855
68.130226
15.967408
79.849945
35.392365
99.62538
51.32928
95.15834
97.912285
48.822758
30.654455
83.19782
87.16275
35.44156
70.71249
72.81775
49.002872
76.455055
101.012215
83.13888
66.494576
42.010395
68.44659
21.744621
65.82751
71.42694
20.562756
61.75263
36.5442
27.058779
35.89174
47.92337
78.20525
85.45134
128.3684
112.07994
108.933945
112.16202
40.765438
72.37635
60.73694
83.512794
155.9126
79.478935
95.4092
74.393654
41.75234
85.573586
90.70605
54.695866
82.62005
59.131435
143.77701
118.795555
122.57335
87.17774
26.851355
44.551685
34.653435
80.97485
31.453114
70.01305
123.57888
71.480896
52.761024
55.525707
49.234997
140.61278
114.63251
116.50527
146.91937
66.20401
52.35634
67.40278
95.82088
74.78103
51.78379
90.51859
82.543045
100.6828
117.04426
92.57534
141.22032
140.90561
112.10469
165.13783
124.32796
127.38484
84.51363
92.92265
21.136082
108.72581
68.91749
61.38817
59.30452
84.32039
92.39229
37.782833
91.01063
33.371017
119.73689
35.4639
29.394669
61.64553
28.980293
66.02648
66.82275
63.52977
25.50698
73.53771
48.81957
71.14026
55.15683
68.84697
61.128258
62.098766
56.216454
58.339962
48.45081
34.23642
29.871933
110.06948
78.68904
34.55878
79.94439
65.64473
24.481339
32.897827
54.91072
30.100126
58.77012
74.34537
34.23864
58.358597
69.90933
51.67655
112.56577
44.655903
57.402916
46.249027
32.019325
70.56371
62.64893
89.063225
70.82454
72.36905
55.468838
32.51352
70.90556
49.485332
51.362553
35.822647
84.758766
48.286377
63.654575
91.09878
17.305166
63.976368
42.97574
44.549286
26.653059
29.73047
37.419083
29.937803
61.4032
69.27669
97.42177
59.50554
82.96035
7.302988
44.555435
67.924446
56.125633
94.90134
24.285301
95.596146
50.89183
23.873352
53.513206
30.822887
63.390873
45.963608
22.506079
64.60727
77.69628
100.573
34.594383
72.754684
57.550392
78.204185
72.13891
132.16826
92.415085
78.02069
107.845116
52.100773
30.817894
81.52907
57.98955
24.478098
85.497536
95.24376
34.19202
83.673676
79.90068
71.885155
47.110855
87.868546
52.049004
51.03756
121.22614
56.78238
83.1622
39.980564
66.964584
25.941065
112.55791
58.97797
99.944084
58.421978
116.43018
106.18652
68.340935
41.008926
130.92305
74.19716
92.64073
58.277557
87.06101
41.08775
32.15221
65.84233
60.911484
63.91434
37.072662
68.67202
14.356612
87.97206
23.038546
129.6187
69.027565
37.645226
65.77315
75.78011
71.484
139.79103
85.79744
71.26633
59.93352
78.94496
69.02238
52.51306
81.187035
111.61965
46.164326
66.56409
32.48861
109.42077
66.94699
72.372444
51.303722
120.55862
87.914474
56.413208
62.380768
87.61353
45.364548
67.99061
77.47642
28.950981
50.880157
50.59525
76.77538
79.10315
101.344025
80.06191
88.46736
27.533873
39.50208
74.36575
40.529144
49.532978
43.113136
46.529106
62.130737
74.202614
12.547193
33.167034
47.53547
61.601753
85.78795
39.249397
127.80416
88.41214
57.657032
76.10293
29.136778
83.31392
108.558235
61.43332
120.88563
35.25154
21.866358
71.88315
87.172745
43.857468
38.17881
21.054005
55.457752
36.52987
43.572598
91.53363
47.255848
85.773865
23.64103
52.552544
48.313126
51.408688
57.49536
71.963524
32.085976
49.7169
121.84475
108.26852
38.357002
30.246279
43.499027
12.129232
72.95745
35.131382
75.394806
58.83961
42.489346
38.846508
34.01259
29.118431
45.721157
60.206
54.687325
66.47498
70.25388
62.101776
140.056
44.07483
123.852585
140.13652
113.09127
129.23366
36.39655
106.694046
69.67983
50.541588
85.07919
34.36425
27.96536
56.689472
72.18515
51.982735
68.32345
58.288998
42.971054
14.031315
25.21369
59.26152
27.16687
51.240635
51.99515
55.15561
20.737175
46.225826
68.841576
61.266747
52.806324
71.137726
74.11124
48.431576
103.655716
99.87327
49.381866
125.28209
63.695503
60.688046
31.008694
21.436089
35.73167
94.17466
88.60084
35.14769
65.2858
50.150707
92.19182
44.661423
57.08264
95.53764
75.513405
71.34837
36.866
48.083828
44.00134
48.85329
50.85596
79.09055
72.48078
55.596657
57.791683
28.409788
41.2943
26.450142
82.19103
66.73681
91.04224
77.99922
43.934826
84.65531
37.602005
61.658215
46.339283
19.131441
101.132195
64.80468
90.187454
70.5137
69.8732
66.32891
24.168089
43.784946
44.643097
39.104183
17.171719
13.945993
11.620496
81.28242
39.797894
48.535233
40.385433
109.25042
71.931786
29.49102
53.3874
51.30427
49.351974
82.29749
93.044914
42.97501
144.38182
97.65485
70.30695
91.55417
82.567444
116.42371
89.14189
26.777163
10.014512
30.63291
63.52775
59.158443
74.40544
43.788555
136.67284
68.53793
38.70582
27.498022
86.3845
108.74835
67.32875
63.01086
85.78546
85.25144
54.543957
73.869026
70.31442
42.781075
24.487198
104.21116
105.55653
18.180618
24.135706
28.046394
22.675241
87.699905
101.65803
27.192625
87.85902
52.55741
34.376904
101.17986
36.69873
51.812428
62.95945
22.436783
50.85573
62.822495
84.23049
56.77323
71.629074
7.8897204
37.458485
70.536316
57.060658
116.38162
42.244694
75.32122
52.692295
103.64205
80.86794
52.944492
49.600266
79.703964
36.155888
42.260868
65.56861
116.018906
15.331316
46.729076
113.68753
45.44306
108.11188
84.46538
75.75137
63.268032
43.800438
92.35499
63.002003
21.453003
91.38347
43.94208
53.406708
71.68825
82.541084
26.749327
61.940704
48.634487
26.090422
50.79428
47.144222
41.619247
100.820656
40.851974
35.333473
84.8003
45.336746
49.291515
54.42113
59.168785
40.567825
33.81916
91.55733
53.629955
62.068344
50.31697
62.935482
101.4238
52.688927
40.94924
60.597923
15.166599
43.402813
69.70575
62.325573
100.025276
68.939606
153.30011
102.36062
91.50923
75.45804
73.59062
104.09255
101.61798
113.46728
83.44522
39.54594
57.010777
31.65503
38.05307
90.07795
41.7904
31.263405
26.406496
91.87696
34.91496
59.3207
38.740105
76.301384
59.40208
49.820507
74.073586
25.241575
45.95934
91.24225
60.1228
29.800941
50.879257
88.53702
110.9863
110.35631
77.82479
19.912422
24.687275
82.549835
54.718937
54.666325
46.363983
78.34937
22.128862
59.020485
43.00401
98.881386
102.05514
57.335987
66.90941
41.00424
51.334267
45.888195
78.14574
46.813385
29.716303
124.96743
79.46095
40.96572
61.35801
83.67544
50.30082
84.65133
151.52017
29.798018
60.028423
56.930927
44.24751
50.67934
38.57235
39.46019
67.90208
40.092
80.07511
25.50912
116.88481
31.500555
48.654976
76.75077
44.1963
123.925606
36.185497
60.746727
88.40224
146.67546
75.39158
59.92507
29.66512
57.82623
61.688366
90.602745
54.814754
86.61018
85.1903
39.510223
97.72368
105.20202
141.96284
82.72245
54.599754
75.202644
88.10705
58.760635
81.31165
118.26602
41.249813
64.954445
30.610645
68.8244
46.177723
83.19145
85.21638
72.9893
61.57547
11.423664
57.938847
15.908845
96.28665
63.243687
52.061596
17.135551
24.83435
51.486095
32.080276
80.599236
19.551205
108.71087
14.508052
28.27072
53.343403
69.21735
38.053215
74.722824
63.367485
83.29178
134.38191
29.184067
29.911789
51.93962
46.550697
44.403725
125.82028
184.40437
47.023426
99.61126
40.685314
43.608574
24.79807
50.336372
27.220654
43.702484
34.01379
58.92132
79.4125
52.516014
70.41141
78.07986
73.66899
34.203125
60.641895
32.726913
41.653652
53.739292
22.659307
30.72799
77.746346
31.913185
23.994574
46.846466
27.399563
43.125023
140.55069
51.99607
112.61709
88.013435
9.673144
92.55834
48.583584
46.672188
84.79381
99.56101
51.567535
48.4643
95.07348
61.134457
123.53844
71.18491
34.880253
78.75004
70.10694
69.00205
131.47519
53.665596
89.82011
53.712418
69.68242
43.057945
46.38815
73.36078
75.096466
82.744865
50.287174
101.60249
68.77104
102.369865
77.131256
89.51975
47.39631
73.33105
34.084827
56.940113
76.503586
84.24012
82.57684
67.84083
58.12409
63.69189
45.663284
70.9023
20.534143
65.81485
29.588463
57.430542
41.497803
60.18579
64.554504
24.139517
21.405556
45.102386
51.687023
36.788734
54.035954
81.00801
53.98311
84.29744
41.875587
42.2062
51.142014
49.089027
50.02553
85.197716
47.83156
68.84638
59.022205
89.04384
83.221054
67.03093
105.61412
113.025055
90.83657
79.62066
49.785763
63.119823
17.090418
59.73786
40.05659
88.754906
47.340195
42.00101
41.06623
85.66158
36.843388
37.139423
5.9256306
80.93914
72.1431
51.85792
94.58133
39.121872
49.57357
54.023014
100.61994
40.90154
87.909386
28.045294
105.59389
55.420616
79.849205
50.238556
102.45198
28.952131
120.02518
85.875336
61.63865
36.26664
22.642754
54.032562
50.293324
19.344303
120.07768
67.04268
90.64702
115.30806
154.15857
55.500088
61.761276
51.202637
65.52897
44.814857
42.73783
14.640268
18.145218
23.848122
35.50222
39.5513
40.590004
69.32897
82.59583
72.00553
91.12114
35.408886
53.71339
88.49443
29.076818
153.08505
25.954762
44.16498
100.213905
75.22786
69.65593
3.8946395
76.03169
138.03828
75.91864
97.233
123.893036
42.857086
71.43809
101.88945
69.259514
48.12927
49.317238
49.18364
101.23346
62.105762
110.13202
78.850266
81.12982
38.824177
112.804276
116.3247
78.48887
80.26023
68.32827
129.0212
74.13588
17.212368
41.03303
52.744946
112.958046
71.97523
82.41039
48.46077
50.48552
59.918976
60.237045
87.14481
35.56868
22.384687
67.63359
124.32687
46.979668
112.92705
34.47542
123.72402
120.56926
28.069494
70.103
41.25726
35.564327
78.42743
41.121376
63.945267
51.793854
44.186676
43.480885
135.88367
36.06245
76.42588
69.52805
21.409807
38.219223
41.710968
28.73068
23.90538
37.0959
25.449242
42.57629
124.40567
49.14692
65.70839
87.57025
61.106667
82.147
27.604969
61.729404
37.55934
43.417374
32.431362
65.12585
128.01276
36.78923
52.46785
21.723574
56.929577
15.183297
49.310196
52.837646
101.62542
136.35394
25.402443
46.22757
97.418495
78.60845
22.799013
86.09985
69.4166
35.18248
113.36101
58.32291
12.037276
62.441864
119.31501
99.68962
45.555347
67.7848
66.16946
33.95282
81.398735
42.214542
58.172245
31.094124
35.681942
32.1622
47.02975
53.42253
38.12984
30.990242
49.899433
109.81308
28.093416
73.89023
80.20366
54.145206
81.863884
73.0388
43.380962
20.850534
44.116844
47.390507
117.09051
31.433771
36.556602
28.103003
16.75334
74.877655
73.53389
75.62019
85.89009
55.33444
44.095512
35.030163
34.000023
40.37693
37.061325
71.8086
49.06501
50.445908
105.66326
82.53152
42.090508
15.922446
35.541946
13.752137
77.00648
57.526176
38.051926
131.48238
88.15538
103.95327
72.35783
86.00513
164.15994
85.75502
35.83875
72.55803
67.98232
96.33757
24.081924
114.14459
65.691025
73.186516
119.25747
93.711845
83.74584
101.75917
89.12243
59.992153
126.237656
105.48728
72.80597
96.409805
97.39131
23.068697
58.13209
71.73542
69.95161
43.025246
72.674866
94.93284
110.9395
47.466484
55.23688
54.988422
62.3747
87.307274
38.474922
44.874557
98.79935
61.260807
48.848053
37.11067
51.66558
48.38198
29.260815
55.149025
58.082012
104.94206
54.01503
55.359005
66.26727
27.114363
89.36029
23.91789
35.336998
71.27045
41.71625
71.0406
73.1331
63.706264
67.379326
70.48044
34.51257
48.34085
125.000626
31.416462
48.658703
42.861603
56.804092
89.66153
63.10726
79.99291
41.071095
68.6828
62.666046
54.524166
37.505245
49.623837
18.442165
83.654785
19.96587
97.96939
62.54344
72.07273
57.89622
13.894112
67.2471
76.1453
67.758766
23.024656
52.87439
45.937447
71.94304
42.59841
35.59821
85.28316
4.6252246
76.36186
151.98042
60.05247
41.55702
74.58273
72.81038
68.30527
118.62063
34.864025
60.185623
61.377144
39.20727
22.66383
83.947754
81.13831
61.191685
95.63743
52.544384
20.49034
32.306664
68.65399
67.74249
28.66753
89.70277
82.413536
143.0016
28.161304
55.030846
10.199822
73.77795
59.02772
31.736965
58.661163
33.345524
38.66054
35.829906
78.76011
65.864876
27.915403
51.888588
57.23554
42.11326
147.89043
70.81367
100.829285
58.083424
155.82393
130.90132
129.74898
29.79113
48.747875
102.90214
67.415375
2.8972006
49.486317
106.773476
39.653248
63.62175
53.481396
89.89788
41.708794
68.77576
85.67003
79.202644
68.89953
58.57292
39.36944
138.94159
47.973846
42.255894
136.59831
51.60463
90.21645
64.839935
60.55654
32.264294
32.701035
40.499786
28.205349
66.003876
30.10484
50.039886
48.38004
86.286736
70.109474
49.265133
88.74295
44.286278
36.489063
16.29808
85.984795
108.43495
80.122536
75.81401
74.89277
66.974464
51.845863
48.966393
32.023727
88.176605
175.75398
75.27101
34.964954
69.43515
44.573578
49.028893
111.90709
70.588036
50.11122
72.66049
37.02516
96.32025
72.195404
37.498714
85.69165
32.14541
31.01908
73.78626
108.7239
68.79275
96.73426
82.41545
68.58094
102.76904
91.63026
89.13005
38.6938
105.72094
40.58889
55.613697
43.304893
40.361473
68.55377
24.041145
62.26316
55.019447
65.00124
43.76527
22.185274
139.82632
46.53522
55.292213
82.98109
65.08809
46.432827
63.8859
138.25195
26.53998
9.1202345
43.03301
86.34041
41.83644
102.6225
91.16546
54.589634
70.589745
35.26409
57.024643
40.99751
71.742744
91.16091
53.45932
71.40579
94.58668
14.2189
55.130474
72.23037
63.104706
65.79543
41.643177
27.178429
79.88844
18.963163
78.35508
97.201935
29.575157
48.559006
41.35332
23.75387
46.439335
80.78386
26.438948
46.68038
7.1100984
81.49594
50.271206
51.383556
62.987595
71.43638
55.7979
94.16031
44.226353
74.67601
67.3058
49.49321
60.044518
106.40748
62.300793
19.847784
30.938347
32.641163
53.951122
60.191338
107.592415
75.19045
65.91902
49.31393
81.627884
90.690155
59.600365
119.73093
121.16604
58.650047
130.74388
76.408844
59.584106
37.400394
80.43475
62.754433
65.2955
76.73195
15.486421
42.219795
15.493933
87.61014
60.024048
53.833176
71.73039
2.8558571
90.96177
23.781654
79.95145
13.971749
23.239483
31.51416
98.49173
127.53762
21.8727
43.371964
36.857285
59.863636
83.56652
25.165876
39.21846
72.9739
23.292397
37.924095
98.84963
70.49991
73.00269
97.42602
57.325027
84.38727
55.731377
96.64032
33.39662
81.160614
35.63341
99.92827
28.082415
63.86772
116.08688
82.545105
22.534143
64.70225
81.22894
130.68092
70.57236
104.567215
54.838436
75.2767
96.78059
61.340946
81.68854
51.914505
89.38287
141.61592
38.02063
75.53618
38.619843
53.189083
92.84727
120.426414
145.08891
72.26945
77.39803
74.397995
30.186691
48.503403
81.409
36.66191
94.84123
16.08465
111.770546
44.730312
31.176294
89.5947
38.881714
39.941658
40.981483
51.785645
48.340775
132.75351
70.26006
21.348022
160.95906
38.502598
42.698563
28.274433
22.796175
10.735763
55.158966
49.742332
72.41574
42.63415
76.22749
50.119675
63.784306
69.66392
97.37465
112.498184
34.479103
50.888016
33.34612
48.01344
81.60147
35.692642
127.11672
39.419056
120.23019
38.99683
35.946823
27.343246
90.3164
119.62121
175.08783
88.564064
96.123924
81.11188
72.54499
148.70595
131.27834
71.94935
27.82748
28.723528
54.68045
88.16344
41.763527
70.22166
122.93945
48.64047
104.04474
111.66127
85.84446
115.095276
117.47524
60.036205
60.301746
89.24951
58.452656
9.2519455
58.27952
21.006731
84.093155
62.80128
42.13925
47.106483
75.35471
49.301525
37.43767
49.68419
94.92343
47.012245
55.219707
56.07087
64.49455
71.19905
68.241936
25.314829
119.86714
68.009636
29.394995
75.66309
48.97415
26.240639
50.55324
88.65052
77.120804
51.87707
7.4555607
85.155235
40.581417
51.988358
63.592236
29.65018
60.13412
75.373535
72.026794
54.10423
72.3486
70.96597
174.06476
39.955666
18.836365
20.722517
56.498592
44.14849
90.037605
45.131767
105.72413
69.72526
87.626175
87.58316
41.504494
59.203053
75.637634
73.47988
35.288662
110.97865
106.153
71.12824
22.641098
93.24449
84.735794
42.97288
71.535736
8.388056
47.42015
93.3072
144.47061
97.719505
29.203463
68.61169
27.514376
28.864012
67.71198
69.08052
23.80603
46.52275
23.958979
28.814154
68.40308
48.402122
79.54795
111.59528
93.112656
29.315306
101.133644
107.89032
32.65906
79.47737
18.501175
17.958279
86.0128
92.50048
92.58584
19.121782
42.54789
63.143185
59.77443
27.848547
42.250053
71.06715
58.103355
52.500546
38.56814
70.1031
78.13942
80.46159
68.60443
56.49247
60.021908
70.212746
41.595192
27.65722
29.473522
65.50835
54.351982
77.15204
84.55207
58.80507
37.512123
40.232456
111.91792
27.780848
49.153984
80.0093
45.742416
77.358734
61.43304
101.567795
104.42178
35.19488
85.32945
95.96824
83.611855
69.072174
62.43671
29.827051
36.127617
60.276752
40.202232
78.432076
45.85826
104.59658
73.68072
27.872038
84.417786
104.66294
94.86287
93.52459
22.529625
81.226746
72.88484
40.1569
35.562443
51.88752
41.539093
97.29408
66.73117
48.15567
65.48637
69.58627
90.0114
55.726234
37.917114
62.331654
80.875145
47.056183
77.13329
15.752381
50.23191
78.65005
50.95259
43.85708
100.358246
98.8654
123.87165
136.06259
110.033516
95.861336
49.001965
71.595055
113.215195
56.86715
88.14222
72.68868
52.577763
20.656336
69.98064
37.419846
75.458664
61.097694
27.816017
45.33486
82.83176
42.807693
86.44615
93.36368
47.34017
38.5801
48.328976
66.34213
77.93215
37.863056
56.51312
21.883032
64.28781
54.446182
48.417442
71.71382
51.927578
79.14442
39.176304
63.177593
35.754303
74.54244
66.87955
53.866924
46.153458
73.68513
76.983864
93.67628
81.02895
29.140259
66.94801
67.739426
91.766106
48.916805
129.13213
74.30468
81.63876
43.09426
22.8949
29.089163
37.18072
99.52734
90.026054
41.972347
23.843727
30.182722
139.31026
86.745636
14.108839
50.021133
65.57097
20.248272
41.529137
3.7065146
21.785757
79.16259
57.128162
105.5511
75.688866
83.70324
37.14814
69.04092
59.99552
111.3292
46.099667
61.96551
119.36435
34.686283
48.753586
55.3389
60.121723
56.374653
16.234337
32.969498
42.184227
56.300465
84.18881
127.68413
74.29831
43.18284
70.47765
28.908516
55.33417
45.298374
60.333847
77.68069
44.654404
67.83867
75.16556
41.523693
98.90454
60.68407
83.170166
73.95603
28.615162
22.553778
44.32495
66.60611
114.0941
108.85635
57.576534
34.645447
22.273994
73.675964
56.89915
23.624907
51.820282
128.83812
81.70896
65.381325
79.76905
34.964874
41.28064
95.85076
49.6706
74.73998
95.413475
19.935326
82.29193
47.01019
59.54591
46.251217
61.747974
78.164375
44.539173
42.055008
58.207943
66.9876
25.087591
53.18281
90.84838
41.672176
76.404434
21.504065
21.690529
37.84946
35.23132
35.63062
44.01597
35.990406
70.99174
80.95481
52.503494
82.19506
62.044365
49.59542
42.924816
111.51108
67.03652
58.530815
52.846386
39.477936
48.951397
80.06159
43.035053
16.123404
41.47321
42.25633
89.379
68.825134
37.17981
108.27861
29.238771
74.9011
53.970734
53.80293
34.67678
34.011112
58.686035
32.644608
52.966045
100.06125
99.967384
32.635334
82.96027
48.609024
91.663124
101.512566
132.2433
65.330154
67.81837
66.331535
52.389217
64.778435
56.9921
55.609535
40.469677
22.968233
85.29861
74.41335
108.81916
70.74603
75.69314
28.468534
55.85345
71.49998
62.184513
30.410137
67.06018
57.66011
92.20329
47.5919
55.662167
114.72603
29.148613
90.60591
74.88608
88.180756
49.921825
41.345802
85.95967
37.69975
65.37426
130.75581
127.34665
99.487976
101.69708
46.5671
47.05132
18.14071
92.87246
91.688225
71.02985
87.02036
59.095337
73.20228
95.84674
11.075252
59.175385
60.433647
84.74214
83.27186
97.12269
72.93767
69.886086
89.782684
61.443516
63.315342
98.732605
42.24138
36.167866
72.14171
63.2951
88.70892
157.96002
56.912254
140.10326
91.10523
102.2599
97.1889
51.52745
63.974854
76.82702
67.731186
55.630985
47.637646
69.84283
22.983671
42.646225
91.04303
129.30516
140.66797
89.89529
42.507347
31.994072
20.501902
47.12421
23.626637
84.91183
20.980694
48.92499
78.34178
47.121895
90.03496
65.39939
64.12674
43.85
108.91635
56.55055
27.584803
69.95551
45.63729
14.691828
60.873375
73.95505
67.843376
75.76094
32.36045
63.038864
60.44941
62.331127
81.157776
76.07335
56.89535
34.008034
53.28545
24.005198
48.36461
102.38059
52.6677
101.58042
74.4534
38.372215
58.273037
45.76882
47.42789
85.88256
35.175186
66.66295
81.179535
42.653126
73.22941
59.193203
50.412113
81.65877
22.551903
44.440968
31.12601
111.79704
59.678123
45.02396
32.374935
85.146545
54.11266
58.483578
86.357765
99.447815
65.38755
57.017838
104.37239
64.18969
60.691612
61.378696
110.45444
52.08362
75.91057
34.908844
28.065605
98.57451
82.15959
33.91176
32.214577
22.939018
8.753702
36.788525
21.976406
26.38645
73.06561
49.577503
71.05753
29.036938
62.1198
86.04509
69.39673
141.94711
105.49082
114.961075
68.101166
26.935291
70.7751
36.717106
62.95633
74.62939
77.25412
69.21918
63.82387
53.494884
33.13258
36.38989
135.433
75.908104
66.72484
35.094086
59.19741
43.81032
49.577545
102.89391
83.76713
22.194016
131.98328
95.61628
40.195248
56.15854
36.440903
83.87765
67.706345
74.12651
113.04453
30.608337
13.859773
74.374016
43.756664
28.239407
75.20354
84.58464
42.02797
58.17887
20.108448
79.439606
61.69147
74.66056
101.747444
77.375725
84.21707
67.268456
65.94757
88.08809
44.79281
51.16464
52.454903
69.5346
29.876308
79.74648
99.89432
43.719913
57.48115
60.054184
62.40909
82.46798
78.71021
81.22908
65.29102
46.21694
64.169815
56.88517
36.98839
36.78368
118.60733
62.946835
105.049774
58.381256
49.95952
75.216835
95.307655
56.40723
42.553413
52.119762
48.94972
45.701195
75.675865
13.067135
57.430786
72.61531
61.107254
35.11059
59.54426
31.335268
75.76751
25.747065
41.25085
39.16635
88.09561
62.639015
94.04662
106.420456
88.08834
93.83028
69.63028
83.29126
32.640594
137.73726
55.293808
56.201805
55.156044
45.004204
82.84916
47.410152
24.348948
40.64389
35.954227
90.746574
23.892517
39.235485
88.27338
48.56276
31.46529
117.73085
60.120167
111.57463
64.810104
76.16578
31.088554
48.70732
56.18782
31.202942
84.567894
76.97661
105.84442
66.449005
46.78402
23.510527
89.10257
29.01532
49.132835
83.3751
90.260666
155.12267
106.49966
54.49529
40.909706
56.148525
77.39765
76.99151
103.61202
61.94627
75.3709
65.01962
38.131374
33.35945
115.25547
43.766216
31.13263
25.32892
128.9482
1.9475887
82.64419
59.152832
60.1763
34.611233
67.30513
65.61223
65.69715
39.47435
67.35491
39.671192
53.836056
46.43155
70.232605
22.18953
78.64174
53.68968
58.269287
40.7783
103.02477
21.248817
34.55265
107.00546
59.563454
17.268797
93.483826
80.43454
109.96349
71.0069
42.128372
45.295307
42.85135
63.295666
31.562874
63.85971
48.19809
78.80585
106.44476
37.836082
58.42656
65.08079
62.869827
130.90004
47.108326
59.805977
104.85499
55.262543
83.42446
99.53196
110.458115
39.184383
47.270798
15.015982
48.73083
64.36972
57.768154
35.112225
91.50988
45.774628
53.71312
75.42069
53.263706
50.57152
25.54332
15.235706
73.40094
25.676182
54.452602
69.13309
70.075
33.3609
36.210682
9.337
22.152857
45.884033
82.88045
35.882008
73.43146
67.37716
105.19007
65.65315
40.54203
58.87361
106.99945
61.507214
60.15466
67.23505
61.627216
50.68276
55.09461
81.497475
79.583305
82.668015
87.969025
51.98586
76.14819
40.690956
20.066753
44.07012
58.84972
31.767458
55.82752
72.85708
82.27301
28.42448
60.52439
62.235817
47.566216
35.578342
133.68372
66.426575
34.6989
45.32576
42.13301
22.296484
111.98625
50.36228
68.75406
92.685036
81.358246
89.7404
16.608006
48.12611
48.51264
45.9168
36.188595
21.50416
107.839424
29.379028
99.9927
67.256676
40.13539
42.709225
51.00743
15.263043
27.53044
20.073767
70.93996
68.84168
47.815216
19.449377
69.591545
66.69003
55.297028
50.3988
15.291265
68.887794
42.543476
87.56113
71.03548
55.95714
53.606937
106.58748
56.17613
57.363056
29.437185
59.141876
70.39166
41.488827
65.39023
29.171812
34.421844
8.97971
43.16342
13.587084
54.340824
105.25517
25.220732
76.87679
60.001575
68.06085
58.062374
16.292873
48.980556
79.071945
107.61359
43.46233
51.751797
55.262184
58.006332
87.522354
65.79796
59.420055
73.49214
24.638428
53.065475
40.82361
101.761375
42.73595
46.634003
59.696255
52.591087
114.79649
69.46729
50.597572
50.757294
34.435604
97.302284
28.119814
62.152733
59.405483
54.43987
76.07941
95.042694
57.17337
18.204237
64.84063
64.043564
95.005714
55.79274
96.85774
37.004425
15.4625025
30.88452
79.5334
36.065323
34.386898
18.997059
70.895515
55.444603
102.08029
177.22948
124.90991
9.008237
17.473015
44.586876
61.546074
103.01749
92.26267
59.0796
24.115555
119.00649
51.451637
93.03522
29.33011
10.549704
51.155533
79.403465
16.393974
63.338356
28.627714
35.696896
61.90432
68.28615
77.86614
39.9272
99.758965
24.369623
52.301197
102.70452
76.37475
53.878307
55.85823
32.506763
95.22448
51.859653
40.79962
94.55476
67.4162
22.45798
47.18302
95.8301
35.77117
16.30576
68.41359
89.21934
36.385376
21.040264
69.824196
15.461304
45.250397
47.380505
81.2355
64.29117
48.044468
48.452988
131.16682
60.860546
47.34902
81.728355
40.137955
40.103172
60.939835
37.537445
69.833145
60.89744
64.16621
53.363094
64.98363
61.003178
24.181562
57.696495
81.68331
68.852066
82.87649
162.12453
87.838684
84.73995
71.235085
40.66093
63.733177
14.550414
40.01119
58.73566
63.585293
39.40015
51.900517
45.50963
68.02144
70.361145
41.836002
117.55772
102.563194
96.85125
27.329082
63.425175
29.357412
69.0191
62.370136
61.605335
84.62011
31.976624
57.250484
73.06205
85.36558
58.564434
49.090435
54.57376
47.69104
40.373158
20.065924
28.881802
108.55744
64.98947
54.756973
35.545425
22.701242
36.770905
54.82973
55.454403
95.25306
89.66203
50.5384
77.33212
70.483284
87.37898
110.6226
20.56502
95.905716
52.912743
130.90106
41.572445
81.88725
47.080482
44.73676
41.081566
93.27131
60.11032
20.912203
76.090614
89.36893
20.819653
28.386286
60.52954
48.803818
40.75281
108.64311
85.1142
43.758377
54.76891
75.7013
46.240246
76.33885
56.96718
93.92298
79.9158
70.12574
71.78925
24.133957
45.837315
56.129173
49.65981
66.89427
16.984608
36.273624
71.45419
76.199776
135.64795
60.230247
45.12735
61.074703
55.616142
60.6603
43.008957
35.179245
67.9771
137.42448
99.896484
65.03034
107.953766
67.6981
58.19334
11.625248
118.62613
84.28225
21.925278
60.908672
61.65663
24.919233
57.126015
30.445498
43.014435
51.159027
50.586903
41.69043
29.459131
37.06342
75.22908
64.185486
56.074604
90.765144
39.54311
50.38236
41.783443
28.90725
70.675026
80.763695
51.9829
93.74083
69.479675
65.97797
34.943012
80.16747
59.205753
13.330184
49.93795
50.5866
25.081692
35.971775
52.97199
63.962704
14.817545
53.36298
138.59908
73.75128
52.983604
108.165375
43.379852
43.210575
52.55077
55.27883
87.16992
59.50174
42.37419
84.06633
129.6547
133.1935
88.08489
35.447006
58.23335
114.06619
75.758026
54.02642
73.314285
40.02952
105.350105
29.027725
98.96501
44.483307
59.816246
93.6627
52.48623
98.46804
67.52932
93.85117
25.062483
61.471188
53.236187
76.335434
76.23554
16.49677
92.80501
26.919697
43.502735
99.051735
48.785233
86.76119
67.800804
63.39171
108.87864
51.67289
81.263664
79.42397
79.88344
29.9416
100.00007
60.374546
82.97366
7.889374
83.811516
41.017757
77.24068
70.55823
3.8422482
33.51274
75.92726
55.18392
21.637266
31.645283
30.0066
46.857143
29.356125
64.99304
73.7049
79.78865
57.55731
64.50842
133.51268
81.24511
118.60419
73.49079
51.412052
45.878002
134.35342
142.56519
30.901867
73.58161
64.33049
55.844395
84.92221
48.685772
76.10733
27.606968
70.53005
91.75405
85.898705
81.152405
105.8075
163.08934
75.532135
82.209366
118.81317
114.47244
39.875275
43.175396
66.628136
107.23208
78.755356
52.891647
33.935192
83.89537
90.65183
99.90219
43.41312
61.049057
35.257454
140.33847
38.672775
42.098164
45.194984
47.54926
42.702003
95.652054
68.235275
97.67937
56.543648
37.961246
44.163906
45.637405
62.174442
64.63685
105.90928
93.257385
33.085114
54.99293
39.016247
62.364185
64.923615
84.694305
36.430397
85.30975
34.022083
82.788376
132.42828
51.389576
58.515728
140.35138
75.90848
65.903465
46.363403
44.531693
76.196
64.155426
60.069576
63.30722
111.700195
78.10613
56.087784
37.444942
48.648537
52.080704
47.329678
31.587446
71.10714
22.31522
46.71041
41.096207
66.26828
109.75958
135.90622
49.679756
134.13649
25.343473
29.885199
22.319206
53.824497
57.232174
74.3451
32.348663
53.201504
50.676083
24.917656
73.353676
43.73321
27.60301
45.981667
46.49984
43.91624
21.74443
55.004128
102.02793
44.367256
52.174545
52.910545
78.76742
52.906418
36.18646
62.61524
76.776955
125.725266
49.4551
52.963448
64.87344
60.690094
85.560585
36.20898
83.783585
70.04204
30.924156
45.73398
72.54867
52.57028
107.54125
44.897953
108.06812
7.902216
66.742935
56.41638
75.111534
56.25412
60.63796
65.57602
47.620224
45.22704
80.64817
108.44534
63.52561
44.434532
22.88492
55.831852
64.15395
32.320858
39.96233
84.91451
69.902626
76.71703
8.812776
48.737083
30.532557
68.75247
75.04729
35.050835
90.371124
47.339966
27.625608
16.088907
53.45354
50.200302
53.429832
67.539314
67.298874
40.072254
22.896397
66.09654
46.413925
112.9173
60.28075
89.08293
55.990246
52.82014
87.388504
18.176031
25.621065
35.78206
93.26675
69.02934
29.945795
78.97337
24.329077
80.14712
84.65558
76.93814
83.16385
74.15689
88.362755
6.190098
25.272871
58.90571
96.15036
55.1381
60.722565
40.733356
44.51366
42.357616
47.69318
60.414288
39.882652
69.690155
43.706287
58.978836
9.019691
36.749664
54.937557
67.00071
59.014027
63.33821
54.280025
76.319
94.799324
95.93345
63.41523
44.4696
29.385435
15.891407
17.007797
36.112167
95.5754
81.20126
49.919785
9.982373
64.80039
28.51143
60.10944
31.43235
97.31003
22.9283
49.167423
87.07076
80.30158
36.727192
71.66736
30.774975
130.2358
63.59712
40.0279
121.94455
11.174712
72.23044
104.3156
132.4643
108.409
147.10161
106.39198
35.11887
78.57842
26.426373
56.602055
23.25976
39.98749
15.791674
42.491016
62.689728
65.781815
36.86335
125.52275
29.28811
75.60803
103.82182
67.064705
42.472733
36.11226
72.60781
76.32107
69.67103
65.43323
56.20076
101.03474
34.001324
91.483444
90.02547
47.07504
110.75629
77.70739
82.62229
97.18375
120.180176
65.35138
46.96812
93.231346
25.863218
17.294249
39.25695
51.793453
137.1668
62.929054
33.87031
61.60257
60.93377
41.008434
16.264961
41.27673
86.53836
21.660305
24.29268
60.54618
105.48457
89.20557
58.475746
90.07426
44.13271
42.20909
53.78969
100.549164
153.73184
124.71247
38.68224
54.12455
79.02627
92.68048
50.84403
103.35743
75.36299
47.053497
111.48091
72.95647
55.39038
60.126534
28.812616
117.88046
44.54872
92.06371
52.68312
96.59176
61.750187
76.93228
102.88207
78.969894
105.95493
88.85377
74.8944
122.80649
63.52091
46.405685
98.87595
22.911255
96.29463
123.303665
50.681507
70.397224
13.427189
39.817047
81.6993
24.631731
29.79376
69.80294
88.765915
31.204624
42.693497
32.788605
102.464386
63.20645
57.944225
38.025513
3.855826
105.11575
39.742794
86.20634
50.68155
52.39035
84.438644
102.1832
71.33854
42.336624
64.954254
76.243355
49.8486
56.05141
70.94283
85.99914
72.07376
73.09961
61.68225
50.2591
78.70343
48.791573
50.86058
37.36741
45.32689
60.01828
21.974367
31.416353
73.61315
85.513336
69.79925
44.64211
66.77753
64.31178
28.720583
45.82361
50.83212
71.71336
64.563034
104.92169
41.77074
67.7852
69.68476
64.38259
92.61388
16.489164
31.664387
35.46732
90.52257
57.568146
71.73953
72.16637
69.04815
59.132896
43.427647
22.204086
88.39698
15.670326
66.5325
22.60113
134.01059
49.92883
22.31937
67.58373
70.314026
83.54698
112.77058
58.62986
28.408333
70.84053
72.940125
89.9725
82.971794
118.483154
7.7922072
48.327927
97.57587
33.851315
56.50978
42.198868
20.699348
21.179985
76.79209
102.15284
48.38157
63.48372
36.989857
103.998985
42.213486
70.01288
77.07518
42.422707
42.994144
33.568924
35.928593
77.38907
63.561913
104.42134
13.037288
44.384525
70.73376
30.211426
44.450893
27.024986
70.915215
31.367464
88.60014
59.09321
127.57384
87.68681
100.51838
44.770947
43.148746
55.37877
43.410492
90.96199
86.12761
34.58489
42.69418
76.045906
54.66243
108.64237
105.60084
78.8044
22.206892
21.693937
115.27845
69.16215
84.09292
109.091896
103.31992
89.323235
50.770397
61.759365
15.807129
23.471664
43.184986
55.273525
30.155724
88.11432
39.40574
99.25711
68.83537
45.094345
69.03076
36.67358
45.549057
110.54605
42.009804
30.044453
89.003
52.896587
57.610596
76.60991
60.824776
76.50977
57.76333
23.109741
14.578674
69.988014
132.29596
72.071785
108.410194
79.04523
75.453766
98.08729
60.56086
54.68195
56.037846
70.11359
45.641354
33.191875
67.37812
67.036606
31.716309
44.414135
39.35318
21.634628
11.816672
60.342567
38.123978
60.066494
43.10664
67.12604
89.228294
95.522766
76.53902
96.80834
18.250006
109.903366
69.77866
27.455
42.413376
60.599747
12.593656
119.43592
67.6866
147.8362
42.78104
31.399904
36.16155
14.711177
47.125824
72.39369
138.34218
60.681324
67.4248
48.16752
50.874825
94.2071
57.160572
63.377583
128.69603
51.950882
32.363785
79.43928
84.47011
67.949295
72.53648
48.042202
49.544388
49.414444
102.67111
97.49951
77.2196
104.690216
45.420044
47.231346
25.738396
54.34604
58.484875
102.02168
73.21482
45.77937
85.757805
54.006294
55.047073
65.2001
60.96863
29.42863
22.363184
58.96493
64.54516
79.241486
22.669975
70.67785
53.627445
87.90383
83.273605
74.80496
98.58647
57.198856
2.9480896
19.768114
30.440893
135.4193
77.59849
73.17978
13.760424
61.200737
40.166245
95.99432
67.38992
69.213394
80.90428
36.636307
71.124794
73.14353
87.824615
22.610449
107.10031
47.09174
72.304695
62.813705
38.49472
36.12457
63.81211
98.126595
49.094727
31.210815
42.94268
79.20275
36.495613
38.94721
41.740982
70.30656
58.22086
33.88192
27.82412
64.1431
9.197053
52.83109
42.208405
71.93577
48.51312
95.87257
112.57764
116.59065
52.433983
65.358864
28.319513
52.545673
104.23629
65.97962
144.66132
51.592785
32.68343
100.98204
46.080074
59.101437
62.022736
59.480457
21.325903
76.3699
24.358435
65.91023
40.282642
78.58641
67.31704
48.968853
42.66806
75.96543
49.612503
89.017555
62.725487
125.45
116.78825
27.425356
76.93441
32.95905
51.56574
97.80136
55.463165
55.698864
86.29885
18.47475
39.609882
111.3786
62.75739
60.3295
27.331238
26.807148
64.41023
46.12063
86.33193
93.00958
121.605255
67.18487
90.81867
61.562496
88.8628
80.24334
69.45941
73.325745
93.88252
49.886757
113.89966
29.196352
42.31276
26.937168
51.668697
74.44731
17.037159
85.03853
40.18957
31.115232
47.761696
66.32793
51.698433
20.504509
74.104904
72.66222
84.45754
50.350655
27.387846
84.93297
86.73525
113.25595
19.419401
21.026289
44.319855
68.06228
23.63894
54.77248
45.92351
49.878307
27.94763
27.928726
45.957817
77.0103
62.013065
29.427578
36.249382
64.73256
86.597015
39.67943
70.11504
30.393543
117.584206
104.9985
31.90251
91.149635
44.73654
15.183969
30.315123
105.31043
30.490952
70.33339
71.288765
46.838066
108.85909
79.65724
32.81363
61.04871
42.428635
75.87478
47.916904
156.26212
82.42871
26.948088
36.00774
83.96114
58.426334
82.92171
123.98819
118.65752
36.8229
101.61106
83.67896
28.41166
53.540775
78.03
33.878857
14.687961
7.979265
31.780891
161.13489
48.43033
70.003685
73.283775
85.95445
121.16148
57.694935
104.34556
45.427845
49.06363
13.692172
118.4575
51.805103
92.23461
22.12052
38.92496
44.100407
70.25999
82.32264
35.59711
41.91126
44.08649
68.184425
133.5238
48.779453
66.06348
16.710648
37.410843
76.525536
48.516525
71.47152
47.477573
34.31793
22.788826
59.943058
64.292206
53.256508
42.28619
110.18303
73.76764
34.06953
48.301132
53.820694
59.49901
64.32908
68.56537
41.234406
42.4571
121.57508
29.634714
45.326782
56.77977
56.245747
57.89572
56.504593
60.139294
60.532944
56.996338
60.406055
4.308252
72.864685
27.129671
65.58518
59.964874
89.83882
64.30421
52.22096
21.012922
104.03569
58.170216
29.762024
85.43583
35.31046
30.61869
73.32281
104.723946
76.586655
61.12148
68.17253
55.647545
36.227097
44.280327
58.179077
74.79747
27.128351
47.10859
56.06606
99.16266
57.719803
27.227879
37.03659
77.77608
58.152515
34.392624
74.12602
22.155266
48.585365
77.07683
34.16972
52.26901
80.38548
84.230865
55.59985
41.255985
47.239193
35.22795
25.566809
34.69004
66.97087
79.224464
68.79453
12.608733
21.63564
70.41381
49.193043
66.98793
83.821495
18.805798
46.142467
15.632813
64.62104
75.310165
60.886417
72.66012
48.730724
72.21311
43.507538
63.43546
48.054745
71.15836
49.128273
114.13689
131.15924
64.25646
46.264687
78.91812
49.996952
104.47036
16.109278
22.588675
38.71335
81.38229
36.17565
64.90152
2.7816803
86.20382
87.80211
169.56207
12.345127
44.91028
73.46229
54.722645
47.372066
35.600468
145.46873
71.15038
23.21516
26.703985
36.29578
75.2979
54.26423
83.49362
71.725746
51.457138
132.09137
41.151783
58.62369
26.754463
38.049763
28.444618
88.49055
70.21942
35.525585
95.73583
112.03958
122.06606
35.61794
49.459713
80.98922
58.25991
73.56737
38.44283
46.2415
55.67976
61.170807
50.55305
116.18273
55.470253
88.30239
68.98517
46.284794
51.834717
36.198
42.000473
71.38771
91.23068
45.76932
2.4437416
66.85794
75.27674
46.866947
97.19189
85.46132
60.916737
76.96182
109.46697
104.0761
112.73194
102.24335
117.36005
49.425583
66.05311
25.653152
79.57526
50.94589
117.54597
56.726963
75.920685
119.49424
95.74495
62.80298
71.821434
14.745822
83.478645
23.836037
90.90628
79.93774
101.366875
47.563915
94.58136
49.762104
38.39143
23.751175
58.037716
113.45763
62.563236
55.044556
84.9127
29.93933
41.103676
77.792244
64.42465
16.223001
30.176674
76.695045
36.67227
50.61869
109.52365
34.25353
54.048306
71.552826
32.471287
45.653965
74.56179
42.657436
42.88712
59.24437
95.03953
51.988113
41.001812
52.728928
56.56454
27.537918
28.26183
59.703823
40.533333
24.777948
53.149044
10.397915
66.62975
66.42781
56.842617
43.38466
115.5412
50.519344
40.230995
42.80202
42.988598
47.123924
43.858887
49.499977
33.019142
114.02102
61.828278
36.93145
56.085835
69.54236
44.739487
55.74236
53.903954
60.790394
11.31451
41.77708
60.05593
45.75937
56.04164
142.21162
60.428467
33.45959
34.11351
42.138718
77.62035
58.236015
82.74453
70.04359
77.394585
43.90664
52.205093
58.001377
102.348816
26.596182
29.11798
36.463646
91.63417
54.503204
75.18923
56.889473
83.68695
86.30298
22.772669
49.96491
24.438835
76.17888
65.95387
16.155712
76.721275
60.39421
24.205462
56.168488
60.726807
49.779316
31.89557
59.110363
43.019215
82.11927
55.901615
45.81401
43.718315
57.287777
99.02539
68.00969
47.214813
68.32878
77.85843
69.99176
21.408619
50.090137
64.65155
8.441153
120.574875
96.75074
91.11368
57.01285
30.182035
77.35622
51.17684
70.21515
68.388306
40.329994
24.131922
59.047916
27.87386
83.117455
55.298386
79.31783
37.783207
28.854538
87.44916
35.473923
78.67335
78.2092
43.02632
15.628152
68.60401
85.163086
88.524315
40.932323
93.746864
91.654076
118.02795
41.535137
61.492508
81.61516
36.908726
78.96046
31.557041
65.25252
98.35101
63.30734
74.33894
49.502617
38.508343
69.58582
39.936584
87.43844
71.69055
80.16142
64.81794
94.6968
94.98504
101.60061
57.916588
93.95065
86.059784
63.159405
24.782944
68.16883
32.426952
30.184425
82.34799
21.83444
66.68828
64.828156
62.73442
36.618027
46.16598
45.350452
50.486454
54.310028
141.34161
83.5908
59.1429
48.422115
79.99571
48.006767
98.2706
68.17697
141.26428
42.99321
66.02419
76.96185
72.20552
38.292183
136.37567
97.216576
53.872528
100.03711
75.99392
93.70411
54.731167
36.394238
67.556915
133.12732
33.157463
38.937153
42.880142
33.634357
77.60449
50.322098
49.41546
44.331455
42.43351
3.2891548
53.10545
85.57955
14.964643
58.204716
32.989323
120.19543
48.57432
60.642277
32.70743
106.13088
91.77218
96.04768
78.98424
64.92244
65.446976
49.41322
24.001122
47.126293
52.84583
14.802046
81.59797
96.60745
102.62657
147.62764
68.04711
26.584427
64.092476
55.002476
48.795025
78.49099
29.023157
41.072567
93.766975
31.989922
56.670914
37.138885
54.93827
53.38789
75.24031
36.160187
45.760475
52.932674
82.11137
26.608274
103.0228
33.09818
57.40477
77.70085
120.408264
46.303787
44.471138
41.82798
52.06057
48.27731
51.6518
39.357044
9.22979
68.427666
122.551384
94.18045
108.32855
71.57105
45.55336
59.899326
74.125534
105.70623
35.73659
83.08615
76.18456
42.709793
19.48005
40.346127
57.954987
57.25615
90.98131
49.329395
45.093143
42.31431
96.33719
96.30797
116.00998
66.781
75.61967
93.06417
100.013626
67.81546
50.997032
99.84581
65.025345
44.101566
27.131617
82.74414
39.25065
44.583668
52.75809
51.591167
32.478218
75.350426
54.17784
45.586475
15.026647
80.364815
53.114994
102.18829
135.33818
122.68634
115.394295
42.38068
65.1533
83.11614
82.73123
21.255526
71.358604
65.16079
65.350624
55.709633
90.585335
72.81678
83.94186
122.598274
88.174286
33.427334
44.930817
49.81501
81.58596
48.050045
88.09921
118.52637
22.370676
67.239006
83.44092
91.491104
58.97715
14.748569
95.907074
37.396446
67.75229
79.91754
85.6951
60.48492
46.98891
58.21147
43.51084
59.34051
103.176544
36.916355
15.986931
28.425133
44.31911
30.058311
25.52273
52.449635
37.945564
45.675358
55.426186
77.36619
37.818684
21.354538
20.697594
53.749443
107.97935
55.333633
77.32385
71.75485
37.614452
37.476604
33.796124
17.811344
48.840225
16.011705
86.65601
152.58159
36.289948
96.50062
109.7438
36.590275
79.21321
13.838004
113.27131
69.44122
68.978615
72.58883
77.5781
85.0967
69.92564
34.91683
49.869904
45.98031
40.068424
46.44142
61.46118
29.366938
99.500046
57.569653
49.080128
66.62898
84.24676
79.97435
82.77088
80.47371
129.50285
171.1267
149.2249
87.1531
55.412838
68.01634
89.26175
15.497578
27.484697
101.52589
71.83683
52.63048
35.359886
25.425016
62.106274
78.99746
152.382
43.66207
60.96992
107.612526
31.213917
59.201073
104.424095
106.24008
62.091602
80.931076
91.38077
48.36106
60.69727
23.725525
61.700523
94.34022
88.47352
62.126434
28.339418
130.61316
72.40996
36.266605
55.377907
67.38965
33.59744
40.077023
77.72013
132.72514
86.60515
97.67079
75.165344
61.864464
75.133255
32.493027
74.66362
63.950085
95.81503
24.873003
127.70175
116.72268
81.2669
39.576828
32.419037
90.56295
51.456543
37.545303
108.35975
100.80502
55.24695
24.676908
44.74949
43.58746
57.14617
92.79349
131.86087
92.238945
110.35467
82.12053
81.74206
100.73213
120.35476
69.444016
77.127655
43.16767
106.9692
37.256115
44.937645
87.81906
64.53299
25.938818
88.28534
50.833633
100.10455
23.791792
65.32547
97.00775
56.602882
74.28339
57.12441
35.43541
49.612137
67.18179
70.55728
71.51049
43.775513
36.385452
36.646954
124.58818
73.06154
71.21426
93.65541
49.566273
34.92856
54.758335
64.028046
69.88748
105.64873
72.3307
92.03342
58.31904
61.81376
63.805122
59.061417
51.07453
63.30851
77.226036
37.213467
93.81174
30.410635
52.936695
61.59516
7.725981
94.3705
68.33487
109.755264
62.9912
63.139008
49.567596
37.738937
115.14257
96.79652
95.29367
127.62445
105.716385
146.56284
72.87419
25.87308
53.87122
17.43993
27.980154
69.731575
143.10817
100.46431
64.22943
122.75405
63.078087
69.42211
86.00115
90.47927
97.697464
37.53585
73.92068
87.69077
68.6686
97.94429
38.62459
21.120335
83.52619
83.62922
47.607697
27.486895
8.30303
80.91959
67.9559
77.845665
124.85258
127.80899
95.24912
70.35855
150.97375
58.446625
53.577168
45.491833
28.705252
13.784316
69.79546
87.6324
20.090508
26.56534
62.558628
39.0664
54.218872
96.70299
63.6162
44.311893
25.771025
44.885807
58.222534
38.786327
73.9931
54.25136
113.33758
117.93907
97.22288
113.521835
140.60287
68.38244
58.199528
74.53458
122.07637
68.37583
135.19038
31.273993
38.86948
82.68708
65.921
60.492363
42.996742
59.57991
68.06898
87.56172
14.097747
60.63841
55.822464
108.035
60.96844
44.65864
37.387016
55.779938
106.479256
55.482506
108.06509
54.2045
15.646196
63.459496
70.9379
103.39329
32.183968
98.728294
9.80443
68.51397
34.203598
92.81535
101.81874
42.534256
98.07021
79.51483
118.5437
97.50241
111.82191
102.3732
76.58676
71.2393
50.106224
26.889704
31.75718
77.14121
52.467453
85.771515
37.581028
86.11291
104.029144
37.04854
46.928497
90.81762
34.96463
49.502106
109.507126
102.29207
77.09666
96.29401
46.2851
96.19
28.856573
58.226463
64.249954
45.958168
100.160706
31.932774
76.19628
86.952354
71.521164
51.41706
62.507812
53.4546
43.79395
24.460838
111.924515
99.01353
111.20811
159.2448
91.584816
41.488823
68.37991
81.37626
59.087788
39.477318
53.682873
8.419598
133.69174
28.34368
43.70058
4.374197
55.399174
68.10911
98.62686
46.458218
77.908905
62.38844
116.31242
84.12486
43.443043
51.70673
20.04995
7.1795287
44.55132
75.23313
48.982407
26.457705
61.45477
99.38732
74.14854
50.938908
35.99123
65.88622
121.42463
113.12389
68.474754
84.9497
76.60104
57.307987
57.892548
24.063816
36.648457
100.72793
46.240997
36.109737
49.675304
41.338535
98.33675
43.58799
88.67686
17.30453
40.33481
35.97831
53.923256
48.558773
55.699757
44.46345
52.096344
50.259296
12.409967
43.236916
43.994667
40.66618
37.12989
79.902435
84.15291
118.49404
125.72217
16.460487
66.76418
45.873028
56.33302
94.985085
98.59331
42.357735
94.0754
85.169525
125.20871
57.18264
28.500044
35.682476
75.52782
71.90326
42.79058
71.823814
137.15746
175.39702
114.65567
121.16477
114.677025
104.38853
87.01718
20.798643
93.195496
53.493427
78.433495
56.247814
62.11565
47.242413
74.85424
143.46393
144.30644
43.484413
89.74787
52.883614
79.11889
51.305443
59.0443
75.52615
71.276596
92.59431
79.42294
12.732373
51.99219
47.0869
71.58695
83.72699
127.75035
61.827232
119.780685
76.63143
104.493256
95.668495
54.010605
61.192184
29.91712
67.43305
67.021355
133.63025
118.1135
63.580055
52.591053
85.00185
38.63614
68.54629
51.075584
44.833717
106.52861
109.186554
91.191864
105.30466
49.542347
112.347725
66.19062
69.425476
136.92987
138.84903
95.52415
35.683502
37.559532
39.916847
59.694542
53.35821
31.690567
50.650894
53.277363
30.36976
14.043551
51.953922
93.54667
13.1264305
80.716774
73.34275
64.90798
52.925034
59.205257
96.569046
109.696365
69.314445
75.42223
75.84439
70.4517
73.91648
39.163517
131.15457
111.65318
77.67076
95.2314
104.04361
61.77339
20.602268
61.818554
74.86381
21.383535
27.885437
31.178125
28.541817
135.4833
101.17642
112.70279
16.554787
71.86871
29.81835
80.88987
93.26616
105.004875
74.32287
55.97953
21.137514
52.10338
74.997116
16.110611
37.380577
47.125057
42.85835
75.81793
83.08303
80.213234
66.41147
42.2847
44.432297
79.308945
68.72096
42.221962
86.95298
20.944649
48.479813
75.18618
130.89272
74.17171
63.162384
92.62888
122.72319
67.525604
67.40396
46.831688
56.89265
77.55839
32.592567
47.835697
44.594112
68.19316
34.202328
76.199684
38.02277
125.02632
73.5115
163.42535
55.529507
57.861137
103.637024
56.068424
68.65985
115.456055
88.14725
116.60062
91.12363
70.0077
120.13038
125.7267
43.516323
67.69954
72.907425
22.186583
68.0219
63.38593
62.606518
47.545673
77.611565
52.318058
54.641544
49.84269
18.275955
65.16891
39.032124
42.132946
86.07824
70.06168
33.131077
33.991528
48.081768
21.249372
36.39962
60.896553
36.695362
51.958614
98.193016
50.93618
103.379326
72.67424
53.185013
51.534702
84.26363
75.54861
115.088844
95.49069
143.90892
81.79041
41.474625
41.674427
122.76132
58.449493
22.426739
36.620747
35.38247
68.44301
41.776485
66.13913
25.156773
82.70501
48.42109
31.481882
31.258387
6.4182625
68.76407
33.70558
31.994343
45.32625
47.83609
123.81564
99.13389
57.111935
94.3623
40.343033
49.2579
38.509754
63.340263
99.77796
63.953346
51.08011
50.140697
101.49485
68.219025
32.36376
19.248278
59.276382
84.12981
54.207985
63.344574
115.049515
98.643
64.31625
42.088017
47.318623
47.094833
75.20632
114.90545
20.830633
24.711454
3.4651513
47.023716
42.4331
59.75548
62.793858
49.900406
62.65519
48.945213
30.20603
89.321495
77.63321
54.160023
39.674274
43.007935
53.212593
60.509594
35.175022
56.724155
85.52296
51.853725
31.346224
86.90252
95.065
68.05212
48.2864
44.60579
80.79414
40.76528
57.821266
122.1542
74.14155
48.020737
103.21412
68.2434
53.31935
72.66523
73.630646
68.073494
119.188225
37.942944
32.41262
30.986443
67.58706
161.37993
81.59861
82.7591
150.70102
89.96262
116.11116
60.402184
42.667004
115.80438
46.437134
41.9355
3.0350308
78.77825
56.23183
34.1576
37.246944
29.426708
90.698395
146.62215
84.095856
38.002655
117.8293
34.46254
51.980415
40.35122
89.22091
30.950111
11.451952
42.787457
49.1025
112.313416
15.105468
32.356373
143.01778
33.74299
40.885815
48.00926
33.929226
41.830765
76.472466
91.00726
20.435884
83.87667
36.045963
33.943047
51.923416
47.476543
46.92659
74.14046
54.913624
63.398914
56.939774
47.632843
20.459942
72.02437
27.081665
66.214325
53.31536
59.97239
51.64896
78.86005
66.81015
39.92793
117.91518
58.972557
80.48796
71.3073
45.44398
54.380527
65.0011
87.27906
32.291187
57.797173
29.350693
28.319653
38.980324
99.75098
48.207123
59.46205
47.337055
107.1621
127.90835
51.667027
83.05597
46.351883
62.81793
74.958435
127.42103
156.12816
46.9672
47.14622
111.02838
13.688679
26.76825
77.11657
63.55352
62.897682
29.205572
134.4281
49.227413
64.297905
71.04852
59.37125
180.11342
62.54433
57.729183
64.716644
73.25581
89.61128
75.73274
112.47584
73.384796
85.52819
122.839455
39.695335
83.69984
108.77881
16.869915
36.023483
44.888252
36.90887
8.170595
123.12604
12.008528
77.13632
70.07385
65.282486
14.549215
82.64941
82.525604
67.07581
128.06845
88.81473
36.171215
72.82971
36.84526
15.720215
36.549973
86.86128
21.80551
110.94967
61.550663
72.61865
38.797752
175.77415
94.06031
40.393677
53.345078
50.048813
67.11431
86.056114
122.07067
45.424026
67.87731
103.39794
61.16443
51.11235
7.3875933
46.245415
48.320747
33.80632
86.54898
40.08849
48.67371
71.31662
63.982025
53.888004
94.816055
52.900883
57.90503
95.54958
64.90389
15.539569
82.4639
43.11611
23.970407
96.30958
76.166794
58.666805
71.80081
89.89617
89.32182
184.32323
43.345646
111.933945
61.240257
31.600962
26.178658
111.77068
131.58957
49.148403
15.652589
75.493416
113.9947
75.38557
99.10341
125.20081
49.29912
73.08488
129.50288
97.83527
144.97885
112.06815
44.16263
39.013466
79.36629
120.79534
55.6352
105.23535
48.86666
97.86649
91.277565
115.35542
18.653929
46.19102
70.62419
73.81627
78.20619
86.79303
16.29726
40.582977
64.54232
59.98383
45.09872
77.518425
29.793053
71.7338
114.94467
36.265553
23.42318
66.06992
59.465633
68.94849
43.425262
36.244556
87.438126
45.345787
67.87509
42.92081
63.407295
50.525475
62.530903
88.44772
76.911316
81.44393
54.555145
70.33956
48.918716
32.712543
132.82628
37.537853
85.43955
49.091644
58.290733
92.94117
65.18574
56.57659
58.142677
76.93716
51.835815
81.10876
46.70224
94.23585
7.0654454
64.22463
26.700512
37.2555
72.05971
46.855694
109.26249
52.77131
81.429054
84.293236
49.60842
44.299015
28.64204
57.22009
15.870323
35.395348
80.53775
37.840126
68.99757
88.36578
103.420975
50.41136
87.831184
42.576626
26.186111
58.08447
