2.9929705
4.3803988
4.384408
4.3843393
4.384408
4.385578
4.3864
4.229914
4.3946595
4.386086
4.3947253
4.386672
4.38562
4.3946843
4.386627
4.394729
4.3950534
4.3979445
4.3926406
4.398802
4.3988543
4.4077964
4.377749
4.380565
4.39904
4.401862
4.408823
4.4129252
4.403691
4.403632
4.4036465
4.44117
4.4394593
4.4243064
4.4036713
4.2553473
4.424851
4.4036713
4.405547
4.4124765
4.442002
4.4566903
4.439932
4.4215674
4.4425893
4.3236446
4.398624
4.394925
4.3976827
4.395514
4.3949413
4.415818
4.454975
4.3220396
4.4158664
4.5255046
4.8274946
4.710325
4.5702796
4.990863
5.179371
4.5795026
4.5814533
4.846929
4.9284596
4.580415
4.58123
4.8653536
4.7836127
4.652719
4.571532
4.9396896
4.3966656
4.609441
4.986074
4.9654436
4.492761
4.6041694
4.9451714
4.986768
4.4712453
5.136966
4.9538226
4.553267
4.553267
4.6741486
4.8689146
4.8689146
4.2170415
4.8689146
4.4624004
4.7973666
4.2777667
4.7907186
4.668512
4.525333
4.777666
4.5000215
4.6972656
4.4391246
4.6299305
4.7943206
4.9381366
4.9394255
4.9892106
4.8487673
4.9487047
4.8679996
4.830524
4.9571085
4.9312754
4.537276
4.317952
4.733999
4.961593
4.7046013
4.5863876
4.549698
4.653523
4.6806374
4.478469
4.4944606
4.491256
4.6164594
4.542206
4.480705
4.7085314
4.554939
4.477882
4.498816
4.498816
4.621948
4.586396
4.5495915
4.387885
4.549263
4.4944606
4.688543
4.7046013
4.5861907
4.490174
4.7060137
4.707046
4.7741013
4.650164
4.7741013
4.149869
3.4977143
4.812279
4.624144
4.6796846
4.8135424
4.6224985
4.34403
4.611674
4.5153403
4.42847
4.7429285
4.6872697
4.4556046
4.564579
4.4419026
4.4257755
4.4071126
4.5758862
4.6302
4.6740327
4.711572
4.5160604
4.6088896
4.3727484
4.7845025
4.6917295
4.791655
4.5607696
4.5538445
4.621796
4.7868996
4.7514377
4.4139175
4.4105635
3.8096032
4.491376
4.491376
4.48586
4.4917035
4.592936
4.5478096
4.475654
4.523483
4.6109495
4.501123
4.576314
4.5893445
4.60219
4.6155896
4.47011
4.4990735
4.595072
4.286325
4.4482713
4.2872324
4.285232
3.9065304
4.261861
3.8949246
3.901084
4.10933
3.9046798
4.045131
4.0691004
3.9050295
4.065558
4.068764
4.0641165
4.058057
1.8447223
4.068412
4.066574
3.9013896
3.9047508
4.0684433
3.8159475
3.904744
4.212738
4.067883
4.069039
3.9038315
4.069039
3.90546
3.9050877
4.52008
3.9043076
4.0686936
3.90546
3.9341812
4.0467887
4.5225925
3.9044626
3.9022808
4.5236626
3.9050877
3.90546
4.0684433
4.521775
4.5211473
3.90546
0.25889656
3.8935835
3.892659
3.8910432
3.8945856
4.2333293
0.19999163
4.123801
4.1338243
4.0728045
3.9992435
3.8352606
4.0688605
3.986431
3.977739
3.9609191
3.996738
4.077042
4.0226226
4.1623416
4.097039
3.986431
3.9090059
3.986431
4.121493
3.9502022
3.9711397
3.9770432
0.23521392
3.9760036
3.9705212
3.9715745
3.9710023
3.9703612
3.9782097
3.9801967
3.980029
3.9782443
3.980029
3.9806647
3.9806006
3.9805844
3.9799175
3.9805603
3.9803443
3.9802456
3.9806643
3.97101
3.9732585
3.977245
3.9806333
3.980746
3.9203155
3.9580078
3.9580078
3.958154
3.9041626
3.904203
3.977739
3.9568386
3.8998852
4.1269217
4.0635457
4.052296
3.986519
4.133864
4.0985775
0.14551108
4.084023
4.0270314
4.044976
4.0839405
4.109399
4.0839405
3.3564694
4.0369873
3.9849188
4.0208707
4.022441
4.0710254
4.055218
4.014712
3.984491
4.0621085
4.0685368
3.9422913
4.056935
4.057085
4.105485
4.105234
4.1005797
4.0545216
4.028374
4.104476
4.0985456
3.7783854
3.9692826
3.890646
4.06692
3.9496453
4.0249934
4.035922
4.06692
4.0674973
3.9769645
4.0678554
3.9505415
4.0548525
4.0002003
4.068089
4.05893
4.075069
4.0541697
4.3401613
4.3024673
4.3086014
4.3391724
4.308136
4.3476257
4.3439975
4.386867
3.9725087
4.046191
4.163209
4.104157
4.0741577
4.013216
3.9874387
4.0502043
3.3039849
3.9865823
3.987138
3.9903364
4.069032
4.099291
4.1101265
3.9867427
4.092348
4.1139297
4.095195
4.087794
4.114075
4.114075
3.988394
4.1145916
4.1103745
3.9046018
4.0637
4.0488806
4.1282773
4.06565
3.978053
3.9859383
3.9859028
4.06565
3.892771
3.8925757
3.984634
4.045263
3.8925757
3.975187
4.066293
4.045263
3.9045894
4.0651255
4.06641
4.079092
4.067566
4.0681496
4.1618233
3.950591
0.0519527
3.9549582
3.9549582
3.9549582
3.9741516
3.8976681
3.891256
3.9707835
3.9017208
3.6260953
3.9021852
3.8958788
3.9598718
4.102398
4.0044117
3.911712
3.9178565
3.9598718
3.9597454
3.9779406
3.9507709
4.060969
3.902096
3.993562
3.9769833
4.098878
4.0963297
3.893462
3.933528
3.9475107
3.9426074
3.9436905
3.55155
3.996794
3.9427993
4.1960225
3.191574
3.231237
3.1860275
3.5801308
3.348943
3.491494
3.5642989
3.1969097
3.4125745
3.2107954
3.4369211
3.2917416
3.3693428
3.3995311
3.393694
3.401252
3.4047408
3.3910587
3.2191682
3.4352226
3.3756752
3.4144065
3.230351
3.205473
3.5328612
3.391321
3.4540741
3.7381647
3.3776104
3.5683603
3.2048714
3.4575198
3.205473
3.8032346
3.7371728
3.5683603
3.4182749
3.5965047
3.3980362
3.3761349
3.2090294
3.4078815
3.3599288
3.2947755
3.3340454
3.5403721
3.1921992
3.3979847
3.3958788
3.3753216
3.4086308
3.316366
3.533463
3.533463
3.4920454
3.3963168
3.5891745
3.582586
3.4190452
3.3549123
3.5339446
3.4117348
3.5631669
3.192766
3.332702
3.5825856
3.2100945
3.4967082
3.3387806
3.409112
3.4185324
3.5645595
3.5673575
3.319137
3.4521022
3.4776254
3.4556777
3.3058794
3.410498
3.4413738
3.5523577
3.4721477
3.333048
3.5639143
3.471864
3.2897625
3.28744
3.287502
3.212977
3.3147936
3.2794335
3.3697598
3.3858502
3.3866596
3.3009489
3.265149
3.2927196
3.357286
3.3050222
3.1992433
3.3498213
3.357337
3.3212626
3.4075153
3.3148222
3.4046338
3.3518002
3.1934593
3.4721584
3.411641
3.411641
3.3131635
3.3339853
3.3395271
3.339895
3.339895
3.3573349
3.388231
3.34678
3.4007795
3.405459
3.401172
3.4055145
3.4020722
3.3459346
3.4145186
3.4109728
3.419293
3.4202788
3.4203386
3.4176712
3.4204192
3.4302537
3.4298558
3.4356833
3.3872695
3.3840055
3.4202788
3.4251783
3.4173427
3.4338686
3.408949
3.4456108
3.4930973
3.445963
3.4812498
3.4930973
3.4352927
3.427587
3.2904048
3.492264
3.4682434
3.4932024
3.409006
3.409006
3.2896538
3.2893746
3.493729
3.5264332
3.3594334
3.481599
3.4926784
3.2893624
3.326969
3.2893136
3.4752963
3.2908385
3.407854
3.2632995
3.4278219
3.2388837
3.2850754
3.4752963
3.4752963
3.4238539
3.4242034
3.3504446
3.4329085
3.4752963
3.4530795
3.4709067
3.4753838
3.5792603
3.4426336
3.4261334
3.451823
3.3600504
3.2888405
3.4465148
3.3561285
3.415807
3.4321902
3.4349685
3.4294882
3.2698934
3.4047875
3.4344935
3.4311318
3.4340887
3.4343386
3.4344935
3.4390469
3.433257
3.433763
3.4310076
3.4334986
3.43593
3.4424338
3.4394658
3.442812
3.4493816
3.4481788
3.4344509
3.4511323
3.495843
3.3712268
3.3658109
3.5277789
3.6259215
3.6750686
3.4627078
3.7301576
3.6021564
3.6032488
3.5829167
3.7301576
3.2836874
3.2844884
3.409707
3.5990813
3.2843819
3.4491112
3.2844815
3.2844815
3.4629824
3.4765053
3.3258288
3.1947944
3.4200804
3.4497862
3.3249564
3.2902334
3.3139393
3.475439
3.3281431
3.378948
3.4364834
3.435477
3.4347804
3.3089008
3.3353946
3.3359191
3.5072849
3.2563674
3.4991667
3.3166342
3.5115178
3.3149223
3.322474
3.4640694
3.436361
3.3220046
3.331195
3.426463
3.536365
3.5102668
3.5412118
3.4640694
3.323892
3.303949
3.320396
3.3221462
3.2961898
3.3494973
3.516261
3.4237432
3.321625
3.4861882
3.4292376
3.3281472
3.5013518
3.3959715
3.3944256
3.5243201
3.5236833
3.392843
3.4706895
3.4176881
3.2899458
3.392029
3.4805706
3.4319255
3.48894
3.3984315
3.4407017
3.3977852
3.4644334
3.4622974
3.4718668
3.309158
3.304651
3.4906523
3.5170314
3.40946
3.5787134
3.509242
3.557885
3.325881
3.6016762
3.3479884
3.603171
3.4593456
3.364785
3.3533747
3.479664
3.4173546
3.5814464
3.479664
3.3050926
3.3847156
3.3575034
3.5506365
3.2786648
3.2786648
3.2786648
3.2786584
3.2779307
3.2779305
3.2849643
3.2861395
3.3112342
3.5596058
3.3514674
3.4619918
3.5979578
3.316833
3.3343737
3.6141777
3.2786005
3.4168344
3.4728305
3.6335738
3.646759
3.6921067
3.4809942
3.278971
3.4624991
3.457674
3.4161153
3.416096
3.4536123
3.4572175
3.3526921
3.4548807
3.3127623
3.3249485
3.3131523
3.3124464
3.3485298
3.4433727
3.3051746
3.5445232
3.4306269
3.6244233
3.30095
3.3542957
3.448317
3.5093637
3.7833586
3.518838
3.5321429
3.2816658
3.344689
3.4354138
3.4512653
3.4487002
3.1853616
3.3401406
3.400436
3.4231327
3.3379495
3.3329387
3.335191
3.449416
3.369017
3.3930812
3.4704442
3.3982468
3.386782
3.4704442
3.4613326
3.470368
3.4618638
3.4613326
3.4621506
3.4632616
3.4342294
3.4621506
3.3690226
3.3851883
3.4613519
3.3475668
3.5119288
3.3076227
3.3290243
3.370791
3.3585563
3.336068
3.369345
3.369345
3.3702312
3.4507113
3.4507113
3.4500523
3.4502861
3.4650817
3.4650817
3.4619114
3.4642005
3.4281921
3.4651585
3.3584146
3.3668144
3.3459759
3.3396962
3.626053
3.583372
3.467618
3.4581065
3.5360718
3.433532
3.5307035
3.35322
3.4329348
3.339505
3.4542198
3.3686132
3.4338553
3.4228072
3.370334
3.3691514
3.4525933
3.4353766
3.3688495
3.3737645
3.4280083
3.4354386
3.452103
3.4354386
3.3715267
3.3686247
3.4310977
3.4347851
3.4177585
3.3714354
3.451842
3.4379056
3.451842
3.4523647
3.451842
3.4519722
3.3686163
3.3686316
3.4265623
3.3686278
3.4314098
3.3686316
3.4314098
3.4314098
3.3686278
3.4321454
3.4314098
3.4314098
3.431133
3.368711
3.4299831
3.4297762
3.4299831
3.368662
3.368711
3.368711
3.3713973
3.4604588
3.3616617
3.3686454
3.4304583
3.4304693
3.4580584
3.5116866
3.460328
3.2349665
3.3040214
3.3000877
3.3039901
3.430809
3.2708495
3.3075478
3.2772129
3.4135337
3.4211051
3.4220624
3.421805
3.4229577
3.4225285
3.4452896
3.362451
3.4702551
3.5357716
3.3510303
3.4692533
3.4665442
3.5102096
3.4397926
3.3531291
3.5052714
3.5868847
3.3525085
3.3510208
3.4397926
3.5075018
0.44144538
3.4001596
3.446277
3.5075018
3.3107212
3.4400246
3.446277
3.4934654
3.3530636
3.5075018
3.4727118
3.2851093
3.4807398
3.4483228
3.4894114
3.5087814
3.4058492
3.408582
3.3936515
3.5104756
3.3491678
3.5200953
3.5743198
3.3503542
3.4974248
3.288602
3.3503542
3.3555505
3.235585
3.3586679
3.3573952
3.3479512
3.3516965
3.3544295
3.3582015
3.355507
3.334869
3.3414571
3.3648388
3.44313
3.4687653
3.4978395
3.423575
3.351008
3.3238902
3.3374078
3.3386765
3.338934
3.3433838
3.340658
3.3568032
3.458272
3.303969
3.304427
3.546258
3.582022
3.2958229
3.6290476
3.279168
3.311806
3.3871763
3.6975071
3.6249962
3.3867424
3.6242638
3.4822128
3.2791712
3.5416553
3.4179835
3.4827244
3.5010853
3.3854456
3.704716
3.6765852
3.2776628
3.3900027
3.2126775
3.3871436
3.322396
3.4357846
3.4921992
3.2840981
3.2779295
3.303375
3.4924216
3.4924216
3.4924216
3.4613988
3.494662
3.2776628
3.2786572
3.4825156
3.4026942
3.4694016
3.4310508
3.462256
3.4597323
3.432549
3.465796
3.466183
3.4315267
3.4419262
3.4000387
3.4000387
3.2516944
3.4531543
3.4612858
3.4615817
3.4616017
4.496035
4.800384
4.911867
3.8796031
3.8692396
3.6805818
4.5485883
4.612911
4.6282654
4.2413316
3.5977228
3.6791668
3.5494301
3.6328647
3.6387002
3.6618805
3.6759489
3.6119998
3.7585804
3.6173222
3.6192217
3.6192217
3.671452
3.7085738
3.6192217
3.6999526
3.7085738
3.8364198
3.700468
3.7924023
3.8776906
3.7473798
3.866844
3.6908233
3.63972
3.6770058
3.590399
3.7719684
3.5503654
3.5822093
3.5793574
3.5621736
3.5759716
3.5910661
3.67709
3.6889052
3.7642379
3.749403
3.6889052
3.682251
3.7669008
3.6709135
3.7046075
3.687811
3.7595954
3.75975
3.6902401
3.6517515
3.687252
3.7181275
3.6562104
3.7082644
3.6569676
3.7402484
3.666497
3.784603
3.740166
3.6657333
3.8780537
3.5936637
3.671201
3.865167
3.6060407
3.667122
3.7643669
3.604882
3.7026367
3.8485723
3.6060407
3.7435205
3.6020324
3.5783243
3.716375
3.8707967
3.8550425
3.870417
3.9172907
3.7421086
3.7332578
3.7012231
3.7965305
3.7240026
3.79869
3.6067634
3.7652502
3.5901613
3.5915978
3.8184774
3.8246956
3.8142014
4.0158772
2.1926258
3.9703372
3.9792008
3.8756683
4.0397277
4.126174
3.8546684
3.969029
4.0941844
3.3541183
3.603133
3.5403683
3.5948508
4.1825995
3.5891802
3.836607
3.7735097
3.7796087
3.7650433
3.5649052
3.6882024
3.5396345
3.2036715
3.8153365
3.7285662
3.8695579
3.6122515
3.7382636
3.4063835
3.7314656
3.3435996
3.7754562
4.215442
3.3513227
3.6110997
3.4105098
3.610295
3.7730238
3.775619
3.7730238
3.391179
3.7198339
3.7684004
3.8303142
3.8303142
3.410337
3.550337
3.2078528
3.2164826
3.42048
3.7041595
3.2095556
3.206742
3.404252
3.3432443
3.5068161
3.7082496
3.4060242
3.206814
3.207221
3.2103224
3.3845403
3.40192
3.4191725
3.4723504
3.7342618
3.4270391
3.58177
3.8184102
3.3736227
3.2248702
3.2063775
3.5798151
3.5910974
3.4933498
3.3735676
3.2066605
3.5935678
3.3835943
3.2080092
3.4431438
4.2657843
4.2559586
3.29008
3.524913
3.9606311
3.969792
3.3022501
3.345661
3.4155414
3.7038307
3.29008
3.407961
3.4455545
3.6905894
3.596547
3.6394477
3.3049564
3.2918882
3.6489625
3.4071174
3.4442801
3.2847066
3.6198907
3.4423885
3.6198907
3.6114964
3.672557
3.5776682
3.4639208
3.7175262
3.8075953
3.4423885
3.4615045
3.4822278
3.2825522
3.2940123
3.4414504
3.288172
3.3024204
3.279187
3.382354
3.4090824
3.4908152
3.491092
3.5098028
3.2894053
3.2940552
3.2934103
3.3281198
3.2519903
3.392991
3.4188666
3.4224703
3.3783529
3.3810968
3.4276307
3.3720288
3.438523
3.415686
3.4241598
3.29339
3.3694282
3.3688307
3.3972342
3.3997993
3.43176
3.4560575
3.3630688
3.4004378
3.5086856
3.4251173
3.4221284
3.4533792
3.4647095
3.4974031
3.426163
3.3983917
3.4839702
3.4479206
3.3507903
3.4285698
3.487331
3.4975355
3.3667705
3.4976637
3.4975564
3.5019436
3.4327104
3.435819
3.4326005
3.4338024
3.4338024
3.46791
3.4696808
3.4771159
3.4328055
3.4636445
3.4239826
3.4337828
3.426296
3.425631
3.4326074
3.479841
3.505294
3.5549111
3.423942
3.4952457
3.4496553
3.4450855
3.4282122
3.2465582
3.351029
3.467862
3.4882612
3.3785558
3.380847
3.365425
3.4783037
3.255017
3.4898617
3.4176176
3.2933207
3.4169688
3.4064481
3.393677
3.3171291
3.3679175
3.4187005
3.3730912
3.3745666
3.36916
3.369212
3.3751566
3.4092703
3.4147363
3.4147363
3.4247327
3.4013822
3.4639132
3.3092701
3.4632368
3.3966267
3.4457316
3.7699451
3.296707
3.2850707
3.2190816
3.6261365
3.2331226
3.354323
3.2449913
3.3925288
3.3920271
3.670986
3.6725426
3.659965
3.4387429
3.7392142
3.379899
3.3781638
3.22125
3.3873904
3.3800812
3.3786404
3.4057574
3.2671888
3.3875656
3.387941
3.3134995
3.4247031
3.2763069
3.3247654
3.4227772
3.3325148
3.4669755
3.2098725
3.3808892
3.4053497
3.4053142
3.4247031
3.212284
3.4153647
3.212303
3.2203376
3.4358804
3.423742
3.4181225
3.4173949
3.3991525
3.4186542
3.3714662
3.3743794
3.258357
3.3042617
3.303543
3.3219478
3.369384
3.6216483
3.2571838
3.25851
3.4163985
3.5366015
3.5375037
3.5982988
3.7527828
3.4179525
3.405747
3.2636914
3.3238492
3.331241
3.4714203
3.4854648
3.460475
3.4949694
3.4717205
3.4185452
3.537904
3.339821
3.517204
3.3401825
3.506049
3.5396264
3.6104205
3.6339924
3.2121832
3.4635563
3.603373
3.59603
3.4738185
3.2875552
3.4835422
3.5964508
3.5978413
3.2093313
3.2093313
3.2844756
3.2826517
3.2884521
3.5963328
3.4653018
3.5967987
3.6071277
3.6450486
3.8272307
3.4530602
3.387246
3.3087072
3.435578
3.461797
4.1464267
4.090271
4.048366
4.0866127
4.1555853
4.172545
3.98604
4.1095495
4.1654673
4.1095495
4.080109
4.048799
3.98823
4.0704703
4.1190047
4.110099
4.199563
3.9056027
3.8941581
4.2717996
4.0688906
4.0461526
4.0378394
4.068732
4.073113
4.095231
4.118894
3.9526656
3.9277894
3.9158502
3.9321175
4.0583563
4.078295
4.047659
4.0948577
4.144479
4.4059606
4.2151613
4.2272353
4.193862
3.9207053
0.37106642
4.081331
4.0783863
4.068805
4.081331
4.068684
4.081331
4.081331
4.0611663
4.0599947
4.0613456
4.081344
4.0579543
4.318792
4.2369237
3.9739728
4.3313737
4.177276
3.9404387
3.9853072
4.0577083
4.061169
3.8944106
3.9991565
4.428779
3.995952
4.0613093
4.060173
4.069162
4.0242825
4.0705266
4.0370073
4.0370073
3.9417484
3.8888228
4.0583844
3.8888228
3.9621413
0.008321903
4.0500264
4.0435324
4.012379
4.0435324
4.044839
4.05373
4.0547276
4.0156484
4.0562134
3.8980775
4.0975947
4.012996
4.051632
4.104092
4.1113443
4.1366644
4.0156045
4.0863175
4.0105004
3.9713259
3.5244858
3.1175466
1.2801328
3.9954169
3.9954886
4.0041833
4.0042443
3.9954169
0.8933974
4.0619383
4.0619717
4.0579147
3.972893
3.9954498
3.9730363
4.0476255
4.0489893
3.9937034
3.97302
3.9956093
3.97302
3.9975479
3.815361
3.887869
3.9983532
3.991298
4.0606074
3.8015308
3.9819784
3.9819784
3.9877636
3.904718
3.992914
3.9815252
3.9809036
3.9880333
3.8877032
3.9933116
3.8945863
4.0332875
3.970601
4.031192
4.0308933
3.976154
4.0369043
3.984417
4.0533147
4.075872
4.0088325
4.0542517
3.9888196
4.0657253
4.0667543
3.9688394
4.0658298
4.0537653
4.1312256
4.1096125
4.0763516
4.357591
4.358122
4.0301356
4.0264626
4.0370684
4.0701838
4.0701838
4.0588446
4.0588446
3.976136
4.174944
4.198928
4.2442484
4.204971
3.9137812
3.9312143
3.9118197
3.9315944
3.8946183
3.949575
4.007063
3.9356337
4.0143275
4.043726
4.089948
4.196193
4.214078
1.3889015
4.0133843
3.9754226
3.9664972
4.071739
4.1967726
4.1967726
4.253807
4.262097
4.2686644
4.0153666
4.406201
3.9271507
4.0914526
4.0811796
3.996554
3.9261215
4.063498
4.067887
4.8588862
0.11221083
4.4390783
4.4171934
3.8957758
4.060132
3.9758368
4.062456
4.058418
4.149335
3.9994533
0.15223047
4.0014815
4.0299025
3.9179084
3.978289
3.9701786
4.0251703
3.995808
4.038911
4.0091166
3.9236119
3.9236119
3.9724317
3.9247289
3.9727218
3.9840412
4.0541854
3.9380515
3.9576695
4.0792665
4.089053
4.111014
4.0071054
4.089209
4.089366
3.9391701
3.9241095
3.9882874
4.1139565
4.196772
3.9244735
4.078908
4.2097325
4.2449985
4.2438917
4.0119376
4.0113416
4.2215896
4.068737
4.0222745
4.0655622
4.062244
4.064802
4.0639267
4.0768976
4.0584106
4.0051003
3.7901018
4.130784
0.66733867
3.4781902
3.3245065
3.3305862
3.372142
3.6239722
3.6978455
3.623772
3.6272013
3.319845
3.3240652
3.3426187
3.3947477
3.3954868
3.4140196
3.3916218
3.4045289
3.3949664
3.4008114
3.3967767
3.3949664
3.4027135
3.404479
3.3738074
3.2888303
3.4237301
3.4156148
3.4345222
3.3431463
3.3964813
3.228851
3.5119452
3.5119452
3.3265092
3.2858243
3.2254431
3.7678838
3.3842833
3.7517662
3.2281146
3.2304792
3.3943634
3.3958728
3.3311195
3.2985203
3.3517284
3.3453364
3.3508239
3.3517284
3.2831073
3.3647108
3.3267019
3.3844361
3.300418
3.275359
3.2832704
3.4148767
3.4150448
3.4029982
3.4150991
3.4913235
3.5123827
3.311971
3.4186723
3.4785717
3.5160508
3.4186723
3.4781072
3.4663363
3.4834507
3.4904752
3.3625443
3.510402
3.4474285
3.277662
3.5787494
3.5363505
3.3528454
3.6819968
3.408478
3.8286114
3.2389817
3.510272
3.268664
3.2352514
3.5677998
3.7397938
3.2436492
3.338895
3.28421
3.346442
3.3992684
3.5006871
3.7140052
3.5058331
3.3989916
3.3596914
3.71935
3.7130783
3.4494076
3.7163281
3.2832046
3.4154267
3.83836
3.7806456
3.781119
3.7809744
3.7731035
3.827733
3.7806456
3.964791
3.9782112
3.2325218
3.4523327
3.9788234
3.7865791
3.781119
3.97178
3.781119
3.9578567
3.9705637
3.7784889
3.5680556
3.9719315
3.8472912
3.5051143
3.6141675
3.28598
3.5500274
3.6313515
3.417659
3.4010742
3.7272577
3.5614545
4.010378
3.9971893
3.220694
3.4059658
3.4077823
3.4603097
3.4667044
3.4927492
3.8005352
3.301817
3.4494853
3.8462856
3.4345348
3.847742
3.320212
3.9036644
3.3648384
3.3913171
3.9699564
4.1582503
4.15999
3.6592896
3.6837409
3.9339526
4.021961
4.1077695
4.2126327
4.1460133
3.6374996
4.1948876
4.210347
3.8202002
3.87534
3.8970728
3.7762914
3.7766573
3.7764547
3.972353
3.979401
4.03577
3.239589
3.2837312
3.372464
3.628606
3.5221581
3.7495253
3.609173
3.7937508
3.8076193
3.7184103
3.604851
3.9704788
3.983086
3.720753
3.668126
3.9993484
3.9381986
3.6908758
3.9381986
3.7212236
3.994063
3.9659603
3.346891
3.9849467
3.241519
3.5665169
3.495045
3.246127
3.384673
3.506453
3.7319195
3.5063252
3.3948371
3.4148204
3.2872498
3.4760792
3.6925998
4.0414596
4.0414596
3.6159334
3.7763433
3.7753525
3.775444
3.2854412
3.8455443
4.041771
4.052105
3.7744668
4.0562224
4.0562224
3.9165406
4.0465283
3.4193475
3.5018435
3.3777328
3.5018435
3.337508
3.4960577
3.4600105
3.3564017
3.5004804
3.3624654
3.3634002
3.2526145
3.3398302
3.253052
3.3557956
3.3223782
3.2113755
3.4276628
3.43761
3.333513
0.15618011
3.381958
3.4170816
3.5026634
3.4275284
3.3714767
3.5026634
3.4698138
3.46414
3.418719
3.4598882
3.4173357
3.4519074
3.4606712
3.279668
3.3752372
3.3744538
3.3638399
3.375853
3.3858738
3.4061785
3.4136665
3.4308188
3.4278936
3.4279165
3.4276125
3.2763076
3.4225502
3.4237852
3.4189842
3.4275398
3.4242883
3.4198718
3.387441
3.4202738
3.427052
3.3400562
3.417962
3.2349954
3.375704
3.438363
3.4446719
3.3764658
3.3932378
3.247882
3.247738
3.3510773
3.4007614
3.4079287
3.3853393
3.3930352
3.3976576
3.3847377
3.4232595
3.3843317
3.357848
3.396311
3.4315803
3.417049
3.434946
3.3486335
3.4303749
3.4285965
3.4294996
3.4107037
3.3888133
3.5958335
3.4818664
3.2067142
3.3729527
3.2067142
3.7496388
3.635704
3.389716
3.4012089
3.407284
3.390144
3.5286126
3.2091973
3.317048
3.3827825
3.208981
3.2108927
3.2899704
3.3399374
3.3469841
3.3585706
3.3282897
3.4002461
3.2095985
3.3277287
3.43143
3.43117
3.424411
3.4302502
3.4312057
3.4230168
3.2050505
3.5863268
3.6886346
3.2021077
3.4394414
3.2123592
3.374507
3.3646393
3.2043293
3.5347826
3.3481708
3.2008853
3.5547814
3.4482055
3.4305787
3.3601086
3.399975
3.4249375
3.5021963
3.4215367
3.26796
3.2849147
3.2916358
3.3256829
3.2550573
3.2459831
3.3332424
3.318276
3.318276
3.3106115
3.3381205
3.3444526
3.2490232
3.3129795
3.2909462
3.259529
3.3403804
3.3058546
3.372031
3.2985754
3.439021
3.2304318
3.3050122
3.396888
3.316276
3.3802981
3.356665
3.3870344
3.4484344
3.4003685
3.4799025
3.399527
3.4085517
3.258367
3.411627
3.4011626
3.2505224
3.395481
3.3214834
3.5856593
3.354601
3.4151466
3.5501723
3.3292277
3.3227534
3.6124282
3.6038904
3.4257298
3.4882412
3.2937088
3.5411553
3.3058465
3.2647047
3.3901408
3.356371
3.2638862
3.3133976
3.3377893
3.6184094
3.2457073
3.2692158
3.2567546
3.61348
3.4420145
3.6940076
3.5029914
3.2390509
3.6940076
3.438949
3.3994699
3.6126165
3.4404764
3.6806073
3.2376897
3.6264133
3.3410282
3.6388407
3.641772
3.2683434
3.237705
3.2219303
3.3122525
3.334101
3.346407
3.3463633
3.445206
3.4112115
3.3018286
3.3763664
3.3765779
3.3750842
3.3747654
3.3752584
3.3018286
3.339891
3.3672156
3.3785713
3.3163314
3.3860996
3.4004552
3.2240667
3.4471395
3.3957565
3.2355857
3.397868
3.3898969
3.4129739
3.4018362
3.3948257
3.2424397
3.3963666
3.3052144
3.2424397
3.3755586
3.4114652
3.4258242
3.393921
3.2166138
3.3256717
3.325844
3.3953526
3.787656
3.3931823
3.4166355
3.4261804
3.7470746
3.2158372
3.2194798
3.2194166
3.219823
3.219823
3.2182047
3.219823
3.2090583
3.2002597
3.2213058
3.2065363
3.2072344
3.2072344
3.221372
3.221805
3.2208853
3.2173293
3.2211015
3.220187
3.2217913
3.235028
3.1988022
3.25542
3.2377205
3.2383273
3.2371607
3.1889904
3.2407923
3.2434871
3.1894846
3.2386613
3.2522814
3.235674
3.38186
3.2565672
3.3697422
3.4065468
3.3384414
3.2806404
3.2161207
3.3288448
3.3157005
3.3686514
3.378151
3.3707087
3.3983588
3.3973753
3.3720334
3.372365
3.3361287
3.3942423
3.372118
3.2597942
3.3721905
3.3722456
3.3687778
3.4061997
3.4090357
3.4068646
3.4031441
3.4026635
3.4106805
3.2748103
3.3919935
3.4105399
3.4177017
3.3794415
3.4196944
3.417687
3.390606
3.3763483
3.4203413
3.3763986
3.252285
3.392041
3.1908088
3.4247842
3.4505265
3.2392654
3.400898
3.2157972
3.2849724
3.4062579
3.2826245
3.285049
3.2827144
3.3386433
3.350011
3.28177
3.2131069
3.2807078
3.2113974
3.28289
3.2848396
3.3711865
3.282727
3.2095354
3.4084153
3.215169
3.2129216
3.422419
3.4168706
3.4037426
3.4163947
3.419265
3.4231744
3.4300573
3.4477134
3.3176508
3.2682984
3.3362532
3.2143204
3.3085
3.2510362
3.2840548
3.7034464
3.3407567
3.3153856
3.3433654
3.3053765
3.2633467
3.2115004
3.2514014
3.293428
3.2915838
3.281322
3.2848444
3.2791262
3.2522676
3.2112064
3.283677
3.2826731
3.2826703
3.2525334
3.211264
3.2114832
3.2392232
3.2525334
3.3225405
3.302356
3.2546892
3.35212
3.2546892
3.3014443
3.3220232
3.3197284
3.3170793
3.2466362
3.285319
3.2466362
3.2615073
3.220745
3.3235683
3.220745
3.324524
3.326409
3.2814505
3.258634
3.2813861
3.3022985
3.3198688
3.2466362
3.2092917
3.2813861
3.2466362
3.246061
3.279489
3.258634
3.283989
3.3329358
3.3334308
3.2885396
3.3336487
3.3435466
3.33048
3.3018568
3.3336487
3.2123504
3.258634
3.2421122
3.2556956
3.2572725
3.212703
3.2883182
3.258634
3.256313
3.2579432
3.3019469
3.258634
3.212703
3.2885396
3.3101506
3.3144832
3.4255154
3.353518
3.314413
3.3939312
3.3608289
3.3349996
3.2010713
3.4224796
3.47632
3.4752963
3.4282162
3.4282162
3.4278963
3.4761448
3.47632
3.3687086
3.2928414
3.464062
3.476533
3.47808
3.4764957
3.47808
3.47808
3.4766717
3.4639022
3.3877475
3.4053342
3.4714427
3.4756463
3.4276085
3.4766717
3.383084
3.478812
3.4101515
3.2106164
3.2328572
3.3249354
3.4537175
3.3688414
3.3994582
3.4615011
3.4641416
3.4340682
3.368822
3.445732
3.4470448
3.3701866
3.4768472
3.4699333
3.368822
3.4004085
3.2093313
3.469781
3.4633775
3.4251473
3.4524846
3.4003541
3.396296
3.3689008
3.3716512
3.396638
3.432438
3.435037
3.4765708
3.47572
3.4537175
3.438594
3.3992512
3.4707522
3.3985229
3.4004085
3.4699333
3.434119
3.434977
3.4623084
3.368822
3.434849
3.4182048
3.4529269
3.4616292
3.4333446
3.4030674
3.3756175
3.413481
3.3739595
3.3880274
3.364507
3.3876271
3.387391
3.3881729
3.3878853
3.424199
3.3877094
3.4241273
3.4266171
3.445968
3.4695048
3.2897058
3.4812245
3.4822776
3.454599
3.4614222
3.4623325
3.4623325
3.463042
3.4694297
3.4824781
3.4624968
3.4811125
3.382718
3.463055
3.4824781
3.482516
3.482174
3.4406295
3.421073
3.463838
3.4165337
3.4636683
3.4822617
3.482174
3.4512506
3.415731
3.283323
3.292725
3.463751
3.4602163
3.4591455
3.4640384
3.4591455
3.4857545
3.4769683
3.4591455
3.4635518
3.4883256
3.4688644
3.4883256
3.4591455
3.4591455
3.4339209
3.4975305
3.6256897
3.5717986
3.6230721
3.5312943
3.4467978
3.435486
3.3409188
3.4131274
3.427821
3.4131274
2.3257964
3.4170446
3.673229
3.5018053
3.4246879
3.4161158
3.4794223
3.4947958
3.277744
3.3375645
3.5072577
3.5310109
3.542817
3.3401902
3.5440857
3.3649745
3.3900027
3.5417974
3.482673
3.5264153
3.3401978
3.3649745
3.4754918
3.5460753
3.4917247
3.364746
3.4168406
3.4152942
3.4181137
3.5023947
3.463729
3.389734
3.363499
3.406942
3.3373837
3.4030678
3.3248374
3.2609663
3.4347987
3.4127524
3.4371715
3.430095
3.4225948
3.4070594
3.4349244
3.364309
3.3699675
3.1895146
3.4283154
3.2519407
3.6499023
3.3779912
3.5918221
3.3779912
3.2066095
3.6488726
3.3736572
3.7097335
3.4974375
3.4591703
3.7379827
3.2127872
3.6200871
3.3891995
3.7080164
3.1926808
3.5174
3.7082603
3.3892884
3.3892884
3.6219962
3.3892884
3.6924744
3.678213
3.7264125
3.239527
3.7382348
3.4163043
3.2659235
3.428397
3.5274227
3.364921
3.2663474
3.3738093
3.4127123
3.2488773
3.2714882
3.3738093
3.4366858
3.2488773
3.209584
3.2115026
3.2494802
3.475261
3.4063504
3.262194
3.225186
3.4755602
3.2723517
3.4640405
3.2714143
3.406881
3.2694352
3.27623
3.4772422
3.27338
3.251958
3.428631
3.4055996
3.273853
3.444933
3.433185
3.3199492
3.241128
3.3685052
3.2354236
3.27053
3.4240234
3.3646586
3.2395532
3.417251
3.2803574
3.3688798
3.378649
3.3782544
3.378649
3.378649
3.4340062
3.44435
3.378649
3.5994673
3.2094517
3.5442715
3.2857218
3.349881
3.555971
3.602684
3.5515769
3.2736619
3.5277667
3.244328
3.5594285
3.2432456
3.4131043
3.4150352
3.419583
3.393624
3.4194703
3.4194894
3.3027277
3.4194703
3.7593646
3.2437303
3.2432456
3.4148188
3.4052074
3.1899822
3.4156423
3.4141178
3.4097757
3.3508193
3.4150975
3.4150975
3.395238
3.2785099
3.39747
3.3922672
3.234666
3.392781
3.3855343
3.391938
3.2541065
3.4236498
3.3781717
3.369669
3.254738
3.3694868
3.3666217
3.3696234
3.4259493
3.4184308
3.377028
3.371742
3.4081078
3.4495003
3.2542396
3.3195245
3.3770328
3.281487
3.387243
3.7903361
3.7941082
3.330276
3.7445455
3.9222982
3.9111145
3.4747593
3.90695
3.7885752
3.6669257
3.4046807
3.771268
3.771268
3.767677
3.7675612
3.7711067
3.7703395
3.7678819
3.7694118
3.7675612
3.7675612
3.7703395
3.7708037
3.7711067
3.771268
3.7675612
3.7674012
3.7677927
3.425547
3.7669394
3.7677927
3.7729442
3.7674012
3.7817569
3.789794
3.7960272
3.807307
3.8098133
3.790356
3.8346584
3.8401408
3.776782
3.7920797
3.7204492
3.9032378
4.0011234
3.9447865
3.9041154
3.8924706
3.9044087
3.9433913
4.0962095
4.111276
3.9036803
3.928342
3.8321457
4.006788
4.039971
3.3299887
2.7036347
3.9463577
3.8918176
3.9656417
4.001392
4.0912385
4.0838666
3.8923745
3.8918176
3.970882
3.9954972
3.5225947
3.8589256
3.6974509
3.8865914
3.7943811
3.2343707
3.8865914
3.8854864
3.7922628
3.7692199
3.367875
3.883597
3.3529902
3.6795511
3.8598714
3.7948723
3.796587
4.006031
3.859683
3.4069555
3.951332
3.861823
4.006927
3.7305532
3.859683
3.951332
3.5745234
3.3508968
3.4072764
3.2607133
3.5769842
3.3436944
3.8998969
3.9258585
3.5992537
3.3375895
3.8786707
3.9258585
3.9199407
3.8884816
3.9341114
4.038977
4.044474
4.0365744
3.4416473
3.443041
3.5115144
3.5507953
3.2781162
3.3483512
3.7950134
3.40537
3.7246156
3.561712
3.4073346
3.6292152
3.405295
3.2735405
3.6177776
3.5670202
3.8077168
3.693033
3.265152
3.9301443
3.3207898
3.3731518
3.8104084
3.265348
3.2885473
3.2854075
3.192353
3.2195096
3.2276063
3.2665317
3.2512562
3.2644684
3.2885473
3.2885473
3.2644908
3.217457
3.2753477
3.2778904
3.2665317
3.250662
3.216911
3.2645912
3.2615585
3.2361786
3.2634315
4.0573187
3.2595973
3.2772586
3.2762375
3.2614696
3.3129196
3.3021762
3.376719
2.078896
3.2589045
3.2589045
3.2953322
3.3456562
3.266037
3.328171
3.3290167
3.2523143
3.3525503
3.3150244
3.289972
3.389382
3.3253834
3.3322148
3.266151
3.3279161
3.3472505
3.263729
3.2653713
3.2989848
3.2358642
3.2989848
3.223208
3.2989848
3.2679505
3.2677946
3.2679505
3.3118644
3.27906
3.2787914
3.2778187
3.2731519
3.3578305
3.3492448
3.3729322
3.353683
3.2759588
3.3663146
3.6179175
3.2785382
3.3444338
3.2394667
3.3406675
3.3442442
3.337285
3.3510053
3.3982062
3.5547566
3.5291715
3.3141527
3.255721
3.2745924
3.4051533
3.264554
3.2299716
3.2599034
3.2626233
3.2392888
3.2641752
3.3022182
3.3205793
3.4088433
3.306924
3.40239
3.2525284
3.4135647
3.4084783
3.448829
3.4283733
3.4283733
3.2528968
3.2893746
3.4627006
3.4861941
3.483588
3.4832466
3.4507542
3.4624898
3.4688876
3.4861941
3.3988233
3.4839396
3.48804
3.2914956
3.4162347
3.675102
3.4239268
3.3827763
3.3826346
3.3827763
3.4439504
3.3575623
3.3695672
3.3920498
3.4160383
3.426633
3.4411833
3.416514
3.4273872
3.3709977
3.3720865
3.2860117
3.3253016
3.327418
3.353779
3.3761525
3.431974
3.2309606
3.3786163
3.4863076
3.7531993
3.5516818
3.4273674
3.3484328
3.3770893
3.377935
3.3934996
3.4129667
3.4135282
3.413915
3.4033685
3.3916566
3.414056
3.3783975
3.4083238
3.413263
3.416078
3.424573
3.424903
3.433266
3.4859369
3.3977654
3.316527
3.4327667
3.4336658
3.4327667
3.4338717
3.4333165
3.4148085
3.4219484
3.4337244
3.4216142
3.3965294
3.4088218
3.4036083
3.4311135
3.4368546
3.4370146
3.423411
3.4373639
3.4476788
3.4378161
3.4322617
3.432426
3.4250846
3.436732
3.4378161
3.4420533
3.4476788
3.4373186
3.4376915
3.4323983
3.4476788
3.432187
3.4322712
3.42754
3.4290469
3.4215543
3.432233
3.4329011
3.4027872
3.4233453
3.401182
3.4248002
3.4309762
3.4257987
3.4356458
3.4022107
3.4331784
3.3515878
3.3515878
3.447852
3.438769
3.448328
3.3977628
3.282506
3.4247177
3.4364893
3.4081244
3.437125
3.4081244
3.4012663
3.4095824
3.4072893
3.4095783
3.408603
3.4080107
3.4110847
3.3383641
3.4280677
3.3920777
3.4280758
3.4404066
3.4245586
3.3909795
3.4036715
3.4287295
3.3906102
3.4474328
3.4539518
3.40253
3.4646502
3.4655445
3.4282556
3.42303
3.368923
3.217188
3.3694508
3.3696618
3.44265
3.4647858
3.4671106
3.4276428
3.4749293
3.3934531
3.2163134
3.3690524
3.3792052
3.4649894
3.4295678
3.3936849
3.4162633
3.2898877
3.2849236
3.4619305
3.4512596
3.4661298
3.3696373
3.4392347
3.4324067
3.42829
3.42923
3.46742
0.7719616
3.369232
3.4253223
3.4281828
3.4621983
3.4280763
3.4580803
3.487097
3.486215
3.466632
3.454604
3.4488463
3.487434
3.4677298
3.4538708
3.4346774
3.482166
3.455029
3.4677298
3.467253
3.487628
3.454604
3.2909017
3.454604
3.4843028
3.4342709
3.478811
3.3915863
3.4470217
3.432047
3.4124599
3.2675242
3.3631513
3.581815
3.3904572
3.243952
3.394637
3.3874273
3.3862667
3.3978658
3.4151871
3.42886
3.4290104
3.423692
3.429662
3.4409509
3.372715
3.436814
3.436814
3.4500911
3.3304334
3.4396558
3.4339926
3.4214945
3.4338024
3.4329464
3.3203602
3.4857075
3.3387551
3.451482
3.6564202
3.5054703
3.563283
3.563283
3.6449533
3.2955148
3.4852297
3.6474307
3.6529224
3.6533167
3.3462303
3.494258
3.4056396
3.2386587
3.705476
3.726135
3.5450897
3.597844
3.2645931
3.3898418
3.7233691
1.2250036
3.7688086
3.8278885
3.8304772
3.8276372
3.7688086
3.7878518
3.8258824
3.389711
3.8278885
3.2484488
3.298355
3.8307297
4.0381813
3.2394125
3.903179
3.2734573
3.3964436
3.2704668
3.2720873
3.5562253
3.2681897
3.3938549
3.5623372
3.965979
3.6154668
3.6208515
3.244773
3.2973168
3.539066
3.256079
3.4774172
3.378972
3.3784714
3.3956475
3.4542856
3.2295272
3.3007455
3.479036
3.4832306
3.517947
3.7383585
4.023034
3.319845
3.2913215
3.4179559
3.3912663
3.4181445
3.394971
3.4341059
3.3471346
3.5319674
3.20869
3.2128704
3.3544123
3.4067338
3.5167367
3.486517
3.649483
3.6565506
3.2095597
3.3141785
3.2095916
3.210017
3.6945057
3.2099571
3.2097678
3.4312882
3.3782253
3.287226
3.596726
3.4421375
3.3776002
3.4738338
3.2107277
3.4631288
3.4739928
3.2064145
3.4947994
3.3693094
3.4785235
3.2090476
3.4037879
3.4476645
3.447118
3.4331324
3.278379
3.5373938
3.5379446
3.7287223
3.4206314
3.4647772
3.3866675
3.906787
3.5592105
3.5712686
3.7343745
3.7655563
3.7655563
3.7655563
3.7875583
3.8928735
3.894347
3.8970752
3.8983085
3.8983085
3.8939576
3.8983085
3.8939576
3.8983085
3.9015625
3.899851
3.8648152
3.416011
3.9154372
3.853958
3.8544364
3.429038
4.0197253
3.353517
3.302271
3.3599558
3.7332938
4.151462
3.302271
3.4357405
3.3479156
3.3479156
3.4106736
3.4069939
3.2105126
3.4207585
3.4287841
3.414549
3.3787503
3.3790991
3.4111555
3.406763
3.4116364
3.3718288
3.406186
3.376663
3.4150312
3.4165943
3.385739
3.3784165
3.4087384
3.3761125
3.3284953
3.3756065
3.412675
3.2741985
3.3859518
3.3788743
3.4170043
3.4203935
3.426072
3.2384245
3.4337053
3.4725797
3.2298396
3.2256205
3.2333348
3.2288218
3.2440069
3.3450525
3.3450525
3.345435
3.4133291
3.3587322
3.4133685
3.276923
3.2898846
3.236222
3.4839556
3.2891002
3.2289348
3.2129188
3.2439332
3.3412054
3.3510225
3.3581579
3.4086797
3.276792
3.3051577
3.3657222
3.56338
3.362005
3.534379
3.3607392
3.56786
3.5147617
3.339154
3.359875
3.3600605
3.3861613
3.4438958
3.4486768
3.2390716
3.2877564
3.5529037
3.2683988
3.4102185
3.5133123
3.3604581
3.4081998
3.3843074
3.4495325
3.5499864
3.3723464
3.2843325
3.431838
3.212723
3.5007496
3.5966148
3.5962052
3.734491
3.8075223
3.8949716
3.3778706
3.871252
3.7680945
3.7706268
3.8932621
3.9577837
3.8960588
4.0143666
3.7654498
3.8938859
3.8938859
3.4978607
3.8675964
3.9577837
4.0118527
4.009541
3.8940217
4.1217837
4.1217837
3.8938859
3.256079
3.8938859
3.7803576
3.911415
3.9127192
3.9624135
3.8067143
3.8498979
3.4273336
3.359875
3.8227036
3.5841491
3.8227036
3.8227036
3.8227036
3.8227036
3.8067143
3.8067143
3.8227036
3.7898586
3.8067143
3.8146684
3.7790482
3.7809308
3.7809308
3.8227036
3.7795181
3.8247256
3.38699
3.2676628
3.261553
3.7829854
3.7797031
3.7829854
3.8067143
3.3719032
3.7641754
3.2353694
3.5770702
3.7816699
3.3916671
3.9634821
3.8052158
3.829385
3.4062505
3.9132833
3.9130068
3.9132833
3.449263
3.7828512
3.9690065
3.4377499
3.7816699
3.2845554
3.7000337
3.4442039
3.3714755
3.5697985
3.3619595
3.4298325
3.3134618
3.2695305
3.9132597
3.9110389
3.2721012
3.2811818
3.344031
3.3450477
3.3451612
3.3796673
3.4186568
3.3777077
3.3799896
3.414175
3.3747878
3.4329076
3.3776813
3.4165685
3.4346845
3.3472097
3.4343112
3.4830148
3.3983388
3.398694
3.3686476
3.3714552
3.3714552
3.3715718
3.4335885
3.3714302
3.4163616
3.4184785
3.3690226
3.4317753
3.3532712
3.4330502
3.3964975
3.434042
3.4347744
3.43448
3.2154405
3.4344163
3.4051847
3.43448
3.4346
3.424847
3.4344163
3.4345586
3.3691707
3.4338663
3.4182115
3.4317484
3.453314
3.5725589
3.453314
3.4554498
3.6213343
3.6213343
3.3611188
3.453314
3.3719802
3.4354258
3.2337434
3.3692389
3.4523313
3.451842
3.4523313
3.4523313
3.3689337
3.3688524
3.3686907
3.4523313
3.3688524
3.4245648
3.4523313
3.451842
3.4391456
3.3722413
3.368936
3.368936
3.3688061
3.3688414
3.2335792
3.3687568
3.3688931
3.4303927
3.4525933
3.4523313
3.3718755
3.429097
3.3689535
3.4292657
3.3030784
3.3603637
3.3603637
3.3376575
3.3689535
3.3688414
3.3687568
3.406199
3.3691366
3.2115266
3.3406067
3.3385918
3.478833
3.3750522
3.279213
3.3725224
3.464128
3.4865887
3.4793394
3.4172468
3.4793394
3.417351
3.417351
3.5447447
3.482598
3.5398238
3.4817617
3.486997
3.3399909
3.339326
3.428679
3.4620004
3.462753
3.434364
3.434364
3.3599033
3.4516528
3.4628193
3.4604511
3.4815767
3.4339807
3.4626853
3.4385324
3.4556706
3.2901933
3.4174583
3.2324333
3.4160533
3.237807
3.4174583
3.4083247
3.4174583
3.413821
3.416025
3.4165285
3.417493
3.4199085
3.4164133
3.4199085
3.4185247
3.4165285
3.4190352
3.2700527
3.417269
3.4192111
3.2704544
3.4099765
3.4183385
3.4173934
3.3700001
3.4175975
3.4187481
3.4290152
3.4328475
3.398104
3.4160013
3.4169893
3.4178321
3.4293144
3.4333317
3.4338305
3.2332017
3.473239
3.5217068
3.496456
3.5643432
3.8075018
3.2113113
3.2345297
3.2345297
3.2118883
3.2341955
3.2345297
3.2343037
3.2345297
3.238766
3.254743
3.2365904
3.2969875
3.2874863
3.2909873
3.279062
3.324849
3.337341
3.33862
3.292943
3.3422368
3.296996
3.3301425
3.3248355
3.325988
3.4186935
3.3010736
3.3619955
3.4279275
3.4235966
3.4314258
3.44104
3.442838
3.442975
3.4651606
3.5226312
3.5277507
3.4634798
3.3897953
3.4691274
3.3897953
3.3964045
3.3899875
3.4911797
3.3900108
3.390181
3.505789
3.498552
3.3796353
3.521713
3.4662223
3.3901196
3.3933983
3.3900843
3.4179668
3.424392
3.5186577
3.3041837
3.5429955
3.4115312
3.3986008
3.4347034
3.4298375
3.4702935
3.4268005
3.4268005
3.359573
3.4269524
3.4254537
3.418445
3.426815
3.4187937
3.5556455
3.498305
3.5894985
3.5565705
3.5912118
3.5957065
3.5831938
4.051558
3.8792927
4.0688686
4.06209
4.359176
4.0639105
4.3437104
4.693357
3.4354386
5.0187936
3.9382193
4.938455
5.0247684
5.0635915
2.2554598
3.867793
3.8495276
3.673479
3.8655548
3.7836192
3.7051878
3.8705695
3.673497
3.8684459
3.8482304
3.99575
4.9518924
3.840196
4.8886566
4.199046
4.1963105
3.819637
4.6505938
2.4519823
3.8435411
4.692344
4.0034666
3.782632
3.7856028
4.034955
4.4925094
3.9747872
3.9731133
4.5045395
3.4789562
4.533257
4.5314746
4.4637303
4.5486565
3.9414384
3.8649898
3.7836537
3.8761005
3.3946373
3.8921149
3.8842115
4.148553
4.6544337
4.962779
4.6945453
3.8802967
4.5736794
4.57329
3.8812308
3.752518
4.464613
4.3112264
0.74486125
4.601749
4.446646
4.59211
3.954483
3.7709234
3.9910703
3.9971569
4.1446
5.234651
4.1349955
4.7580056
4.692326
4.1770334
4.1786513
3.7267787
3.8238707
4.2172356
3.8243365
4.136618
3.8382475
4.1160946
4.1160946
3.8458247
3.852241
3.839637
3.8840785
3.9431045
3.6612425
4.0375605
4.0837746
4.2699966
3.9202435
4.955752
4.935126
4.5494027
4.756144
3.8832636
3.918985
3.914221
4.249207
4.185445
4.249784
3.849717
3.5679758
3.7019317
3.7019317
3.7047048
3.7418988
3.7604167
3.783401
4.213718
3.9534345
4.419192
4.7839675
3.944661
3.4479547
4.8127604
3.8035107
5.1967893
4.862177
5.076002
5.3342977
3.8290274
4.13887
5.1952176
4.1220574
4.104407
3.2346215
4.661124
3.5881097
3.877242
3.8409805
3.8520505
4.3523965
4.3769946
4.112418
3.8401806
4.1523495
3.903812
3.9032335
2.3274472
3.9375288
3.8402843
3.8631582
3.8947115
3.8595905
3.9613342
3.962065
3.8131597
3.9622476
4.0563574
3.9663098
3.8178256
3.892795
3.888329
3.7927568
4.0912943
3.8929338
3.9913712
4.007161
4.014352
3.6579077
4.018189
3.9920933
3.5916107
4.0075746
3.995096
3.6066751
3.6589186
3.7216606
3.5722818
3.623894
3.679661
3.6100564
3.6384006
3.5848906
3.5640192
3.6707559
3.6372685
3.7209208
3.748917
4.1514993
4.1115437
4.163626
3.6857398
3.668535
4.1639132
4.026405
4.182354
3.8630502
3.727183
4.2653317
3.4050715
3.359604
3.3724713
3.6110084
3.609156
3.5012162
3.2206764
3.611054
3.6483576
3.3483074
3.3429356
3.2266579
3.338679
3.339724
3.306536
3.2963765
3.2866087
3.2291224
3.2256205
3.2249036
3.275997
3.2769172
3.2990043
3.3560758
3.4003913
3.3070862
3.459712
3.3656244
3.4675627
3.3824437
3.4119558
3.3787928
3.41232
3.3787928
3.371892
3.3918908
3.3787928
3.3787928
3.39972
3.3296778
3.464615
3.260072
3.233599
3.2857454
3.2410831
3.389194
3.4094703
3.236345
3.4098694
3.2824929
3.2349772
3.3200252
3.2457376
3.387593
3.398168
3.5636938
3.4797807
3.27434
3.2917125
3.2960765
3.2225542
3.2278216
3.2913659
3.222605
3.3177853
3.3996496
3.2213194
3.6963053
3.5033314
3.4862964
3.503499
3.5068076
3.5991592
3.575458
3.5703855
3.6473713
3.329941
3.5163407
3.507115
3.2991881
3.302024
3.216508
3.2365768
3.4258606
3.4532886
3.2370293
3.4538033
3.5293794
3.260017
3.5077634
3.4865732
3.4453568
3.4971673
3.4445243
3.506677
3.5146112
3.1930697
3.486795
3.2669284
3.5690055
3.333192
3.5853763
3.325859
3.2854526
3.2387621
3.4139848
3.4133952
3.6124966
3.3332717
3.3348138
3.5728579
3.582671
3.5636058
3.3426526
3.34153
3.3417923
3.3409774
3.3044279
3.2818828
3.418213
3.4913983
3.2882993
3.588634
3.5036669
3.663796
3.71817
3.692001
3.4841383
3.3716083
3.6741915
3.6695817
3.6291966
3.7058082
3.7043316
3.2559366
3.338806
3.27154
3.3476467
3.4585931
3.4489794
3.4554
3.45283
3.280775
3.4577627
3.4786985
3.3692856
3.544293
3.2900777
3.2471743
3.6360488
3.5411842
0.18507281
3.3173616
3.436811
3.2908268
3.5557797
3.4949393
3.7774055
4.0812063
3.3411534
3.4101636
3.598485
3.286252
3.2849743
3.3990877
3.2435472
3.3919191
3.2911766
3.4009435
3.4009435
3.370029
3.4105313
3.4144452
3.4136794
3.406795
3.4136794
3.414392
3.4137647
3.414392
3.4143858
3.4137647
3.414392
3.414389
3.414505
3.3851442
3.4128714
3.4139316
3.4065063
3.4064429
3.414345
3.4452448
3.258212
3.40255
3.416311
3.4178455
3.4045134
3.4043705
3.416397
3.4178455
3.2611778
3.3920093
3.4164011
3.378547
3.3729415
3.4116204
3.4136546
3.418833
3.3692486
3.436392
3.3864722
3.4316778
3.2510622
3.414558
3.2570527
3.4163315
3.4261866
3.4165297
3.2556849
3.2463243
3.3826897
3.3855743
3.3858738
3.4034336
3.392463
3.4264066
3.3871484
3.4332387
3.373541
3.4391534
3.3885343
3.4367146
3.395687
3.376365
3.4343758
3.386294
3.399431
3.3899717
3.394917
3.2323837
3.4589572
3.7891324
3.7458673
0.2275326
3.4486566
3.268983
3.4290493
3.4260607
3.4338799
3.335753
3.4169283
3.4172409
3.416946
3.4138522
3.38643
3.417196
3.417392
3.3884723
3.379203
3.426852
3.4184508
3.426852
3.6101298
3.4016335
3.280126
3.3301413
3.271147
3.280848
3.4152355
3.4954972
3.589426
3.4211578
3.2475433
3.4088316
3.3774974
3.3928554
3.4087708
3.331132
3.4172926
3.4260237
3.3744433
3.3869798
3.4238784
3.415118
3.3869798
3.4120662
3.3918383
3.4264698
3.4196796
3.3869798
3.4078357
3.4213703
3.3969214
3.3869798
3.3767087
3.3994997
3.405359
3.4174807
3.4159129
3.432535
3.4335656
3.7203958
3.433911
3.7212963
3.241366
3.2841284
3.2824168
3.3754523
3.3754523
3.3755636
3.3755636
3.3755636
3.3755636
3.3712437
3.3427653
3.3423557
3.3423557
3.3752959
3.3706567
3.375666
3.3756735
3.3748865
3.3756964
3.375666
3.3740473
3.3755958
3.3756287
3.3865135
3.397814
3.3127701
3.3899949
3.2842045
3.403821
3.3135297
3.2114408
3.4003694
3.3199239
3.2128916
3.2918322
3.3406274
3.2786977
3.3019958
3.2918322
3.2813544
3.2786977
3.3033128
3.2057626
3.2160237
3.2889254
3.2813544
3.2057626
3.2092938
3.216845
3.2057743
3.2057743
3.2179477
3.2201378
3.2852554
3.211457
3.4116008
3.3884106
3.2120578
3.284518
3.2918322
3.3865876
3.3522263
3.205853
3.2815669
3.2980561
3.3822794
3.2396703
3.3135297
3.212006
3.2842827
3.3906152
3.2917275
3.2842827
1.249147
3.284289
3.2842827
3.2842827
3.278258
3.285233
3.284309
3.285233
3.285233
3.283968
3.2845912
3.2847233
3.2845902
3.2852545
3.2810738
3.2853386
3.2420886
3.2440255
3.2812245
3.2853386
3.2853386
3.3380983
3.3393319
3.338756
3.210879
3.3487184
3.3465202
3.2845912
3.3391876
3.3474083
3.3393319
3.3418603
3.346467
3.3501244
3.3508556
3.2089782
3.2098467
3.2839873
3.2085226
3.2913806
3.332769
3.2097626
3.3393319
3.2119782
3.2107306
3.284168
3.286788
3.2108316
3.2676573
3.302679
3.2877533
3.210075
3.2888224
3.2542908
3.3034801
3.268396
3.3059287
3.3059287
3.2105649
3.359905
3.3608882
3.2854967
3.3012521
3.3198254
3.3877017
3.3866007
3.2481341
3.3902988
3.3729486
3.4101293
3.3586807
3.2343242
3.4082549
3.376973
3.370604
3.3573017
3.3778884
3.3205125
3.3774288
3.4089508
3.404087
3.5652735
3.4425254
3.4629345
3.4490113
3.422318
3.1934226
3.5420496
3.3188841
3.3750393
3.196111
3.3822272
3.393667
3.4641356
3.2036054
3.387466
3.190465
3.4930937
3.4066541
3.3390815
3.280874
3.235824
3.3512466
3.381718
3.316576
3.3873925
3.3855605
3.3833961
3.2515473
3.403749
3.4517221
3.465841
3.247182
3.3407788
3.4266853
3.4465106
3.341685
3.3109484
3.4286656
3.4423816
3.4083705
3.4158678
3.4347975
3.4535549
3.3135307
3.39905
3.3716254
3.3716123
3.448516
3.4768472
3.4768472
3.4775512
3.487541
3.4194503
3.4865277
3.359611
3.4848764
3.4873164
3.484134
3.484002
3.4849188
3.4910264
3.4027538
3.372333
3.5238588
3.511792
3.5180457
3.4256544
0.4134035
3.4555714
3.4555714
3.4555714
3.3748841
3.359727
3.3759549
3.4397383
3.3754427
3.3713906
3.3754427
3.5061793
3.5100367
3.3754427
3.3823967
3.4555714
3.3754427
3.4983308
3.3733416
3.415122
3.379994
3.5008838
3.2819405
3.4209743
3.397578
3.5832074
3.481631
3.3992732
3.6320634
3.7613895
3.5656362
3.76064
3.7399836
3.7300885
3.7357855
3.8476665
3.6321924
3.5678651
3.63728
3.624199
3.6687791
3.6332443
3.5854132
3.633479
3.6189668
3.3906693
3.5690205
3.5909216
3.653784
3.6147394
3.5739992
3.6272519
3.6251233
3.625274
3.6260328
3.6259537
3.6806033
3.6151285
3.6259487
3.654306
3.6505163
3.6347904
3.6877027
3.6359854
3.6951382
3.6451416
3.6354947
3.670937
3.678726
3.5576696
3.6451666
3.6794233
3.67577
3.6805935
3.5874739
3.5657334
3.5855672
3.5874739
3.58753
3.5682309
3.682005
3.7726367
3.6601188
3.7582417
3.7492948
3.7334604
3.7363813
3.7039418
3.7015564
3.7822423
3.7200806
3.5671537
3.8529563
3.7457392
3.679891
3.7403774
3.6718926
3.7285798
3.7447996
3.6033754
3.9177387
3.7466571
3.7467794
3.8042302
4.2024617
4.276558
3.2101595
4.1397424
3.6921756
4.1185384
3.5939586
3.840351
3.2091858
3.8982205
3.8659694
3.8853028
3.779128
3.761265
3.6019409
3.590862
3.733811
3.9990797
3.888375
3.864765
3.7754953
3.8254333
3.601175
3.6417434
3.6011448
3.683171
3.7213466
3.850903
3.8280394
3.7085
3.2630305
3.8462439
3.704606
3.616162
3.7328057
3.7792034
3.734625
3.6522896
3.8077796
3.8076217
3.8076217
3.711169
3.7112038
3.7111564
3.766065
3.6251092
3.7101302
3.7040782
3.6973672
3.5982292
3.7069113
3.5925488
3.706441
3.7012851
3.7013345
3.7013726
3.6022751
3.6734693
3.7498777
3.8054934
3.9493957
3.6421316
3.8075216
3.7087715
3.9815202
3.6421316
3.6836889
3.6986315
3.9460118
3.7701724
3.5881152
3.8038325
3.615803
3.8356457
3.7425992
3.863278
3.8487055
3.7237878
3.7508845
3.7590814
3.752863
3.6942494
3.6919641
3.7063801
3.7445266
3.645428
3.6755464
3.5931234
3.594433
3.6733181
3.594433
3.5931234
3.5945044
3.594574
3.6001456
3.5930743
3.6021314
3.710819
3.7839088
3.7910702
3.6171706
3.7233014
3.6244845
3.69331
3.6653063
3.6954741
3.7215712
3.7039087
3.7861204
3.8143456
3.6253192
3.807138
3.768471
3.7753737
3.6348739
3.735558
3.5954418
3.6250155
3.8396747
3.8396747
3.7677398
3.6734226
3.807138
3.626342
3.5963733
3.6249852
3.255346
3.5572822
3.5915997
3.6082067
3.791003
3.7636266
3.624744
3.6825175
3.681369
3.7486258
3.8667357
3.5654314
3.564622
3.5645537
3.6664636
3.6822326
3.559413
3.7999694
3.736166
3.6889815
3.4319823
3.4363856
3.6045923
3.8734434
3.9476779
3.6427984
3.6427984
3.783781
3.943951
4.0221686
3.8949885
4.027763
4.0639234
3.6019979
4.0334783
3.4186027
3.721261
3.9897428
3.965465
3.731055
3.3122394
3.514674
3.3787293
3.328497
3.4696226
3.323594
3.6383986
3.4564078
3.6586955
3.5557554
4.22884
3.2973914
3.9233596
3.705964
3.6367972
3.74297
3.7352057
3.6095114
3.597264
3.6640718
3.7017586
3.6848497
3.5132241
3.7626216
3.5972521
3.600088
3.596942
3.5969636
3.6493492
3.5969412
3.6612866
3.6240091
3.61529
3.6389682
3.715325
3.7113917
3.697224
3.7059782
3.7113917
3.7140183
3.7165728
3.7007954
3.6867247
3.6388788
3.6709893
3.6741538
3.638899
3.6944559
3.6888268
3.6452584
3.669708
0.10453086
3.5517073
3.5520685
3.5520685
3.5520637
3.5520685
3.553168
3.5532537
3.550098
3.5530663
3.553266
3.547266
3.5532165
3.5545795
3.547008
3.5474432
3.5550573
3.547402
3.5547924
3.5468574
3.5628247
3.568396
3.558348
3.553266
3.6020906
3.5563736
3.6020906
3.598488
3.6018636
3.5675108
3.5682948
3.55825
3.558278
3.6020906
3.602128
3.5907557
3.5955784
3.567866
3.5939639
3.5659132
3.5940096
3.5941458
3.6014953
3.567512
3.6062906
3.5681355
3.6149302
3.6035604
3.5989542
3.6507823
3.6507823
3.5811028
3.634857
3.568088
3.6402688
3.623678
3.592336
3.6174915
3.592336
3.5704312
3.635272
3.598846
3.624254
3.6461864
3.6078296
3.5983634
3.6119466
1.7460347
3.5630438
3.5630438
3.5654714
3.836878
3.671836
3.7423515
3.7378461
3.5143223
3.588164
3.6263187
3.6273837
3.6752944
3.802459
3.8354976
3.841798
3.801494
3.7000403
3.7296593
3.772295
3.9103043
3.5854113
3.666566
3.736688
3.9261158
3.660299
3.6636648
3.6667924
3.6259363
3.6930594
3.760105
3.7814121
3.588142
3.7750144
3.7054942
3.722435
3.930758
3.6551144
3.6701884
3.7552538
3.7381575
3.6538358
3.7173603
3.5533395
3.5504436
3.7396727
3.6115797
3.7571394
3.8177805
3.240919
3.8513358
3.8760164
3.8726718
4.04723
3.8705244
4.30888
4.3107533
3.7251859
4.0356565
3.5703413
3.5703228
4.0426483
3.5655315
3.6742978
3.867642
3.5935402
4.035601
4.064838
4.0076747
4.001716
3.8395336
4.050056
3.9557545
4.032693
3.7543318
4.0076747
3.593501
3.6882825
3.725854
3.7543318
3.9565253
3.7793696
3.7722921
3.689619
3.6901076
3.6629608
3.5920157
3.5935206
3.7796068
3.687921
3.83676
3.5938056
3.6939874
3.7249177
3.5672977
3.7298746
3.7630656
3.7424853
3.7800977
3.7348871
3.8054016
3.4367561
3.78187
3.7516675
3.8518274
3.764789
3.8333669
4.1116257
3.9782948
4.1466928
3.9359546
3.9359546
3.9762151
4.150051
4.1959314
4.1332006
4.3529162
4.6429615
3.863298
3.745146
3.7457352
3.7479734
3.8619447
3.8603787
3.862574
3.7471838
3.7479734
3.6623821
3.5446737
3.6740997
4.187091
3.8626645
3.8629837
3.6976755
3.7618299
3.5441177
3.8617651
3.8616757
3.7436798
3.8632073
3.747534
3.8617651
3.8615525
3.8628454
3.8632073
3.8634846
3.6738045
3.7551696
3.6457207
3.8250673
3.7486825
3.702951
3.745187
3.605338
3.7331917
3.8026233
3.6574004
3.7442632
3.8026233
3.7424717
3.7423248
3.7453017
3.7459836
3.7415345
3.7333558
3.743452
3.7406838
3.8354888
3.7346342
3.740926
3.6011035
3.738252
3.7622511
3.7864902
3.741469
3.7297547
3.7896953
3.7924771
3.7924771
3.8064206
3.708994
3.6692216
3.7110293
3.711293
3.5784056
3.6322126
3.6335335
3.7206836
3.6510575
3.5926006
3.7303245
3.740356
4.4288106
3.7428133
3.917127
4.39114
4.3353972
4.421498
3.9894211
3.9194732
3.695457
3.8334513
4.2745924
3.24108
3.868389
4.095945
3.5571842
3.5772817
3.844102
3.5846627
3.595322
3.5944202
3.5850008
3.844102
3.6829789
3.8104832
3.6639838
3.5930877
3.5952313
3.6743853
3.6665359
3.8757641
3.8038046
3.7323408
3.7748842
3.883493
2.4530852
3.6652443
3.837911
3.5629563
3.4281423
3.7357678
3.6645954
3.7759695
3.7029114
3.661413
3.661413
3.659295
3.661413
3.5859873
3.6598783
3.6209104
3.6906579
3.6858237
3.845216
3.6432478
3.68255
3.6274164
3.6983247
3.7608874
3.5824134
3.5650523
3.662602
3.711952
3.815232
3.5706506
3.593998
3.4186475
3.771828
3.7944756
3.8775733
3.6165104
3.9068081
3.5904725
3.7587569
3.5607831
3.5906396
3.5918157
3.9061716
3.5930846
3.7492619
3.9806767
4.0302362
3.6755311
3.6755311
3.7854602
4.021403
3.8205166
3.645152
3.6013064
3.6393867
3.5967534
3.6012492
3.6019514
3.5937922
3.8124988
3.6010084
3.5971048
3.5929825
3.586503
3.6369312
3.6546354
3.7551749
3.8556828
3.6550243
3.724443
3.7109463
3.6371272
3.627446
3.7370226
3.6032073
3.5551648
3.5906088
3.590514
3.7691207
3.7480752
3.8014605
3.696785
3.6830404
3.5536566
4.033374
3.7313366
3.8347461
3.955817
3.5703151
3.2795672
3.5468488
3.5532146
3.6605983
3.7247224
3.9490435
4.050653
3.72205
3.7675595
3.5505087
3.5505087
3.7520013
3.769305
3.975635
4.0148845
3.550365
3.9104733
3.9384017
4.055665
3.5491388
3.7008111
3.718406
3.4346945
3.6900716
3.5480592
3.7354174
3.7573793
3.7339344
3.7245376
3.7256684
3.6649454
3.6033943
3.6038988
3.7397652
3.5941446
3.5919745
3.6062915
3.6646943
4.0012126
3.734299
3.6091928
3.606161
3.9028292
3.796871
3.9340255
3.6619458
3.930253
3.9289064
3.989148
3.678835
3.5657628
3.5816336
3.7993052
3.8990588
4.2603517
3.8313572
3.5631876
3.8259566
4.0169897
4.0081444
3.776139
3.8312414
3.5573163
3.5631847
4.191339
3.5625713
3.7521467
4.0663395
3.7452157
3.786028
3.6763506
3.7243621
3.5585208
3.9773703
3.958363
3.9773703
3.5585208
3.5593216
3.726864
3.6788456
3.809642
3.616701
3.9558702
3.7516649
3.6904447
3.8904345
3.8837152
3.8997123
3.8549647
3.832932
3.7456973
3.7348566
3.7314577
3.5767946
3.7314286
3.9076498
3.5774462
3.7314286
3.8313053
3.8252676
3.7314286
3.7314286
4.36165
3.7304614
3.7279456
3.7280843
3.8753142
3.5774245
4.1601386
3.7314363
4.162088
1.4921522
4.0643864
3.2442396
3.8838696
3.5521495
3.735162
3.9498336
3.7329044
3.6640894
3.8250594
3.7608407
3.8657522
4.0438485
3.5768867
3.7316315
3.7075691
3.712169
3.7635574
3.636489
3.74251
3.7125998
3.6946483
3.7718205
3.5526018
3.5526774
3.7276874
3.804165
3.6558685
3.720756
3.69653
3.683855
3.778658
3.771856
3.814406
3.6943104
3.570264
3.6912174
3.605157
3.6351843
3.5659568
3.5689888
4.318332
4.0303426
3.7261324
3.5659568
4.0518823
4.030578
3.716664
4.030578
3.806804
3.7238195
4.3087106
3.8053334
4.033092
4.3177896
3.8172374
4.1966586
4.2694063
4.246425
3.9712827
4.11265
3.7492502
4.1566296
4.3088346
4.271891
3.9052913
4.3008156
4.3893523
4.399614
4.399674
4.2126627
4.1295466
4.3094354
3.2257676
4.057195
4.057254
4.3943276
4.2624626
4.369865
4.382882
4.3862314
4.515266
4.5131865
4.5144644
4.3820353
4.3736963
4.4423175
4.5145507
4.5095506
4.4423175
1.6771892
4.4369063
4.44164
4.328843
4.44164
4.3088346
4.44164
4.44164
4.0531697
4.340398
4.3088346
4.4362307
4.310775
1.5432943
4.4362307
4.3088346
4.3088346
4.1550193
4.294611
4.44164
4.4510765
4.1422873
4.317111
4.1025653
1.5608693
4.317111
4.341844
3.5678263
4.3780737
4.377031
4.3180895
4.4463077
4.1937428
4.305117
4.468239
4.1047454
4.1521616
5.1055574
4.1424546
5.30396
3.7008047
4.4521914
4.0425506
5.2950697
3.8430927
4.161407
5.217288
4.830428
4.304036
4.157128
4.1172423
4.3340073
3.9600518
3.9821157
4.138048
4.3091354
3.9814343
4.0478725
4.3206615
4.447626
4.4755244
4.522273
4.3341756
4.3951125
4.3940597
4.3142567
4.3159633
4.032606
4.4747972
4.476841
4.387568
3.9828453
4.6740055
4.841438
4.563988
4.715386
4.5422525
3.8996382
4.125137
4.0632524
4.1908092
4.2335224
4.1471667
4.2322445
4.0555754
4.0555754
4.0177073
3.9989417
4.0431767
3.9073248
3.9824233
4.0544186
4.027869
3.6174479
4.1339507
4.1208386
4.2296815
4.0177073
4.2178974
3.9612362
4.055043
4.049527
4.139347
4.228336
4.2348685
4.2212844
4.2188945
4.1019526
4.0052857
4.021318
4.0661902
3.9004784
4.2439785
4.0604444
3.8983948
4.055746
4.132941
3.8890781
4.1786647
4.0653872
4.0338078
3.888766
4.345397
4.4964104
4.0391192
4.0338078
3.9166646
3.9818313
3.905086
4.052713
1.43277
3.889077
3.8889768
3.88827
3.88827
3.8882763
3.888514
3.8882382
3.8886259
3.900592
3.888666
3.9027686
3.9023917
3.8995392
3.8923612
3.8882382
3.9049096
3.8948512
3.9024067
3.2937691
3.903927
3.9038954
3.8925676
3.8995562
3.905079
3.889077
0.25512576
3.8923612
3.8923612
3.8923612
3.8923612
3.8922272
3.8947759
3.9052243
3.911988
3.9122505
4.0032344
4.197114
4.197114
3.8923612
4.0496106
3.9672482
4.0221496
0.8876946
3.9661324
3.970033
3.9813778
3.321107
3.9292147
3.9380598
3.9507666
3.971837
3.9773784
3.9566648
4.022373
3.9030454
4.0557876
4.557002
4.40503
3.8921008
3.95607
4.0718064
4.0537806
4.402229
4.4071574
4.600933
4.626156
4.496683
3.8982434
4.4954405
4.161276
4.073121
3.9087522
4.0743294
3.9126654
3.8994403
3.8994436
4.062912
4.065457
3.9050958
3.8892543
4.1813216
3.7037497
4.2523623
3.9275599
4.236984
4.053976
4.0525746
4.011584
4.053998
4.1394215
4.098994
4.185484
3.9904265
3.903527
4.0214734
4.026087
4.1386547
3.9987557
4.0967727
3.9438226
4.0556083
4.1856694
3.8520136
3.9039881
3.9445603
4.02287
4.166578
4.014458
4.0321593
4.022553
4.071014
4.240814
4.3487906
4.156095
4.067231
4.0427155
0.0539049
3.9416153
4.322875
3.9052658
4.03598
3.3181164
4.074354
4.315256
4.297991
4.240486
4.2944093
4.023231
3.949377
4.142754
4.0641127
4.3386817
4.0583262
4.2168903
4.2193704
4.0686855
3.9053078
3.9817367
3.9860156
4.1250362
4.158382
4.1585574
4.0582027
3.8944237
3.976074
4.0589423
4.0583806
4.0564446
4.058791
4.328301
3.9026456
3.8097768
4.1948113
4.5634303
4.7084856
4.688163
4.688163
4.7084856
4.205482
4.7084856
4.709057
4.6999907
4.688163
4.6874604
4.7084856
4.7865434
4.123908
4.481033
4.722647
4.799508
4.7984757
4.6646075
4.78791
4.661047
4.3847537
4.7207084
4.683627
4.616741
4.2196097
4.4017005
4.6991324
4.413041
4.709343
4.793088
4.779846
5.0305853
4.4260387
4.649074
4.393801
4.0466285
4.4266686
4.7057977
4.7057977
4.706083
3.903026
3.900234
3.9687135
3.90032
4.1056614
3.9685667
0.11814907
3.8999765
3.8913045
3.8913045
3.8923705
3.894564
3.8884325
3.8941596
3.9130428
3.8923705
3.951725
3.9013586
3.9450035
3.8932292
4.019422
4.032157
3.8923705
3.9013586
3.9445362
0.12830237
3.9012713
4.029544
3.9012713
3.9444468
4.0029364
4.0226665
3.9707346
4.006732
3.9128916
4.0294213
3.9731996
4.082047
3.9954603
3.9750888
3.896456
4.022103
4.0226665
4.0011053
3.2511237
3.9412725
3.9962616
4.1211443
4.1377816
4.138048
3.9128008
3.9369547
3.979543
0.27327666
3.975571
3.9749334
3.8978672
3.9824708
3.9811893
3.9805508
3.8978436
3.8978436
3.995626
3.9613886
3.8978436
3.8933585
3.9851832
3.687048
3.9133887
3.9782007
4.001018
4.1672826
3.956556
3.980412
4.422483
3.9587967
0.13094819
4.0493865
3.9048967
3.9045005
3.9048707
3.9099207
4.0856466
3.889544
4.047178
4.0303135
4.0807657
3.6986554
4.0303135
4.00117
4.0307665
4.074618
4.092374
4.0498233
3.2849448
0.72838813
3.9054089
3.9052176
3.909194
3.9099119
3.9052176
4.0734186
4.0735373
4.028137
4.0683265
4.0686097
4.0734944
4.0684104
4.065739
4.0677223
4.083512
4.064416
4.064556
4.0637355
4.083318
4.0644684
4.0634837
4.0650945
4.067421
4.0688057
4.085381
4.072616
4.0525284
4.087218
4.0871396
4.143752
3.5506742
4.0724063
4.063882
4.0863557
4.104126
3.9491305
4.062273
4.113965
4.1141295
4.113965
3.9517224
4.0623274
4.1052833
4.1152873
4.0629363
4.0619993
4.0740576
4.078112
4.102696
4.0791016
4.0686975
4.0943885
3.8066235
4.0363784
3.945953
4.0385914
3.9010499
4.058334
4.0585866
4.087088
4.066671
4.0927763
4.10397
4.164328
4.017183
4.3069158
4.3088536
4.322396
4.3262815
4.3268332
4.200748
4.155812
4.1315904
4.328563
4.4251733
4.0632634
4.3471
4.306992
3.8919709
3.9480464
4.101564
4.0674157
4.101564
4.101564
4.06482
4.0998063
4.098745
4.0596876
3.993072
4.1065474
4.1069727
4.052573
4.06687
4.104149
4.103978
4.107069
4.068955
4.059677
4.059699
4.1009517
3.9553418
4.0557623
4.064863
4.051681
4.09825
4.101142
4.115394
4.340117
4.1514325
4.2703214
3.9489577
4.112311
4.2420626
3.901165
4.3745866
4.0278535
3.941613
4.133773
4.106589
4.007831
4.3163333
4.105243
4.105158
4.0744276
4.0750775
4.0942926
4.0254083
4.0915504
4.025325
4.023081
4.074468
4.03913
4.0772295
4.09708
4.0812135
4.0967784
4.1127605
4.2295256
3.9638681
4.053311
4.037105
3.9434927
3.9951952
4.3555098
4.077885
4.2359014
4.257793
4.2359014
4.2435465
3.9645894
3.9637415
4.0769773
3.9944317
4.3597116
4.2359014
4.2359014
3.9553294
3.991433
4.1328692
4.3058205
4.021256
3.9944317
3.9140377
3.9638686
3.9161465
3.9733815
3.6007195
3.9875314
4.0636716
3.8050196
3.5874035
4.0215626
4.1702523
4.0209584
3.93965
4.1756215
3.9447372
4.0214257
0.46028355
4.020083
4.0213685
4.02193
4.010821
4.0523176
4.051869
4.087338
4.045415
4.0872307
4.0443373
3.9805572
4.03709
4.0735507
4.0463758
4.0480986
3.9145043
4.189855
4.0673604
4.152613
4.048064
3.9972322
4.0494294
3.8979213
4.0698485
4.043621
4.0907516
3.9796095
3.8270466
3.9182444
4.0892053
4.1834016
4.1913867
4.063407
4.1017776
4.2288413
4.0642037
3.9366648
3.9366648
4.0421124
3.930565
4.025589
4.063608
4.0655932
4.0633197
3.9936485
4.040446
4.0678377
4.0739746
4.0360465
4.14518
4.1313396
4.0396075
4.0309424
4.055634
4.0327687
4.029077
3.9231842
4.1278825
4.036976
4.1018
4.0915127
4.028863
4.1354313
4.0818877
4.075454
4.1012583
4.1813693
4.1729174
4.1424932
4.1784267
4.181009
3.9197996
4.037731
3.802881
4.068296
4.0751576
4.0752745
4.0558696
4.0752745
3.9649956
4.0476274
4.0396748
4.046891
4.203882
4.141937
4.223141
4.106669
3.9666395
4.2633634
4.295324
4.1068363
3.9583635
3.9035416
4.3215003
4.1069636
4.061353
4.066604
4.264174
3.9664817
4.1101336
4.0508595
4.0765553
4.1303897
4.2141676
4.2628956
4.1817403
4.1624727
4.0630846
3.9418375
3.968112
3.968112
4.047877
4.1059284
4.1486926
4.15065
0.40102735
3.8988764
3.8913534
3.9024909
3.9116793
4.504939
3.899216
3.9057713
3.9025035
4.034468
4.0328403
4.0642776
4.055673
4.0631413
4.0639205
4.0756273
4.076206
4.055904
4.076206
4.076206
4.057437
4.0835147
4.079935
4.062273
0.13911954
4.072854
4.062925
4.0727034
3.9167972
4.0775466
4.0743976
4.0748634
4.078845
4.0794015
4.0800924
4.0801373
4.0637856
4.0741677
4.078486
4.029267
4.0635595
4.074374
4.0741067
1.7245622
3.995346
4.0775557
3.9864073
0.03163313
3.9862835
3.9858716
3.9654768
3.9870543
3.987974
3.994073
3.9952674
3.9504979
3.9549892
3.9563868
3.9785976
3.976018
3.9907522
3.9908953
3.9930875
3.9888976
3.9603796
4.053184
4.0530334
3.9929314
4.0902314
3.9929314
0.04183629
3.9244509
3.9195497
3.9247072
3.9542499
3.9248104
3.9128423
3.9719267
3.9521987
3.974557
3.9952579
3.9928107
3.9207385
3.965511
3.9722347
4.0071917
3.9601152
0.039519988
3.9913783
3.9812632
3.951163
3.9800928
3.9511278
4.0010457
3.9857101
3.998894
3.9509168
0.16789643
3.9050179
3.957907
3.9053931
0.5139369
3.8928435
3.9020388
3.889182
3.8892868
3.8927915
3.9032786
3.9038017
3.9024067
3.9030356
3.9043891
3.9045486
3.9450727
3.9045486
3.9450727
3.944992
4.0687833
4.099042
4.0997815
2.2193115
4.0686135
4.059087
4.0367928
4.0687323
4.0742416
4.1130037
4.0934944
4.3347125
4.0379395
3.9327254
3.990969
4.037417
4.099387
4.099858
3.9457881
4.06891
4.0687046
3.4982927
4.0681605
4.0636516
4.062941
4.0668354
4.0527635
4.062434
4.058904
4.0530944
3.4953961
4.0683265
4.0756664
4.0682955
3.9129434
4.0920563
3.9519145
4.1114025
4.091127
4.006431
4.096354
4.119884
4.0015645
3.948213
3.99163
3.9379385
3.9912946
4.0557647
3.8981967
4.160765
3.898229
4.2982335
3.8981967
4.0652027
4.047227
4.151069
3.3983636
3.984774
4.0668793
4.2493105
4.060386
3.9908237
4.063864
4.054025
4.0541286
4.057904
4.066326
4.0626173
4.053528
4.067163
4.0541744
4.0629888
4.067146
4.0681133
4.065814
4.0682096
4.063349
4.0681643
4.0530496
4.0582495
4.058556
4.065814
4.059191
4.063018
4.063062
4.052843
4.0674443
4.0683527
4.057778
4.068677
4.0623236
4.068473
3.4345436
3.4342592
4.0685973
4.067289
3.904702
4.0698905
4.1121907
4.142161
4.064456
3.9770799
4.1121907
4.1425004
4.064456
4.0685253
4.058296
4.058799
4.0674353
4.106316
4.156015
4.1652226
4.057265
4.0578413
3.9782345
4.155263
4.215472
4.2240233
4.2038484
4.2114835
4.2414007
3.9850647
4.0764055
4.0673594
3.9818487
4.1327214
4.182461
4.1073675
4.2151637
4.2114835
4.0659266
4.067386
4.0672355
2.3036182
4.067217
4.0662365
4.0592976
4.052576
4.0525446
4.0525446
4.0592976
4.061896
4.053638
4.062825
0.17193437
4.0581126
4.0579896
4.0581126
4.0581126
4.0578303
4.0579896
4.058144
4.0581126
3.995564
4.0524807
3.9799569
4.05211
4.062324
4.0604506
4.061678
4.062489
3.8995981
4.0521097
4.05211
3.908263
4.0546923
4.0626545
4.051953
4.06266
4.0732293
4.062273
4.0626025
4.092354
4.1105866
4.0577044
4.052273
4.0676684
4.058023
4.05736
4.0629654
3.9377
4.057823
4.068257
4.068155
4.1738
4.043142
4.1079845
3.9603953
4.205654
4.2562113
4.1032853
3.973582
4.066146
3.9881077
4.0745573
4.064857
3.9881077
3.9881077
3.9919624
4.0745792
3.9441004
4.2356505
3.937743
4.0724597
3.991875
4.117887
4.09769
3.984445
3.9132466
4.021148
4.021148
4.1006603
4.1006603
3.9457052
4.1006603
4.0334287
4.258102
4.2004375
4.2509785
4.1430387
0.03698014
4.230309
4.0260897
3.947594
3.9477503
4.1391473
3.9299047
4.052916
4.135001
3.9293501
4.1414723
4.0070376
3.923918
4.179178
3.945861
3.993864
4.102121
4.1034627
3.9406283
4.07024
4.0798454
4.0735846
4.0112944
4.13819
4.0776486
3.8917134
4.0871267
4.0940332
4.0656486
4.0940332
4.0778856
4.0797834
4.0609536
4.0778856
4.037506
4.0963783
4.09474
4.060621
3.9568524
3.9577622
4.0315604
4.037266
4.0395665
4.0995164
3.940125
3.9834306
4.0770555
4.0445857
3.9919624
3.9484901
3.9494412
4.0315514
4.068488
4.0729947
4.044284
4.47642
4.313653
4.2012177
4.3214803
4.4726443
0.8620169
4.313653
4.1004643
4.304186
4.3175573
4.35277
4.313653
4.470834
4.761224
4.474946
4.878053
4.1058497
4.506752
4.506752
4.656727
4.2403436
4.4823966
4.680482
4.4190965
4.589975
4.406491
4.6573653
4.418533
4.418533
4.3069158
4.0988073
4.3825827
4.661194
4.392271
4.305967
4.4187417
4.0678725
4.1340275
4.152459
4.1348944
3.9592834
4.026728
4.0859776
4.0948663
3.480341
4.4493947
4.3534446
4.1077013
4.0745564
4.151767
4.091427
4.0283484
4.1502805
3.9158514
4.052891
3.9648635
4.0685
4.047679
4.0463834
4.089489
3.6741512
4.0529103
4.0672674
4.282507
4.073329
4.0263543
4.2627654
4.269981
4.1184745
4.017039
4.205395
4.0532722
4.0546865
4.414161
4.2012625
4.2568307
4.2568307
4.05295
4.054482
3.8888795
4.0168967
3.806953
4.3527007
4.003575
3.891277
4.056871
4.4511485
4.0578194
3.8917036
4.080947
4.163848
4.163848
3.9161165
4.006407
4.015842
4.0199585
3.9091156
4.0186296
4.020697
3.9398904
4.216504
4.2558165
3.8935256
4.1421986
4.053716
4.0555596
4.1903
4.11365
4.2043405
4.028668
4.061252
3.6131713
4.026704
4.0778565
4.0779233
3.9425337
3.9820497
4.0197086
4.056455
4.063274
4.0670247
3.993255
4.1714525
4.1687284
3.991039
3.908815
4.1395497
4.0799
4.0983915
4.0412936
4.0816207
4.1521406
3.904007
4.2149334
4.048985
4.1553106
4.1188755
4.076088
4.076088
4.0491223
3.9750268
3.9846258
4.0615215
4.060499
4.212168
4.052306
4.0813904
4.0527415
3.985417
4.1372256
4.213995
4.059038
4.066924
4.0613966
3.9357781
3.9938738
4.0574255
4.0569987
4.0569987
4.0569987
4.0667324
4.0613637
4.0666156
4.0613637
4.0576425
3.4669108
4.055581
3.4880188
4.0639963
3.9040236
4.0672855
3.9038374
3.8972707
4.1264005
3.9040127
4.0751023
4.17059
4.0616384
4.593217
4.067386
4.0670624
0.22983404
4.0523777
4.059051
4.0525045
4.0673814
4.0672855
1.6923922
4.0525045
4.061652
4.052443
4.0582175
4.059051
4.066627
4.067237
4.067241
4.066948
4.059051
0.25247544
4.054841
4.0574327
4.056119
4.056119
4.056633
4.054687
4.0576425
4.0574956
4.0576425
3.903649
4.0629554
4.0541244
4.0642805
4.061764
4.0626545
4.0642185
3.898267
4.054196
4.054196
4.0664506
4.0666337
4.061666
4.0667996
4.057901
4.0566525
4.0628085
4.0666337
4.057901
4.0642176
4.054196
4.0667996
4.054196
4.065626
4.066636
4.0616555
4.066817
4.0642176
3.903697
4.066817
3.7439167
4.0669575
4.054372
4.061708
4.0578413
4.0661383
4.0603805
3.9656672
4.0661116
4.067001
4.061773
4.067046
4.0650992
4.067766
4.0644426
4.06485
4.0658607
1.8455144
4.0066547
4.0637803
4.0690513
4.0682006
4.0686913
4.0841374
4.084376
4.068739
4.0680056
4.0856385
3.9682634
3.9213722
3.9895778
4.1942773
4.0693045
3.914055
3.9590266
4.284277
3.990403
4.0604563
4.155339
4.0868125
4.089492
4.0223374
3.9219124
4.187652
4.0610366
3.969736
4.025434
4.0623837
4.0666847
4.074472
3.9103944
4.074472
4.066057
4.073161
4.073869
4.090701
4.10082
4.0767007
3.9497762
4.072167
4.072167
3.3969634
4.0766425
4.0753956
4.0912585
4.0876646
0.07713184
3.9309878
3.9727867
0.19336033
3.9094677
3.9049807
3.9093378
3.8992832
3.9093378
3.9017727
3.9016905
3.9239354
3.9094188
3.9247155
3.9380393
3.9443636
4.104392
4.127969
4.1174855
4.1484537
3.9151213
4.085579
4.1450925
3.9294167
4.100917
4.045981
4.0794606
4.086287
4.086323
4.027718
4.07483
3.7800822
4.026699
4.0486674
3.619587
0.43029314
3.9935195
3.9452682
4.0245895
3.9945667
3.6564596
3.9499373
0.060291283
3.9727292
3.9727292
3.9727292
3.990617
3.9214532
4.000841
4.003408
3.9603539
4.0517974
4.1203685
4.1489415
4.0303197
4.149512
4.078791
4.0719013
3.8127377
3.894631
4.018198
4.0506883
4.139412
4.0353293
3.9933267
4.162552
4.2044125
4.0493455
4.1389937
4.188221
4.073081
4.090638
4.1730423
4.144179
4.222174
5.1248527
3.6178856
4.1416197
4.0260096
4.1954827
4.053079
3.984997
4.058092
4.206467
4.1493425
3.9867008
3.9851756
4.053933
4.181687
4.1006966
4.048568
4.0555058
4.053046
4.0109744
3.9044018
4.041405
4.08788
4.1555037
4.1061497
4.177587
4.1061497
4.1541567
4.0612993
3.8999062
3.9050741
4.1140423
4.1542697
4.0597906
3.896032
4.049796
3.904835
4.04171
4.1345177
4.131938
4.064501
4.0820127
3.9698277
4.011146
4.0221777
4.0105004
4.051785
4.0035744
4.001358
4.0111756
4.234796
4.157852
4.2462773
4.3292656
4.1941576
4.2879343
4.2328525
4.502412
4.2693996
3.8887084
3.8886752
4.5059004
4.059859
3.8900304
3.8875742
4.0574913
4.0529294
3.8879588
3.9757924
4.075035
3.9740815
3.987759
3.980072
3.442866
3.909586
3.9757152
3.9843833
4.036557
0.01689847
4.013886
4.01606
4.024163
3.9966524
0.5210276
4.01902
4.0109916
4.0190196
4.0238504
0.52016354
3.925749
4.02366
0.42346078
4.015358
4.016569
4.0058174
4.013052
4.0156755
4.0158563
4.019311
4.017363
4.0608296
3.9548073
4.0396776
4.040198
4.0396304
4.039195
3.5008714
4.0608296
4.082574
4.0543027
3.9341052
3.9436817
4.0545683
4.0607204
3.8965614
4.0243936
4.0162983
4.0606446
4.059654
4.0793595
4.0162983
3.998497
4.1016927
3.943202
4.074576
4.0162225
4.126259
3.999754
3.9973862
4.080891
4.031794
4.0018377
4.08348
3.9908135
4.150629
4.1644874
4.147529
4.165418
4.0256863
4.1663504
4.0778904
4.0728292
4.324304
4.3465366
4.3232226
4.0027246
4.325054
3.8585591
4.2599
4.277656
4.326804
3.5898085
3.9233088
3.59439
3.7444906
3.594541
3.7475562
4.1091027
3.5936341
3.6550205
3.6062367
3.9236474
3.9026177
3.759073
3.691397
3.759073
3.7878275
3.792812
3.744561
3.6913195
3.7838967
3.899194
3.667041
3.7102902
3.5778446
3.7578523
3.834499
3.919891
3.6477158
3.7430985
3.6753755
3.6660235
3.7048683
3.644472
3.793056
3.6460369
3.7230408
3.7365344
3.6699507
3.7506118
3.7146873
3.7590272
3.8372154
3.8763404
3.886206
3.6597042
3.645689
3.7351892
3.6988099
3.7171113
3.6654792
3.662164
3.724558
3.6468766
3.7133677
3.7283974
3.634951
3.651373
3.726321
3.7477057
3.616457
3.7054741
3.7603855
3.6534443
3.8879144
3.7603855
3.6400025
3.8484282
3.840704
3.7165449
3.8048954
3.730164
3.6455197
3.856874
3.717459
3.9671981
3.7475557
4.154122
3.767281
3.901898
4.1127605
3.3443382
3.9273694
3.7715647
4.0879564
3.5794096
3.7386956
3.7393782
3.7018082
3.7454402
3.5786982
3.8544347
3.8743224
3.5582774
3.7423007
3.7520351
3.7361789
3.6228018
3.7236366
3.723906
3.2750158
3.7236366
3.5586822
3.5695107
3.5924726
3.6084638
3.743737
3.7297843
3.6786447
3.8719413
3.720003
3.86947
3.5537305
3.7148333
3.6533444
3.7119079
3.7215097
3.7657573
3.6031842
3.4289231
3.652659
3.6475475
3.8200474
3.6678784
3.6361928
3.8214874
4.014392
4.016929
3.726011
4.2543883
4.254517
3.9447172
3.8453434
4.2548018
4.4665837
3.8919384
3.967399
3.6796448
3.876485
3.5689898
3.8615656
3.8903599
3.8982744
4.0280247
4.0473704
3.8347783
3.5543396
3.950133
3.8638582
4.257963
4.443399
4.1350536
3.9913974
4.096772
4.3998694
4.232802
4.2494073
4.0118346
4.0712757
3.5644536
4.079603
4.255507
4.386148
3.973149
4.0626826
4.1091156
4.278332
4.341577
3.902579
3.7260318
4.238118
4.3008156
3.9560432
4.397214
4.2337904
4.1511827
4.396574
4.190923
4.392582
3.9338763
4.1173606
4.3582616
4.394445
3.6573918
4.1775584
4.3278418
4.2416677
3.9141405
3.9902885
4.230739
4.2482195
4.1816134
4.1901674
4.1654797
4.219304
4.2377863
4.24161
3.7623396
4.2439737
3.8309672
3.926593
1.2385137
3.8459442
4.114686
4.244472
4.2846446
4.1137986
4.033028
3.5712385
3.603281
3.8436005
3.5712616
3.7250345
3.741804
3.7472558
3.5857618
3.7514958
3.5725243
3.8412817
3.7639713
3.765972
3.7864919
3.8094795
3.8153133
3.8158789
3.8311229
4.0467925
3.8295343
3.9281628
3.8084946
3.8307893
3.4150999
3.9292228
3.9345305
3.8412602
3.8347316
3.8876092
3.9541557
3.963753
3.8677626
3.9726753
3.8859828
4.057354
4.048576
3.910094
4.0938373
4.0814943
4.078918
3.9207397
4.112434
4.2828574
4.266116
4.3492923
3.959184
3.7300725
4.1255727
3.7234747
3.7761998
3.7893434
4.017053
4.2594624
4.3231783
4.2748966
4.297224
4.2828574
4.097899
4.382277
4.1035132
3.8743405
4.1152263
4.158809
4.013887
4.099428
4.005919
3.6010058
3.8455706
3.8309972
3.8547938
3.854934
3.854934
3.8442664
3.8528616
3.8547938
3.8304396
3.849934
3.8504755
3.8262508
3.8211856
3.82467
3.857578
3.8643312
3.7682605
3.8564184
4.021802
3.846636
3.8191853
3.9713664
3.8253458
3.8459687
3.8253458
3.8643312
3.592536
3.9250956
3.8305109
3.8245382
3.8253458
3.9663308
3.8386245
3.974512
3.8470368
3.9713664
3.841237
3.7417521
3.9573169
3.7803118
3.955836
3.983694
3.9164236
3.8305109
3.920586
3.800942
3.8253458
3.8644404
3.9476233
3.8265648
3.983694
3.9949844
3.996329
3.834489
3.7861054
3.9501429
4.0223365
3.9250956
5.016667
5.016224
4.7663956
3.5934772
3.5855842
4.1322746
3.843008
4.0122924
4.648382
4.3875685
4.7419176
4.683676
3.201974
3.9339042
3.2017586
3.2017453
3.1999042
3.2019482
3.2007499
3.2009573
3.2042499
3.2042499
3.7006373
3.2158275
3.3099635
3.2834172
3.3649123
3.309224
3.3188524
3.3188524
3.2008622
3.2008622
3.2798438
3.2677488
3.2008622
3.2674706
3.212361
3.2594857
3.2386904
3.27969
3.2437036
3.286344
3.2845244
3.2842577
3.2866328
3.2836313
3.2847629
3.2840874
3.2847023
3.2866328
3.2776608
3.286069
3.286344
3.286344
3.286344
3.2856643
3.2836213
3.2840874
3.2867656
3.364746
3.363781
3.368769
3.3470829
3.3485925
3.539647
3.4756489
3.47711
3.4560573
3.47711
3.4560573
3.4687269
3.4560573
3.4628756
3.474835
3.4758062
3.3653393
3.4559596
3.4713728
3.4451423
3.4451423
3.4760492
3.4706092
3.3911142
3.4763384
3.3747957
3.4062233
3.4098003
3.482008
3.4699898
3.3722596
3.3732808
3.372524
3.3709185
3.3187191
3.3749902
3.373391
3.4044535
3.3723037
3.3723037
3.3595564
3.3842041
3.2842646
3.3723037
3.3931503
3.487422
3.3679965
3.383099
3.385339
3.4134612
3.4204476
3.2210488
3.3336256
3.3240793
3.4401102
3.4658792
3.4496093
3.4219363
3.4623945
3.4626021
3.463881
3.4652705
3.4395034
3.481686
3.3989377
3.3850582
3.484823
3.4934747
3.496677
3.493573
3.262661
3.5188491
3.5188615
3.2899554
3.4358358
3.6453528
3.2981591
3.6320436
3.5284064
3.2192063
3.3070757
3.3015172
3.3109672
3.54087
3.5397325
3.4070127
3.3341556
3.5101078
3.493877
3.3567045
3.457166
3.5111313
3.5491683
3.5599709
3.5110242
3.3034458
3.6559494
3.6883924
3.2553778
3.2553778
3.2372336
3.41379
3.421871
3.403113
3.3138897
3.3147004
3.424033
3.4127939
3.3570988
3.334255
3.3506346
3.338335
3.3429103
3.308767
3.2699142
3.2754815
3.3503098
3.3038108
3.2630653
3.3105478
3.3221035
3.2644103
3.2902033
3.2480693
3.2895212
3.3543162
3.4035995
3.356733
3.3417664
3.308479
3.3114715
3.3057384
3.2651188
3.3373678
3.3420837
3.2786784
3.3786755
3.3935928
3.3013396
3.3043132
3.305732
3.284599
3.3081238
3.4090116
3.2663977
3.4406443
3.302744
3.5247076
3.4015083
3.302568
3.2657838
3.4195547
3.4632528
3.4430492
3.4651582
3.4761004
3.256435
3.4822936
3.4265437
3.4607694
3.424942
3.4470916
3.2817621
3.4116933
3.4133732
3.3960726
3.3894727
3.4231734
3.2616956
3.3120103
3.2653399
3.3326962
3.3315785
3.2591636
3.3070872
3.2945764
3.293228
3.3106976
3.2750568
3.377468
3.308561
3.415728
3.308593
3.3841872
3.2734108
3.422545
3.4885626
3.3773618
3.5102916
3.4887047
3.518739
3.4078548
3.4196603
3.3996117
3.4077404
3.3959854
3.4059558
3.343911
3.2187343
3.3300178
3.3432355
3.3419578
3.2622
3.3062904
3.4306822
3.4079201
3.4352021
3.3969607
3.4081185
3.4337904
3.411188
3.397557
3.4378035
3.3368893
3.4383361
3.4447534
3.3904107
3.43186
3.4414747
3.4456103
3.286319
3.3473597
3.4116774
3.4378624
3.4378624
3.437837
3.3921034
3.4297633
3.32381
3.2557647
3.3931797
3.324946
3.3769119
3.8940604
4.044699
3.8256326
3.9340081
3.4702444
3.8034494
3.2101214
3.9419363
3.2988126
3.399676
3.238277
3.4616582
3.6725197
3.38153
3.4242706
3.4681468
3.2439568
3.50272
3.2321155
3.2452388
3.908702
3.3030298
3.9178362
3.3116453
3.3815894
3.6110704
3.7541876
3.227199
3.2899134
3.2899134
3.4288359
3.345458
3.4851434
3.2973876
3.4902492
3.3680413
0.1378991
3.3310525
3.3509784
3.3306677
3.3481972
3.3482916
3.3546693
3.2726345
3.3536198
3.3538587
3.4288487
3.386775
3.4201455
3.4288487
3.4288487
3.436689
3.4327931
3.4196997
3.4259026
3.3908367
3.4031527
3.4166102
3.430337
3.4492016
3.430083
3.4370697
3.4371016
3.42999
3.4301987
3.4323573
3.4367354
3.436984
3.4294004
3.4437532
3.4295242
3.432808
3.20748
3.3590543
3.4323428
3.2054703
3.2055464
3.5420008
3.6955266
3.6506975
3.5158913
3.7063603
3.676512
3.392386
3.3455706
3.3674378
3.3071291
3.3144758
3.4868536
3.3766673
3.3824072
3.3855581
3.2748787
3.3895566
3.4071193
3.4483488
3.2833307
3.2635508
3.2635508
3.3869178
3.4815748
3.3873317
3.2678337
3.2532358
3.3075526
3.268484
3.2819536
3.219117
3.5673237
3.4828062
3.600139
3.8101842
3.3956993
3.9619195
3.7988718
3.9619195
3.7988718
3.9619195
3.9619195
3.9619195
3.480475
3.3583806
3.4501722
3.4246817
3.310822
3.6760435
3.5769818
4.252621
3.5088346
3.3992507
3.9442198
3.844378
3.8942902
3.8611422
3.937015
3.8625362
3.890025
3.9665287
3.424054
3.4199338
3.6664324
3.835731
3.7551277
3.6052125
3.8259914
3.7821093
3.4172993
3.6352403
3.5307996
3.7825813
3.8412123
3.4465573
3.8259914
3.8264983
3.8264983
3.749847
3.804769
3.8040826
3.8068357
3.8040826
3.7528238
3.8244724
3.3622625
3.7825813
3.8033488
3.8018696
3.7901793
3.8212566
3.8011503
3.8244724
3.8137782
3.7897203
3.7802243
3.2354238
3.7799885
3.453177
3.325029
3.7902925
3.7908583
3.78045
3.793799
3.479646
3.793799
3.7375124
3.802028
3.7921164
3.8217013
2.0383863
3.4518409
3.416346
3.441613
3.4510713
3.3934972
3.4173388
3.42223
3.432389
3.4581938
3.4513228
3.4331996
3.4598687
3.458056
3.4581494
3.3719494
3.4834445
3.2937293
3.3992915
3.3992915
3.4679768
3.4455369
3.4597688
3.3992915
3.4473863
3.473196
3.3710325
3.4776058
3.4003167
3.4381907
3.432675
3.434743
3.4712198
3.3760512
3.3960385
3.416775
3.4682767
3.231145
3.3983142
3.4238489
3.374144
3.3740413
3.3725379
3.398023
3.3798392
3.395853
3.4392715
3.436815
3.4399145
3.4439178
3.2910082
3.4436886
3.3695521
3.4195418
3.4223075
3.4291518
3.3689048
3.4282167
3.452284
3.4313157
3.430406
3.3715239
3.3916204
3.4328032
3.3905904
3.3866098
3.4642515
3.4648123
3.3975916
3.4334116
3.3760555
3.4765303
3.4334116
3.451684
3.3983064
3.4251187
3.3988454
3.398737
3.3963284
3.4339828
3.2267873
3.4271255
3.4268775
3.3921032
3.4272144
3.426653
3.4729898
3.3965082
3.4489777
3.3729227
3.3988867
3.4488876
3.4341867
3.3988867
3.3714302
3.466684
3.3977287
3.4567966
3.4360538
3.2160325
3.39959
3.4182055
3.4346845
3.4870636
3.4881024
3.414483
3.5180745
3.3808117
3.4188616
3.2876968
3.3808117
3.4752963
3.211755
3.3806815
3.458732
3.4090154
3.4188616
3.4570527
3.4562144
3.414939
3.390403
3.3859837
3.382745
3.4110289
3.3634534
3.3829463
3.3868597
3.3828177
3.3827934
3.3970227
3.3740532
3.4590995
3.2310147
3.37188
3.3741815
3.4229944
3.375178
3.4318054
3.3868358
3.372275
3.445575
3.4227803
0.8224307
3.4344163
3.3690152
3.4347012
3.4189184
3.3733506
3.420118
3.4311645
3.4181798
3.4181798
3.4267032
3.4173224
3.397145
3.4197497
3.4248717
3.434732
3.4187355
3.4347744
3.4347851
3.4347851
3.417708
3.4187233
3.4319417
3.2496552
3.4247856
3.5899725
3.7503028
3.776164
3.8583765
3.2703385
3.4342232
3.2396927
3.3243763
3.4690332
3.3550575
3.2830596
3.3986053
3.4941628
3.4580636
3.3543227
3.456687
3.45969
3.416816
3.4469957
3.458165
3.352336
3.316723
3.3382976
3.2786167
3.3264165
3.276871
3.278554
3.278554
3.2787797
3.2919793
3.2919872
3.282715
3.2816432
3.2883897
3.2922237
3.326375
3.400156
3.5285165
3.5300019
3.4946048
3.399712
3.4460459
3.35883
3.4100878
3.4056609
3.3515272
3.4386818
3.4208071
3.4054055
3.4478493
3.2933416
3.418842
3.4626153
3.4683504
3.479582
3.4687672
3.4613442
3.4704804
3.4708614
3.4690502
3.2847493
3.4044914
3.4789233
3.4718614
3.4807165
3.2838624
3.4822114
3.28453
3.351191
3.2843235
3.35478
3.3730545
3.2858965
3.3570633
3.366098
3.3521986
3.3832107
3.3494341
3.3997295
3.2651072
3.3283396
3.3978133
3.414312
3.371753
3.4576094
3.2718685
3.2872565
3.217207
3.427027
3.4232774
3.444116
3.2856097
3.3972402
3.4166367
3.4302077
3.3861573
3.4416888
3.4416888
3.3899105
3.439967
3.3899105
3.4272501
3.386086
3.4660656
3.418942
3.387536
3.376093
3.4423115
3.3949575
3.3948278
3.42656
3.4342356
3.4375875
3.3950713
3.4332447
3.420217
3.3948314
3.406863
3.4078636
3.4387608
3.437095
3.3863966
3.3868072
3.387925
3.3864198
3.4308488
3.4371703
3.4054172
3.3991468
3.38853
3.434001
3.4325895
3.3908124
3.4299576
3.4325895
3.4387608
3.4196012
3.438596
3.4058757
3.4374516
3.3847778
3.4059541
3.4196012
3.4275143
3.430528
3.371009
3.3711367
3.4309301
3.43686
3.4414244
3.368985
3.3701632
3.3710127
3.4171236
3.428244
3.428372
3.2438235
3.3060002
0.13332568
3.39312
3.4031644
3.3651154
3.4020584
3.4031644
3.3920844
3.3714228
3.395484
3.3859456
3.3993587
3.218332
3.3917065
3.4037714
3.4042947
3.3982167
3.399611
3.4025266
3.402565
3.289432
3.397829
3.3889532
3.4027984
3.4056187
3.4042623
3.4050803
3.4081354
3.4096296
3.4087374
3.4118798
3.4024167
3.3040347
3.4141147
3.4030786
3.381356
3.2852058
3.2439692
3.3993566
3.4121883
3.3969665
3.3688316
3.439224
3.3962934
3.426821
3.4004302
3.4378624
3.4417982
3.441259
3.3146458
3.4396665
3.4148147
3.2740915
3.2740915
3.2740915
3.274685
3.2740915
3.274388
3.28407
3.4000306
4.5525837
3.4534318
3.4175055
3.453347
3.3969483
3.3961418
3.396935
3.3773928
3.381023
3.4378133
3.2740932
3.3960655
3.4175904
3.4356093
3.4360209
3.4292893
3.4405835
3.4376945
3.4379308
3.4353085
3.3606868
3.3911746
3.408022
3.4058042
3.2804565
3.4088557
3.4302566
3.4308112
3.404121
3.4231184
3.4200926
3.4315228
3.4318593
3.3935757
3.4314106
3.4318054
3.4056532
3.4292028
3.3865094
3.4015858
3.4139829
3.3750036
3.2112904
3.3207731
3.326476
3.2406447
3.2093437
3.2991521
3.279014
3.215257
3.2766633
3.2117727
3.2832925
3.2869027
3.4886777
3.2689478
3.370377
3.4389615
3.5350716
3.5379384
3.27557
3.274511
3.3291667
3.438104
3.3753316
3.4401152
3.528746
3.5502927
3.3034348
3.5894442
3.2770112
3.272005
3.2647333
3.2504141
3.2908115
3.4259858
3.3752263
3.3954732
3.3719478
3.4857624
3.2550442
3.376454
3.4279244
3.6287699
3.3358397
3.506435
3.347337
3.4724245
3.3870206
3.416514
3.416514
3.3418152
3.2666392
3.3245845
3.3810148
3.3848555
3.3151925
3.3245845
3.4103804
3.4941683
3.5801296
3.1871595
3.398562
3.4037971
3.4181695
3.505308
3.3206718
3.3838105
3.276667
3.422303
3.3972855
3.452921
3.4626157
3.4631016
3.4629319
3.4674084
3.512125
3.5132477
3.4772818
3.4959521
3.5141869
3.3443453
3.31728
3.4391203
3.435749
3.3554578
3.3704376
3.3177211
3.3406818
3.347927
3.3428159
3.3481402
3.4221864
3.2829094
3.4162068
3.4247017
3.4200923
3.4318464
3.433027
3.4195287
3.4201233
3.433025
3.4221208
3.4306471
3.433025
3.4308481
3.4185164
3.425226
3.4736023
3.4455287
3.3976262
3.4315357
3.3747745
3.399478
3.426507
3.426422
3.440856
3.4363825
3.3953693
3.368835
3.3746295
3.4301963
3.3968108
3.3968108
3.374722
3.395871
3.4120505
3.4466088
3.2097745
3.2453973
3.4335358
3.4545388
3.5390024
3.533034
3.7511854
3.7360635
3.3869417
3.2513046
3.4308681
3.4340222
3.2517009
3.4161193
3.4083219
3.3992705
3.328859
3.2762947
3.4409025
3.442726
3.4451616
3.4201586
3.4144564
3.3541276
3.3143144
3.394335
3.3872697
3.395509
3.1953282
3.482092
3.4157288
3.4895062
3.2396226
3.343221
3.2291477
3.3639688
3.2170708
3.2048864
3.2291849
3.249383
3.2283833
3.2198985
3.2369447
3.263378
3.2696621
3.2734292
3.2053883
3.2689095
3.2587428
3.2689095
3.274744
3.2748344
3.296411
3.3198345
3.3798735
3.3525157
3.3050601
3.3767054
3.4537106
3.3544152
3.4303205
3.3801782
3.378044
3.3768094
3.3647447
3.4544024
3.2442937
3.3579519
3.3606234
3.4150887
3.3601089
3.3781412
3.339588
3.4297006
3.4543626
3.4530022
3.46397
3.256076
3.46397
3.46397
3.4643285
3.4944143
3.4614632
3.3226814
3.6062062
3.23544
3.5733285
3.2634237
3.2658415
3.2469192
3.4130516
3.4394436
3.326572
3.4120057
3.4099667
3.45255
3.418714
3.326922
3.405618
3.3273277
3.3255086
3.3262067
3.3271065
3.405344
3.3993275
3.424751
3.4590828
3.460141
3.3338785
3.4052074
3.2853932
3.6020195
3.2920523
3.5632586
3.3994415
3.3482776
3.297326
3.2953653
3.2922103
3.8056185
3.6080775
3.4862888
3.284996
3.2917838
3.2850952
3.8398855
3.2949345
3.6015718
3.284996
3.397737
3.6206272
3.2882087
3.5178058
3.2564914
3.293954
3.2774904
3.5223076
3.377333
3.3909857
3.1914895
3.3869004
3.190451
3.5537534
3.3188193
3.5064187
3.4569197
3.42658
3.459518
3.4244237
3.3255086
3.3405957
3.2472527
3.3270326
3.2733574
3.288404
3.2338662
3.3040106
3.3065145
3.3023267
3.2803946
3.299789
3.1900234
3.245485
3.2835217
3.200847
3.189176
3.2116263
3.2117581
3.2976105
3.2944407
3.3664784
3.19872
3.2790353
3.2790353
3.2817218
3.2909598
3.281847
3.2135797
3.2133782
3.6002407
3.6005137
3.611835
3.6090033
3.6090033
3.2141895
3.6090033
3.603041
3.603041
3.611835
3.6349058
3.6112854
3.688229
3.3082988
3.5590305
3.3671033
3.390265
3.2907248
3.4850678
3.4850678
3.4960814
3.521542
3.2950833
3.322908
3.3222713
3.5654557
3.6101384
3.4367082
3.367545
3.3213747
3.6073096
3.326949
3.3202834
3.5664663
3.3188624
3.6214466
3.494485
3.494485
3.555392
3.3785172
3.4853833
3.4851058
3.3187165
3.3771787
3.485626
3.2537484
3.379361
3.5522785
3.6290781
3.3812475
3.2909567
3.3812475
3.4830325
3.3707793
3.436814
3.5169048
3.390403
3.2920177
3.28393
3.2909567
3.3097794
3.310319
3.573
3.5730858
3.4064229
3.6127021
3.6164854
3.4861598
3.3631525
3.2793798
3.4888792
3.596438
3.4150386
3.362146
3.279614
3.2824056
3.4169242
3.2691767
3.3862982
3.376115
3.3923788
3.3190393
3.4706557
3.4169738
3.4723227
3.4247694
3.4941196
3.4650872
3.4646168
3.409635
3.4650872
3.3730123
3.4721732
3.4680765
3.4511862
3.2586904
3.4219837
3.430307
3.4037707
3.3586364
3.4054747
3.401085
3.4541438
3.351793
3.4804268
3.3139176
3.3370862
3.4810364
3.5078526
3.5401585
3.506784
3.5157301
3.4788587
3.49753
3.4870114
3.4070907
3.4457183
3.406372
3.5040438
3.44333
3.4822428
3.243801
3.2816133
3.4294145
3.5108523
3.4333704
3.405179
3.3916721
3.212645
3.212645
3.3438191
3.349533
3.3702805
3.373505
3.3735144
3.3107693
3.370266
3.2315762
3.318256
3.4628057
3.4628057
3.4628057
3.2393205
3.496403
3.4480457
3.2512763
3.3959172
3.308097
3.3111994
3.3879414
3.4594128
3.2845466
3.4401915
3.4914913
3.3510866
3.5461044
3.5461044
3.5326905
3.277751
3.4796264
3.5461044
3.7078874
3.3856227
3.679583
3.2777731
3.388941
3.5966034
3.7075708
3.4826765
3.2389848
3.6291616
3.5461044
3.2777507
3.388941
3.3893821
3.4160945
3.3526933
3.5805414
3.5435567
3.6797848
3.734035
3.7069855
3.7024872
3.7376966
3.394446
3.5994947
3.59732
3.2848172
3.4629345
3.8463092
3.7743378
3.8581655
3.4346569
3.4196703
3.7571452
3.4250627
3.4250627
3.2132022
3.490545
3.4074798
3.437274
3.275756
3.3619413
3.5230258
3.2823098
3.5426576
3.5913634
3.55512
3.7442722
3.251656
3.3631072
3.385901
3.6977515
3.2669582
3.4662263
3.397793
3.364215
3.4751575
3.2535727
3.3498166
3.4069767
3.4078174
3.2788043
3.2979128
3.4016612
3.3056457
4.0839
3.8373353
3.5699487
3.3975334
3.3975334
3.3557618
3.3971224
3.3972454
3.4231675
3.3140235
3.5416048
3.5456302
3.396552
3.2902534
3.3643827
3.3273232
3.3535347
3.5745983
3.3906474
3.3306365
3.5019689
3.54127
3.252495
3.3816686
3.3837035
3.3261032
3.3895087
3.3114548
3.9990296
3.2869387
3.2869387
3.7870064
3.2869387
3.786356
4.083863
3.397773
3.6111143
3.3348205
3.3127856
3.8267248
3.8616073
3.286311
4.0233245
3.281301
4.016154
4.016154
3.2902527
4.0155487
3.2865012
3.2591114
3.6222384
3.8648503
3.401065
3.6263695
3.7747917
3.2810276
3.412945
3.2984104
3.6076088
3.5811527
3.62158
3.4811106
3.2463431
3.7752604
3.2463431
3.6356888
3.7670467
3.7747917
3.764954
3.7752604
3.7747917
3.764954
3.2086422
3.764954
3.764954
3.7747917
3.7754953
3.7752604
3.7718942
3.7747917
3.7673674
3.7751179
3.7751179
3.8277414
3.7825682
3.3943486
4.0467024
3.842257
3.9694402
3.8348005
3.772036
3.8342943
3.8262362
3.7721264
3.8262362
1.207264
3.468925
3.7722683
3.7702403
3.826487
3.826487
3.826487
3.826487
3.8261333
3.8426895
3.2386572
3.6105735
3.826487
3.8912024
3.8241158
3.8313086
3.3105552
3.295048
3.4284136
3.7769213
3.9712813
3.8933392
3.2492507
3.6887913
3.752551
3.818526
3.8820577
3.7692816
3.7983747
3.57152
3.3605945
3.2664778
3.786543
3.9271016
3.8989484
3.7966537
3.8295588
3.8331773
3.834193
3.834193
3.417264
3.2973685
3.287026
3.8303292
3.7691805
4.0048895
3.4478145
3.86062
3.4310842
3.6578093
3.4400125
3.347145
3.2327724
3.2875843
3.2726386
3.2686934
3.3951547
3.4273324
3.4021306
3.467914
3.3963964
3.4614954
3.2492437
3.249378
3.4096844
3.4100509
3.3573983
3.4128404
3.5111709
3.3479855
3.3480542
3.3688812
3.3556614
3.4155648
3.5415254
3.385815
3.771693
3.7388086
3.745484
4.0590706
3.3999176
3.4005463
3.3220475
3.7385936
3.3188238
3.8206782
4.312495
3.7406836
3.471979
3.3162348
3.3165336
3.3800278
3.696374
3.3109603
3.3109603
3.3654296
3.2999525
3.3322604
3.412246
3.4436617
3.313065
3.289442
3.3128552
3.609298
3.4872622
3.341165
3.460465
3.6143298
3.5327837
3.5515616
3.3380132
3.3449426
3.3404
3.5092778
3.3028648
3.527366
3.3556166
3.5316017
3.4430296
3.317326
3.3173697
3.284134
3.3390656
3.3543103
3.4438932
3.3519456
3.48975
3.3589485
3.3909073
3.4080033
3.3406982
3.4367874
3.383771
3.2904294
3.3108993
3.381377
3.4414515
3.374791
3.4400067
3.3155682
3.363947
3.3392255
3.4082294
3.3864775
3.2936108
3.2942333
3.312027
3.3063846
3.310581
3.3677535
3.3677535
3.3419576
3.296028
3.3575475
3.3345516
3.3462656
3.3256898
3.3139412
3.270237
3.2444918
3.260789
3.3443847
3.3440974
3.3367193
3.3456378
3.3490176
3.3099523
3.3131447
3.313376
3.3475077
3.3547893
3.3078244
3.3207803
3.3593001
3.3615525
3.3341806
3.3115847
3.3518882
3.3234208
3.3504887
3.350789
3.2096293
3.3515894
3.3529909
3.3118417
3.3520288
3.3512228
3.3529909
3.3493016
3.3479238
3.3664136
3.358244
3.3620236
3.3649752
3.3683553
3.3682444
3.3569527
3.3333187
3.366624
3.3649752
3.36786
3.3683553
3.4297884
3.362498
3.3569176
3.313638
3.3612802
3.3719418
3.359084
3.3690808
3.3969815
3.4468994
3.395366
3.4311118
3.4544065
3.4584348
3.401065
3.4336069
3.298257
3.243837
3.3958101
3.4623191
3.4216428
3.4629767
3.4336593
3.3958101
3.4670837
3.4410548
3.4632716
3.3840897
3.395895
3.3842995
3.4339056
3.2479193
3.396375
3.4164348
3.4322069
3.3843367
3.433426
3.243038
3.468559
3.4705222
3.4711375
3.3542056
3.471099
3.4711375
3.4711375
3.3921132
3.4759278
3.5228362
3.381689
3.3923764
0.0711949
3.4321783
3.4321487
3.4369848
3.4321578
3.3728848
3.3686478
3.3832598
3.3973894
3.3826823
3.3826346
3.464626
3.4413688
3.4235246
3.238277
3.238277
3.238277
3.4658387
3.31389
3.2859654
3.2117906
3.4908113
4.3304987
3.2118454
3.4908113
3.4848764
3.2117906
3.4908113
3.2133782
3.4792688
3.3686907
3.2083344
4.3165574
3.2117906
3.2083344
3.3687403
4.3165574
3.399908
3.2220428
4.3165574
3.2218616
3.2083344
4.3165574
4.3165574
4.3165574
3.2099552
3.4900742
3.2100523
3.2098587
3.2098587
3.2099552
3.2102945
3.2103913
3.2103913
3.2102945
3.22815
3.28381
3.4047644
3.4249084
3.4256182
3.3749022
3.4298887
3.378859
3.449836
3.225906
3.375744
3.3754878
3.3750112
3.3801458
3.380193
3.4285579
3.4355316
3.4153967
3.419394
3.4336653
3.446661
3.4062781
3.3719242
3.423511
3.3719242
3.371799
3.3716695
3.3851
3.372412
3.4145894
3.3710823
3.41384
3.4237573
3.4279568
3.4157472
3.4216971
3.4228747
3.4222414
3.4159272
3.3772402
3.4358346
3.3981028
3.3368688
3.3861938
3.439652
3.4179778
3.368682
3.4010608
3.368682
3.4259617
3.4097352
3.4261935
3.396554
3.4420652
3.3965461
3.4322808
3.3816564
3.4214141
3.4339242
3.5231547
3.4711888
3.4809406
3.4341216
3.289286
3.2901852
3.290094
3.290026
3.2901852
3.2901487
3.2846572
3.2896097
3.284385
3.285325
3.284385
3.2841802
3.281519
3.284372
3.2902765
3.2900453
3.2903097
3.2902765
3.2895708
3.2895708
3.3436975
3.3576715
3.3410807
3.301967
3.363182
3.1992686
3.301967
3.2943497
3.34279
3.354319
3.338442
3.334576
3.336282
3.3595688
3.3652513
3.3436992
3.3701925
3.3674533
3.3681939
3.49172
3.3952255
3.3019285
3.2927527
3.4334354
3.3952255
3.4832702
3.3932645
3.4832702
3.4760225
3.4880092
3.4906378
3.3019285
3.334895
3.3434093
3.3025258
3.3025258
3.4904015
3.334895
3.5481765
3.5690591
3.306619
3.4950914
3.4248204
3.3248613
3.4984372
3.5359876
3.3880358
3.5082216
3.3191133
3.5168655
3.5671282
3.553669
3.5676432
3.8303587
3.5787694
3.5677698
3.7609994
3.7684655
3.2800426
3.5708976
3.6205382
3.8383436
3.233501
3.620193
3.3831573
3.3810275
3.4405396
3.4829392
3.3982992
3.3726754
3.4337378
3.3718908
3.3718908
3.399183
3.4325523
3.425789
3.3974302
3.3990068
3.397001
3.4362245
3.218104
3.4325523
3.4181974
3.2189577
3.4330924
3.433062
3.4325523
3.4475298
3.4462798
3.475796
3.3974302
3.4325523
3.2178924
3.3974302
3.4166994
3.462613
3.218104
3.4563642
3.4301016
3.4482386
3.4482386
3.2083344
3.3714945
3.469759
3.4635553
3.4769223
3.3993275
3.4368227
3.2100642
3.213878
3.4811513
3.4863076
3.2114303
3.434257
4.326167
4.3165574
3.2281237
3.217555
4.3358192
4.326167
3.2114303
3.2130501
3.2385314
3.2490065
3.228133
3.210247
3.2500846
3.2490065
3.4314005
3.4431903
3.4610069
3.4293659
3.4313433
3.4142046
3.4313433
3.4709349
3.4307783
3.4383233
3.395341
3.3686574
3.3989744
3.4729834
3.4607053
3.4500637
3.369306
3.369328
3.4375186
3.4515133
3.4150326
3.4696593
3.465406
3.4336693
3.4576747
3.5375848
3.4295344
3.403024
3.4304128
3.4023197
3.4030788
3.3843248
3.3702843
3.4671597
3.4395237
3.4826798
3.4030232
3.5108325
3.5378578
3.4247546
3.3799162
3.4752085
3.4247546
3.2200785
3.3799162
1.0312412
3.3820877
3.3820877
3.3816142
3.3821318
3.379743
3.385996
3.4193146
3.4674034
3.3951535
3.4335575
3.3801708
3.4330883
3.4331317
3.4680014
3.382119
3.4663923
3.3965104
3.382245
3.440059
3.3822799
3.3821507
3.4382174
3.3963854
3.3576674
3.4341831
3.424493
3.4341831
3.3965974
3.42637
3.3822136
3.441227
3.4341168
3.4341168
3.4680014
3.387808
3.3926282
3.2100468
3.2792158
3.4420252
3.5237417
3.3353863
3.4467802
3.4293277
3.4762094
3.3902664
3.3923645
3.4074683
3.3001475
3.3923645
3.3921013
3.3733635
3.2022836
3.2023773
3.4647715
3.1870415
3.2389095
3.3147938
3.338316
3.3080359
3.3075445
3.256276
3.2567182
3.2565749
3.29557
3.3405318
3.3147938
3.262379
3.2612078
3.3268855
3.3400006
3.256276
3.256276
3.29557
3.340107
3.340107
3.4336436
3.4635842
3.3543646
3.60305
3.340745
3.2961137
3.3403761
3.3408375
3.340745
3.486771
3.3149831
3.3166006
3.2678332
3.4062204
3.350296
3.535267
3.541098
3.541098
3.3010886
3.3010745
3.446238
3.4449353
3.368495
3.4807637
3.365181
3.5107737
3.5816584
3.311162
3.3859642
3.3125327
3.5710065
3.2950318
3.4112048
3.481424
3.4929821
3.764463
3.572584
3.8395057
3.8019748
3.796556
3.8598106
3.4364343
3.4337578
3.4291677
3.3155115
3.4090545
3.3748627
3.3871415
3.4262006
3.381944
3.4663959
3.4491932
3.429417
3.374539
3.393861
3.374539
3.374539
3.3758843
3.425975
3.400833
3.4230134
3.4759967
3.4760704
3.4092999
3.4767725
3.4280944
3.4081051
3.4280944
3.390374
3.4280944
3.2928312
3.2838378
3.2830682
3.2059078
3.281082
3.2846615
3.2846084
3.257128
3.2706523
3.2811038
3.2844505
3.2838829
3.279214
3.2846615
3.2818751
3.2827706
3.4293435
3.479539
3.3888056
3.531051
3.443704
3.4390073
3.4791398
3.6778927
3.389161
3.2396762
3.2396762
3.3789806
3.4320345
3.991488
3.2767382
4.0150843
3.239691
3.531051
3.3362417
3.6200564
3.3108814
3.5166433
3.411705
3.5882902
3.729653
3.5301325
3.7320151
3.7642415
3.3104002
3.3711503
3.3781588
3.2203515
3.4604845
3.3786845
3.9228706
3.9123435
3.330418
3.8673553
4.091991
4.015871
3.892984
3.5081027
3.9057443
3.9453475
3.193484
3.857844
3.9057443
3.987234
3.976126
3.976126
3.940159
3.9257631
3.4799616
4.0171347
3.576052
3.8109725
3.567784
1.8010484
3.2297018
3.250607
3.1861691
3.2429233
3.2689354
3.2545857
3.2350097
3.2675748
3.1937003
3.263815
3.2402484
3.1859918
3.2402568
3.2462614
3.221415
3.2410443
3.2740188
3.226413
3.243583
3.2461793
3.2626069
3.3398175
3.3455327
3.3914387
3.2893937
3.359417
3.2843242
3.3027422
3.42087
3.4151685
3.2899497
3.424402
3.3895504
3.2889168
3.348985
3.3477364
3.5142422
3.5762115
3.7424624
3.6465945
3.820593
4.0578427
3.8694372
4.0759726
3.454187
3.5670865
3.5738673
3.8693035
4.162888
3.624331
4.004162
4.1577826
3.5573456
4.1590242
4.1474323
3.5813925
4.3885593
3.7678401
4.4681144
4.2166295
4.4708004
4.5392327
3.9468668
4.6141596
3.6252449
3.6325126
3.9812253
3.6795912
3.5296314
3.52776
3.573864
3.5752819
3.325231
3.4751587
3.3737972
3.3864286
3.388381
3.2871609
3.2950087
3.4697657
3.2780302
3.4693928
3.2787223
3.2979827
3.2779493
3.3675077
3.2777088
3.2675567
3.4548662
3.4597461
3.481725
3.345742
3.499508
3.7088358
3.769229
3.278806
3.4716895
3.7701797
3.7626553
3.6562662
3.4983664
3.6171317
3.2647178
3.2273679
3.357269
3.4761693
3.5307007
3.5085065
3.5060744
3.5057495
3.2842002
3.419786
3.502681
3.5307007
3.4168956
3.5388424
3.4591064
3.470259
3.523982
3.3665512
3.5111134
3.615302
3.3661988
3.3683832
3.4670196
3.366109
3.623226
3.6239698
3.5387216
3.5842988
3.3403547
3.4676578
3.5409222
3.2898462
3.3710227
3.429926
3.4355397
3.3421705
3.2836387
3.4352207
3.2813745
4.2288113
3.4461792
3.448764
3.3497682
3.3044665
3.2817066
4.2233524
3.2813745
3.3916845
3.3017068
3.2815285
3.3497682
3.33225
3.7800272
3.4191904
3.8927202
3.898976
3.978634
3.2996154
3.5668457
3.2779396
3.5903738
3.7541597
3.240372
3.215552
3.892379
3.8028448
3.5374923
3.3793902
4.05779
3.8418915
3.8942559
3.8462613
3.934744
3.3840985
3.4645073
3.482994
3.369509
3.4278963
3.469833
3.25099
3.4470282
3.4554183
3.4875858
1.8197173
3.4707727
3.4554183
3.4875858
3.3929129
3.4879427
3.2934062
3.4707103
3.4635553
3.482294
3.4635553
3.4399204
3.487213
3.4664378
3.4820728
3.4635553
3.46241
3.487915
3.488009
3.4612489
3.4759421
3.4318216
3.4823835
3.4832876
3.3777328
3.484564
3.4336357
3.5219421
3.2993362
3.2336614
3.5228148
3.4160268
3.393393
3.545058
3.4330056
3.4452243
3.4366915
3.218653
3.5841062
3.7274542
3.2851055
3.7718594
3.2853737
3.4729877
3.2834022
3.2890265
3.4629188
3.576328
3.286495
3.424256
3.586894
3.2343524
3.3323402
3.1925945
3.5451884
3.4489903
