3.7161999
18.696234
22.691391
23.613708
8.529529
5.400417
6.202854
6.4477444
7.5328293
7.7090673
1.9105053
6.3615246
6.484104
5.7758894
6.2822957
1.4142401
1.4621179
1.456114
1.230454
1.2311811
1.2939866
1.6578352
1.7459433
1.7903987
1.7849721
1.7908334
1.819155
1.174714
1.8271272
1.8261465
1.2277852
1.2310758
1.2588063
1.7486755
1.7898698
1.8050131
1.6660073
1.7997489
1.7789843
1.8057623
1.81798
1.7484943
1.7930034
1.2926618
1.6998286
1.8326019
1.8680212
1.3319598
1.8063954
1.8354421
1.8188537
1.7778317
1.8862673
1.8357567
1.6201038
1.5715749
1.7909769
1.6201319
2.251298
1.6129638
2.1846492
2.1667027
2.1841784
2.1846492
2.1565893
1.9793793
1.9885621
2.1562915
2.1644335
2.2036095
2.287769
1.4140213
2.2787688
1.5628158
1.6372643
2.2423894
2.242775
2.0894742
2.236743
2.2939818
1.9947469
2.1952121
2.2905881
2.0925856
2.171321
2.1865067
2.2831154
2.1590192
2.281269
1.9787046
1.8118657
1.8663563
1.9329599
1.3475406
1.8119177
1.2968532
1.8223687
1.8089443
1.7757404
1.8395199
1.7991879
1.7167306
1.8481088
1.3135017
1.7153841
1.7932118
1.716763
1.8060861
1.2721555
1.34819
1.8445551
1.3535877
1.829858
1.2954135
1.8563609
1.85612
1.819741
1.5329404
1.8589902
1.834049
1.8542081
1.725664
1.8125536
1.3013659
1.7982302
1.2931753
1.7774929
1.6511947
1.6529806
1.8458856
1.6931876
1.8195271
1.7479879
1.7920595
1.7667742
1.7547333
1.7799026
1.8383628
1.8401421
1.8403699
1.7434976
1.7204041
1.8474578
1.8414671
1.8892772
1.8445466
2.0161266
2.0161357
2.0044847
2.2222292
1.3176955
2.011083
2.1076767
2.1073093
2.0810132
2.2369401
1.9394574
2.1713717
1.460555
2.1475978
1.6039145
2.2399492
1.9375145
1.8898207
2.1673188
2.2156029
2.2192967
2.09037
2.2739003
1.5506369
1.4577339
1.5507345
2.1317213
2.1214554
2.2552476
1.8891146
2.1960099
2.0911481
1.4408638
2.1956756
2.1474576
1.6239268
1.4573535
1.5361016
1.9774816
1.9798951
1.9648193
2.148014
2.146493
2.0519862
1.400128
1.9269699
1.7331467
2.0917158
2.1339357
1.8539267
1.8539267
1.685224
1.7331498
1.3424885
1.6814585
1.681429
1.7602609
1.2934996
1.5903904
1.7302233
1.8157512
1.8404152
1.679534
1.7444731
1.7809612
1.2892395
1.7607929
1.7579639
1.8411236
1.6803232
1.2896252
1.5302191
1.7287619
1.731503
1.8197848
1.7865222
1.8288864
1.844793
1.8524989
1.3032184
1.2896252
1.7667471
1.7639128
1.28266
1.5873212
1.8340355
1.8490179
1.8218658
1.9102646
1.7185369
1.9204344
1.8803854
1.8558574
1.2066876
1.8728142
1.7628691
1.8760824
1.9258149
1.1980295
1.7162665
1.6248479
1.7395573
1.5269979
1.7287085
1.6880138
1.6766798
1.6685411
1.4566675
1.6795555
1.7391936
1.6795555
1.8178813
1.7145237
1.7643902
1.7647604
1.8154001
1.1495551
1.8178813
2.0117238
1.2667171
1.8178813
1.9897364
1.9275527
1.9317888
1.9078358
1.8283672
1.8607126
1.7912613
1.8205549
1.9112184
1.5840542
1.7696383
1.7853082
1.74254
1.9133142
1.7399731
1.9124947
1.9073328
1.9431659
1.7833532
1.3462737
1.799722
1.3447895
1.7833532
1.8523152
1.919464
1.6202222
1.8052192
1.8727831
1.8680643
1.9422557
1.3573003
1.3721783
1.9680728
1.3590648
1.783706
1.8283354
1.8597807
1.4248401
1.2008358
1.4248401
1.9952687
1.8612422
1.8923491
1.8327533
1.2658538
1.9551677
1.8764012
1.906817
1.9669324
1.971148
1.786897
1.8329647
1.8688675
1.3080946
1.6178223
1.8213621
1.2423973
1.3426007
1.2497135
1.2497295
1.3344084
1.7584646
1.8355836
1.3344084
1.7573364
1.8545427
1.8094336
1.9281611
1.8350444
1.3341941
1.2357627
1.7549789
1.6461073
1.6461327
1.6879234
1.6718547
1.4743994
1.6436247
1.6078311
1.6459773
1.2874278
1.6689887
1.6937866
1.7017117
1.6217434
1.2389067
1.701372
1.701372
1.8490769
1.2782534
1.5217657
1.6012396
1.7052245
1.233213
1.7055641
1.6819133
1.8415312
1.7578161
1.7574767
1.3599849
1.333676
1.356255
1.743278
1.7694191
1.7603837
1.8771015
1.6404653
1.7383343
1.7456774
1.3152094
1.3076257
1.7352624
1.8287479
1.8580543
1.870759
1.855129
1.8927493
1.3279884
1.3079137
1.9095494
1.816017
1.2846872
1.816017
1.7274305
1.8986813
1.9080726
1.3199033
1.8827317
1.3208553
1.3212464
1.8298756
1.9232183
1.7378472
1.7335929
1.8341134
1.7723153
1.7462707
1.8434598
1.8318223
1.3196256
1.2255551
1.3242421
1.8461719
1.846184
1.8633835
1.3483802
1.3475446
1.3285731
1.8868241
1.9044782
2.0191088
1.2207333
2.0208921
2.0317333
2.0522573
1.6865966
1.4085479
1.9271785
1.9270982
1.4188342
1.2940043
1.7676976
1.6928313
0.35459438
1.947774
1.8548399
1.9412229
1.3144686
1.9057362
1.5932323
1.9554347
1.9088323
1.9554347
1.9556322
1.6125594
1.5936251
1.9795129
1.918513
1.9795129
1.9586715
1.3273424
1.6184516
2.1668003
2.1948664
2.139062
1.4592822
2.1390924
2.1596148
2.1273963
2.1829114
2.0671856
1.944063
2.0098863
1.5427787
1.8694141
1.5427787
1.7781631
1.8690542
1.8771889
1.4554904
2.1931436
2.3358622
2.2962217
2.2971141
2.3362787
2.2815678
2.3632498
1.6184891
1.9847159
1.6310229
1.6310229
1.9825643
2.2645273
1.57728
2.1407244
2.081436
2.0888703
2.301012
1.9375417
2.054081
1.527442
2.0795324
2.2042115
2.0795324
1.5819256
1.8784854
2.0943124
1.5407639
1.7720388
1.9016057
2.211881
2.3258803
1.5462664
2.2119138
2.206318
2.3045993
2.3204212
2.3274217
2.3273895
2.3028023
2.3274376
2.3705652
1.6440952
2.3001099
1.9021052
2.2426376
1.8788841
2.1551406
2.1321332
2.1566284
1.5493872
1.9758768
1.6277554
1.517963
1.5228605
1.3920121
1.4062175
1.4068576
1.5228337
1.400653
1.454304
1.3340232
1.4402394
1.2931316
1.295932
1.3286166
1.3329971
1.2038286
1.2561888
1.3913254
1.4440525
1.4640658
1.360325
1.4906526
1.3669941
1.4963238
1.2665911
1.3697262
1.4349856
1.438197
1.2740695
1.4121625
1.4817661
1.4906651
1.4029657
1.4187187
1.2907118
1.511115
1.434305
1.1776345
1.3707728
1.2230455
1.3577878
1.3654126
1.3677403
1.406444
1.4098111
1.3719053
1.1909142
1.4356802
1.4403675
1.4314033
1.4328256
1.5266008
1.42459
1.5391723
1.4528754
1.1808641
1.6495917
1.6208383
1.6276296
1.6390536
1.7119395
1.7304416
1.6829011
1.6744914
1.6678046
1.6630069
1.6689378
1.1085054
1.3938513
1.6456536
1.6314282
1.5842386
1.6652206
1.6656815
1.6185391
1.8425897
1.844555
1.7067156
1.8574706
1.5444518
1.8835166
1.8865838
1.5438539
1.5444518
2.1807468
2.2088838
1.5062454
1.5311944
1.6201886
2.070409
2.1917875
2.0054677
1.8632747
1.4833522
1.8360866
1.5465827
2.3200243
2.3204885
1.6452674
1.5441874
1.4616059
1.5465121
1.5006771
1.5708534
1.6126738
1.5014138
1.482309
1.6038957
1.4994437
1.5019118
1.6363769
1.6382667
1.3192194
1.3731318
1.499597
1.375217
1.3740321
1.4969804
1.5856769
1.570462
1.6232916
1.4933963
1.3620713
1.430979
1.3765363
1.6155511
1.3766472
1.362379
1.5659097
1.5472537
1.5985173
1.5018009
1.608992
1.5439413
1.3603742
1.3602915
1.2097654
1.5270916
1.3540633
1.4596633
1.4168878
1.4657956
1.286636
1.4736395
1.4657985
1.2312672
1.3069938
1.3733906
1.4916596
1.5435054
1.3991051
1.4758555
1.3285785
1.475333
1.4748977
1.3555809
1.3555809
1.4387938
1.5887854
1.5717901
1.5443057
1.5760876
1.5994577
1.4814707
1.4791684
1.4022423
1.4503039
1.5415423
1.4954727
1.5777062
1.3507488
1.5637052
1.554789
1.506441
1.5150328
1.5167559
1.5636281
1.4535865
1.4546032
1.4707887
1.5066962
1.494778
1.4660422
1.3154712
1.4126219
1.4120005
1.489135
1.4904976
1.4203084
1.2997279
1.3473575
1.4253147
1.4401282
1.4419487
1.4906346
1.4904976
1.4911118
1.5022438
1.3700353
1.22718
1.3331852
1.4145118
1.4774851
1.3816507
1.5245428
1.3855249
1.4240085
1.5254667
1.2276475
1.2073575
1.3648473
1.3768306
1.4590704
1.2961701
1.2624211
1.4522469
1.4699013
1.4832994
1.4571555
1.4456681
1.495418
1.4808677
1.4759314
1.4951805
1.3165255
1.481429
1.3196901
1.5410146
1.4218482
1.3590648
1.5802661
1.3196901
1.4374592
1.5008997
1.5755495
1.515773
1.5104929
1.4873238
1.4845638
1.5277351
1.5560155
1.4818252
1.5692747
1.2465252
1.3630581
1.2658861
1.3228015
1.2253606
1.2557349
1.3182163
1.3522083
1.3734286
1.4794643
1.5214163
1.1260667
1.6144956
1.5231055
1.5854068
1.5660226
1.4722326
1.47698
1.3550675
1.4785286
1.5832428
1.5946926
1.6001972
1.3715689
1.540691
1.3722601
1.6210355
1.5119413
1.4948686
1.5412884
1.5657623
1.5821524
1.5597647
1.5944823
1.6084617
1.4952279
1.8376716
1.9853982
2.0837035
2.0971751
2.3144608
1.6378484
1.6401433
1.5919334
1.9391961
1.6376946
1.978798
1.8788416
1.7934995
1.6408405
1.7847171
1.3532314
1.9508667
1.8657104
1.3741429
1.8679887
1.8924316
1.8790704
1.8923976
1.9092461
1.8570144
1.3744798
1.7955198
1.8569968
1.3744798
1.8792495
1.8568016
1.9333656
1.8602035
1.9280052
1.7794143
1.8519439
1.9645861
1.8742893
1.869498
1.8706926
1.8657165
1.3500942
1.820841
1.353488
1.8312019
1.216499
1.8508415
1.6616795
1.8176777
1.8508725
1.8023978
1.7541624
1.8508725
1.8455689
1.7600287
1.835613
1.8841776
1.8350673
1.8425056
1.852323
1.7948796
1.8094778
1.1617762
1.2570533
1.262709
1.7334304
1.8736312
1.7581236
1.8743719
1.6891865
1.2590902
1.666953
1.6773429
1.1413313
1.1413313
1.6185284
1.1346221
1.6718549
1.108625
1.0928655
1.5920573
1.1450565
1.631198
1.6555761
1.6791054
1.678572
1.6580018
1.1450565
1.144967
1.1319098
1.1207101
1.1451142
1.1451142
1.5554236
1.5640041
1.5825748
1.6364052
1.6580018
1.6554115
1.6580018
1.6585219
1.6687673
1.2086776
1.6535985
1.6155466
1.656761
1.0535738
1.2375597
1.6182761
1.6128436
1.6180274
1.6602441
1.216187
1.6594775
1.2599295
1.6338441
1.6375911
1.7171714
1.7875928
1.8890976
1.3668467
1.3704513
1.2208968
1.2738794
1.2459311
1.2714058
1.2425702
1.2474842
1.3219436
1.2459311
1.2189025
1.1921352
1.2686177
1.3011196
1.1920651
1.2482114
1.2480458
1.2199905
1.178969
1.2194641
1.249784
1.2410403
1.1982651
1.3149679
1.2462462
1.2197711
1.220535
1.244538
1.3157873
1.7998353
1.8010423
1.8006929
1.8670207
1.8931178
1.7276349
1.8331095
2.1193764
2.2290096
2.1203427
2.3283937
2.1211715
1.578498
1.9161271
2.2589948
1.8950706
1.490092
2.0114396
2.237172
2.1532385
1.9146956
1.5711844
1.7450937
1.7616047
1.7895522
1.6540718
1.7480428
1.6534549
1.7333124
1.64752
1.3817263
1.476366
1.7599158
1.7600864
1.1107352
1.1147072
1.5816407
1.277722
1.7622361
1.2219024
1.2154069
1.8345221
1.8108958
1.8594152
1.8590236
1.6252307
1.7797109
1.7255733
1.8197385
1.7353221
1.8223189
1.4736036
1.2475564
1.855747
1.9940115
1.3948525
1.3948525
1.9677551
1.8921432
1.7822554
1.8891044
1.893437
2.0264614
1.704531
2.8002353
1.8943499
2.3237245
2.0902548
1.8943499
1.3871852
1.8878723
2.0156643
1.8607647
2.110766
1.4801831
1.8611659
1.8767537
2.1317632
1.6736649
2.1341972
1.4825002
1.3861601
1.8491136
1.2936673
1.8598379
2.0103693
1.309546
1.3097832
1.4784579
1.8758003
1.8758003
1.8583332
1.8712436
1.680708
1.309546
1.6829654
1.2028394
1.6661226
1.6178347
1.8220375
1.4473703
1.8912141
1.682742
1.8712764
1.8610563
1.870779
1.8596234
1.2716702
1.4961683
1.3310529
1.6677048
1.6972835
1.718968
1.19314
1.2711807
1.6722995
1.653022
1.6653655
1.7374724
1.7603387
1.6705794
1.7368461
1.1644541
1.659279
1.6664113
1.754282
1.7163903
1.1638649
1.7088333
1.7552007
1.7406752
1.1561913
1.736197
1.3190765
1.7367771
1.3174193
1.727454
1.7494453
1.7505074
1.7468759
1.7811704
1.7619818
1.8451685
1.3146559
1.7891831
1.6156296
1.7037964
1.3700018
1.7742715
1.3085611
1.8231211
1.309738
1.7224157
1.3034942
1.7358878
1.2699572
1.8125474
1.6430407
1.8330892
1.8330892
1.1751939
1.7978007
1.8095694
1.8364052
1.8358992
1.2840192
1.6977338
1.5503438
1.5989311
1.8339952
1.8352913
1.6676223
1.8212858
1.2930194
1.828914
1.9297544
1.757824
1.8323874
1.8354923
1.8687314
1.8559457
1.8079903
1.3579032
1.869401
1.5693607
1.3458409
1.8715187
1.801575
1.7932273
1.8562971
1.8735751
1.8879178
2.1863904
1.8783607
1.8296573
1.4547484
1.7799044
2.158647
2.1311524
1.8312263
2.1634862
1.5383115
2.0603514
2.06082
2.0830824
2.2213426
1.8590078
1.5280734
2.1978738
2.2795665
2.1855483
2.251959
2.2591877
2.3561928
2.3550298
1.474516
1.7739642
1.9618787
1.4131587
1.4097242
1.8182125
1.6280175
1.5300394
1.451287
1.589108
1.5264602
1.7809987
1.7833092
1.7914287
1.800905
2.0202272
2.023091
2.0185995
1.8859164
1.9607364
1.4212191
2.1992896
1.8941139
1.7213987
1.1573151
1.40875
1.410856
1.4069273
1.2595968
1.4095982
1.4662721
1.2601808
1.2596117
1.487476
1.499654
1.5009654
1.422317
1.5140896
1.3283781
1.2911724
1.2150562
1.2857207
1.343182
1.3961914
1.3113494
1.408082
1.4109118
1.2581714
1.4522065
1.3921524
1.363865
1.4610049
1.3567959
1.3929356
1.3940884
1.4583464
1.2810795
1.4183826
1.3810947
1.1606599
1.3898351
1.2670335
1.3912388
1.3913717
1.3941225
1.2679962
1.3941225
1.161019
1.1599743
1.1666121
1.298396
1.3770958
1.3812504
1.382491
1.3295887
1.1871376
1.3941225
1.4291586
1.4264435
1.4135318
1.463261
1.4038188
1.3405418
1.4036962
1.4576917
1.4086227
1.31164
1.3896416
1.4550399
1.4584986
1.3411674
1.392865
1.3931355
1.3889909
1.3892796
1.4671687
1.3737831
1.4931202
1.3896035
1.4243039
1.4860425
1.4798076
1.347377
1.5792468
1.4628468
1.4628468
1.3475786
1.5522118
1.4685669
1.5399148
1.4628844
1.3919425
1.6036524
1.6043514
1.4628468
1.5355209
1.4378073
1.2298251
1.4598299
1.3205165
1.4628375
1.462828
1.4401319
1.5143797
1.5436615
1.3460315
1.4575214
1.4688075
1.3764672
1.6025922
1.4515991
1.4018801
1.3684399
1.5060024
1.3728777
1.292019
1.4604222
1.3870173
1.4614117
1.4906768
1.4241909
1.3509858
1.4253429
1.3531222
1.2267134
1.3523526
1.2267134
1.4240254
1.4983099
1.4955752
1.4809331
1.4241909
1.4979972
1.4955795
1.4980384
1.4998184
1.3456671
1.3494768
1.4821465
1.4955795
1.4961938
1.2265675
1.3475744
1.4981534
1.4979972
1.420864
1.4983054
1.4982773
1.4802004
1.4976845
1.3649747
1.3352246
1.2153828
1.4995608
1.4983099
1.4599861
1.4698741
1.4212667
1.4601423
1.2190983
1.4839108
1.4935678
1.4210979
1.3465823
1.4936267
1.57371
1.3390161
1.5570917
1.461037
1.4651881
1.4569066
1.3425118
1.530507
1.599844
1.5223955
1.5721971
1.4485257
1.4548384
1.4937458
1.4837557
1.4941639
1.4841765
1.4748249
1.4554204
1.4458877
1.4943707
1.4943707
1.4845102
1.2194686
1.3490837
1.3491881
1.0952275
1.2695566
1.4166155
1.281963
1.3491695
1.4632989
1.247646
1.3994801
1.27019
1.2703431
1.2211587
1.3497148
1.2699836
1.4679949
1.4589628
1.3493806
1.271379
1.3992227
1.3819873
1.349647
1.3493806
1.3997087
1.431776
1.4683529
1.482762
1.2708316
1.271046
1.4466661
1.4365394
1.4865305
1.3491987
1.4456242
1.342557
1.2547107
1.3867764
1.2766999
1.2700858
1.3627307
1.3637388
1.2747754
1.313446
1.2710891
1.2496922
1.4082458
1.4014194
1.384719
1.4251341
1.340173
1.3442658
1.3460091
1.2518986
1.2587793
1.4203415
1.3903321
1.2306187
1.3508601
1.3305019
1.4173448
1.4208785
1.4771055
1.3533171
1.4103773
1.4264333
1.4631782
1.4632354
1.4010317
1.3487014
1.2441974
1.220119
1.2635646
1.2718132
1.2847695
1.3074832
1.2935631
1.3628128
1.3467078
1.3119972
1.3695385
1.4709898
1.4444946
1.480519
1.4414822
1.478385
1.2106992
1.3302795
1.33103
1.4422612
1.4804535
1.3484265
1.4803622
1.4807906
1.2104741
1.4795376
1.4910712
1.3462194
1.3977593
1.4625881
1.4898934
1.4900819
1.2088931
1.4894701
1.4891645
1.4726844
1.3297005
1.3790442
1.4072763
1.4703938
1.4695446
1.4708717
1.3973944
1.4712633
1.467969
1.4716965
1.4727571
1.397565
1.2206295
1.4689584
1.2566626
1.2566626
1.2566626
1.2572931
1.2566626
1.2106018
1.3701138
1.3930249
1.4826795
1.3897009
1.5260986
1.4600561
1.4864273
1.564646
1.58782
1.6016623
1.5566732
1.598598
1.5384445
1.4934503
1.3391197
1.5415547
1.4281524
1.493157
1.5049553
1.5126716
1.5105499
1.5154761
1.4020278
1.5260183
1.524821
1.5040164
1.5742081
1.4642515
1.4364445
1.2758291
1.3703388
1.2532265
1.5853854
1.4979837
1.2758291
1.5704613
1.2572416
1.2389817
1.5459843
1.436326
1.4282849
1.5333134
1.6147851
1.2852458
1.4465303
1.2884179
1.5526601
1.5839013
1.3771292
1.535226
1.4867924
1.3615187
1.356158
1.1407063
1.4202882
1.5052229
1.4727486
1.3944048
1.4346815
1.5106506
1.5063163
1.3220785
1.2298764
1.322408
1.3798398
1.4672265
1.4122128
1.4841205
1.2653831
1.2840935
1.3303859
1.3616937
1.3887495
1.402782
1.5360409
1.5893267
1.4588077
1.4530758
1.5681912
1.4521787
1.3340737
1.580113
1.5190271
1.4519285
1.2836581
1.2139928
1.404361
1.4599156
1.294359
1.5070958
1.2929316
1.4392658
1.5226945
1.2916285
1.4607017
1.4754655
1.4752443
1.4112041
1.5163873
1.5917407
1.393921
1.5229658
1.3113226
1.628064
1.535253
1.5917407
1.4793314
1.4662868
1.5536553
1.5464051
1.5302486
1.2810088
1.5509597
1.5575954
1.5575954
1.4633832
1.232314
1.5327448
1.2464311
1.2907953
1.2989964
1.2947153
1.4826516
1.3723947
1.3938911
1.4843851
1.4789321
1.5486529
1.3749338
1.4866809
1.3833491
1.3646269
1.4861392
1.4856987
1.4869484
1.3079953
1.3180637
1.4888787
1.5525532
1.4855968
1.4957768
1.5514106
1.5561687
1.4033644
1.2973214
1.2209494
1.4033222
1.5287344
1.5810422
1.4973351
1.5110083
1.4858744
1.2678237
1.2637689
1.1471769
1.4005631
1.4018478
1.548146
1.5297745
1.498465
1.4778653
1.4588122
1.5072117
1.4126859
1.5441203
1.4608568
1.5405611
1.3798634
1.2726834
1.5399879
1.5448561
1.5041853
1.3125685
1.2488698
1.4189713
1.2298603
1.5728185
1.3607559
1.5758346
1.606489
1.6141145
1.617185
1.4726213
1.5891039
1.5949783
1.5786153
1.3472393
1.5416719
1.246663
1.4737397
1.4323255
1.4186778
1.3457944
1.4977058
1.3517374
1.2185541
1.2241192
1.4615508
1.3555106
1.478652
1.4587377
1.4790009
1.3281204
1.4984145
1.4963888
1.4096392
1.3432182
1.4930003
1.4907726
1.4176692
1.4967126
1.218715
1.492032
1.4594655
1.4967067
1.2248607
1.4920316
1.4771733
1.218715
1.45765
1.4192829
1.4943854
1.4765532
1.492032
1.2157221
1.3432409
1.4961225
1.477227
1.21905
1.113038
1.3638798
1.1870435
1.453519
1.3154557
1.2264036
1.4556011
1.336561
1.3370441
1.4769177
1.4769197
1.4769197
1.3378464
1.4769037
1.4769197
1.4654782
1.4954976
1.3462149
1.2789197
1.2178767
1.4954875
1.490515
1.4562107
1.3462149
1.4756614
1.4707845
1.2179039
1.4768162
1.2140572
1.2178173
1.2756624
1.219624
1.2639232
1.3605126
1.2639719
1.1244797
1.2792089
1.3341624
1.3582412
1.165477
1.2777134
1.2738413
1.3103293
1.3104168
1.272708
1.2131429
1.2510768
1.3175775
1.291756
1.3447919
1.3430488
1.3455118
1.2483478
1.2510871
1.2237725
1.1908057
1.249026
1.2282281
1.2334269
1.2450633
1.3257413
1.3179224
1.2499318
1.2452705
1.2614706
1.1766697
1.1978523
1.2009252
1.1952513
1.2138358
1.1695204
1.2286335
1.1179357
1.1695204
1.1687655
1.1918916
1.2666698
1.303269
1.2773261
1.2782891
1.2293043
1.2906876
1.1762656
1.3387485
1.3058559
1.3390095
1.2041792
1.2556268
1.3120484
1.3313724
1.1988881
1.2447659
1.2301601
1.3529694
1.4733746
1.5981041
1.3392447
1.461343
1.4762514
1.4763277
1.4765546
1.4452173
1.47584
1.5273813
1.2692039
1.4419053
1.543006
1.5432389
1.4988611
1.3557625
1.5228654
1.5146904
1.344518
1.3221972
1.4719118
1.2282447
1.4241909
1.3222522
1.4340261
1.4214289
1.3765984
1.2875433
1.3395305
1.4267616
1.5457653
1.556434
1.5629461
1.5675758
1.4188694
1.3538244
1.529034
1.4343709
1.3388828
1.2895472
1.3213017
1.5014195
1.5114515
1.5499054
1.5241504
1.4346018
1.4049323
1.4066173
1.2825743
1.4454492
1.2993333
1.4446244
1.4454492
1.5041223
1.3633401
1.3824649
1.3087021
1.3734809
1.3914123
1.3769064
1.446087
1.5203754
1.4004277
1.3435726
1.4010619
1.4922136
1.3459883
1.5022055
1.5715284
1.4556977
1.4620014
1.452754
1.3474082
1.344461
1.4527434
1.2169771
1.3788261
1.4424167
1.4527434
1.4531082
1.3842835
1.4431274
1.4537175
1.5289048
1.5739719
1.3362684
1.5087066
1.5231105
1.3673986
1.3398173
1.4148301
1.4311609
1.3050289
1.4830428
1.3819783
1.4553099
1.2500582
1.4294682
1.4658141
1.3915616
1.1857916
1.2310927
1.3201185
1.0992972
1.3538295
1.2824231
1.3540119
1.353966
1.3563012
1.3915702
1.39187
1.5017028
1.5036318
1.4892675
1.3533727
1.5154653
1.3353862
1.5170319
1.2239221
1.491337
1.514893
1.5422649
1.2275546
1.5421878
1.5013305
1.4311352
1.5298643
1.5527596
1.567097
1.3993412
1.5560055
1.5757768
1.4198586
1.5939863
1.5954555
1.5960082
1.546534
1.5162779
1.4062358
1.4969425
1.5644993
1.5477945
1.5459085
1.5707606
1.5895637
1.2480975
1.5423633
1.5647352
1.5928204
1.6409723
1.64655
1.5834078
1.6039076
1.5752494
1.4795465
1.4614451
1.4804192
1.4359618
1.3346151
1.4802957
1.3642384
1.4769892
1.3298632
1.2037652
1.3472571
1.4703951
1.4703357
1.2168753
1.1993489
1.3443972
1.4709011
1.4685247
1.4658799
1.4660352
1.46942
1.2001458
1.4454305
1.1944283
1.3557656
1.3747541
1.3222378
1.3222096
1.3943455
1.2155051
1.4671942
1.4304746
1.4689497
2.1372423
2.0566077
2.1354256
2.1423264
1.3924435
2.1362846
2.1345341
1.3899465
2.1350055
2.1350055
1.0573425
1.8559538
1.6660498
1.8554356
1.8569882
1.8469433
1.8567253
1.8636167
1.2134665
1.6732316
1.865792
1.6714556
1.6718149
1.8562356
1.2141346
1.8570169
1.2141346
1.8535473
1.8408583
1.2141346
1.7672051
1.8157263
1.2320087
1.209813
1.1923577
1.177337
1.3633801
1.5810934
1.6632847
1.6689186
1.6697477
1.668611
1.6743505
1.6692617
1.7619175
1.7588173
1.8563187
1.8350018
1.8874469
1.8387142
1.3283819
1.2165159
1.7978042
1.737484
1.233952
1.7315053
1.8124818
1.8900431
1.8001401
1.8545189
1.8939416
1.8991432
1.7378083
1.802314
1.9104124
2.077718
1.6041651
1.9221675
1.9019488
1.4900154
1.5609202
1.8907088
1.8828816
1.9014925
1.8820895
1.8541864
1.8660322
1.7721131
1.9698558
1.5828822
1.7133461
1.3640234
1.2498949
1.4157388
1.1835172
1.3671597
1.365948
1.2953855
1.3627431
1.3687648
1.2458607
1.3660394
1.1048553
1.3696859
1.377131
1.4123156
1.3957394
1.4834034
1.4217713
1.1813545
1.396701
1.3808763
1.3981564
1.4007214
1.1685362
1.3999656
1.5649912
1.4204236
1.5176804
1.3914886
1.5634929
1.3991436
1.3995486
1.2692538
1.3995486
1.4222515
1.2278085
1.2367517
1.5594964
1.3885121
1.5659364
1.3891718
1.6008936
1.7482531
1.3893068
1.2376696
1.3898846
1.2746034
1.2778192
1.2732937
1.4016527
1.2716883
1.4280988
1.3577764
1.3961159
1.5099571
1.5094005
1.2716541
1.5013648
1.2172098
1.4712398
1.2528259
1.5223404
1.5064758
1.5223404
1.4050238
1.4357104
1.5226835
1.4519522
1.5229244
1.3712674
1.3712674
1.472219
1.5659378
1.6154209
1.5494741
1.6102107
1.4989341
1.4989341
1.513201
1.4989341
1.6102107
1.5421841
1.4989341
1.5136704
1.5556893
1.2660394
1.2682904
1.2682904
1.3928592
1.5892117
1.588481
1.0917764
1.2820206
1.5001876
1.6132709
1.4893528
1.2209169
1.3421766
1.2789448
1.2883445
1.58752
1.5992265
1.5289065
1.3457092
1.4995372
1.3487698
1.3491687
1.2314428
1.4036269
1.5091722
1.4700639
1.2623614
1.5248374
1.2726246
1.219008
1.219008
1.4367995
1.4409555
1.4992284
1.4247941
1.4920118
1.2195816
1.4893337
1.2123523
1.4410604
1.3710351
1.4654796
1.471477
1.4396733
1.4850442
1.2045648
1.4487507
1.4715998
1.4807669
1.4056741
1.3296213
1.4049554
1.3286743
1.4838028
1.3363519
1.4247311
1.1953428
1.4133896
1.2105504
1.407042
1.376294
1.2121215
1.2591443
1.2684005
1.4247311
1.4157337
1.446499
1.4608274
1.4195223
1.3673283
1.3798122
1.4339377
1.4703833
1.3258247
1.3293798
1.2167102
1.4327139
1.2058675
1.2167102
1.3284755
1.1149554
1.2124082
1.3025533
1.4534239
1.4769977
1.3370745
1.3370745
1.4064274
1.4794749
1.2129455
1.2129374
1.2133752
1.213486
1.213486
1.2134943
1.3290733
1.2062713
1.4727709
1.4726205
1.4073415
1.3563944
1.4736745
1.4765472
1.4714019
1.4430739
1.4406531
1.480802
1.213486
1.4041137
1.4536576
1.2121437
1.2031833
1.4379462
1.4021084
1.2060761
1.4243276
1.3999077
1.426705
1.4313539
1.4448336
1.4454032
1.4477216
1.421995
1.3515377
1.4491386
1.4178195
1.378669
1.3478588
1.2480159
1.3738222
1.3743861
1.3780586
1.3608453
1.375115
1.1907536
1.3435088
1.376362
1.3659338
1.3745142
1.1652092
1.3758109
1.4235462
1.3697567
1.4844335
1.390399
1.2176156
1.4136922
1.4848877
1.4353925
1.3475435
1.3579365
1.2304758
1.4995145
1.2304354
1.2111851
1.4247702
1.4248092
1.3418877
1.4555848
1.480713
1.4928164
1.518038
1.2220882
1.361784
1.4392264
1.4298444
1.4001034
1.1592003
1.4214153
1.4341441
1.1883631
1.3273836
1.4248949
1.4364
1.4512458
1.4169157
1.3681815
1.4349594
1.4441957
1.455759
1.4406369
1.3281649
1.4178274
1.2027043
1.3211365
1.3012805
1.3218968
1.1258453
1.2976031
1.12924
1.3156804
1.315737
1.2879004
1.3026131
1.2872796
1.329495
1.3317859
1.3316146
1.2995605
1.4642591
1.3844415
1.1953001
1.4366969
1.4368576
1.3657463
1.3107324
1.4331234
1.4066267
1.3102036
1.4319594
1.3711421
1.4679623
1.4679981
1.4279294
1.4620048
1.4685538
1.3995235
1.4036496
1.47301
1.5116442
1.4037789
1.2729214
1.5102228
1.5009707
1.496343
1.4917358
1.2824267
1.5113409
1.3879565
1.5377216
1.5239426
1.2733577
1.3608035
1.5215404
1.4998492
1.513233
1.5049199
1.4932867
1.4997163
1.5001895
1.4233925
1.2237855
1.4802929
1.4937471
1.4957737
1.5003376
1.4406611
1.385248
1.4965918
1.470199
1.3206437
1.4563757
1.4851214
1.5416057
1.370295
1.3702697
1.3481213
1.5423185
1.1893208
1.4573197
1.5200659
1.5160148
1.5423185
1.5423185
1.5652959
1.25504
1.5639132
1.3338572
1.864722
1.885402
1.7458034
1.3208047
1.8244649
1.8326693
1.5901079
1.2393166
1.6067271
1.6748616
1.6904224
1.5896208
2.2329447
2.0594049
2.2707458
2.264621
2.1667435
1.7969445
1.5828576
1.5606214
2.1445282
2.0313249
1.9088233
1.3849466
1.8203547
2.2327251
1.4609144
1.808622
2.076975
2.0123944
2.0896223
1.7091496
2.076469
2.0253124
1.7352
2.0700228
1.7352
2.0540564
1.2112633
1.3391578
2.1004317
2.0605571
2.1283445
1.4700128
1.7417725
2.0250742
2.1041026
2.1174276
2.108276
1.4882712
1.4922904
1.8051623
1.6952138
1.7254916
1.6524552
1.6564367
1.2152486
1.0959276
2.047439
1.9520152
2.0053008
1.334622
1.4164392
2.0300293
2.0303588
2.0177655
2.0303588
2.0177655
2.0303588
1.2685581
1.9288158
2.06396
1.3416817
1.95567
1.3691931
1.3362893
2.0245247
1.3405089
1.6612481
1.9842772
1.959711
1.6767164
2.0471098
1.5772073
1.6578423
2.0027275
1.6620154
2.0547662
2.07015
1.3500506
1.2704488
1.6573299
1.6573299
1.6573318
1.6311545
1.3412428
1.5726187
1.6650447
2.0557463
1.340182
2.0684485
2.0734546
0.07973972
1.6209842
1.2058403
1.6425061
1.655014
1.653899
1.6552534
1.6670905
1.7534693
1.3378679
1.842782
1.762749
1.8469151
1.4168231
1.8202702
1.3029212
1.5903608
1.7272712
1.7716038
1.7717671
1.6784421
1.771631
1.7717671
1.8107814
1.8195511
1.8164955
1.7943919
1.8187869
1.5570073
1.6152356
1.8120564
1.7873623
1.7896017
2.1996548
2.3004315
1.4992472
2.5371125
1.6441412
2.5211935
1.5960193
2.471891
2.2609994
2.4485288
2.4696724
0.28078842
1.6309654
1.5641953
2.21076
1.559886
2.21076
2.461264
1.5598524
2.3289967
1.9758071
1.9728193
2.2735221
2.286903
2.0887034
1.8617132
1.4700596
2.1962094
1.9917419
1.4890654
2.1932573
2.2016277
1.8014754
1.4690342
2.2971222
2.1959991
2.181441
1.9302877
2.2947726
1.7761357
2.2823253
2.1691997
2.0780797
2.0397627
2.10926
2.2043877
2.1513245
2.1435869
2.377618
1.8924994
1.4905653
2.1262317
1.9381021
2.1371486
1.8077248
1.4290833
2.2005076
1.5516444
1.5520847
1.4301848
2.1357856
1.790543
1.8675619
1.7225136
1.392619
1.716758
1.4022216
2.1357856
2.1357856
1.4205036
1.9186833
1.7691294
2.1357892
2.0795467
1.8319386
2.0483673
1.7297522
1.392833
2.1360433
1.8283857
2.1384528
2.1499288
1.9488766
2.0186186
1.433984
2.0853198
1.4300023
1.7339988
2.0355732
1.8672112
1.7117664
2.113154
1.9797518
2.1135366
2.0868258
2.1245873
1.9798981
2.111831
2.1462762
2.1287096
2.1566458
1.8368485
1.9689633
2.1259804
1.5326213
1.9423828
1.3387357
2.2575867
1.5076952
2.0536525
2.0536525
2.0536525
1.8798965
1.5360363
2.0977852
1.5360595
2.2743485
1.5895892
2.1796858
2.2298062
1.5366337
1.5366337
2.0727816
2.1796858
2.2297394
2.0726829
1.8367381
1.7748908
2.0210874
1.786982
2.07839
2.0917788
2.1382475
2.1235044
1.4375411
1.7443813
1.9716911
2.0025
2.0032775
1.406771
2.0710084
1.4143322
2.079448
2.0279396
2.0774221
2.0819385
2.0675917
2.0675917
1.408127
2.054748
2.067805
2.0855074
2.0853994
1.9888985
1.68302
1.7111683
1.4467576
1.7111683
1.7382605
1.6944327
2.00566
2.0350044
2.1120303
1.4835811
1.4509914
1.458308
2.0700462
2.0831468
1.985474
1.7140211
1.7126337
1.9747908
1.4425782
1.7632437
2.087349
1.4352484
1.7990273
1.8088458
1.9874039
2.0226097
1.5404958
1.981472
1.3476725
1.3680359
1.3640078
1.3520771
1.7469124
1.9174618
1.2454484
1.6235915
1.6277534
1.6919051
1.7343267
1.9825906
1.980301
1.9814627
1.9759855
1.9762777
1.917379
1.9067732
1.9231697
1.3476725
1.3045815
1.5461049
1.6664305
1.540292
1.5384445
1.5984257
1.2019585
1.6005987
1.1391537
1.6002891
1.6294017
1.6405461
1.4941164
1.2188091
1.6120229
1.4176942
1.7183343
1.7937903
1.9006456
1.842601
1.8767371
1.8964533
2.0308845
2.0700562
1.672647
1.8036314
2.093275
2.091003
2.1427288
2.1357603
2.091003
1.4938699
1.4937533
2.134285
2.0804226
2.1801891
1.4938699
1.638265
2.085509
1.8077406
1.8036314
1.8033767
2.0742285
2.197279
1.9894389
1.6363769
2.1812677
2.1448429
2.1232402
1.9507188
1.5006601
1.6250323
2.0802915
1.8077588
1.9998049
2.001005
2.0024087
1.9978368
1.9997833
1.4787394
1.7931483
1.98821
2.090696
2.090696
1.9904693
1.4702492
1.7949362
2.1748407
1.5422685
2.2798734
2.091214
2.3087926
2.313776
2.139049
2.2572165
2.314236
2.2014942
1.8612151
1.5490361
2.3133957
2.1505013
2.0965877
2.3106833
2.3154492
2.2686076
2.215207
2.2117107
2.326815
1.6309816
1.8111047
2.0956154
1.7898921
2.1082106
2.1797278
2.0775223
1.6160545
2.0775223
1.497257
1.4852811
1.5146723
1.5224837
1.4852518
1.5444518
1.5762436
1.5827783
1.5768269
1.6106193
1.4978164
1.4967715
1.3660257
1.4917802
1.512462
1.565615
1.5656749
1.3722137
1.4009264
1.4629351
1.499058
1.5301794
1.5246034
1.3175954
1.408181
1.3713231
1.3722137
1.3708841
1.4894353
1.3737643
1.4694849
1.3436874
1.5397402
1.5633401
1.3011523
1.532417
1.556721
1.6409453
2.1547244
2.1691794
1.8675523
1.759164
2.1837478
2.1915874
1.8665112
2.176327
2.1955526
1.833568
2.1929326
2.194656
1.6076126
2.1941035
2.2003021
1.6010278
1.5988652
2.1467245
1.5439693
1.6872538
1.6813736
1.4576311
1.4453256
1.7484415
1.706492
1.4245359
1.7490913
1.710266
1.7078041
1.6574782
1.253373
1.2368741
1.2368741
1.2369617
1.6792367
1.6965573
1.5675714
1.6738182
1.7598587
1.6569515
1.7161994
1.6783794
1.6548468
1.654146
1.5677333
1.6804022
1.6721567
1.2400972
1.2400972
1.2385254
1.2400972
1.6804022
1.6789182
1.6575928
1.7183409
1.754149
1.7185048
1.7665492
1.438226
1.733886
1.7660971
1.2931316
1.2884321
1.3011146
1.670474
1.6864926
1.6872268
1.6466895
1.7198012
1.6264379
1.7277703
1.7202283
1.4721831
2.1626189
1.773848
1.4653744
2.076948
2.1369128
2.1516232
2.1153765
1.4180331
2.0913918
1.9511886
2.1883466
1.9180244
1.6088055
2.1658576
1.9573978
1.9452336
2.3887534
2.2933264
2.311246
2.3029768
2.1813784
1.6320273
2.3032799
2.3796408
1.6228669
2.3999279
2.1821349
2.3204885
1.6302187
2.1885395
2.1625059
2.1585374
1.7099991
1.8117015
2.0722382
2.0919032
1.7959247
2.0164163
1.7943273
1.4773722
1.983038
1.4840641
1.6158389
2.0934072
2.1854427
2.1447482
1.7966729
2.0898652
1.4824255
2.0664964
1.6643342
1.4824255
1.7909847
2.0993721
2.0652742
2.0775445
2.0847511
2.1681406
2.132717
2.1355658
1.8936591
2.0997672
2.0709193
2.0690544
2.1384952
2.140541
2.0442986
2.0043306
2.0598562
1.4918625
0.6394842
2.0414994
1.6804475
1.9913105
2.0598235
1.9487346
1.7241071
1.8219086
1.6472325
1.6404831
1.9244204
2.0552316
1.3907743
1.6262226
1.9867581
1.6262226
1.7124668
2.0038638
2.2153072
2.086363
2.086363
1.5455247
2.0201495
1.4503332
1.6106986
1.8782532
1.861471
1.9078529
1.8667117
1.5343269
1.85521
1.8034018
1.3221314
1.6839446
1.8149589
1.7967143
1.8435453
1.6980368
1.842137
1.8582461
1.7035307
1.7035307
1.278035
1.7970474
1.7989544
1.2764268
1.86972
1.2797749
1.8618491
1.7913185
1.887243
1.8813843
1.792038
1.8844683
1.8680272
1.7032493
1.8386627
1.8633294
1.8618824
1.7032493
1.7927575
1.8833644
1.7910501
1.7927575
1.175927
1.7890786
1.86033
1.8716041
1.8602465
1.5398035
1.533227
1.354336
1.7027233
1.2768784
1.2604479
1.8118833
1.8277011
1.8287532
1.2761625
1.789881
1.2734044
1.2599558
1.6681025
1.8664427
1.8738556
1.7788272
1.2604294
1.8134798
1.8506522
1.8616903
1.7137625
1.8247494
1.2597585
1.859729
1.8623723
1.6689152
1.849209
1.3721507
1.620228
1.3182821
1.9664055
1.3194934
1.9632277
1.9737248
1.9677113
1.9613061
1.9236704
1.9505917
1.9297532
1.9704878
1.9782004
2.0189955
2.0216994
2.0440786
2.0710196
1.3809719
1.9705126
1.9711152
1.6749785
1.967374
1.973794
1.9587722
2.0399778
2.0417526
1.9653707
2.0421927
2.0405886
1.3898786
1.3901161
1.6749785
1.9580629
1.3898786
1.9838915
1.6749785
1.9653707
2.0436497
1.9653707
1.5981936
1.3739165
1.7521614
2.0674288
1.9614886
2.0619845
1.4973683
1.4973683
2.0613496
2.1979089
2.1474848
2.0895517
2.137147
2.1479
2.147344
1.4976301
1.7859012
1.4976301
1.7685857
1.4688717
1.7995834
1.7904632
1.7807499
1.7908698
1.2231977
1.6264317
1.7084925
1.7053572
1.6648328
1.204307
1.7153672
1.2095112
1.6310604
1.63399
1.6345661
1.5957394
1.7768334
1.6012032
1.3169881
1.6833816
1.7648653
1.5949947
1.5843015
1.7656399
1.7119726
1.7708383
1.7715873
1.7977245
1.7105585
1.8720739
1.8340385
1.3076482
1.2978523
1.351408
1.351408
1.3511885
1.5512626
1.4202737
1.5483845
1.5346239
1.506344
1.5805018
1.5971802
1.5681512
1.2693003
1.47149
1.3760197
1.4032649
1.442094
1.3763506
1.4888568
1.4426923
1.5285836
1.569794
1.551095
1.3946793
1.3317096
1.5269525
1.3284214
1.2772839
1.3284214
1.5008737
1.4342959
1.4418366
1.4604509
1.4843311
1.4388888
1.4675001
1.4389254
1.5146751
1.3703926
1.4306622
1.4304441
1.3286432
1.2455276
1.3152533
1.3080227
1.3089408
1.2235309
1.208602
1.3151387
1.273296
1.2137839
1.350008
1.4217669
1.4987625
1.4817247
1.2207041
1.4986734
1.401435
1.4982575
1.4677093
1.4186206
1.5527842
1.4694978
1.4658357
1.4668765
1.5001298
1.3405464
1.4136502
1.4874233
1.4907521
1.5221056
1.289948
1.5351382
1.2915324
1.4205405
1.4205405
1.418224
1.4933012
1.5074239
1.502774
1.2000759
1.3369584
1.2870193
1.2870193
1.5009514
1.489384
1.4339812
1.4693309
1.3177565
1.4167546
1.4143407
1.5146382
1.4535094
1.4116315
1.4469023
1.4033506
1.4016767
1.4622979
1.4016767
1.4756551
1.5766683
1.1146083
1.4013065
1.2476567
1.3029566
1.2298788
1.4426358
1.484357
1.5941489
1.4224038
1.5468118
1.5941489
1.5970802
1.5941489
1.4216022
1.3965461
1.3863761
1.4016277
1.4015405
1.4113042
1.129618
1.3907561
1.4192814
1.4124691
1.4012194
1.1345899
1.3784112
1.3922931
1.1943443
1.3991541
1.369414
1.3850487
1.3457744
1.1346911
1.4051698
1.3858736
1.3866726
1.4155182
1.420673
1.2524934
1.327429
1.3501606
1.3277502
1.4257326
1.4052763
1.3044051
1.4725817
1.4138004
1.4816524
1.2623537
1.3382208
1.2132186
1.4249948
1.3541424
1.421609
1.4193704
1.4183271
1.4228494
1.3650975
1.4082739
1.4467328
1.2463
1.3650975
1.4612398
1.373759
1.3667147
1.3113339
1.3559932
1.1459606
1.2580616
1.2580616
1.2712766
1.3184576
1.3342437
1.4319558
1.3741364
1.4333692
1.4294022
1.4369364
1.1366854
1.3858899
1.4118614
1.2365931
1.354313
1.3927121
1.6361711
1.6345028
1.5772641
1.2328917
1.164933
1.5730214
1.6147095
1.6783606
1.6623
1.6783606
1.6784118
1.7014297
1.1173117
1.6804339
1.7210157
1.726941
1.7768933
1.7063586
1.7504244
1.7775912
1.2506618
1.722092
1.6672555
1.705747
1.4971082
1.6647278
1.8004221
1.9661647
2.088383
1.4212983
2.0168254
2.198204
2.1416082
2.1221056
2.20171
1.4978936
2.182519
2.1850858
1.6674018
2.2045548
2.143201
2.1020007
1.4852029
2.143615
1.398973
1.50022
1.725056
1.8048854
1.7796137
1.7486434
1.7470055
1.76779
1.8071535
1.7099406
1.780127
1.2736788
1.6705596
1.6454428
1.7096791
1.6705424
1.7997528
1.7841976
1.7205188
1.7859262
1.7937225
1.5707726
1.7466671
1.2141926
1.7919253
1.6824117
1.6824117
1.2721293
1.6630521
1.4559691
1.7726802
1.7530725
1.6673366
1.7269306
1.6700218
1.7527037
1.6513612
1.2657921
1.7730515
1.8013285
1.6700776
1.7530725
1.7523904
1.6696396
1.7102622
1.2109294
1.6765912
1.2591643
1.632692
1.6160058
1.655979
1.6556185
1.2109294
1.5883651
1.5798458
1.5871085
1.6218818
1.63998
1.5866263
1.7135817
1.6747012
1.6858183
1.7793758
1.8258193
1.820921
1.2658759
1.7988099
1.7737691
1.3232874
1.8439014
1.8210622
1.2713066
1.574835
1.6664258
1.7270253
1.7630117
1.3762379
1.2579938
1.7718652
1.7732548
1.3490589
1.7688833
1.7848239
1.8208373
1.8206501
1.6312546
1.6770492
1.1551846
1.7709259
1.7225245
1.8539662
1.8686366
1.6497209
1.3464814
1.595584
1.8715683
1.8834244
1.8711572
1.2198591
1.1878138
1.2175533
1.1006738
1.1157576
1.1578354
1.2118353
1.1001482
1.1579483
1.1881496
1.2081537
1.2189348
1.1157576
1.1157929
1.2158545
1.2155757
1.1678245
1.2147703
1.2197677
1.3329256
1.221733
1.2482085
1.0971204
1.1985021
1.0991522
1.2223467
1.2235672
1.2462492
1.4651089
1.4665073
1.3704629
1.4575828
1.3194065
1.361325
1.8131188
1.6778418
1.737724
1.2149227
1.7024736
1.8033203
1.8011218
1.7923476
1.329549
1.8079884
1.3732483
1.2288121
1.7617481
1.7850126
1.2689242
1.2160968
1.785043
1.7851572
1.6117048
1.7851346
1.7835829
1.7855326
1.7855172
1.8204417
1.2643424
1.2578062
1.2695351
1.579544
1.8441694
1.270711
1.6714555
1.2691697
1.2688845
1.5206552
1.7860686
1.8328204
1.3590381
1.7560732
1.2670028
1.7560719
1.7860839
1.7430983
1.2667705
1.6664387
1.6840334
1.5821414
1.6869437
1.8048452
1.1028951
1.7575641
1.7701588
1.2063904
1.7338395
1.4787718
1.6427532
1.4761635
1.8117013
1.8299007
1.8178341
1.2011564
1.820908
1.7338384
1.3599118
1.2063904
1.8178993
1.8245267
1.8270825
1.8278418
1.7440019
1.206284
1.4763353
1.8286413
1.7719401
1.8301592
1.2192496
1.8740249
1.2172319
1.6930414
1.8551207
1.8901608
1.830478
1.790826
1.8569988
1.8934406
1.6930414
1.1808419
1.7080404
1.1549288
1.1939332
1.6000082
1.5750071
1.5996925
1.5561045
1.556195
1.0750434
1.5557092
1.5776949
1.5790324
1.583594
1.072284
1.58023
1.5790324
1.6000082
1.598604
1.5932673
1.0611393
1.545904
1.0484545
1.5631297
1.563799
1.5767996
1.0481458
1.5730414
1.5696124
1.6148139
1.0480758
1.5783554
1.5695957
1.0480758
1.5556216
1.6925212
1.5640476
1.7164017
1.4454895
1.7923617
1.1611359
1.7636995
1.719667
1.7443048
1.260039
1.6041394
1.1573341
1.7561381
1.1518296
1.7275261
1.7389466
1.7759126
1.6615725
1.7814692
1.7819581
1.7823827
1.7821196
1.7821873
1.7794206
1.7612224
1.6059716
1.7159038
1.2044106
1.7260078
1.9767764
1.9801728
1.993498
1.9797696
1.9875045
1.338851
1.7019125
1.6247681
1.9598249
1.969427
1.3369474
1.9696897
1.6226013
1.9287816
1.9659337
1.9669023
1.7969962
1.9417621
1.9538152
1.9669684
1.102558
1.9502286
1.9530095
1.625504
1.9675626
1.3395205
1.625504
1.7101718
1.6200784
1.3115985
1.6194406
1.8503125
1.6200784
1.280939
1.333434
1.4894781
1.3355916
1.2632481
1.7542549
1.7931788
1.2748545
1.2748545
1.6989424
1.7793838
1.7041968
1.2748027
1.7686151
1.7924161
1.7939318
1.7934055
1.2216396
1.7793378
1.7931324
1.7947942
1.2227491
1.7715292
1.7664375
1.1922063
1.2759595
1.1677216
1.7373959
1.7537401
1.6994771
1.8316147
1.8428177
1.868897
1.8558
1.8596253
1.8650961
1.5541655
1.6464475
1.76991
1.7284478
1.6749237
1.8626757
1.9102179
1.8650961
1.554465
2.2864757
2.3008788
1.913267
2.1113968
2.2267187
2.1804392
2.2239735
1.6108886
1.5778232
2.132283
1.5438558
1.7352494
2.2376292
1.5716119
1.9242353
1.9001137
2.2764852
2.0623124
1.5775133
2.259899
2.2857537
1.8561318
2.285167
1.8318338
1.8561318
2.1714928
2.2300293
2.1644096
2.2392557
1.5151358
2.0548956
2.2315092
1.50801
2.2893007
2.2598805
1.5465484
1.8573188
2.0767903
2.180983
1.50801
1.3950722
1.5378634
2.1741009
1.896011
1.4379148
1.9963338
2.17333
2.1729105
1.5577202
1.8359715
1.5119789
1.8810663
1.8795687
1.8711843
1.5082173
2.0374587
1.5294878
2.045432
1.4740509
2.0185106
2.0489037
1.6880087
2.0633845
1.368455
1.3828651
1.3338892
2.0675428
2.0675097
1.3839989
1.8659929
1.9492885
1.6842169
1.6852204
1.9630249
1.9363247
1.9501313
2.057729
1.9832195
1.7759988
1.9688175
2.1799808
1.4532762
1.4096501
1.8698369
1.8698369
1.8443801
1.886403
1.8933396
1.8593457
1.2186106
1.7618333
1.2183247
1.2346152
1.5854849
1.6747105
1.6748904
1.2160589
1.6743765
1.7402632
1.7747178
1.869687
1.8598839
1.869687
2.1376414
2.1448162
2.1376414
2.1375017
2.1375017
2.0963075
2.1375017
2.1375017
1.9317833
2.1374989
2.1537702
2.1537702
2.1664147
2.2193196
2.0459142
1.803565
2.240849
2.3219423
1.6113639
2.1022103
1.5577145
2.256142
1.8277303
1.9440958
2.2710774
1.8479251
1.8772006
2.2317674
2.2381532
1.5353725
1.9269828
2.1506734
1.9389405
2.1489408
1.584979
2.0298405
2.2535825
1.8183731
2.1424336
2.1631916
1.927358
2.3535647
1.9572426
2.3806453
1.6141444
2.3879876
1.5341876
1.5643106
1.4187584
1.218045
1.4313953
1.5348333
1.5487192
1.5347313
1.5179634
1.5650831
1.2556123
1.5259634
1.4528042
1.5098407
1.4976314
1.495947
1.3499806
1.528541
1.6091948
1.4903736
1.3576561
1.5488062
1.4693325
1.4893945
1.5264764
1.5881813
1.3607588
1.4889479
1.5591745
1.5964944
1.3585783
1.5200471
1.4929292
1.3690808
1.5887425
1.3347366
1.2606664
1.4844013
1.5729885
1.3620481
1.6253256
1.4893585
1.432972
1.4899721
1.5540024
1.593564
1.5735826
1.458711
1.6283273
1.4899791
1.6255019
1.4848195
1.5301027
1.3691522
1.5263203
1.4533722
1.2243668
1.4886355
1.508512
1.5366755
1.5818157
1.4909567
1.4903624
1.4557171
1.4958035
1.3437933
1.40531
1.4185867
1.5134697
1.4317753
1.486518
1.2451503
1.4757229
1.4309695
1.5228034
1.5927272
1.4810336
1.6185834
1.5234255
1.5845147
1.5672935
1.2996234
1.4388524
1.5587875
1.530805
1.4892279
1.577842
1.5679686
1.373986
1.373986
1.5307294
1.4021577
1.4824501
1.220491
1.3427352
1.4758805
1.4072213
1.448161
1.2658182
1.4841524
1.4283098
1.4362817
1.3988144
1.4302115
1.3988144
1.2658182
1.2863835
1.3208406
1.349725
1.3490884
1.3355601
1.2867497
1.0867721
1.344179
1.3322927
1.2825768
1.3154379
1.2827638
1.1053863
1.1990842
1.1199868
1.3189564
1.3536979
1.3505228
1.3832464
1.3835515
1.4187156
1.3552403
1.4724481
1.5141413
1.7138579
2.121237
2.0179844
2.1247644
2.174524
1.742284
1.714577
1.395405
1.7449945
1.7523587
1.6485741
1.6926336
1.5407727
1.7156386
1.6927851
1.187077
1.7027508
1.7160125
1.7160125
1.7159716
1.6927559
1.7160125
1.7865676
1.1986042
1.3396809
1.7474208
1.7864116
1.7389704
1.8062187
1.6209913
1.8062433
1.8074958
1.7970761
1.1504117
1.6181844
1.209364
1.7612724
1.7126762
1.7444113
1.6165652
1.7849411
1.7621623
1.7641636
1.7641636
1.3179966
1.8330917
1.5808794
1.8726107
1.8059675
1.7845681
1.8523859
1.8765723
1.6926168
1.7822828
1.8765723
1.2960893
1.78619
1.2887316
1.7986416
1.8684828
1.8764317
1.7985946
1.9055094
1.8001862
1.9045842
1.2549765
1.905324
1.8799741
1.8291923
1.3198167
1.8438665
1.7947499
1.786648
1.3045427
1.8337264
1.8787535
1.7059156
1.8025329
1.7942872
1.2922398
1.855346
1.8102827
1.8050045
1.2416549
1.7870892
1.8783387
1.2693286
1.8486162
1.847756
1.3016038
1.7525733
1.8425822
1.8912921
1.5384363
1.3016256
1.2949225
1.7165887
1.8477634
1.7190441
1.8029684
1.3268048
1.7156073
1.715202
1.9181892
1.9093959
1.9333293
1.9195423
1.9039294
1.3288382
1.8482021
1.7723948
1.7609955
1.8731145
1.8616197
1.9079057
1.9440495
1.8850852
1.7869104
1.860595
1.9607383
1.8773249
1.9691323
1.3549645
1.8826095
1.9071901
1.8833742
1.938624
1.9764062
1.7996415
1.906613
1.3664666
1.3414419
1.9259466
1.9384559
1.6665565
1.810497
1.9818598
1.9279796
1.3673444
1.3388884
1.9455487
1.8855757
1.9620382
1.366689
1.8571335
1.8817259
1.366689
1.7628675
1.9653344
1.366689
1.9554613
1.8000793
1.9286937
1.8028307
1.8571335
1.9460638
1.8000793
1.3666615
1.9379182
1.8571335
1.8003286
1.366689
1.8569952
1.8571347
1.3683475
1.366908
1.8571249
1.8571335
1.9380785
1.6364435
1.8362901
1.7948409
1.3403943
1.8107398
1.8110287
1.8601276
1.92305
1.8572844
1.92305
1.3547516
1.7747514
1.7856674
1.2527491
1.6701105
1.7048161
1.7347668
1.246316
1.7216729
1.2470703
1.6745828
1.7459568
1.6920172
1.7252505
1.6735017
1.714936
1.6587776
1.6881442
1.777713
1.2485075
1.2223991
1.7257128
1.6880705
1.6881442
1.6148441
1.6587723
1.6879011
1.252396
1.6980793
1.6913464
1.6325729
1.1942517
1.4663126
1.3168491
1.6200824
1.6444317
1.1444892
1.5728263
1.6378115
1.6443475
1.7001628
1.7321494
1.7424353
1.7228761
1.6697587
1.7091852
1.70374
1.713183
1.61818
1.6587642
1.1695441
1.401635
1.3702905
1.5963316
1.6539216
1.225369
1.2156489
1.21509
1.7039253
1.2162222
1.2150258
1.5773861
1.22134
1.5667906
1.6736879
1.669798
1.6580905
1.4865481
1.0863806
1.6701486
1.674695
1.1050231
1.5971875
1.6534868
1.1196681
1.109365
1.5859708
1.5754155
1.5862997
1.2177588
1.6356969
1.6632638
1.6229098
1.1748843
1.1000417
1.5859596
1.6230984
1.5835804
1.6628284
1.1073357
1.5979029
1.7925416
1.7917753
1.8266242
1.83526
1.2657194
1.3145239
1.7709814
1.2410837
1.8797281
1.8352935
1.8382937
1.838149
1.7192892
1.8010343
1.708965
1.7710588
1.7710588
1.1959796
1.5949124
1.7685093
1.7714235
1.7711565
1.793029
1.7950462
1.6120229
1.76906
1.7714235
1.7889029
1.22451
1.6217103
1.6070006
1.7909805
1.3191037
1.862472
1.3038733
1.7419382
1.2163541
1.7874862
1.8569208
1.8420024
1.8679612
1.662721
1.7766813
1.8491746
1.7278981
1.8503642
1.9137655
1.3103712
1.7254653
1.2680469
1.8498387
1.3094196
1.8498387
1.8287956
1.717379
1.8076456
1.2764809
1.71319
1.6689034
1.5501229
1.6803327
1.8426046
1.8471426
1.8776014
1.8901505
1.8748753
1.889335
1.523489
1.738767
1.9224952
1.5231905
1.7746321
1.7746321
1.764558
1.7664108
1.8147739
1.7737597
1.6425833
1.5287813
1.8199762
1.2492181
1.2493217
1.2493217
1.1565238
1.2390127
1.2464273
1.2094673
1.2477262
1.1555525
1.0526339
1.0533655
1.2460755
1.2473862
1.1564687
1.1818597
1.157549
1.058529
1.1555508
1.1317332
1.1531385
1.1546928
1.1563946
1.152592
1.157833
1.1577913
1.1551876
1.1578918
1.1589735
1.268942
1.269397
1.1781279
1.2588309
1.2342465
1.1572455
1.1596193
1.2282169
1.2146516
1.2281613
1.2282169
1.1814191
1.1725543
1.181346
1.2282169
1.2282169
1.2195624
1.1479412
1.1689942
1.19209
1.2331088
1.1667006
1.2469622
1.1689942
1.3090132
1.2639524
1.2116245
1.2348844
1.3088816
1.2987242
1.3097346
1.3097827
1.3123752
1.3282536
1.2586807
1.3518623
1.2302248
1.2176439
1.2194595
1.2797694
1.3590562
1.2194595
1.2194595
1.3069786
1.2758176
1.3240926
1.3070729
1.2231063
1.2226493
1.269027
1.3349943
1.2572513
1.2605253
1.222971
1.3557361
1.3346748
1.1158925
1.2192277
1.3607501
1.2598063
1.3014115
1.2680038
1.2791826
1.3105111
1.3014777
1.2979198
1.2991284
1.3186064
1.3349943
1.3283327
1.249804
1.2544527
1.2544527
1.3424371
1.3215711
1.228576
1.2973582
1.1913117
1.1991842
1.1985962
1.2033184
1.3113004
1.3115238
1.3210838
1.1915396
1.1481713
1.217796
1.4588548
1.4587208
1.1989132
1.4552304
1.4564385
1.4563371
1.4588432
1.4396412
1.4585558
1.1907016
1.4504107
1.3142943
1.3839551
1.4578252
1.4206566
1.4442333
1.3186928
1.3965933
1.4390774
1.4571813
1.1972075
1.4256312
1.4536624
1.4536239
1.4255794
1.4571908
1.4607983
1.3543984
1.2168646
1.4628375
1.3155367
1.3942629
1.320774
1.3890555
1.4524406
1.320774
1.4583696
1.4600706
1.4631734
1.5361106
1.3451219
1.5011523
1.540155
1.3590957
1.4904135
1.5443757
1.5704451
1.5665373
1.4619801
1.2668791
1.3475279
1.4392427
1.3481957
1.3447814
1.4207897
1.4381337
1.4081606
1.218876
1.2717572
1.2809527
1.3545166
1.3534329
1.3487593
1.1314632
1.3646712
1.3729315
1.185117
1.4030044
1.3406632
1.4030647
1.4194225
1.4159006
1.4171023
1.4370527
1.4276266
1.4384632
1.412298
1.1194148
1.277292
1.3156276
1.0933669
1.1470016
1.2548558
1.3877989
1.2935042
1.3970888
1.4048723
1.4307994
1.3033646
1.3862054
1.4474134
1.4119866
1.4550834
1.2631894
1.447185
1.3839308
1.2606679
1.4474621
1.5238786
1.3919126
1.5623771
1.3959713
1.2887492
1.5980239
1.266915
1.5979015
1.5916896
1.6306
1.4984697
1.6017666
1.5009569
1.495598
1.5109376
1.4960486
1.5047767
1.5126938
1.501205
1.536987
1.4245383
1.2127496
1.2673783
1.3817276
1.4372829
1.452437
1.4536697
1.4940852
1.4530423
1.4552293
1.3543338
1.5446875
1.3007765
1.4157262
1.49382
1.4126967
1.5446875
1.5455885
1.4356382
1.2909124
1.2783802
1.3003803
1.4278435
1.4100816
1.481959
1.4050069
1.4317075
1.5033805
1.4729542
1.4431248
1.4784223
1.4816475
1.3788167
1.5050455
1.3955084
1.4669846
1.2925574
1.4845926
1.5188495
1.5575109
1.3397706
1.4448446
1.483442
1.5610306
1.5186762
1.5249654
1.3397706
1.3426807
1.520594
1.4270103
1.4443235
1.3810027
1.5224637
1.5205327
1.3832493
1.5214969
1.5194389
1.526368
1.5215646
1.3432755
1.5312814
1.5780426
1.3428371
1.5247039
1.500149
1.2896539
1.4646453
1.5347329
1.4999422
1.5465146
1.5898702
1.4971067
1.368298
1.5144724
1.5011507
1.5327708
1.5973091
1.461665
1.295049
1.268284
1.381068
1.5641053
1.58801
1.5400425
1.1936686
1.4795737
1.3682249
1.5388688
1.5399629
1.3141844
1.2628529
1.4874974
1.4791237
1.3471105
1.2214292
1.2213002
1.3700308
1.4667699
1.4937632
1.4962212
1.5076203
1.5006653
1.5692376
1.4948925
1.5676154
1.4925239
1.5515937
1.5523349
1.5832229
1.5471901
1.5492854
1.5918858
1.5711658
1.6123314
1.5423996
1.4818735
1.5379571
1.5809718
1.601753
1.5379571
1.4942602
1.61861
1.6373371
1.6230587
1.4944887
1.582319
1.4743944
1.6220065
1.370703
1.3711432
1.3379301
1.4869206
1.3414466
1.3499383
1.3997555
1.4247901
1.3873261
1.3372252
1.4516166
1.3951908
1.4223534
1.4205588
1.3872342
1.4205588
1.3369687
1.370239
1.1514726
1.307683
1.345075
1.3124024
1.1514393
1.3704935
1.3828996
1.3743132
1.3249401
1.3249401
1.3387518
1.0781362
1.161368
1.324156
1.1692879
1.3210378
1.3792771
1.3497891
1.3794118
1.1383309
1.3215041
1.3365942
1.3765907
1.3818038
1.3358047
1.3388232
1.3739893
1.3655863
1.338879
1.3352729
1.3056103
1.3624778
1.4355156
1.3396213
1.4032068
1.4283316
1.3245441
1.4550993
1.4548849
1.4543368
1.463887
1.4725938
1.5705515
1.5349748
1.4254255
1.2294749
1.5073683
1.4756013
1.4723145
1.5152473
1.5700148
1.5356896
1.3880442
1.6394684
1.5988216
1.2944529
1.3983469
1.3393441
1.375922
1.3477548
1.315723
1.2642405
1.3486779
1.2710406
1.2780043
1.2520058
1.212646
1.3493323
1.2888671
1.2517326
1.2165359
1.2707092
1.2684088
1.2738094
1.2516533
1.3321036
1.3706237
1.1774861
1.2537509
1.3980324
1.3734884
1.2337148
1.233753
1.1620227
1.3346658
1.1305654
1.2158427
1.3864738
1.4182923
1.1225946
1.3859811
1.3707258
1.3767703
1.3281896
1.3414618
1.3925804
1.3168995
1.4948268
1.4948268
1.3431633
1.3185916
1.357506
1.4505379
1.3501711
1.3501711
1.314214
1.3552079
1.3363141
1.363247
1.0854373
1.368612
1.3606331
1.0892798
1.3436855
1.278045
1.3630888
1.3818784
1.3818784
1.3058921
1.3974293
1.3982126
1.382365
1.4283551
1.4665282
1.428143
1.4682056
1.5618697
1.5338557
1.5447448
1.3706901
1.5490695
1.4687918
1.5634553
1.5652453
1.5624801
1.5345669
1.5793526
1.6243129
1.5686167
1.7360398
1.7298398
1.9125803
1.8871503
1.2727222
1.3990928
1.7678095
1.5787865
1.8943361
1.4042277
1.9570477
1.9558225
1.9689201
1.957112
1.2811054
1.9675838
1.9537696
1.8609421
1.9469118
1.2831033
1.5790836
1.9557908
1.960332
1.580477
1.2879809
1.7092936
1.9498496
1.910027
1.9620248
1.9619523
1.7618982
1.5075622
1.7471111
1.7166058
1.6464181
0.78782326
1.2401142
1.6418736
1.6415496
1.6258063
1.6083542
1.668211
1.6047869
1.6829848
1.6063634
1.6498363
1.6537833
1.2234309
1.2224499
1.5831755
1.7373694
1.7380341
1.7741803
1.6648681
1.7529525
1.6634067
1.6871537
1.2448659
1.6898193
1.3464817
1.7765377
1.7624227
1.1257073
1.2314562
1.3465025
1.2713158
1.6636239
1.6645502
1.7563177
1.7143627
1.70156
1.7136561
1.7269212
1.7758029
1.7770485
1.7126745
1.7136561
1.267083
1.7686381
1.2637362
1.6608816
1.2738794
1.7550936
1.669446
1.8003417
1.7988347
1.7042024
1.2633681
1.7171874
1.7747858
1.6384422
1.3954563
1.6533625
1.7016816
1.7106389
1.7480168
1.6651782
1.6873364
2.1073036
1.4403532
1.1879256
1.6796689
1.653487
1.6795408
1.7785999
1.8922623
1.9762633
1.7906506
1.3473536
2.075295
1.819444
1.4702924
2.0243144
2.0243144
1.4890151
1.636486
1.6702448
1.3216931
1.669658
1.8068293
1.770548
1.2263553
1.7712868
1.7694677
1.8189614
1.7473629
1.6351285
1.7241497
1.2072201
1.6336402
1.4918295
1.1609544
1.4164611
1.5224626
1.5693198
1.5708233
1.5705086
1.226642
1.6202255
1.7294337
1.7248534
1.7247951
1.7404653
1.7335036
1.1457459
1.7354884
1.0324172
1.1419841
1.1426283
1.1473364
1.1381267
1.150182
1.7221673
1.7239406
1.6914229
1.7501581
1.1651305
1.7501607
1.7450745
1.5710558
1.7127695
1.6920165
1.1529047
1.1328228
1.7135396
1.7254506
1.3337401
1.5588511
1.1506206
1.7241691
1.1901025
1.7272831
1.6360337
1.8221792
1.8099369
1.8194381
1.2170515
1.858944
1.2173034
1.6680938
1.684039
1.828964
1.8601987
1.9096527
1.7364489
1.9096527
1.8576859
1.9156193
1.9163831
1.7574425
1.337749
1.9172591
1.8471053
1.3305703
1.7006222
1.3305703
1.5747066
1.7592636
1.8385737
1.2750787
1.7127767
1.8716567
1.672727
1.3096765
1.309314
1.8539633
1.2781843
1.2643712
1.2785608
1.2675248
1.225895
1.227236
1.1489084
1.2090613
1.2576009
1.2071505
1.2313612
1.1757514
1.2152572
1.2284707
1.2366223
1.2403748
1.2234652
1.3296149
1.2717044
1.2150182
1.2722858
1.3007957
1.3426684
1.3238862
1.211389
1.2150182
1.2129742
1.2150182
1.2733777
1.3224106
1.2616543
1.2686992
1.30638
1.2651093
1.2533238
1.3535745
1.2108881
1.2425967
1.2652401
1.2561256
1.2425967
1.2187322
1.2189299
1.1706402
1.2209694
1.2115991
1.2182255
1.2275287
1.2234757
1.2273253
1.1375533
1.1675347
1.2281141
1.1958559
1.1958559
1.1942874
1.2805697
1.2057375
1.2030472
1.2172172
1.70747
2.1921258
2.1358206
2.1844287
1.9747698
2.186388
1.4535666
1.329809
1.4457453
1.463482
1.473307
1.473307
1.5222623
1.4699268
1.5214055
1.5267789
1.4160321
1.2891768
1.3815465
1.3983079
1.2627579
1.2643261
1.2764695
1.3669484
1.4229401
1.332694
1.4281205
1.3943554
1.4122729
1.4274482
1.4914361
1.422002
1.4796587
1.4600555
1.4769032
1.353228
1.4585063
1.5888007
1.360433
1.5688199
1.5688199
1.6238979
1.5788867
1.4819901
1.3618549
1.3418701
1.4822916
1.526493
1.5436031
1.5412879
1.5004712
1.499664
1.6044813
1.4715477
1.5636398
1.562051
1.5072389
1.5400208
1.3208807
1.5265127
1.3094968
1.5711414
1.4818667
1.5672086
1.3959142
1.572991
1.3956188
1.4811423
1.5634656
1.4460033
1.5124227
1.5733932
1.527329
1.3208815
1.4900912
1.4918951
1.4268374
1.5699551
1.3461875
1.4443618
1.5698372
1.5698372
1.5243646
1.5698372
1.489121
1.3404614
1.4750341
1.4700396
1.5535938
1.5127187
1.5135446
1.4050072
1.3278182
1.4891427
1.2884467
1.5079458
1.5127187
1.3530006
1.5856781
1.4545797
1.337687
1.344936
1.3101968
1.3354659
1.4593608
1.4264137
1.4622226
1.2971442
1.4925121
1.2421293
1.5453067
1.5386696
1.5630695
1.4887267
1.4888824
1.4791384
1.2131302
1.2186388
1.339099
1.4908221
1.3447536
1.2190886
1.2154988
0.4866536
1.1143723
1.1140044
1.208917
1.2053713
1.207444
1.2066512
1.1123966
1.1655381
1.2201006
1.1159613
1.2165111
1.2061613
1.2104815
1.2020661
1.2083744
1.097569
1.1610315
1.1677904
1.187288
1.1881201
1.2141132
1.1038799
1.1860024
1.1944354
1.1159066
1.2144704
1.3448099
1.3280797
1.3556193
1.3540348
1.3524494
1.3541597
1.2194157
1.3406206
1.337105
1.2194157
1.3140895
1.3406206
1.3129382
1.2413683
1.2803335
1.236137
1.2540338
1.2564634
1.2611293
1.3162761
1.2679206
1.2250731
1.2656318
1.3146198
1.359206
1.2201729
1.3682872
1.548331
1.5012715
1.5514823
1.5267098
1.5849228
1.3645091
1.3647553
1.3647274
1.4868468
1.4970621
1.3576783
1.5269575
1.5039626
1.4369305
1.3601682
1.3941326
1.4151787
1.3919653
1.453578
1.2133484
1.4056032
1.4785862
1.5333349
1.5332178
1.519752
1.5224761
1.5009524
1.5025415
1.4082302
1.4225297
1.2596064
1.3109004
1.4561355
1.4128315
1.4251463
1.3087062
1.2598001
1.2985468
1.4804136
1.4969993
1.491848
1.31246
1.3707869
1.3440068
1.375737
1.3977028
1.3784943
1.306147
1.3180503
1.3073905
1.1894387
1.310762
1.4284838
1.4178612
1.2601982
1.3846385
1.4024754
1.4195486
1.4294689
1.2348123
1.4249092
1.1739212
1.3535872
1.293702
1.4249543
1.4258171
1.1736773
1.3661467
1.1782013
1.420663
1.4052708
1.4061852
1.5172005
1.481508
1.5577958
1.3999022
1.5105999
1.5271745
1.5629172
1.3202295
1.4774193
1.5435189
1.5604017
1.4892806
1.1303563
1.3070025
1.2655237
1.3517873
1.2545819
1.5092707
1.3998282
1.4607395
1.3966316
1.3151201
1.4707993
1.4925009
1.3559439
1.1884593
1.4962132
1.4942125
1.2482114
1.3108484
1.2470556
1.4690478
1.4279572
1.4234437
1.4339907
1.4640632
1.4622226
1.275086
1.4783492
1.4806596
1.4806596
1.4910638
1.4913187
1.4907926
1.4866998
1.489114
1.3073838
1.488462
1.423011
1.5013858
1.4869907
1.4076842
1.4777064
1.525309
1.3681177
1.2459788
1.5063714
1.5006694
1.5064197
1.4716138
1.4987649
1.6194581
1.6713132
1.4917471
1.2863702
1.4290086
1.5610384
1.5809455
1.5943271
1.4263765
1.2589548
1.5982503
1.5867858
1.506954
1.595318
1.506954
1.4209003
1.5636013
1.2464494
1.5519466
1.506954
1.5219897
1.5712544
1.4997187
1.6144333
1.3187797
1.4566629
1.4330442
1.5000833
1.5024981
1.5597305
1.5178363
1.4898291
1.5574945
1.5572654
1.2845448
1.4232049
1.5280933
2.0861282
2.1042738
2.2085323
2.2889333
1.9299663
1.7656109
2.1114523
2.0464954
1.6152371
2.1080463
2.1862116
2.1282883
1.9831678
2.0523777
2.2437005
1.617354
2.0560026
1.7887572
1.9906439
2.0602956
2.0634336
1.415835
2.0534308
2.249678
2.0540137
2.0513802
1.4678051
1.4962958
1.8988653
2.1051977
2.2201731
1.8414705
2.050544
1.4846199
1.9765525
1.8414708
2.2192533
1.8406706
2.279055
2.1615975
1.8488101
2.279055
2.2501614
1.4106491
1.4867042
2.2492023
1.8406702
1.7917699
2.0493789
2.1083424
1.8499703
2.1612418
2.1613734
2.1612418
2.0769787
2.0836937
1.5347261
2.1688561
2.0820806
1.4153007
1.7500203
1.5701212
2.1100962
2.2945483
1.5622239
2.087285
2.0794835
2.2672498
2.214805
1.8555685
2.1477377
1.5712544
1.7780191
1.3194083
1.55446
1.5501938
1.5651397
1.7618669
1.7152876
1.1708057
1.170841
1.758912
1.7560942
1.165435
1.1707
1.5804361
1.5817089
1.581335
1.5825711
1.4316806
1.7394396
1.7617714
1.7618736
1.4026023
1.4145342
1.7151036
1.7424325
1.4340411
1.712224
1.7397753
1.7122087
1.7122087
1.6893578
1.7116588
1.7129271
1.7697458
1.8196603
1.8379605
1.8492471
1.8416824
1.8489599
1.8606716
1.1965042
1.8438008
1.8340802
1.8749826
1.7225323
1.8204861
1.3643575
1.7227005
1.7974914
1.7150652
1.7800461
1.8146503
1.7149862
1.7830076
1.6813974
1.8198581
1.8296131
1.8188378
1.1329124
1.5320659
1.6624446
1.7198892
1.7384601
1.1394105
1.6152772
1.7324113
1.7622045
1.8134763
1.8154966
1.8156434
1.8156434
1.789073
1.6440072
1.7215409
1.5690148
1.7078464
1.0900512
1.7499458
1.1496176
1.4220734
1.7378
1.7491858
1.9279169
1.9085398
1.9475311
1.7436706
1.9239409
1.9388689
1.7436706
1.7436706
1.7952037
1.796719
1.3296385
1.7425153
1.336315
1.699804
1.7425153
1.7517487
1.9008138
1.900445
1.9063559
1.8249704
1.3374144
1.920245
1.8251123
1.8040843
1.8443323
1.3296385
1.9200611
1.9234037
1.9199036
1.9246521
2.1102376
2.1305952
2.0972006
2.027543
1.4208285
1.2604569
1.748685
1.7494279
2.0032825
1.7494279
1.9442152
1.9083946
2.0292742
2.106215
2.069817
2.1365662
2.1602547
2.142229
1.2334315
1.4318944
1.7423918
2.0638666
1.9076706
2.0125294
2.0037267
2.0638666
2.0529757
2.0229626
2.0229626
1.4479195
1.9914515
1.8152089
1.3509244
2.0272093
1.30111
1.964275
1.9731504
2.0279305
2.0509307
1.7594998
1.3899196
2.141418
1.8402562
1.4481752
2.0859692
1.8281994
2.0174694
2.0242407
1.4063233
1.8787448
1.4385495
1.9023881
1.8441085
1.452832
1.4249176
1.9017365
1.9017365
1.4156001
1.2422297
1.7428962
1.898189
1.9018295
1.9002025
1.627244
1.686755
1.8985077
1.8971807
1.3756661
1.888909
1.8851285
1.2433678
1.5067587
1.5194412
1.3152148
1.5195527
1.1150202
1.6928954
1.7385664
1.1927841
1.7165219
1.7744769
1.7636687
1.7992158
1.7979583
1.2475458
1.8073173
1.7598398
1.7598398
1.7683377
1.8490605
1.8479702
1.3424065
1.2903354
1.7931644
1.7152596
1.8149626
1.6745156
1.712777
1.6850443
1.7001797
1.803857
1.7072997
1.7159328
1.8227106
1.7623243
1.8451737
1.8320897
1.3169409
1.8439928
1.8617967
1.9054886
1.8874404
1.7491819
1.2802466
1.846835
1.8459715
1.846835
1.2730842
1.7213422
1.8457291
1.2366033
1.7510954
1.5952939
1.846835
1.626705
1.1514792
1.2977756
1.728965
1.2766004
1.7266963
1.8201383
1.8242954
2.023838
1.249076
1.731071
1.8289807
1.3829354
1.3829354
1.4271233
1.2904354
1.1852875
1.2241082
1.1802125
1.1925759
1.1390928
1.16851
1.2016186
1.2081004
1.4038283
1.4070941
1.4055333
1.3503373
1.4247622
1.4680114
1.4074255
1.4749539
1.4609641
1.3834772
1.3635201
1.4225913
1.4144171
1.478599
1.4914495
1.4928055
1.5092784
1.5566787
1.3494008
1.609726
1.4812629
1.5321628
1.4691446
1.4533437
1.3658134
1.500637
1.5026721
1.5496504
1.5093154
1.5683506
1.4828941
1.4484977
1.4814005
1.2351757
1.2801124
1.4471809
1.2617397
1.4887072
1.490071
1.5141467
1.486257
1.3495376
1.417823
1.4435667
1.5519602
1.4622872
1.6178223
1.2712214
1.6250559
1.6360846
1.6332362
1.6926845
1.6929826
1.68166
1.3717139
1.6817706
1.7173078
1.7275611
1.1850003
1.2970303
1.6042355
1.529506
1.1833816
1.7802855
1.7802855
1.7099369
1.8694265
1.8346081
1.7768806
1.7800376
1.9160872
1.9054477
1.9579834
1.3414581
1.3414581
1.8625677
1.9086967
1.8768411
1.9578702
1.9579834
1.7723948
1.7806597
1.8492445
1.8596464
1.2188658
1.819448
1.2535574
1.6802634
1.8502257
1.2525823
1.2525823
1.8607736
1.8638613
1.2112393
1.8638613
1.8719858
1.8722578
1.7025474
1.2587754
1.8730139
1.7922343
1.8614371
1.8734978
1.8883961
1.2487854
1.8426893
1.8926351
2.1504385
1.7461476
2.1528223
1.6099012
1.5533477
2.003944
2.0400386
2.0683067
2.0710216
1.3082339
1.5065306
2.072625
2.0169787
2.1305099
1.4427811
1.7063028
1.8034422
1.8716719
2.1420653
1.5064232
1.917293
1.9413378
2.0138311
1.4929469
2.1303952
1.8247079
2.1304524
2.141198
2.1303952
2.2273328
1.8713089
2.130862
1.5333334
1.8258579
1.4968326
1.9059587
2.1844833
1.8197329
2.209609
2.1243875
2.0150802
2.1789114
1.5321653
1.4950111
2.2107098
2.000338
1.8909702
2.1058779
1.8290492
1.8096033
2.1996503
1.8311814
2.1976638
1.5026629
2.1989965
1.5431924
1.5864028
2.0725143
2.1503932
1.4419286
1.4286745
1.437788
1.7288191
1.4615976
1.6407632
1.664312
1.6867303
1.2408583
1.7517177
1.7606655
1.2677817
1.7499297
1.7614303
1.3695604
1.7560533
1.8854767
1.8140967
1.7559547
1.7560719
1.8653803
1.8377261
1.8887763
1.6410686
1.7825807
1.8511398
1.8870183
1.800174
1.3192302
1.3224714
1.756093
1.8377261
1.8653803
1.3184298
1.2271949
1.3196307
1.2822593
1.3157374
1.756736
1.7531255
1.7484827
1.5307544
1.7095213
1.2942553
1.6801485
1.2826293
1.6800891
1.7430172
1.7430172
1.728417
1.5769265
1.2771308
1.7175833
1.7145225
1.7245535
1.188083
1.2048246
1.2729911
1.1596962
1.2801245
1.716857
1.716857
1.7174171
1.7637423
1.8085983
1.4759642
1.3426983
1.8008403
1.7834979
1.7888082
1.7926142
1.7069819
1.705544
1.8328595
1.9297783
1.9291352
1.3376871
1.8429594
1.3342258
1.7954726
1.3375809
1.7774892
1.9203417
1.9138211
1.8414829
1.9076986
1.9402385
1.9888291
2.0368533
2.0794466
1.474874
1.9164349
2.1219347
2.0078874
1.5044184
1.8297092
2.216793
2.1584678
1.8190928
2.0583627
1.5752226
1.8185048
1.8724866
2.1366677
2.1499581
2.1503801
1.7256042
2.135805
1.5567484
2.0018609
1.4086217
1.4369024
1.7577949
1.7372189
1.711324
1.757926
1.8088098
1.8550516
1.6431304
1.2173415
1.6657952
1.6667132
1.6660073
1.6219465
1.6610394
1.6603597
1.664507
1.6666982
1.6219465
1.665461
1.6234425
1.6663396
1.6441766
1.667328
1.7466404
1.7457774
1.7466946
1.783464
1.8307707
1.2201924
1.0873381
1.6464733
1.5922468
1.6464733
1.1070676
1.6457859
1.6456238
1.1070873
1.5607026
1.5802215
1.6416501
1.1084527
1.6449487
1.624771
1.6244346
1.6575339
1.109967
1.1287417
1.2716458
1.3701702
1.3615254
1.3615074
1.2272662
1.253549
1.1301839
1.1306736
1.3209364
1.3750522
1.3750522
1.4786677
1.4939892
1.6222212
1.5887289
1.4922602
1.5293152
1.4997065
1.525946
1.2644472
1.5156579
1.4006035
1.5089747
2.2942178
1.8801228
2.279448
1.9528505
1.8877017
1.4446349
1.8614497
1.2570782
1.8489548
1.6837465
1.2574917
1.8556763
1.773874
1.2523289
1.2574917
1.176129
1.1571957
1.2642393
1.6803366
1.7728225
1.6912761
1.7051659
1.6835908
1.7131413
1.6960465
1.2304206
1.2733065
1.7744601
1.2291266
1.7914848
1.8085572
1.7684337
1.8224603
1.6633298
1.7530397
1.7790271
1.8113492
1.8436556
1.2385217
1.8340513
1.2592579
1.1652011
1.7943882
1.1948515
1.794396
1.7525973
1.3478738
1.796221
1.3258173
1.842428
1.8037363
1.6033077
1.7756401
1.8037262
1.2973524
1.7480246
1.7439821
1.7893591
1.7398335
1.74276
1.2942562
1.3423537
1.8669407
1.7467066
1.7641896
1.7453897
1.7275275
1.8545189
1.9103365
1.2322001
1.8409
1.810887
1.3615724
1.8475752
1.3452321
1.8510971
1.7159648
1.809205
1.3227373
1.7231302
1.6152887
1.7646691
1.7982674
1.7509127
1.3492059
1.6264158
1.3456651
1.8444895
1.7690645
1.2897531
1.5260508
1.5569838
1.2510515
1.199571
1.3039509
1.3159956
1.4503446
1.3202899
1.451485
1.4517328
1.6407847
1.6721073
1.7437036
1.5839787
1.2684295
1.7010132
1.659096
1.1612037
1.6598461
1.6592664
1.7267932
1.2121114
1.6946913
1.7795746
1.8829986
1.8031431
1.7859222
1.7239097
1.8093381
1.7676936
1.2277972
1.7299058
1.7703017
1.7575222
1.7574427
1.6960589
1.7038913
1.7723719
1.6876137
1.6988591
1.7045922
1.1001472
1.3682338
1.6562654
1.6149293
1.6069148
1.6740468
1.7193615
1.4297279
1.6965193
1.6183116
1.3426106
1.6274676
1.2452877
1.2126181
1.7424048
1.65525
1.4316328
1.255691
1.6442136
1.2461094
1.624119
1.4164448
1.6279639
1.6347126
1.7299746
1.3497907
1.7374971
1.7442302
1.668677
1.7500528
1.3471655
1.7830498
1.84551
1.7657242
1.7472631
1.3471377
1.8884796
1.9479955
1.7665449
1.7093123
2.2051957
1.8833385
1.8924556
1.9001727
1.3829552
1.876973
1.8841867
1.6671722
1.699482
1.7546247
1.2226448
1.6549705
1.6546495
1.6560067
1.2106779
1.4328084
1.2589616
1.3648591
1.4245702
1.6707277
1.362936
1.2098105
1.6136322
1.1859677
1.6659421
1.6650234
1.6659421
1.6630256
1.2595253
1.626408
1.7396286
1.7402797
1.713603
1.1217525
1.7590722
1.7060007
1.7835841
1.7264881
1.7675499
1.7451965
1.7675499
1.8502802
1.9996477
1.2645221
1.9101083
1.267069
1.5781617
1.5565467
1.5661792
1.925978
1.8390145
1.2489107
1.9869539
1.8084159
1.6029027
1.9507763
1.2642567
1.894851
1.9044797
1.1947418
1.2434473
1.2435614
1.7591437
1.7788271
1.8259218
1.8724616
2.0126324
1.6081
1.7944502
1.9924066
1.1295747
2.0028453
1.2605977
1.9239467
1.7977129
1.2645221
1.265152
1.2657226
1.2470771
1.7982858
1.9985691
1.9033508
1.6149615
1.8473309
1.7906506
1.9019808
1.9758768
2.1996949
2.2568507
2.3713658
2.2850244
2.367287
2.3628724
1.6376601
1.6079221
1.9484713
2.2995048
2.3536186
2.2946842
1.5913953
2.342533
2.3014026
1.9908648
1.6000903
2.1534114
1.461965
2.1447158
1.7687131
2.1361706
2.1489267
2.1503294
2.2305708
1.5241808
2.2461393
2.2172384
2.2456965
2.3995073
2.3545544
2.3663387
2.3975048
2.1968827
2.4194775
2.1968827
1.9889066
2.32256
2.0695856
1.6448187
2.362688
2.3084738
2.3083358
1.6219417
1.6075935
2.2085679
1.6369039
2.1510851
1.3885932
1.758948
2.1506524
2.2715802
1.6187499
2.169787
2.1698205
2.2816274
2.262905
2.226031
1.6180309
2.3770711
1.9635434
2.1975994
2.04366
1.990344
1.9824847
2.2894635
2.1769185
2.2413652
2.1250417
1.597063
2.0146158
2.2832015
1.5380011
1.292348
1.8555453
1.7616805
1.5380172
1.8556763
1.8738827
1.9144478
1.732162
1.8425148
1.7322114
1.3038381
1.8432711
1.9022474
1.3185549
1.5681568
1.366539
1.7323105
1.8466715
1.6831008
1.8596437
1.4885749
1.7896929
1.8476224
1.324278
1.8165088
1.7577825
1.2448788
1.804017
1.8239005
1.3150806
1.6935449
1.7952718
1.3499874
1.7351419
1.8196467
1.3034526
1.2986268
1.5880073
1.7230691
1.8432195
1.2807981
1.8780687
1.8933837
1.9073246
1.7921747
1.7862555
1.9130529
1.8414546
1.247567
1.2870064
1.7361664
1.637379
1.4896859
1.2125238
1.7152739
1.7448541
1.7926649
1.8494785
1.8704007
1.8496883
1.6943786
1.8704007
1.1900403
1.6021844
1.1664826
1.8623253
1.8234382
1.811943
1.8372736
1.3309482
1.8503186
1.7006145
1.7202677
1.7463423
1.8500786
1.7885894
1.8175703
1.7696922
1.7560134
1.8046845
1.4977208
1.8971349
1.7063843
1.8967539
1.8992794
1.909237
1.9429911
1.9462534
1.917957
1.7454861
1.8475928
1.9388492
1.7595421
1.8425287
1.2211306
1.5596997
1.7442304
1.7453643
1.7231103
1.1507713
1.6983525
1.1609038
1.7134889
1.7459017
1.7567455
1.2725626
1.5716991
1.173959
1.6092733
1.0864782
1.1597629
1.5770055
1.1609907
1.7568737
1.755507
1.7572469
1.1605191
1.1609907
1.1643448
1.5379039
1.6141254
1.577957
1.6646981
1.6649759
1.63158
1.2266285
1.1861682
1.309525
1.6801931
1.8908592
1.8908592
1.8908592
1.8331168
1.1863325
1.1863325
1.8873788
1.8694233
1.8102468
1.8908592
1.7844434
1.8598324
1.8694233
1.7458891
1.8203726
1.9332848
1.3425491
1.328906
1.274308
1.8284214
1.2436523
1.8314617
1.2482718
1.7955903
1.2165834
1.8300284
1.2482718
1.7986234
1.6951857
1.7282565
1.742214
1.7382579
1.774506
1.7879237
1.7416444
1.8767371
1.7563429
1.7563429
1.8097253
1.8422599
1.3280487
1.842521
1.7503316
1.8445557
1.8241575
1.8235753
1.8832719
1.5583643
1.8114575
1.7786973
1.6249093
1.7969167
1.7152516
1.3309381
1.2164757
1.3047309
1.7974955
1.7816972
1.211661
1.3151257
1.788236
1.8265254
1.2189609
1.3027186
1.7766587
1.8830017
1.2280318
1.2208941
1.2298677
1.7113549
1.709206
1.710788
1.7108028
1.3902029
1.1530342
1.1062366
1.5406485
1.7120186
1.2038764
1.2290114
1.6234112
1.8036072
1.7160698
1.7925664
1.7807592
1.2251816
1.8040745
1.2250861
1.1982524
1.8033175
1.7845196
1.21047
1.8137163
1.7374423
1.8273408
1.8328127
1.8222985
1.177624
1.2617927
1.6754947
1.7680261
1.7484231
1.7622308
1.7431052
1.765457
1.2121383
1.2438619
1.7203549
1.2225829
1.4743211
1.2221947
1.7113781
1.6163638
1.7579226
1.8073434
1.8184836
1.7608114
1.2634641
1.6292467
1.5965465
1.5735024
1.6370571
1.6574347
1.656456
1.6589974
1.5904156
1.3324672
1.6918663
1.2177631
1.3159674
1.5828315
1.2680724
1.1788232
1.4287621
1.6887332
1.6708953
1.6916662
1.6991103
1.7202835
1.7908016
1.775768
1.8068365
1.6403707
1.499968
2.2054296
1.9933103
2.2946522
2.0796468
2.319491
2.2945642
2.3149571
2.010079
1.8536879
1.6412725
1.4849256
1.9849707
2.3439884
1.9893726
2.2103462
2.1922667
1.6245759
1.942093
2.30151
1.6323643
2.4038627
2.1791992
1.624696
1.473647
1.6324879
1.5824137
1.5747482
2.375453
2.179267
2.1793349
1.9729266
2.05072
2.2880917
1.9735038
2.2490911
2.3565476
1.7940409
1.588727
1.9350613
1.5878363
1.7084097
2.0823183
1.7410436
1.995651
1.7460223
2.0041363
1.2087107
1.4377303
1.3956238
1.33746
1.12415
1.2534721
1.2164118
1.2135891
1.3267083
1.295855
1.2135503
1.2252095
1.3031526
1.2530638
1.324289
1.3261393
1.2649324
1.1397016
1.2558527
1.3502735
1.2121782
1.3077173
1.3506063
1.3572162
1.262026
1.3375839
1.3358772
1.2213093
1.2158412
1.2206292
1.1185474
1.119329
1.218965
1.2226727
1.2247207
1.3538452
1.2247207
1.3166443
1.3409854
1.3286493
1.2269241
1.2656672
1.280987
1.2800807
1.3239263
1.2625048
1.2811145
1.2272141
1.2473639
1.361436
1.361464
1.2651707
1.3611996
1.3028067
1.4301269
1.47481
1.4948813
1.5231286
1.4764466
1.5663625
1.5808926
1.3409652
1.47801
1.4893619
1.5203891
1.4772799
1.5469174
1.4775274
1.5388589
1.5432777
1.6007347
1.3494803
1.5209764
1.6167637
1.6008949
1.3560027
1.368225
1.368225
1.4914732
1.4205025
1.5393448
1.4677166
1.4963769
1.5390911
1.3699915
1.6342329
1.5838133
1.3071445
1.4749873
1.4932356
1.5708853
1.3707662
1.4652115
1.3698812
1.4604055
1.3620783
1.4816842
1.5235724
1.5383115
1.3612117
1.5089338
1.6046249
1.5215861
1.5927925
1.4992284
1.4989519
1.3420486
1.5594127
1.2698838
1.5602696
1.5311904
1.2646716
1.4255372
1.4741802
1.5940667
1.4565376
1.4199479
1.4767811
1.4969145
1.2337508
1.4716581
1.4692291
1.1663213
1.4644556
1.4759386
1.5487772
1.3868738
1.3866749
1.2292539
1.2287043
1.2341596
1.3236634
1.246607
1.3135467
1.0728319
1.2520493
1.2733192
1.3191037
1.2002044
1.2456404
1.2179358
1.2650921
1.256029
1.2118263
1.2639524
1.195546
1.2650921
1.2650921
1.2650921
1.3499633
1.3564218
1.3704362
1.2650921
1.282445
1.2742954
1.2278465
1.2650921
1.2650921
1.2812953
1.3739194
1.3225086
1.3493669
1.3561761
1.2742954
1.2686697
1.3494836
1.3249652
1.2275546
1.1593626
1.2068286
1.2823361
1.2742047
1.2741143
1.3461989
1.2274901
1.2497435
1.2740873
1.2557272
1.3633031
1.2741143
1.2517518
1.2228777
1.2475201
1.3497692
1.2741143
1.324747
1.3198972
1.3632377
1.2202383
1.2132727
1.2123103
1.2271664
1.2467293
1.2132727
1.206222
1.2407004
1.2341359
1.2338669
1.1463662
1.2240022
1.2250893
1.7500302
1.7581174
1.3755544
1.3165807
1.2729613
1.780327
1.72389
1.72389
1.7159543
1.7560945
1.8097757
1.6701133
1.8071028
1.7971296
1.7996773
1.7517333
1.7102622
1.6704593
1.7476964
1.7975821
1.7530972
1.2722207
1.711355
1.6817279
1.7040229
1.685303
1.1739336
1.6920154
1.2668295
1.6580323
1.2551167
1.6913385
1.7111229
1.701709
1.6580431
1.6586841
1.6580322
1.7844253
1.7146757
1.6912917
1.7073954
1.3630168
1.7827303
1.7854564
1.9826163
2.0172176
1.8860425
1.3619148
1.9818587
2.0173
1.6523553
1.9828693
2.0141108
1.808931
2.0159054
1.8023878
1.8235228
1.9706031
1.3627692
1.3041347
1.9529325
1.2815003
1.9829762
1.8203872
1.9381925
1.2743651
1.9588184
1.9717401
1.9160777
1.9226998
1.8151798
1.2796729
1.9727367
1.9672277
1.2772887
1.9222859
1.6115963
1.7412733
1.7422853
1.5310341
1.7131523
1.7176465
1.8014957
1.8108119
1.8014864
1.7373976
1.8324065
1.2275007
1.3342768
1.8401864
1.8652979
1.696138
1.7962047
1.2401564
1.6936179
1.5364594
1.7962047
1.7988226
1.8450961
1.862177
1.7988226
1.5343535
1.2258524
1.6899338
1.777
1.8434744
1.8629111
1.8743442
1.8858058
1.2528703
1.3497089
1.729873
1.6884187
1.821062
1.8521324
1.7954533
1.2656687
1.8215704
1.6704369
1.7322246
1.7805674
1.2094913
1.8311348
1.8142272
1.8210367
1.880987
1.2307953
1.3160717
1.7579021
1.8257098
1.25717
1.7614163
1.8373557
1.6807998
1.7923439
1.8396655
1.8400508
1.2012948
1.7285671
1.7256528
1.7287349
1.6590568
1.7167565
1.3591624
1.7257937
1.167304
1.6864302
1.7447008
1.7018036
1.7850474
1.7749234
1.7703342
1.7833481
1.2570698
1.6455331
1.651112
1.5630416
1.6511965
1.6027455
1.1698794
1.1384043
1.2372632
1.6323134
1.6346747
1.6349162
1.146229
1.6348709
1.6355824
1.1467302
1.1684489
1.5638337
1.0991893
1.1014817
1.5532653
1.5659996
1.5402263
1.5583228
1.2102519
1.5606606
1.0992306
1.5595847
1.5620452
1.1846088
1.1840265
1.5995715
1.5943702
1.6147385
1.6234351
2.2150152
2.2190192
2.2978396
2.3034816
2.2578022
2.0376704
2.2347307
2.1085677
1.8835484
1.8809935
1.4496355
1.5540016
2.0839589
2.1073945
2.107982
1.4367608
2.0061452
2.100417
2.020439
2.0983474
2.0988986
2.0487154
2.1168275
2.0674574
1.440372
1.4929782
1.5880121
1.4389409
1.6069953
1.5884506
1.4932612
1.2400366
1.3240288
1.2781277
1.2781277
1.3429949
1.4088902
1.49328
1.4913968
1.2934548
1.4556586
1.4929788
1.2268113
1.2268769
1.3553833
1.3997266
1.2338761
1.3578236
1.2394122
1.2339953
1.3691866
1.5033993
1.5102075
1.5029969
1.2461498
1.5023015
1.4917282
1.2438619
1.2765529
1.4678766
1.5122474
1.4374988
1.5308175
1.5308697
1.2764268
1.4795326
1.5192138
1.5031068
1.5323664
1.505532
1.5397996
1.5226314
1.465383
1.4527546
1.4677076
1.3824524
1.4516326
1.3697201
1.4585437
1.487932
1.5011808
1.4417659
1.4954015
1.2596163
1.4130337
1.431092
1.4877706
1.498319
1.2658983
1.431092
1.4130337
1.2375942
1.5003487
1.5005109
1.459371
1.4989625
1.2298551
1.5003504
1.497572
1.4974738
1.3870757
1.3870757
1.4756283
1.3316903
1.1857849
1.4916594
1.4974738
1.4974738
1.4974738
1.2781756
1.3570437
1.3568276
1.4835603
1.4979687
1.4979687
1.4575503
1.5287808
1.5277987
1.5288464
1.4832654
1.523167
1.5288464
1.4552914
1.454193
1.4033704
1.5085888
1.5081447
1.5072018
1.4558519
1.5858911
1.4207108
1.4233245
1.4296836
1.3528368
1.4566313
1.5082935
1.4898919
1.4979959
1.4832923
1.5083215
1.4461433
1.3159482
1.1995858
1.4206992
1.4369911
1.5726885
1.5761302
1.4077213
1.9007972
1.6165937
2.0162203
2.0178926
1.969169
2.0072966
1.4087453
2.0208745
2.021285
2.080776
1.4077449
2.029457
1.4077449
2.0066335
1.3959806
2.0573835
1.333923
2.0195007
1.7026247
1.9784288
1.8231388
2.0757513
1.4081212
1.6928594
1.7014488
2.0809805
2.0574763
1.9768682
1.6724483
1.9997804
2.017853
2.0582287
2.0582287
1.9913692
1.660383
1.2231191
1.5771396
1.576038
1.5799291
1.6531018
1.6524792
1.6529418
1.815971
1.8123128
1.6359677
1.7294594
1.1704286
1.1851176
1.7175742
1.7055949
1.5477189
1.8174917
1.1851181
1.8107811
1.2155166
1.7869166
1.1925846
1.1940601
1.7801589
1.7854426
1.7770088
1.8172724
1.2728536
1.8129277
1.8920693
1.735449
1.8083776
1.8800344
1.8056811
1.8772314
1.8213245
1.6521306
1.7850436
1.3148955
1.7881186
1.8293492
1.7850835
1.8002563
1.8743398
1.810976
1.8402325
1.8402988
1.8282443
1.8707087
1.7270825
1.8318813
1.7689402
1.853832
1.7775005
1.8414936
1.3682446
1.2840242
1.7688198
1.7687962
1.7719119
1.2867818
1.655872
1.6671042
1.683436
1.7450683
1.7878059
1.8088357
1.8045405
1.7790719
1.667514
1.6186599
1.5011798
1.7017981
1.707443
1.6638879
1.7204142
1.7203518
1.2700394
1.7304561
1.7229431
1.6703136
1.7228806
1.6705401
1.270401
1.7082874
1.6979806
1.7103426
1.7049218
1.6825124
1.177913
1.6950336
1.6698625
1.6950336
1.1007518
1.7071365
1.6258589
1.6759311
1.6674277
1.6930766
1.6779681
1.1439409
1.7049218
1.6264075
1.7058794
1.7110412
1.1802124
1.678817
1.6647481
1.170227
1.6874709
1.7004594
1.1337689
1.6165222
1.6613783
1.170227
1.1702083
1.6473842
1.6789836
1.3880106
1.6721172
1.2620146
1.6595256
1.651454
1.673669
1.6880593
1.6880593
1.7088943
1.4783406
1.4430604
1.2244897
1.5890586
1.495816
1.3752764
1.3356564
1.737125
1.7476313
1.6045537
1.7587434
1.7326112
1.7214658
1.770791
1.7706347
1.3900473
1.5627909
1.6052934
1.6017765
1.3072104
1.3205845
1.3224424
1.4165964
1.4864459
1.2349247
1.5234255
1.5014094
1.495447
1.5228744
1.5361595
1.5374107
1.2719258
1.3585109
1.4558848
1.2227609
1.3882048
1.4590023
1.4590023
1.4429777
1.1602031
1.2295105
1.5041038
1.5508099
1.5933537
1.5833006
1.5943062
1.4619613
1.4610294
1.3745502
1.5072024
1.5430242
1.5015591
1.5451224
1.280721
1.372553
1.3556137
1.281373
1.2165961
1.2716614
1.4627972
1.4512848
1.2811189
1.2146086
1.1988714
1.3520285
1.4895954
1.3337584
1.4090661
1.4784011
1.4690558
1.4290032
1.4895954
1.356408
1.2148257
1.129356
1.7453272
1.1407062
1.7205131
1.1293535
1.1294901
1.1444203
1.7174581
1.7203428
1.7196211
1.1490077
1.1490077
1.6748039
1.3994505
1.7199287
1.7188725
1.7203394
1.7268517
2.1318393
2.1318393
2.1318595
1.7494701
1.9480146
1.7492869
2.073224
2.0758064
1.8208897
1.7197235
2.0771146
1.7763218
2.1340556
2.135636
2.179457
1.7816608
2.1790278
1.8344952
1.7681097
1.9498584
2.361675
1.6073326
1.9661996
2.154245
1.6068431
2.34745
2.2646117
2.1728802
1.4683042
2.2457697
2.2700458
1.7691926
2.347779
1.6060683
1.6087524
2.1265688
2.3066938
2.3599534
2.348684
1.9272093
2.242321
2.2638705
2.24148
1.6082625
1.5790535
2.120718
1.371029
1.4532136
1.5783975
1.4398848
1.5784156
1.5356021
1.4398584
1.4601201
1.5066158
1.5693293
1.5351154
1.4398584
1.5290527
1.5066158
1.4396477
1.4385475
1.4879142
1.5714595
1.3186653
1.4995272
1.5264219
1.3011651
1.4302309
1.4319087
1.425806
1.3358822
1.2265875
1.4221528
1.4932419
1.4599911
1.5046209
1.499548
1.5351822
1.5159898
1.3772951
1.5470943
1.5715187
1.5421501
1.582332
1.4996389
1.3466648
1.4607832
1.5400835
1.5501359
1.3444209
1.584749
1.4823265
1.4983037
1.433135
1.5439597
1.4701529
1.5126132
1.4822817
1.5255796
1.5612892
1.5678428
1.5864643
1.3606257
1.5745157
1.3483566
1.4951726
1.4473418
1.2125678
1.3667068
1.3667068
1.2046851
1.2442052
1.2728083
1.3222591
1.330747
1.4434605
1.4434605
1.4420134
1.4433836
1.4410967
1.4434605
1.1849964
1.3011452
1.3660902
1.528935
1.4436467
1.460585
1.4680322
1.5003587
1.5433592
1.6811074
1.7470703
1.3340756
1.452803
1.7722294
1.1848967
1.7701639
1.7729545
1.7730846
1.7730249
1.6744533
1.5929513
1.361977
1.3165416
1.7865992
1.7933487
1.803679
1.8441292
1.8767693
1.8329719
1.7851506
1.8767693
1.7964295
1.2889378
1.7039263
1.7350683
1.7067704
1.7367554
1.797857
1.6166954
1.797857
1.7684895
1.8031852
1.6892618
1.797857
1.8022175
1.8036734
1.8234274
1.8241316
1.8234274
1.2378069
1.6564603
1.7744081
1.8123236
1.7983775
1.822507
1.8225207
1.9789745
2.0013828
1.8825465
2.0011597
1.9452276
1.8100247
2.1579957
1.8347206
1.2809527
1.8560308
1.7882055
1.8415346
1.6966114
1.3381826
1.8334925
1.8417673
1.8426667
1.8477734
1.8487047
1.6920154
1.6764967
1.8533626
1.7796453
1.8445694
1.8468587
1.4183227
1.257211
1.7663758
1.8597766
1.8541358
1.2563756
1.0876828
1.8541358
1.8567513
1.6777515
1.8496217
1.3457831
1.7443162
1.8345815
1.25942
1.5354316
1.766109
0.9583315
1.742616
1.4433405
1.6739602
1.4433405
1.5942391
1.8409449
1.667043
1.8488772
1.7005641
1.5958161
1.8497683
1.860285
1.8617927
1.8488772
1.7698182
1.7678312
1.2054207
1.2572728
1.1935676
1.64694
1.1743801
1.3160851
1.1721114
1.10171
1.1329418
1.1150169
1.1143707
1.1676886
1.1020377
1.1222044
1.1693558
1.1221423
1.1609323
1.108609
1.1214616
1.1364653
1.1259342
1.2229611
1.1296034
1.1222044
1.2685366
1.2517518
1.2620077
1.2681794
1.273933
1.2271894
1.1814181
1.2305188
1.2305188
1.2654372
1.2822273
1.2182388
1.2434019
1.2552222
1.2552222
1.2783785
1.2798189
1.2180586
1.2241029
1.2674791
1.2488619
1.2541853
1.271869
1.2603552
1.2649323
1.2552222
1.2636676
1.2769781
1.2815745
1.4822847
1.4644123
1.542772
1.2795434
1.5389733
1.3915342
1.5795519
1.5112232
1.5098321
1.2676418
1.1926885
1.4039965
1.5334749
1.4980649
1.2676418
1.3462431
1.2633168
1.2316324
1.2317834
1.1563436
1.2308642
1.1841034
1.20787
1.220104
1.4326911
1.4957027
1.5006057
1.5440646
1.5981283
1.3685588
1.4775357
1.6275913
1.5532571
1.4841563
1.5532571
1.3603437
1.5534879
1.3612216
1.6063987
1.4841563
1.4998821
1.5010716
1.3963149
1.3604228
1.6161466
1.3678687
1.49347
1.49347
1.3596267
1.4944909
1.583946
1.5732706
1.4901801
1.4952977
1.5374018
1.4237612
1.3516401
1.2666467
1.3621851
1.268352
1.37341
1.4954103
1.2713643
1.3524336
1.271391
1.3852856
1.2244734
1.1791896
1.3929802
1.3538824
1.361455
1.3811866
1.3703454
1.366797
1.3825806
1.392438
1.3974777
1.3673687
1.3703433
1.3871593
1.4017031
1.3989385
1.2288215
1.3732002
1.3973815
1.3610872
1.2358346
1.4290665
1.4656049
1.5069461
1.4015031
1.28168
1.5140136
1.5463986
1.2181062
1.4035988
1.4727538
1.4035988
1.4724694
1.2493247
1.253176
1.3082691
1.4300088
1.2147813
1.2814771
1.3737041
1.3390495
1.2495371
1.2814771
1.1011828
1.2182564
1.2352946
1.2769138
1.218506
1.1807307
1.118967
1.1798201
1.1808234
1.225046
1.1871963
1.216093
1.218647
1.2110721
1.2194948
1.1512353
1.210451
1.1532967
1.1952448
1.2397838
1.1703224
1.225763
1.2077371
1.2589173
1.2589173
1.4054604
1.3958477
1.3278542
1.4485701
1.5227841
1.5226607
1.4560587
1.4339743
1.1793678
1.2685406
1.3828725
1.6668857
1.6373626
1.6811341
1.7071239
1.7110095
1.5455102
1.7011851
1.1196023
1.1859741
1.1155974
1.179798
1.55415
1.6894696
1.2099231
1.7011153
1.7379282
1.738327
1.7104576
1.8423873
1.9319454
1.9785286
1.8648947
1.9508394
1.9195254
1.8485782
1.7294518
1.3151183
1.8551449
1.8615408
1.8137653
1.6808039
1.3245667
1.916093
1.2970018
1.8351916
1.7360035
1.8362291
1.7692465
1.8566675
1.8766936
1.9089805
1.8375274
1.9907151
2.2849162
1.9541119
2.3075924
2.311981
1.2170024
1.7568872
1.676649
1.8004459
1.8546654
1.902245
1.847652
1.9440129
2.0385706
1.255691
1.769203
2.0527596
1.883372
2.2442262
2.292447
1.6131479
2.3025541
2.5342069
1.6682147
1.8851879
1.8677206
2.186769
2.24655
1.7926615
1.573322
1.8733355
1.7275871
1.9060383
1.8692031
1.8955227
0.90479547
1.3230398
1.2978781
1.1723129
1.167522
1.1284885
1.165817
1.1930392
1.1908994
1.1911845
1.194158
1.193507
1.1943808
1.1943808
1.1943808
1.1943808
1.1943808
1.2245469
1.2641093
1.225065
1.3206799
1.2261069
1.2639478
1.2249345
1.2596573
1.2604337
1.3332059
1.2454784
1.3341365
1.3444567
1.5579722
1.528812
1.428302
1.3420743
1.5984434
1.3421766
1.6060071
1.5324885
1.4895167
1.5148185
1.4895589
1.4637743
1.4313831
1.2947886
1.2082574
1.5208188
1.5210867
1.5202225
2.077718
1.9528332
2.2992342
1.9556448
2.284953
1.5184422
2.1608396
1.8205316
1.8712152
2.1077259
1.8554668
1.5361512
1.8968964
1.9628003
2.2359524
2.1005015
1.8975699
2.20759
1.522089
1.4946508
2.272089
1.5156908
2.090052
2.299173
2.2683933
2.272089
2.2720337
2.090052
2.1550229
2.0899646
2.2128532
1.835284
1.8322018
1.834519
1.83529
1.8601266
1.7689129
1.7627394
1.2277976
1.8291314
1.83529
1.8291314
1.7568253
1.6420529
1.829121
1.3735815
1.8291333
1.8538796
1.2789522
1.85237
1.9092118
1.363492
1.8983424
1.8809491
1.7907007
1.8751923
1.8146615
1.9674095
1.6259842
1.8699706
1.879636
1.8803258
1.9271044
1.7907007
1.8349018
1.9741216
1.9149624
1.7816684
1.6876023
1.8341354
1.3617356
1.9138045
1.834418
1.263634
1.2593547
1.3737831
1.3733416
1.2612914
1.7755122
1.3579712
1.7807027
1.8636713
1.9474491
1.8636885
1.6351202
1.6615263
1.2407594
1.7072769
1.8839796
1.8681524
1.8832802
1.7902013
1.8528177
1.8838651
1.8825735
1.7548153
1.8993506
1.5772554
2.122966
2.0725346
2.0208921
2.066167
2.0214818
2.1034055
2.0220816
2.0851543
2.0220816
1.7382354
2.0278478
1.9267875
1.4337072
1.4297072
1.4222744
1.338842
1.441954
2.0523305
2.0881538
2.0721972
2.088453
1.750993
2.072375
1.7376579
2.0690148
2.127782
2.023888
1.7390649
2.0730014
1.4228785
2.102552
2.0967655
1.7388144
2.0241861
1.4420004
1.5613501
2.08641
2.0754836
2.0974174
2.0976286
2.0976286
2.0463521
1.8107133
2.065482
2.065482
2.083195
1.4233345
1.6831447
1.8066951
1.873074
1.7076279
1.5059476
2.094259
1.533576
2.0413013
1.391791
2.0758882
2.0746512
2.045233
1.8881102
1.7742486
2.0865371
2.0940938
2.094259
1.541298
1.6405586
2.0407133
1.4004792
2.068002
1.8695132
1.640013
2.154315
2.2742908
2.2802494
2.267309
1.5627596
1.6303661
2.078321
2.283487
2.298437
2.3283186
2.3469446
1.6352314
2.2861078
2.1810253
2.2842402
2.2743654
2.295607
2.1994069
1.8315251
1.8755311
1.9744498
1.9424683
2.248015
1.8551406
1.8740163
1.4286997
2.1377316
2.045261
1.8484685
2.2055516
2.2169948
2.1412532
1.8493148
1.8259947
1.8536596
1.8835342
1.761675
2.1189983
1.7673705
1.8586215
2.1189983
1.7753109
1.9600388
1.7673705
1.7673705
1.7517574
1.7404033
2.1071908
1.7661268
2.1744738
1.4441533
1.8597156
2.158765
1.7655067
2.1605096
1.7538548
1.8613256
1.9555485
1.9489778
1.9885538
2.147503
2.1543736
1.7578886
1.1870642
1.7504777
1.1886604
1.7508396
1.7510278
1.739662
1.7349465
1.7409636
1.7060562
1.7454894
1.7454894
1.7510868
1.7531668
1.8309135
1.8380023
1.751217
1.767728
1.2727706
1.8943803
1.3356904
1.1763841
1.8449162
1.9349931
1.913726
1.8288118
1.9231737
1.8971695
1.3463354
1.6615726
1.7418151
1.8612509
1.8440757
1.8513752
1.6589721
1.8620025
1.7732052
1.7871048
1.8348864
1.8348968
1.7784941
1.782491
1.7785249
1.9145494
1.8348998
1.8939033
1.3126029
1.7639288
1.7614942
1.2799333
1.2917811
1.2178662
1.2927755
1.2928253
1.5956305
1.6538707
1.7577424
1.7804713
1.774939
1.7589709
1.2072884
1.2048149
1.7689037
1.7575142
1.4444721
1.1633797
1.7478986
1.2743363
1.7267253
1.715752
1.7422309
1.7255126
1.5835782
1.7131377
1.4356629
1.2020602
1.6826546
1.5609211
1.55584
1.7040709
1.4644907
1.6915989
1.6729767
1.6899863
1.6174254
1.1881919
1.7333049
1.7335098
1.5841627
1.7360874
1.2231305
1.7327397
1.7374762
1.568189
1.7256254
1.7375435
1.5286566
1.7376384
1.8507257
1.8486443
1.5062612
1.5100983
1.5397699
1.7520186
1.7138596
1.2905028
1.2973573
1.8485929
1.7590625
1.6847537
1.7145786
1.7117043
1.7145786
1.8305026
1.8305026
1.3050677
1.6765885
1.6471735
1.2869741
1.818427
1.8245494
1.8304719
1.8495402
1.9706031
1.2664165
1.3772013
1.3522925
1.4786446
1.4343506
1.337973
1.4850347
1.414663
1.4983864
1.3855635
1.3764946
1.4222871
1.2991157
1.4128463
1.4740658
1.499697
1.310468
1.3035718
1.2794043
1.4647559
1.4292567
1.4988825
1.6061974
1.5281729
1.1568663
1.3666211
1.2566336
1.4628288
1.4281676
1.2581909
1.3800259
1.4203523
1.4371561
1.5035344
1.4368147
1.4687462
1.3429035
1.3870314
1.239467
1.4719423
1.3970937
1.470891
1.4625379
1.3884703
1.4033265
1.3708354
1.4197922
1.4639901
1.4394763
1.3238063
1.2574289
1.479039
1.4717402
1.3388444
1.4401029
1.4423448
1.3168575
1.5041157
1.5457319
1.446256
1.4807928
1.4472446
1.3486177
1.4439276
1.4515816
1.4710605
1.4811956
1.5417486
1.3377236
1.5804733
1.3377236
1.5494382
1.560833
1.4311986
1.514539
1.5716984
1.5740575
1.5811801
1.479835
1.5122002
1.4681605
1.5312663
1.4984956
1.5337561
1.3549645
1.6032411
1.5313206
1.5916638
1.499522
1.4921237
1.499522
1.3775772
1.6142974
1.3564229
1.5335422
1.5525601
1.5724084
1.6110063
1.499522
1.5236752
1.3345906
1.569709
1.5585847
1.531597
1.565764
1.3391908
1.5006495
1.4612385
1.4668958
1.4684327
1.5537571
1.6111841
1.5737729
2.2452757
2.3152487
1.5738019
1.9111776
2.1092157
2.0127046
1.4372351
1.988643
2.029928
1.6765195
1.7486134
1.9944271
2.109874
1.9896982
2.103483
2.0164056
2.0327587
2.1097121
2.0076473
1.4377277
1.3721895
1.4377277
1.4377277
1.9880052
1.7531424
2.0143492
1.3709008
1.5561055
1.6063596
1.5553435
1.1364903
1.2299483
1.1045682
1.1048498
1.5740905
1.5740905
1.5746047
1.5308355
1.5792204
1.5658259
1.5821235
1.5892329
1.5867591
1.5866963
1.5603515
1.5765139
1.576316
1.5857537
1.0924253
1.546945
1.5870106
1.5474223
1.5474223
1.5864406
1.5857537
1.5644412
1.5625222
1.5637883
1.5638038
1.1709733
1.6833912
1.8445133
1.8500111
1.3200848
1.8828998
1.5161892
1.942282
1.9392674
1.5776442
1.3167233
1.9507136
1.5870402
1.90047
1.90163
1.9390651
1.6121106
1.9320813
1.9390684
1.3071815
1.9192961
1.9510518
1.9510518
1.6760265
1.9311961
1.9510518
1.9602014
2.1460118
1.9887251
1.4161396
1.9963677
1.7333829
1.264726
1.264726
1.2630386
1.2358997
1.2215613
1.2359266
1.1477079
1.2376611
1.2420655
1.2100105
1.245019
1.2668792
1.2005602
1.209706
1.3093147
1.2628529
1.358164
1.3572788
1.3591063
1.29247
1.3321507
1.2475165
1.3484207
1.3556652
1.2619545
1.2686146
1.2008861
1.3291764
1.2381464
1.3089094
1.2354286
1.361464
1.2579387
1.2628198
1.2808416
1.2131438
1.3359296
1.2957901
1.2046152
1.3587791
1.4901545
1.416728
1.5155356
1.4789116
1.3348984
1.4966669
1.4563414
1.4452746
1.2810456
1.3232859
1.3599849
1.4942386
1.4659643
1.4774239
1.5074384
1.3993998
1.52837
1.4663999
1.5287808
1.5156705
1.3245287
1.5803084
1.5172244
1.3245287
1.4425781
1.4951411
1.5873858
1.4465917
1.438367
1.4608134
1.4804125
1.2709725
1.4860262
1.5705866
2.3478594
1.8802582
2.3010166
2.2896633
2.3071156
2.0750947
1.5061519
1.4995568
1.5077814
1.7662568
1.7181443
1.8313198
2.1997561
2.1997561
1.4996098
2.1997821
2.2983665
2.2946005
2.2367496
1.5008824
2.0706534
2.2426448
2.3021524
2.0706534
2.0986605
1.5019864
1.8476526
1.5019864
1.5019864
1.5016778
2.2983556
2.0706534
1.5020114
1.5019864
1.5020072
1.8601264
2.1835527
2.067298
2.0706449
1.9513608
2.1858013
1.4233576
1.5544313
2.0143843
2.2445948
1.8912375
2.1963694
1.7599964
1.942632
2.0164056
2.2374957
2.137283
1.4612098
2.068642
2.0172524
1.8130507
1.5934845
1.8605471
2.018251
2.0183158
2.1545234
2.1272497
2.1749132
1.6304107
2.1148484
2.1623483
2.2018685
1.8397431
1.7999319
2.0060987
2.2332602
1.800406
2.218433
2.11705
1.8674742
2.11705
1.4731203
1.8674275
1.6669514
1.7151905
1.3678671
1.8298532
1.1870698
1.3581613
1.8111892
1.1901115
1.6921412
1.7988458
1.7988458
1.2716603
1.8050096
1.4600114
1.812052
1.4551642
1.1917726
1.4552556
1.6150746
1.6150746
1.6150746
1.1599419
1.6040505
1.0919197
1.6041538
1.6040031
1.1205066
1.5194439
1.2083628
1.519772
1.7763453
1.72961
1.7741086
1.7731348
1.7698419
1.7758706
1.1840279
1.7740785
1.3291948
1.9122239
1.3241642
1.7857629
1.3574787
1.6756141
1.1837503
1.3608912
1.4670218
1.2748257
1.2705014
1.3927827
1.3924214
1.5266726
1.526838
1.7291404
1.7511501
1.7531167
1.1524674
1.3007141
1.5726237
1.7280203
1.7362198
1.7293683
1.6241184
1.7498369
1.7732092
1.7532934
1.8092926
1.7980733
1.8379345
1.8786234
1.7863091
1.7356248
1.7543389
1.7332686
1.6720241
1.6254959
1.6549969
1.6549969
1.7017543
1.6893169
1.7221935
1.3378203
1.3382593
1.3382593
1.3493669
1.2632406
1.2319496
1.3442581
1.226487
1.2356323
1.224558
1.2259611
1.262833
1.3195778
1.3690257
1.3427079
1.3177967
1.363492
1.3690808
1.3673496
1.3691084
1.368174
1.2691135
1.4301176
1.3682001
1.1956372
1.3095071
1.3137014
1.4326115
1.2658017
1.5969878
1.6014607
1.602197
1.3655738
1.2768469
1.2666178
1.5612547
1.3761044
1.5853912
1.493678
1.5005713
1.5428561
1.4996808
1.5005713
1.5274335
1.3518245
1.4045514
1.327737
1.5222311
1.5248713
1.5166768
1.6078633
1.412117
1.4810998
1.6196026
1.4027193
1.4296383
1.2806085
1.3280896
1.0854912
1.1546249
1.2669492
1.3347992
1.0812051
1.1143513
1.3279911
1.334743
1.3264575
1.1100299
1.3214153
1.3308033
1.3264576
1.3308032
1.3308033
1.2966914
1.093965
1.3306671
1.3308033
1.3305311
1.3221304
1.0940096
1.3225209
1.2964017
1.327484
1.2650852
1.286258
1.2022948
1.3281158
1.204772
1.1948344
1.3450903
1.2093458
1.3424761
1.2601899
1.1502533
1.4698895
1.3381959
1.4606326
1.4801521
1.4818342
1.4874738
1.4295388
1.4696735
1.504178
1.281878
1.3072108
1.4845046
1.4744664
1.2972798
1.24753
1.3711171
1.5154723
1.5155811
1.515613
1.3625325
1.515613
1.4385804
1.4781051
1.5078584
1.3711052
1.3713069
1.4769351
1.2157642
1.473433
1.2096686
1.4900439
1.4870156
1.488245
1.4290612
1.4285028
1.3633873
1.4197898
1.3627461
1.337785
1.2719752
1.3405586
1.4314446
1.2988346
1.2674938
1.5056238
1.5132898
1.5432267
1.3056415
1.5000292
1.3050333
1.5118355
1.5444589
1.4999655
1.4988315
1.5022
1.3095196
1.4286851
1.4876256
1.2613468
1.3877275
1.5713099
1.5799454
1.4957938
1.5470624
1.5064235
1.4182669
1.5724455
1.2443743
1.3669108
1.5823644
1.5823644
1.504764
1.406638
1.4742849
1.494365
1.5275474
1.5954307
1.6085991
1.4969382
1.500128
1.5341967
1.5716192
1.4369667
1.4705307
1.4990877
1.4992442
1.5632514
1.6000277
1.6068612
1.5415236
1.4957999
1.4893591
1.5573812
1.4892718
1.3479623
1.5162673
1.586353
1.6001347
1.336249
1.363333
1.4436218
1.4913472
1.4659935
1.4436218
1.5111258
1.5165105
1.494027
1.4528387
1.268218
1.5094031
1.5045401
1.5094031
1.4837458
1.4615599
1.5135074
1.5304334
1.5776341
1.5813538
1.3653464
1.4439316
1.5131571
1.2567463
1.5848956
1.5848031
1.40108
1.5865848
1.5652231
1.4783996
1.3454888
1.5219626
1.4693462
1.5210775
1.5664383
1.4693462
1.4699626
1.5015081
1.4402441
1.4431485
1.357853
1.3404702
1.4797938
1.5424227
1.3373113
1.5546311
1.5937103
1.6115518
1.5923197
1.6109887
1.4864826
1.5980561
1.2884467
1.5680724
1.2203436
1.2880685
1.1062165
1.2127726
1.2567623
1.1361084
1.2535537
1.1068505
1.238394
1.2532074
1.2751956
1.1835266
1.2120378
1.2767981
1.2192606
1.2770916
1.4984299
1.1974046
1.4921138
1.5516065
1.5918756
1.2192606
1.2155735
1.2264626
1.2088892
1.1146078
1.2192688
1.0924337
1.2231879
1.2607399
1.35507
1.2172236
1.2136798
1.2192688
1.2195675
1.1907506
1.1582054
1.197662
1.1380135
1.1874452
1.2186373
1.2217593
1.2217964
1.2681614
1.1953743
1.2464502
1.1381258
1.2740319
1.2402173
1.1295956
1.2385315
1.2449083
1.2314208
1.257807
1.1327673
1.2314208
1.2520993
1.1941024
1.1989338
1.2597324
1.2619488
1.1326673
1.1326673
1.2521424
1.2603722
1.2185701
1.1670302
1.2727522
1.2261989
1.3538324
1.2742791
1.2128379
1.2273886
1.2508057
1.2645123
1.2004374
1.2024744
1.1567622
1.1937453
1.2688974
1.2522403
1.2742127
1.2607436
1.2616593
1.2676886
1.2544582
1.2737972
1.2495197
1.2148451
1.2261263
1.1760476
1.1761761
1.1581572
1.2754402
1.2237611
1.2147467
1.2143687
1.2151253
1.2071865
1.2122767
1.1539078
1.1838613
1.2071865
1.213133
1.2137272
1.2141262
1.2441937
1.2158862
1.1726859
1.272973
1.2726973
1.273172
1.2207527
1.2574054
1.2743189
1.3663791
1.4875017
1.4733053
1.2246532
1.3794844
1.4688317
1.5382036
1.509362
1.5398105
1.5426105
1.5424685
1.5934232
1.7371912
1.5424685
1.2612084
1.5212085
1.2605796
1.4517921
1.5380174
1.5587224
1.54217
1.5125638
1.5442587
1.6067473
1.3871049
1.2715266
1.303891
1.3343041
1.4757153
1.4987416
1.4956735
1.4897795
1.4960446
1.3718542
1.4987416
1.43926
1.3697617
1.2727491
1.5107393
1.509528
1.4938816
1.5279077
1.5164213
1.4710413
1.3774269
1.5426282
1.282445
1.5073916
1.473307
1.4044075
1.5118389
1.5097048
1.2824084
1.2824084
1.3249652
1.1723766
1.1723766
1.4489377
1.641396
1.3733006
1.5442407
1.5443827
1.5651635
1.2230484
1.448794
1.3695583
1.3699455
1.4455792
1.3652532
1.511845
1.4963787
1.5049137
1.5114896
1.4661453
1.403421
1.2741638
1.5113188
1.2667677
1.5023915
1.5185473
1.3958796
1.4639477
1.5002509
1.4759154
1.5081135
1.4811562
1.5185473
1.4509346
1.5041777
1.5179651
1.5426873
1.3978623
1.5297041
1.3464304
1.3756349
1.3757457
1.2824084
1.472155
1.5439346
1.5458785
1.4382198
1.54653
1.4772959
1.3560945
1.6102277
1.4823439
1.5616105
1.5964965
1.5634598
1.6192538
1.5837914
1.3697749
1.5898882
1.5837914
1.4990184
1.4363892
1.5469884
1.423875
1.5013274
1.3769006
1.4970307
1.473164
1.3769006
1.4255897
1.5601392
1.5395237
1.4639833
1.3242968
1.3246241
1.460736
1.3732724
1.4622272
1.1976619
1.4442431
1.4631218
1.4628798
1.3874617
1.5068574
1.4660299
1.4697503
1.4697503
1.529325
1.5292411
1.2641312
1.4581319
1.5112239
1.5008696
1.2686592
1.2735984
1.5217248
1.4797131
1.4652652
1.3249652
1.4925039
1.3219838
1.5100878
1.5031133
1.4498918
1.4558767
1.4409122
1.3309712
1.3322603
1.3919092
1.2369087
1.3106434
1.3322603
1.311373
1.3398045
1.3970665
1.3956933
1.2317815
1.3315054
1.375816
1.3969371
1.1847187
1.3645504
1.2804283
1.1640681
1.3784757
1.380719
1.4020032
1.2841575
1.4718344
1.333728
1.502555
1.4601004
1.2841575
1.4622537
1.5164883
1.5277371
1.5095538
1.4718344
1.4245517
1.480155
1.4385908
1.3236521
1.4647352
1.5298082
1.3348022
1.5358872
1.3343583
1.3917223
1.5390308
1.5393912
1.3347814
1.2339303
1.4808345
1.463377
1.3309733
1.4781237
1.5445932
1.5540622
1.3348254
1.4969001
1.3610485
1.4871948
1.2234349
1.3494982
1.499208
1.4600357
1.2180741
1.5627939
1.3321705
1.7609499
1.7621214
1.8069662
1.8575741
1.8321311
1.8675934
1.352739
1.6598026
1.8551055
1.801428
1.230008
1.8587914
1.943503
1.9022106
1.5853994
1.3074208
1.3289608
1.8834747
1.8170111
1.895305
1.8885695
1.8493363
1.296552
1.3033199
1.7116413
1.2300547
1.3043766
1.2977524
1.2579176
1.2819157
1.1058885
1.2129682
1.1057856
1.1056896
1.2996093
1.3098842
1.2930695
1.310822
1.3183547
1.3284085
1.3336784
1.0960581
1.3368268
1.3495582
1.3439953
1.3151487
1.344611
1.1189456
1.258004
1.3322611
1.1994936
1.3130119
1.2972593
1.3130119
1.3977251
1.3286872
1.3618466
1.3392837
1.1591562
1.350096
1.3529947
1.2233152
1.4182956
1.4263537
1.4063025
1.439284
1.4155914
1.3935758
1.1902412
1.4062533
1.4160349
0.69583017
1.4092021
1.1893355
1.3899157
1.341897
1.427415
1.2156626
1.4080085
1.341897
1.1475918
1.3122462
1.3431478
1.4139073
1.1259803
1.3775425
1.2106473
1.3934497
1.3995732
1.3417535
1.456915
1.3897991
1.2804834
1.3896538
1.3747243
1.2544631
1.4152697
1.3897668
1.441304
1.4628379
1.3908331
1.3897991
1.4287156
1.2463881
1.3423973
1.3246182
1.2552036
1.3129231
1.4172069
1.2600121
1.2999532
1.3036875
1.1285462
1.3482745
1.3393079
1.3313533
1.1001419
1.2792128
1.278158
1.3210936
1.3468955
1.3500259
1.3995233
1.4230393
1.3425512
1.2343221
1.3776702
1.4027532
1.4203304
1.4279382
1.2373968
1.381184
1.4002607
1.3814856
1.4221698
1.3853197
0.7979918
1.3402911
1.4369088
1.3544353
1.468684
1.468684
1.4043714
1.3497369
1.3497488
1.4391477
1.3533525
1.3344057
1.3488117
1.4240032
1.463387
1.439358
1.2673968
1.4120984
1.3409709
1.4101611
1.4003028
1.438124
1.4400132
1.4003028
1.4125903
1.2394251
1.3403479
1.2302293
1.2395227
1.2562302
1.2564156
1.3288885
1.3955561
1.3793218
1.3908468
1.4068769
1.3288755
1.42186
1.4401704
1.4163072
1.4344952
1.3453103
1.413805
1.2729689
1.3500626
1.4114525
1.2715067
1.4040468
1.419896
1.4650707
1.4663028
1.3198972
1.402666
1.4662466
1.341796
1.4236215
1.381119
1.4268517
1.4236726
1.4334089
1.4302938
1.4440353
1.4439058
1.4440353
1.2215997
1.5495232
1.3220369
1.3195695
1.5502937
1.4797578
1.4400074
1.4739696
1.5173347
1.4136628
1.4979925
1.3167276
1.3909373
1.409699
1.3169856
1.5668381
1.597272
1.6621288
1.6438413
1.6652081
1.6438413
1.476814
1.6231065
1.4989824
1.6181855
1.4787796
1.1245056
1.3386753
1.3283755
1.3335578
1.3390263
1.3725164
1.3259919
1.1540453
1.2634335
1.3894019
1.1540453
1.1544319
1.2622097
1.376696
1.3886684
1.3907497
1.3963443
1.4190631
1.3863842
1.4317346
1.3085911
1.4155107
1.4155107
1.5795196
1.3062701
1.5427554
1.5370488
1.5687143
1.412525
1.4892031
1.4372754
1.5372169
1.3178346
1.5032983
1.2566296
1.443745
1.4357759
1.4357294
1.3147767
1.5587535
1.5038056
1.3667051
1.3395333
1.4895145
1.5902549
1.6033103
1.5781183
1.4645171
1.4640007
1.2153335
1.387471
1.3409395
1.4515743
1.4479012
1.562936
1.3409395
1.4489019
1.4855044
1.4870545
1.2080024
1.3398931
1.4120243
1.4867071
1.4120243
1.4490451
1.4598323
1.3404794
1.339435
1.4491205
1.4979825
1.4550555
1.4880145
1.5035313
1.5035313
1.3372383
1.5170686
1.5143824
1.3778528
1.4431353
1.4455043
1.411231
1.4534338
1.2822566
1.4899112
1.5086389
1.4202007
1.4762903
1.5284253
1.5139892
1.2949322
1.2886074
1.4436538
1.4443821
1.4954646
1.289009
1.4327052
1.3996359
1.4441507
1.421517
1.2917315
1.5226939
1.2917315
1.5348994
1.4039508
1.3835113
1.530358
1.4888384
1.1699921
1.4013727
1.2003877
1.3165815
1.3230581
1.2688355
1.4241805
1.4241805
1.5518847
1.3222522
1.4674456
1.5059702
1.5534935
1.5302511
1.4718761
1.472155
1.3203675
1.5004417
1.5463594
1.5103245
